           1           2           1
    0.5+     1 1   5.594       0.000    
    0.5+     1 2   5.566       0.000    
    0.5+     3 3   5.606       0.000    
    0.5-     0 1   5.772       0.000    
    0.5-     2 2   5.901       0.000    
    0.5-     2 3   5.953       0.000    
    1.5+     1 1   11.25       0.000    
    1.5+     1 2   11.19       0.000    
    1.5+     1 3   11.13       0.000    
    1.5+     3 4   11.21       0.000    
    1.5+     3 5   10.80       0.000    
    1.5-     0 1   11.54       0.000    
    1.5-     2 2   11.80       0.000    
    1.5-     2 3   11.91       0.000    
    1.5-     2 4   11.78       0.000    
    1.5-     4 5   8.234       0.000    
    2.5+     1 1   16.78       0.000    
    2.5+     1 2   16.70       0.000    
    2.5+     3 3   16.82       0.000    
    2.5+     3 4   16.19       0.000    
    2.5+     3 5   16.33       0.000    
    2.5+     5 6   3.389       0.000    
    2.5-     0 1   17.32       0.000    
    2.5-     2 2   17.70       0.000    
    2.5-     2 3   17.86       0.000    
    2.5-     2 4   17.67       0.000    
    2.5-     4 5   12.35       0.000    
    2.5-     4 6   13.61       0.000    
    3.5+     1 1   22.26       0.000    
    3.5+     3 2   22.43       0.000    
    3.5+     3 3   21.59       0.000    
    3.5+     3 4   21.77       0.000    
    3.5+     5 5   4.518       0.000    
    3.5+     5 6   4.934       0.000    
    3.5-     2 1   23.81       0.000    
    3.5-     2 2   23.56       0.000    
    3.5-     4 3   16.47       0.000    
    3.5-     4 4   18.14       0.000    
    3.5-     4 5   18.83       0.000    
    3.5-     6 6   1.016       0.000    
    4.5+     3 1   26.99       0.000    
    4.5+     3 2   27.21       0.000    
    4.5+     5 3   5.648       0.000    
    4.5+     5 4   6.167       0.000    
    4.5+     5 5   7.048       0.000    
    4.5+     7 6  0.2937       0.000    
    4.5-     2 1   29.45       0.000    
    4.5-     4 2   20.59       0.000    
    4.5-     4 3   22.68       0.000    
    4.5-     4 4   23.54       0.000    
    4.5-     6 5   1.271       0.000    
    4.5-     6 6   1.310       0.000    
    5.5+     3 1   32.66       0.000    
    5.5+     5 2   6.777       0.000    
    5.5+     5 3   7.400       0.000    
    5.5+     5 4   8.457       0.000    
    5.5+     7 5  0.3524       0.000    
    5.5+     7 6  0.3560       0.000    
    5.5-     4 1   27.21       0.000    
    5.5-     4 2   28.25       0.000    
    5.5-     6 3   1.525       0.000    
    5.5-     6 4   1.572       0.000    
    5.5-     6 5   1.639       0.000    
    5.5-     8 6  0.8323E-01   0.000    
    6.5+     5 1   8.634       0.000    
    6.5+     5 2   9.867       0.000    
    6.5+     7 3  0.4112       0.000    
    6.5+     7 4  0.4153       0.000    
    6.5+     7 5  0.4205       0.000    
    6.5+     9 6  0.2310E-01   0.000    
    6.5-     4 1   32.96       0.000    
    6.5-     6 2   1.779       0.000    
    6.5-     6 3   1.834       0.000    
    6.5-     6 4   1.912       0.000    
    6.5-     8 5  0.9710E-01   0.000    
    6.5-     8 6  0.9742E-01   0.000    
    7.5+     5 1   11.28       0.000    
    7.5+     7 2  0.4699       0.000    
    7.5+     7 3  0.4747       0.000    
    7.5+     7 4  0.4806       0.000    
    7.5+     9 5  0.2640E-01   0.000    
    7.5+     9 6  0.2643E-01   0.000    
    7.5-     6 1   2.096       0.000    
    7.5-     6 2   2.185       0.000    
    7.5-     8 3  0.1110       0.000    
    7.5-     8 4  0.1113       0.000    
    7.5-     8 5  0.1118       0.000    
    7.5-    10 6  0.6287E-02   0.000    
    8.5+     7 1  0.5340       0.000    
    8.5+     7 2  0.5407       0.000    
    8.5+     9 3  0.2970E-01   0.000    
    8.5+     9 4  0.2974E-01   0.000    
    8.5+     9 5  0.2977E-01   0.000    
    8.5+    11 6  0.1682E-02   0.000    
    8.5-     6 1   2.458       0.000    
    8.5-     8 2  0.1248       0.000    
    8.5-     8 3  0.1253       0.000    
    8.5-     8 4  0.1258       0.000    
    8.5-    10 5  0.7073E-02   0.000    
    8.5-    10 6  0.7076E-02   0.000    
    9.5+     7 1  0.6008       0.000    
    9.5+     9 2  0.3300E-01   0.000    
    9.5+     9 3  0.3304E-01   0.000    
    9.5+     9 4  0.3308E-01   0.000    
    9.5+    11 5  0.1869E-02   0.000    
    9.5+    11 6  0.1869E-02   0.000    
    9.5-     8 1  0.1392       0.000    
    9.5-     8 2  0.1397       0.000    
    9.5-    10 3  0.7859E-02   0.000    
    9.5-    10 4  0.7862E-02   0.000    
    9.5-    10 5  0.7866E-02   0.000    
    9.5-    12 6  0.4432E-03   0.000    
   10.5+     9 1  0.3634E-01   0.000    
   10.5+     9 2  0.3639E-01   0.000    
   10.5+    11 3  0.2055E-02   0.000    
   10.5+    11 4  0.2056E-02   0.000    
   10.5+    11 5  0.2056E-02   0.000    
   10.5+    13 6  0.1154E-03   0.000    
   10.5-     8 1  0.1537       0.000    
   10.5-    10 2  0.8645E-02   0.000    
   10.5-    10 3  0.8648E-02   0.000    
   10.5-    10 4  0.8652E-02   0.000    
   10.5-    12 5  0.4876E-03   0.000    
   10.5-    12 6  0.4876E-03   0.000    
   11.5+     9 1  0.3970E-01   0.000    
   11.5+    11 2  0.2242E-02   0.000    
   11.5+    11 3  0.2243E-02   0.000    
   11.5+    11 4  0.2243E-02   0.000    
   11.5+    13 5  0.1259E-03   0.000    
   11.5+    13 6  0.1259E-03   0.000    
   11.5-    10 1  0.9435E-02   0.000    
   11.5-    10 2  0.9439E-02   0.000    
   11.5-    12 3  0.5319E-03   0.000    
   11.5-    12 4  0.5319E-03   0.000    
   11.5-    12 5  0.5319E-03   0.000    
   11.5-    14 6  0.2972E-04   0.000    
   12.5+    11 1  0.2429E-02   0.000    
   12.5+    11 2  0.2430E-02   0.000    
   12.5+    13 3  0.1364E-03   0.000    
   12.5+    13 4  0.1364E-03   0.000    
   12.5+    13 5  0.1364E-03   0.000    
   12.5+    15 6  0.7586E-05   0.000    
   12.5-    10 1  0.1023E-01   0.000    
   12.5-    12 2  0.5762E-03   0.000    
   12.5-    12 3  0.5762E-03   0.000    
   12.5-    12 4  0.5763E-03   0.000    
   12.5-    14 5  0.3219E-04   0.000    
   12.5-    14 6  0.3219E-04   0.000    
   13.5+    11 1  0.2617E-02   0.000    
   13.5+    13 2  0.1468E-03   0.000    
   13.5+    13 3  0.1468E-03   0.000    
   13.5+    13 4  0.1468E-03   0.000    
   13.5+    15 5  0.8170E-05   0.000    
   13.5+    15 6  0.8170E-05   0.000    
   13.5-    12 1  0.6206E-03   0.000    
   13.5-    12 2  0.6206E-03   0.000    
   13.5-    14 3  0.3467E-04   0.000    
   13.5-    14 4  0.3467E-04   0.000    
   13.5-    14 5  0.3467E-04   0.000    
   13.5-    16 6  0.1922E-05   0.000    
   14.5+    13 1  0.1573E-03   0.000    
   14.5+    13 2  0.1573E-03   0.000    
   14.5+    15 3  0.8753E-05   0.000    
   14.5+    15 4  0.8753E-05   0.000    
   14.5+    15 5  0.8753E-05   0.000    
   14.5+    17 6  0.4835E-06   0.000    
   14.5-    12 1  0.6649E-03   0.000    
   14.5-    14 2  0.3715E-04   0.000    
   14.5-    14 3  0.3715E-04   0.000    
   14.5-    14 4  0.3715E-04   0.000    
   14.5-    16 5  0.2059E-05   0.000    
   14.5-    16 6  0.2059E-05   0.000    
   15.5+    13 1  0.1678E-03   0.000    
   15.5+    15 2  0.9337E-05   0.000    
   15.5+    15 3  0.9337E-05   0.000    
   15.5+    15 4  0.9337E-05   0.000    
   15.5+    17 5  0.5157E-06   0.000    
   15.5+    17 6  0.5157E-06   0.000    
   15.5-    14 1  0.3962E-04   0.000    
   15.5-    14 2  0.3962E-04   0.000    
   15.5-    16 3  0.2196E-05   0.000    
   15.5-    16 4  0.2196E-05   0.000    
   15.5-    16 5  0.2196E-05   0.000    
   15.5-    18 6  0.1209E-06   0.000    
   16.5+    15 1  0.9920E-05   0.000    
   16.5+    15 2  0.9920E-05   0.000    
   16.5+    17 3  0.5480E-06   0.000    
   16.5+    17 4  0.5479E-06   0.000    
   16.5+    17 5  0.5479E-06   0.000    
   16.5+    19 6  0.3009E-07   0.000    
   16.5-    14 1  0.4210E-04   0.000    
   16.5-    16 2  0.2333E-05   0.000    
   16.5-    16 3  0.2333E-05   0.000    
   16.5-    16 4  0.2333E-05   0.000    
   16.5-    18 5  0.1285E-06   0.000    
   16.5-    18 6  0.1285E-06   0.000    
   17.5+    15 1  0.1050E-04   0.000    
   17.5+    17 2  0.5802E-06   0.000    
   17.5+    17 3  0.5802E-06   0.000    
   17.5+    17 4  0.5802E-06   0.000    
   17.5+    19 5  0.3186E-07   0.000    
   17.5+    19 6  0.3185E-07   0.000    
   17.5-    16 1  0.2471E-05   0.000    
   17.5-    16 2  0.2471E-05   0.000    
   17.5-    18 3  0.1360E-06   0.000    
   17.5-    18 4  0.1360E-06   0.000    
   17.5-    18 5  0.1361E-06   0.000    
   17.5-    20 6  0.7449E-08   0.000    
   18.5+    17 1  0.6124E-06   0.000    
   18.5+    17 2  0.6124E-06   0.000    
   18.5+    19 3  0.3363E-07   0.000    
   18.5+    19 4  0.3362E-07   0.000    
   18.5+    19 5  0.3364E-07   0.000    
   18.5+    21 6  0.1853E-08   0.000    
   18.5-    16 1  0.2608E-05   0.000    
   18.5-    18 2  0.1436E-06   0.000    
   18.5-    18 3  0.1436E-06   0.000    
   18.5-    18 4  0.1436E-06   0.000    
   18.5-    20 5  0.7863E-08   0.000    
   18.5-    20 6  0.7871E-08   0.000    
   19.5+    17 1  0.6446E-06   0.000    
   19.5+    19 2  0.3540E-07   0.000    
   19.5+    19 3  0.3539E-07   0.000    
   19.5+    19 4  0.3541E-07   0.000    
   19.5+    21 5  0.1950E-08   0.000    
   19.5+    21 6  0.1924E-08   0.000    
   19.5-    18 1  0.1512E-06   0.000    
   19.5-    18 2  0.1512E-06   0.000    
   19.5-    20 3  0.8277E-08   0.000    
   19.5-    20 4  0.8285E-08   0.000    
   19.5-    20 5  0.8274E-08   0.000    
   19.5-    22 6  0.4553E-09   0.000    
   20.5+    19 1  0.3716E-07   0.000    
   20.5+    19 2  0.3718E-07   0.000    
   20.5+    21 3  0.2048E-08   0.000    
   20.5+    21 4  0.2020E-08   0.000    
   20.5+    21 5  0.2031E-08   0.000    
   20.5+    23 6  0.1181E-09   0.000    
   20.5-    18 1  0.1587E-06   0.000    
   20.5-    20 2  0.8691E-08   0.000    
   20.5-    20 3  0.8699E-08   0.000    
   20.5-    20 4  0.8688E-08   0.000    
   20.5-    22 5  0.4779E-09   0.000    
   20.5-    22 6  0.4689E-09   0.000    
   21.5+    19 1  0.3895E-07   0.000    
   21.5+    21 2  0.2145E-08   0.000    
   21.5+    21 3  0.2117E-08   0.000    
   21.5+    21 4  0.2128E-08   0.000    
   21.5+    23 5  0.1236E-09   0.000    
   21.5+    23 6  0.1089E-09   0.000    
   21.5-    20 1  0.9113E-08   0.000    
   21.5-    20 2  0.9102E-08   0.000    
   21.5-    22 3  0.5008E-09   0.000    
   21.5-    22 4  0.4914E-09   0.000    
   21.5-    22 5  0.5013E-09   0.000    
   21.5-    24 6  0.3096E-10   0.000    
   22.5+    21 1  0.2213E-08   0.000    
   22.5+    21 2  0.2225E-08   0.000    
   22.5+    23 3  0.1292E-09   0.000    
   22.5+    23 4  0.1140E-09   0.000    
   22.5+    23 5  0.1302E-09   0.000    
   22.5+    25 6  0.4475E-11   0.000    
   22.5-    20 1  0.9516E-08   0.000    
   22.5-    22 2  0.5233E-09   0.000    
   22.5-    22 3  0.5137E-09   0.000    
   22.5-    22 4  0.5242E-09   0.000    
   22.5-    24 5  0.3246E-10   0.000    
   22.5-    24 6  0.2817E-10   0.000    
   23.5+    21 1  0.2322E-08   0.000    
   23.5+    23 2  0.1344E-09   0.000    
   23.5+    23 3  0.1184E-09   0.000    
   23.5+    23 4  0.1359E-09   0.000    
   23.5+    25 5  0.4670E-11   0.000    
   23.5+    25 6  0.3359E-11   0.000    
   23.5-    22 1  0.5358E-09   0.000    
   23.5-    22 2  0.5470E-09   0.000    
   23.5-    24 3  0.3371E-10   0.000    
   23.5-    24 4  0.2949E-10   0.000    
   23.5-    24 5  0.3141E-10   0.000    
   23.5-    26 6  0.8060E-11   0.000    
   24.5+    23 1  0.1237E-09   0.000    
   24.5+    23 2  0.1416E-09   0.000    
   24.5+    25 3  0.4731E-11   0.000    
   24.5+    25 4  0.3398E-11   0.000    
   24.5+    25 5  0.8163E-11   0.000    
   24.5+    27 6  0.1733E-11   0.000    
   24.5-    22 1  0.5697E-09   0.000    
   24.5-    24 2  0.3522E-10   0.000    
   24.5-    24 3  0.3055E-10   0.000    
   24.5-    24 4  0.3265E-10   0.000    
   24.5-    26 5  0.8396E-11   0.000    
   24.5-    26 6 -0.3532E-11   0.000    
   25.5+    23 1  0.1471E-09   0.000    
   25.5+    25 2  0.5059E-11   0.000    
   25.5+    25 3  0.3604E-11   0.000    
   25.5+    25 4  0.8386E-11   0.000    
   25.5+    27 5  0.1663E-11   0.000    
   25.5+    27 6 -0.1220E-10   0.000    
   25.5-    24 1  0.3198E-10   0.000    
   25.5-    24 2  0.3396E-10   0.000    
   25.5-    26 3  0.8490E-11   0.000    
   25.5-    26 4 -0.3188E-11   0.000    
   25.5-    26 5 -0.6653E-11   0.000    
   25.5-    28 6 -0.4297E-11   0.000    
   26.5+    25 1  0.3778E-11   0.000    
   26.5+    25 2  0.8708E-11   0.000    
   26.5+    27 3  0.1691E-11   0.000    
   26.5+    27 4 -0.1281E-10   0.000    
   26.5+    27 5 -0.7557E-11   0.000    
   26.5+    29 6  0.1008E-10   0.000    
   26.5-    24 1  0.3534E-10   0.000    
   26.5-    26 2  0.9356E-11   0.000    
   26.5-    26 3 -0.3598E-11   0.000    
   26.5-    26 4 -0.7413E-11   0.000    
   26.5-    28 5 -0.4390E-11   0.000    
   26.5-    28 6 -0.1439E-12   0.000    
   27.5+    25 1  0.8919E-11   0.000    
   27.5+    27 2  0.1717E-11   0.000    
   27.5+    27 3 -0.1328E-10   0.000    
   27.5+    27 4 -0.7837E-11   0.000    
   27.5+    29 5  0.1019E-10   0.000    
   27.5+    29 6  0.5672E-11   0.000    
   27.5-    26 1 -0.3732E-11   0.000    
   27.5-    26 2 -0.7090E-11   0.000    
   27.5-    28 3 -0.4553E-11   0.000    
   27.5-    28 4 -0.7463E-13   0.000    
   27.5-    28 5  0.8210E-12   0.000    
   27.5-    30 6  0.7351E-11   0.000    
   28.5+    27 1 -0.1360E-10   0.000    
   28.5+    27 2 -0.7962E-11   0.000    
   28.5+    29 3  0.1082E-10   0.000    
   28.5+    29 4  0.5836E-11   0.000    
   28.5+    29 5 -0.7343E-11   0.000    
   28.5+    31 6 -0.1546E-12   0.000    
   28.5-    26 1 -0.7653E-11   0.000    
   28.5-    28 2 -0.4715E-11   0.000    
   28.5-    28 3 -0.7730E-13   0.000    
   28.5-    28 4  0.8503E-12   0.000    
   28.5-    30 5  0.7537E-11   0.000    
   28.5-    30 6  0.2319E-11   0.000    
   29.5+    27 1 -0.8236E-11   0.000    
   29.5+    29 2  0.1088E-10   0.000    
   29.5+    29 3  0.6077E-11   0.000    
   29.5+    29 4 -0.7277E-11   0.000    
   29.5+    31 5 -0.1599E-12   0.000    
   29.5+    31 6 -0.1199E-11   0.000    
   29.5-    28 1 -0.2399E-12   0.000    
   29.5-    28 2  0.8796E-12   0.000    
   29.5-    30 3  0.7757E-11   0.000    
   29.5-    30 4  0.2239E-11   0.000    
   29.5-    30 5  0.1319E-11   0.000    
   29.5-    32 6 -0.1040E-11   0.000    
   30.5+    29 1  0.6280E-11   0.000    
   30.5+    29 2 -0.7519E-11   0.000    
   30.5+    31 3 -0.3305E-12   0.000    
   30.5+    31 4 -0.1239E-11   0.000    
   30.5+    31 5 -0.4214E-11   0.000    
   30.5+    33 6 -0.9337E-11   0.000    
   30.5-    28 1  0.8263E-12   0.000    
   30.5-    30 2  0.8015E-11   0.000    
   30.5-    30 3  0.2314E-11   0.000    
   30.5-    30 4  0.1363E-11   0.000    
   30.5-    32 5 -0.1074E-11   0.000    
   30.5-    32 6 -0.5701E-11   0.000    
   31.5+    29 1 -0.8103E-11   0.000    
   31.5+    31 2 -0.1706E-12   0.000    
   31.5+    31 3 -0.1279E-11   0.000    
   31.5+    31 4 -0.4350E-11   0.000    
   31.5+    33 5 -0.9724E-11   0.000    
   31.5+    33 6  0.5459E-11   0.000    
   31.5-    30 1  0.2346E-11   0.000    
   31.5-    30 2  0.1535E-11   0.000    
   31.5-    32 3 -0.9382E-12   0.000    
   31.5-    32 4 -0.6141E-11   0.000    
   31.5-    32 5 -0.6824E-11   0.000    
   31.5-    34 6 -0.2644E-11   0.000    
   32.5+    31 1 -0.1056E-11   0.000    
   32.5+    31 2 -0.4486E-11   0.000    
   32.5+    33 3 -0.9940E-11   0.000    
   32.5+    33 4  0.5498E-11   0.000    
   32.5+    33 5  0.7521E-11   0.000    
   32.5+    35 6 -0.5278E-12   0.000    
   32.5-    30 1  0.1495E-11   0.000    
   32.5-    32 2 -0.9676E-12   0.000    
   32.5-    32 3 -0.6333E-11   0.000    
   32.5-    32 4 -0.7037E-11   0.000    
   32.5-    34 5 -0.2727E-11   0.000    
   32.5-    34 6  0.4750E-11   0.000    
   33.5+    31 1 -0.4622E-11   0.000    
   33.5+    33 2 -0.1024E-10   0.000    
   33.5+    33 3  0.5845E-11   0.000    
   33.5+    33 4  0.7794E-11   0.000    
   33.5+    35 5 -0.5438E-12   0.000    
   33.5+    35 6  0.4169E-11   0.000    
   33.5-    32 1 -0.6253E-11   0.000    
   33.5-    32 2 -0.6797E-11   0.000    
   33.5-    34 3 -0.2809E-11   0.000    
   33.5-    34 4  0.5166E-11   0.000    
   33.5-    34 5 -0.3534E-11   0.000    
   33.5-    36 6  0.1223E-11   0.000    
   34.5+    33 1  0.6064E-11   0.000    
   34.5+    33 2  0.8116E-11   0.000    
   34.5+    35 3 -0.5598E-12   0.000    
   34.5+    35 4  0.4291E-11   0.000    
   34.5+    35 5  0.4245E-11   0.000    
   34.5+    37 6 -0.6997E-11   0.000    
   34.5-    32 1 -0.7183E-11   0.000    
   34.5-    34 2 -0.2426E-11   0.000    
   34.5-    34 3  0.5271E-11   0.000    
   34.5-    34 4 -0.3638E-11   0.000    
   34.5-    36 5  0.1259E-11   0.000    
   34.5-    36 6  0.7463E-12   0.000    
   35.5+    33 1  0.8348E-11   0.000    
   35.5+    35 2 -0.5757E-12   0.000    
   35.5+    35 3  0.4558E-11   0.000    
   35.5+    35 4  0.4414E-11   0.000    
   35.5+    37 5 -0.7005E-11   0.000    
   35.5+    37 6 -0.4798E-12   0.000    
   35.5-    34 1  0.5422E-11   0.000    
   35.5-    34 2 -0.3454E-11   0.000    
   35.5-    36 3  0.1535E-11   0.000    
   35.5-    36 4  0.7677E-12   0.000    
   35.5-    36 5  0.5278E-12   0.000    
   35.5-    38 6  0.4894E-11   0.000    
   36.5+    35 1  0.4537E-11   0.000    
   36.5+    35 2  0.4635E-11   0.000    
   36.5+    37 3 -0.7594E-11   0.000    
   36.5+    37 4 -0.5917E-12   0.000    
   36.5+    37 5 -0.8876E-12   0.000    
   36.5+    39 6 -0.6608E-11   0.000    
   36.5-    34 1 -0.3550E-11   0.000    
   36.5-    36 2  0.1529E-11   0.000    
   36.5-    36 3  0.7890E-12   0.000    
   36.5-    36 4  0.2959E-12   0.000    
   36.5-    38 5  0.5227E-11   0.000    
   36.5-    38 6  0.2318E-11   0.000    
   37.5+    35 1  0.4609E-11   0.000    
   37.5+    37 2 -0.7698E-11   0.000    
   37.5+    37 3 -0.5064E-12   0.000    
   37.5+    37 4 -0.5064E-12   0.000    
   37.5+    39 5 -0.6786E-11   0.000    
   37.5+    39 6  0.1129E-10   0.000    
   37.5-    36 1  0.8103E-12   0.000    
   37.5-    36 2  0.5571E-12   0.000    
   37.5-    38 3  0.5571E-11   0.000    
   37.5-    38 4  0.2583E-11   0.000    
   37.5-    38 5 -0.6989E-11   0.000    
   37.5-    40 6  0.2988E-11   0.000    
   38.5+    37 1 -0.8316E-12   0.000    
   38.5+    37 2 -0.1040E-11   0.000    
   38.5+    39 3 -0.6757E-11   0.000    
   38.5+    39 4  0.1206E-10   0.000    
   38.5+    39 5  0.2599E-12   0.000    
   38.5+    41 6  0.6185E-11   0.000    
   38.5-    36 1  0.5198E-12   0.000    
   38.5-    38 2  0.5562E-11   0.000    
   38.5-    38 3  0.2859E-11   0.000    
   38.5-    38 4 -0.6965E-11   0.000    
   38.5-    40 5  0.2755E-11   0.000    
   38.5-    40 6  0.1247E-11   0.000    
   39.5+    37 1 -0.8530E-12   0.000    
   39.5+    39 2 -0.7143E-11   0.000    
   39.5+    39 3  0.1205E-10   0.000    
   39.5+    39 4  0.4798E-12   0.000    
   39.5+    41 5  0.6237E-11   0.000    
   39.5+    41 6  0.5811E-11   0.000    
   39.5-    38 1  0.2719E-11   0.000    
   39.5-    38 2 -0.7143E-11   0.000    
   39.5-    40 3  0.2559E-11   0.000    
   39.5-    40 4  0.1546E-11   0.000    
   39.5-    40 5  0.9063E-12   0.000    
   39.5-    42 6 -0.1599E-11   0.000    
   40.5+    39 1  0.1235E-10   0.000    
   40.5+    39 2  0.6557E-12   0.000    
   40.5+    41 3  0.6502E-11   0.000    
   40.5+    41 4  0.5683E-11   0.000    
   40.5+    41 5 -0.1530E-11   0.000    
   40.5+    43 6  0.1858E-11   0.000    
   40.5-    38 1 -0.7541E-11   0.000    
   40.5-    40 2  0.3224E-11   0.000    
   40.5-    40 3  0.1639E-11   0.000    
   40.5-    40 4  0.1585E-11   0.000    
   40.5-    42 5 -0.1639E-11   0.000    
   40.5-    42 6  0.5792E-11   0.000    
   41.5+    39 1  0.6157E-12   0.000    
   41.5+    41 2  0.6549E-11   0.000    
   41.5+    41 3  0.5653E-11   0.000    
   41.5+    41 4 -0.1791E-11   0.000    
   41.5+    43 5  0.1791E-11   0.000    
   41.5+    43 6 -0.2239E-12   0.000    
   41.5-    40 1  0.1008E-11   0.000    
   41.5-    40 2  0.1008E-11   0.000    
   41.5-    42 3 -0.1903E-11   0.000    
   41.5-    42 4  0.6213E-11   0.000    
   41.5-    42 5 -0.1903E-11   0.000    
   41.5-    44 6 -0.6717E-11   0.000    
   42.5+    41 1  0.6017E-11   0.000    
   42.5+    41 2 -0.1605E-11   0.000    
   42.5+    43 3  0.1834E-11   0.000    
   42.5+    43 4 -0.2292E-12   0.000    
   42.5+    43 5  0.6762E-11   0.000    
   42.5+    45 6  0.4585E-12   0.000    
   42.5-    40 1  0.6877E-12   0.000    
   42.5-    42 2 -0.1948E-11   0.000    
   42.5-    42 3  0.6075E-11   0.000    
   42.5-    42 4 -0.1948E-11   0.000    
   42.5-    44 5 -0.7335E-11   0.000    
   42.5-    44 6  0.1605E-11   0.000    
   43.5+    41 1 -0.1876E-11   0.000    
   43.5+    43 2  0.1876E-11   0.000    
   43.5+    43 3 -0.1173E-12   0.000    
   43.5+    43 4  0.6920E-11   0.000    
   43.5+    45 5  0.8796E-12   0.000    
   43.5+    45 6  0.3694E-11   0.000    
   43.5-    42 1  0.6509E-11   0.000    
   43.5-    42 2 -0.1759E-11   0.000    
   43.5-    44 3 -0.7037E-11   0.000    
   43.5-    44 4  0.5278E-12   0.000    
   43.5-    44 5  0.2111E-11   0.000    
   43.5-    46 6 -0.4691E-12   0.000    
   44.5+    43 1 -0.1199E-12   0.000    
   44.5+    43 2  0.7197E-11   0.000    
   44.5+    45 3  0.4798E-12   0.000    
   44.5+    45 4  0.3778E-11   0.000    
   44.5+    45 5  0.7617E-11   0.000    
   44.5+    47 6 -0.1559E-11   0.000    
   44.5-    42 1 -0.1799E-11   0.000    
   44.5-    44 2 -0.6717E-11   0.000    
   44.5-    44 3  0.5398E-12   0.000    
   44.5-    44 4  0.2759E-11   0.000    
   44.5-    46 5 -0.4798E-12   0.000    
   44.5-    46 6  0.7197E-12   0.000    
   45.5+    43 1  0.7234E-11   0.000    
   45.5+    45 2  0.9196E-12   0.000    
   45.5+    45 3  0.4169E-11   0.000    
   45.5+    45 4  0.8276E-11   0.000    
   45.5+    47 5 -0.1594E-11   0.000    
   45.5+    47 6  0.1287E-11   0.000    
   45.5-    44 1  0.5518E-12   0.000    
   45.5-    44 2  0.2268E-11   0.000    
   45.5-    46 3 -0.7357E-12   0.000    
   45.5-    46 4  0.4904E-12   0.000    
   45.5-    46 5  0.4169E-11   0.000    
   45.5-    48 6  0.1349E-11   0.000    
   46.5+    45 1  0.3946E-11   0.000    
   46.5+    45 2  0.7767E-11   0.000    
   46.5+    47 3 -0.1879E-11   0.000    
   46.5+    47 4  0.1629E-11   0.000    
   46.5+    47 5  0.4259E-11   0.000    
   46.5+    49 6  0.1503E-11   0.000    
   46.5-    44 1  0.2944E-11   0.000    
   46.5-    46 2 -0.5011E-12   0.000    
   46.5-    46 3  0.9396E-12   0.000    
   46.5-    46 4  0.3821E-11   0.000    
   46.5-    48 5  0.1253E-11   0.000    
   46.5-    48 6 -0.2506E-12   0.000    
   47.5+    45 1  0.8124E-11   0.000    
   47.5+    47 2 -0.1663E-11   0.000    
   47.5+    47 3  0.1343E-11   0.000    
   47.5+    47 4  0.4030E-11   0.000    
   47.5+    49 5  0.7677E-12   0.000    
   47.5+    49 6 -0.3838E-11   0.000    
   47.5-    46 1  0.5118E-12   0.000    
   47.5-    46 2  0.4414E-11   0.000    
   47.5-    48 3  0.1407E-11   0.000    
   47.5-    48 4 -0.3838E-12   0.000    
   47.5-    48 5 -0.1535E-11   0.000    
   47.5-    50 6  0.1727E-11   0.000    
   48.5+    47 1  0.1045E-11   0.000    
   48.5+    47 2  0.4767E-11   0.000    
   48.5+    49 3  0.1241E-11   0.000    
   48.5+    49 4 -0.3918E-11   0.000    
   48.5+    49 5  0.7837E-12   0.000    
   48.5+    51 6  0.2939E-11   0.000    
   48.5-    46 1  0.4245E-11   0.000    
   48.5-    48 2  0.1502E-11   0.000    
   48.5-    48 3 -0.1306E-12   0.000    
   48.5-    48 4 -0.1567E-11   0.000    
   48.5-    50 5  0.2612E-11   0.000    
   48.5-    50 6 -0.2612E-11   0.000    
   49.5+    47 1  0.4865E-11   0.000    
   49.5+    49 2  0.1199E-11   0.000    
   49.5+    49 3 -0.3598E-11   0.000    
   49.5+    49 4  0.7996E-12   0.000    
   49.5+    51 5  0.1799E-11   0.000    
   49.5+    51 6  0.5997E-11   0.000    
   49.5-    48 1 -0.2665E-12   0.000    
   49.5-    48 2 -0.1599E-11   0.000    
   49.5-    50 3  0.1799E-11   0.000    
   49.5-    50 4 -0.3465E-11   0.000    
   49.5-    50 5  0.8663E-12   0.000    
   49.5-    52 6 -0.1599E-11   0.000    
   50.5+    49 1 -0.4078E-11   0.000    
   50.5+    49 2  0.4078E-12   0.000    
   50.5+    51 3  0.2447E-11   0.000    
   50.5+    51 4  0.6117E-11   0.000    
   50.5+    51 5  0.1835E-11   0.000    
   50.5+    53 6   0.000       0.000    
   50.5-    48 1 -0.1631E-11   0.000    
   50.5-    50 2  0.2719E-11   0.000    
   50.5-    50 3 -0.2719E-11   0.000    
   50.5-    50 4  0.8836E-12   0.000    
   50.5-    52 5 -0.1495E-11   0.000    
   50.5-    52 6  0.2991E-11   0.000    
