# 178 angles,  1 tensor ranks for 0=projectile
@subtitle   "7Li + d g.s with Daehnick OMP;"                                                
@legend ON
@legend x1 0.2
@legend y1 0.8
@g0 type LOGY
@yaxis ticklabel format power
@legend string   0 "Lab energy =   15.0000"
#legend string   0 "Partition=  1 Excit=  1 near/far= 1"
#  Theta       sigma       iT11        T20         T21         T22         Kyy for projectile
   3.000      0.1606E+06
   4.000      0.4724E+05
   5.000      0.1809E+05
   6.000       8351.    
   7.000       4509.    
   8.000       2807.    
   9.000       1981.    
   10.00       1548.    
   11.00       1303.    
   12.00       1150.    
   13.00       1046.    
   14.00       966.9    
   15.00       901.2    
   16.00       842.5    
   17.00       787.8    
   18.00       735.1    
   19.00       684.0    
   20.00       633.9    
   21.00       585.0    
   22.00       537.3    
   23.00       491.1    
   24.00       446.5    
   25.00       403.8    
   26.00       363.1    
   27.00       324.6    
   28.00       288.5    
   29.00       254.7    
   30.00       223.4    
   31.00       194.5    
   32.00       168.1    
   33.00       144.1    
   34.00       122.5    
   35.00       103.2    
   36.00       86.02    
   37.00       70.91    
   38.00       57.74    
   39.00       46.36    
   40.00       36.65    
   41.00       28.45    
   42.00       21.62    
   43.00       16.04    
   44.00       11.54    
   45.00       8.016    
   46.00       5.324    
   47.00       3.350    
   48.00       1.982    
   49.00       1.118    
   50.00      0.6636    
   51.00      0.5343    
   52.00      0.6546    
   53.00      0.9582    
   54.00       1.387    
   55.00       1.892    
   56.00       2.432    
   57.00       2.973    
   58.00       3.488    
   59.00       3.955    
   60.00       4.359    
   61.00       4.691    
   62.00       4.943    
   63.00       5.114    
   64.00       5.204    
   65.00       5.217    
   66.00       5.158    
   67.00       5.034    
   68.00       4.853    
   69.00       4.624    
   70.00       4.356    
   71.00       4.058    
   72.00       3.739    
   73.00       3.409    
   74.00       3.075    
   75.00       2.744    
   76.00       2.424    
   77.00       2.120    
   78.00       1.837    
   79.00       1.580    
   80.00       1.350    
   81.00       1.150    
   82.00      0.9825    
   83.00      0.8470    
   84.00      0.7437    
   85.00      0.6718    
   86.00      0.6302    
   87.00      0.6171    
   88.00      0.6304    
   89.00      0.6676    
   90.00      0.7263    
   91.00      0.8035    
   92.00      0.8964    
   93.00       1.002    
   94.00       1.118    
   95.00       1.241    
   96.00       1.369    
   97.00       1.499    
   98.00       1.629    
   99.00       1.757    
   100.0       1.881    
   101.0       2.000    
   102.0       2.112    
   103.0       2.217    
   104.0       2.313    
   105.0       2.399    
   106.0       2.476    
   107.0       2.544    
   108.0       2.601    
   109.0       2.649    
   110.0       2.686    
   111.0       2.715    
   112.0       2.734    
   113.0       2.746    
   114.0       2.749    
   115.0       2.744    
   116.0       2.733    
   117.0       2.715    
   118.0       2.692    
   119.0       2.663    
   120.0       2.629    
   121.0       2.591    
   122.0       2.549    
   123.0       2.502    
   124.0       2.453    
   125.0       2.401    
   126.0       2.346    
   127.0       2.288    
   128.0       2.229    
   129.0       2.167    
   130.0       2.104    
   131.0       2.039    
   132.0       1.974    
   133.0       1.908    
   134.0       1.842    
   135.0       1.776    
   136.0       1.710    
   137.0       1.646    
   138.0       1.583    
   139.0       1.523    
   140.0       1.466    
   141.0       1.412    
   142.0       1.362    
   143.0       1.317    
   144.0       1.277    
   145.0       1.244    
   146.0       1.217    
   147.0       1.198    
   148.0       1.186    
   149.0       1.184    
   150.0       1.190    
   151.0       1.205    
   152.0       1.229    
   153.0       1.264    
   154.0       1.308    
   155.0       1.361    
   156.0       1.424    
   157.0       1.495    
   158.0       1.576    
   159.0       1.664    
   160.0       1.759    
   161.0       1.861    
   162.0       1.968    
   163.0       2.079    
   164.0       2.194    
   165.0       2.311    
   166.0       2.428    
   167.0       2.545    
   168.0       2.661    
   169.0       2.773    
   170.0       2.880    
   171.0       2.982    
   172.0       3.076    
   173.0       3.163    
   174.0       3.240    
   175.0       3.307    
   176.0       3.364    
   177.0       3.408    
   178.0       3.440    
   179.0       3.459    
   180.0       3.466    
 END
