 Overlap wf  3#  1/  1 of <Li7     |Li8     >: lsj,I;J =  1  0.5  1.5,  1.5;  2.0 @ -2.03270 MeV
         301  0.100000001               0
  2.1451E-03  2.7903E-02  5.3662E-02  7.9380E-02  1.0439E-01  1.2838E-01
  1.5109E-01  1.7231E-01  1.9185E-01  2.0955E-01  2.2529E-01  2.3897E-01
  2.5052E-01  2.5992E-01  2.6716E-01  2.7228E-01  2.7535E-01  2.7647E-01
  2.7575E-01  2.7334E-01  2.6941E-01  2.6412E-01  2.5767E-01  2.5023E-01
  2.4201E-01  2.3317E-01  2.2388E-01  2.1431E-01  2.0459E-01  1.9484E-01
  1.8517E-01  1.7567E-01  1.6640E-01  1.5743E-01  1.4879E-01  1.4051E-01
  1.3261E-01  1.2510E-01  1.1798E-01  1.1125E-01  1.0489E-01  9.8903E-02
  9.3268E-02  8.7971E-02  8.2995E-02  7.8324E-02  7.3940E-02  6.9826E-02
  6.5967E-02  6.2346E-02  5.8948E-02  5.5759E-02  5.2765E-02  4.9953E-02
  4.7312E-02  4.4829E-02  4.2495E-02  4.0299E-02  3.8233E-02  3.6287E-02
  3.4454E-02  3.2726E-02  3.1097E-02  2.9560E-02  2.8110E-02  2.6740E-02
  2.5445E-02  2.4222E-02  2.3065E-02  2.1970E-02  2.0934E-02  1.9953E-02
  1.9023E-02  1.8142E-02  1.7307E-02  1.6514E-02  1.5762E-02  1.5049E-02
  1.4371E-02  1.3727E-02  1.3115E-02  1.2533E-02  1.1980E-02  1.1454E-02
  1.0953E-02  1.0476E-02  1.0023E-02  9.5903E-03  9.1785E-03  8.7860E-03
  8.4119E-03  8.0552E-03  7.7149E-03  7.3903E-03  7.0806E-03  6.7850E-03
  6.5027E-03  6.2332E-03  5.9758E-03  5.7299E-03  5.4949E-03  5.2703E-03
  5.0556E-03  4.8503E-03  4.6540E-03  4.4662E-03  4.2865E-03  4.1146E-03
  3.9501E-03  3.7926E-03  3.6419E-03  3.4975E-03  3.3593E-03  3.2269E-03
  3.1000E-03  2.9784E-03  2.8620E-03  2.7503E-03  2.6433E-03  2.5407E-03
  2.4423E-03  2.3480E-03  2.2575E-03  2.1707E-03  2.0875E-03  2.0076E-03
  1.9309E-03  1.8574E-03  1.7868E-03  1.7190E-03  1.6539E-03  1.5914E-03
  1.5314E-03  1.4738E-03  1.4185E-03  1.3653E-03  1.3142E-03  1.2652E-03
  1.2180E-03  1.1727E-03  1.1292E-03  1.0873E-03  1.0471E-03  1.0084E-03
  9.7123E-04  9.3548E-04  9.0110E-04  8.6804E-04  8.3625E-04  8.0567E-04
  7.7626E-04  7.4796E-04  7.2074E-04  6.9455E-04  6.6935E-04  6.4510E-04
  6.2176E-04  5.9930E-04  5.7768E-04  5.5687E-04  5.3684E-04  5.1756E-04
  4.9899E-04  4.8112E-04  4.6390E-04  4.4733E-04  4.3137E-04  4.1600E-04
  4.0119E-04  3.8693E-04  3.7319E-04  3.5996E-04  3.4721E-04  3.3493E-04
  3.2310E-04  3.1169E-04  3.0071E-04  2.9012E-04  2.7992E-04  2.7008E-04
  2.6061E-04  2.5147E-04  2.4267E-04  2.3418E-04  2.2600E-04  2.1811E-04
  2.1051E-04  2.0317E-04  1.9611E-04  1.8929E-04  1.8272E-04  1.7638E-04
  1.7027E-04  1.6437E-04  1.5868E-04  1.5320E-04  1.4791E-04  1.4281E-04
  1.3789E-04  1.3314E-04  1.2856E-04  1.2414E-04  1.1988E-04  1.1577E-04
  1.1180E-04  1.0797E-04  1.0428E-04  1.0071E-04  9.7271E-05  9.3950E-05
  9.0746E-05  8.7654E-05  8.4669E-05  8.1788E-05  7.9008E-05  7.6324E-05
  7.3733E-05  7.1232E-05  6.8818E-05  6.6487E-05  6.4237E-05  6.2065E-05
  5.9968E-05  5.7943E-05  5.5988E-05  5.4100E-05  5.2277E-05  5.0517E-05
  4.8817E-05  4.7175E-05  4.5590E-05  4.4059E-05  4.2581E-05  4.1153E-05
  3.9774E-05  3.8442E-05  3.7155E-05  3.5912E-05  3.4712E-05  3.3552E-05
  3.2432E-05  3.1350E-05  3.0305E-05  2.9295E-05  2.8319E-05  2.7377E-05
  2.6466E-05  2.5586E-05  2.4736E-05  2.3915E-05  2.3121E-05  2.2354E-05
  2.1613E-05  2.0897E-05  2.0205E-05  1.9537E-05  1.8891E-05  1.8266E-05
  1.7663E-05  1.7079E-05  1.6516E-05  1.5971E-05  1.5444E-05  1.4936E-05
  1.4444E-05  1.3968E-05  1.3509E-05  1.3064E-05  1.2635E-05  1.2220E-05
  1.1819E-05  1.1431E-05  1.1056E-05  1.0693E-05  1.0343E-05  1.0004E-05
  9.6766E-06  9.3599E-06  9.0538E-06  8.7578E-06  8.4716E-06  8.1948E-06
  7.9273E-06  7.6686E-06  7.4184E-06  7.1765E-06  6.9426E-06  6.7165E-06
  6.4977E-06  6.2862E-06  6.0817E-06  5.8839E-06  5.6927E-06  5.5077E-06
  5.3288E-06  5.1558E-06  4.9884E-06  4.8266E-06  4.6701E-06  4.5187E-06
 -3.7099E-17
 -2.2760E-01 -1.3096E+00 -2.3916E+00 -3.4653E+00 -4.4973E+00 -5.4713E+00
 -6.3744E+00 -7.1950E+00 -7.9229E+00 -8.5491E+00 -9.0661E+00 -9.4683E+00
 -9.7518E+00 -9.9151E+00 -9.9587E+00 -9.8860E+00 -9.7025E+00 -9.4164E+00
 -9.0383E+00 -8.5810E+00 -8.0587E+00 -7.4872E+00 -6.8825E+00 -6.2607E+00
 -5.6371E+00 -5.0253E+00 -4.4372E+00 -3.8823E+00 -3.3675E+00 -2.8973E+00
 -2.4742E+00 -2.0983E+00 -1.7684E+00 -1.4820E+00 -1.2357E+00 -1.0257E+00
 -8.4815E-01 -6.9894E-01 -5.7430E-01 -4.7072E-01 -3.8502E-01 -3.1437E-01
 -2.5632E-01 -2.0875E-01 -1.6985E-01 -1.3810E-01 -1.1223E-01 -9.1165E-02
 -7.4037E-02 -6.0119E-02 -4.8815E-02 -3.9637E-02 -3.2188E-02 -2.6143E-02
 -2.1237E-02 -1.7256E-02 -1.4025E-02 -1.1402E-02 -9.2722E-03 -7.5427E-03
 -6.1377E-03 -4.9961E-03 -4.0682E-03 -3.3137E-03 -2.7001E-03 -2.2008E-03
 -1.7945E-03 -1.4636E-03 -1.1941E-03 -9.7459E-04 -7.9566E-04 -6.4978E-04
 -5.3080E-04 -4.3374E-04 -3.5453E-04 -2.8986E-04 -2.3706E-04 -1.9393E-04
 -1.5868E-04 -1.2988E-04 -1.0633E-04 -8.7071E-05 -7.1318E-05 -5.8428E-05
 -4.7879E-05 -3.9244E-05 -3.2172E-05 -2.6381E-05 -2.1636E-05 -1.7749E-05
 -1.4562E-05 -1.1951E-05 -9.8089E-06 -8.0525E-06 -6.6118E-06 -5.4298E-06
 -4.4599E-06 -3.6638E-06 -3.0103E-06 -2.4738E-06 -2.0332E-06 -1.6714E-06
 -1.3741E-06 -1.1299E-06 -9.2920E-07 -7.6426E-07 -6.2869E-07 -5.1724E-07
 -4.2560E-07 -3.5024E-07 -2.8826E-07 -2.3728E-07 -1.9534E-07 -1.6083E-07
 -1.3243E-07 -1.0906E-07 -8.9824E-08 -7.3989E-08 -6.0952E-08 -5.0217E-08
 -4.1377E-08 -3.4097E-08 -2.8100E-08 -2.3161E-08 -1.9091E-08 -1.5738E-08
 -1.2975E-08 -1.0699E-08 -8.8220E-09 -7.2752E-09 -6.0002E-09 -4.9490E-09
 -4.0823E-09 -3.3677E-09 -2.7784E-09 -2.2924E-09 -1.8916E-09 -1.5609E-09
 -1.2882E-09 -1.0632E-09 -8.7755E-10 -7.2437E-10 -5.9798E-10 -4.9367E-10
 -4.0759E-10 -3.3654E-10 -2.7789E-10 -2.2948E-10 -1.8951E-10 -1.5652E-10
 -1.2928E-10 -1.0678E-10 -8.8207E-11 -7.2867E-11 -6.0199E-11 -4.9736E-11
 -4.1094E-11 -3.3956E-11 -2.8059E-11 -2.3187E-11 -1.9163E-11 -1.5837E-11
 -1.3090E-11 -1.0819E-11 -8.9434E-12 -7.3930E-12 -6.1117E-12 -5.0527E-12
 -4.1774E-12 -3.4539E-12 -2.8558E-12 -2.3614E-12 -1.9527E-12 -1.6148E-12
 -1.3354E-12 -1.1045E-12 -9.1346E-13 -7.5553E-13 -6.2493E-13 -5.1692E-13
 -4.2760E-13 -3.5373E-13 -2.9264E-13 -2.4210E-13 -2.0030E-13 -1.6572E-13
 -1.3712E-13 -1.1346E-13 -9.3886E-14 -7.7691E-14 -6.4292E-14 -5.3206E-14
 -4.4033E-14 -3.6443E-14 -3.0162E-14 -2.4964E-14 -2.0663E-14 -1.7104E-14
 -1.4158E-14 -1.1720E-14 -9.7021E-15 -8.0319E-15 -6.6494E-15 -5.5051E-15
 -4.5578E-15 -3.7737E-15 -3.1245E-15 -2.5871E-15 -2.1422E-15 -1.7739E-15
 -1.4689E-15 -1.2164E-15 -1.0074E-15 -8.3425E-16 -6.9091E-16 -5.7221E-16
 -4.7392E-16 -3.9253E-16 -3.2512E-16 -2.6929E-16 -2.2306E-16 -1.8477E-16
 -1.5305E-16 -1.2679E-16 -1.0503E-16 -8.7010E-17 -7.2083E-17 -5.9719E-17
 -4.9476E-17 -4.0991E-17 -3.3962E-17 -2.8139E-17 -2.3315E-17 -1.9319E-17
 -1.6008E-17 -1.3264E-17 -1.0991E-17 -9.1082E-18 -7.5478E-18 -6.2548E-18
 -5.1835E-18 -4.2958E-18 -3.5601E-18 -2.9505E-18 -2.4454E-18 -2.0268E-18
 -1.6798E-18 -1.3923E-18 -1.1540E-18 -9.5655E-19 -7.9288E-19 -6.5723E-19
 -5.4479E-19 -4.5160E-19 -3.7436E-19 -3.1034E-19 -2.5727E-19 -2.1328E-19
 -1.7681E-19 -1.4658E-19 -1.2153E-19 -1.0075E-19 -8.3533E-20 -6.9258E-20
 -5.7423E-20 -4.7611E-20 -3.9476E-20 -3.2732E-20 -2.7141E-20 -2.2505E-20
 -1.8661E-20 -1.5474E-20 -1.2832E-20 -1.0640E-20 -8.8237E-21 -7.3173E-21
 -6.0681E-21 -5.0323E-21 -4.1733E-21 -3.4611E-21 -2.8704E-21 -2.3806E-21
 -1.9744E-21 -1.6375E-21 -1.3581E-21 -1.1264E-21 -9.3428E-22 -7.7492E-22
 -6.4275E-22 -5.3313E-22 -4.4221E-22 -3.6681E-22 -3.0426E-22 -2.5239E-22
 -3.0111E-24 -2.4894E-24 -2.0582E-24 -1.7017E-24 -1.4070E-24 -1.1633E-24
 -9.6192E-25
