# 181 angles,  1 tensor ranks for 0=projectile
@subtitle   "7Li(d,p) @ 7.5AMeV ADWA (d) + KD (p) FINITE RANGE"                             
@legend ON
@legend x1 0.2
@legend y1 0.8
@g0 type LOGY
@yaxis ticklabel format power
@xaxis label "Scattering angle (degrees)"
@yaxis label "Cross section (mb/sr)"
@legend string   0 "Partition=  1 Excit=  1 near/far= 1"
#legend string   0 "Lab energy =   14.5311"
@s0 linestyle   1
#  Theta       sigma       iT11        T20         T21         T22         Kyy for projectile
  0.1000E-01  0.1578E+16
   1.000      0.1552E+08
   2.000      0.9318E+06
   3.000      0.1742E+06
   4.000      0.5190E+05
   5.000      0.2015E+05
   6.000       9409.    
   7.000       5102.    
   8.000       3155.    
   9.000       2190.    
   10.00       1672.    
   11.00       1373.    
   12.00       1186.    
   13.00       1059.    
   14.00       965.4    
   15.00       890.6    
   16.00       826.8    
   17.00       769.5    
   18.00       716.3    
   19.00       665.8    
   20.00       617.4    
   21.00       570.7    
   22.00       525.6    
   23.00       482.1    
   24.00       440.3    
   25.00       400.3    
   26.00       362.1    
   27.00       325.9    
   28.00       291.8    
   29.00       259.7    
   30.00       229.8    
   31.00       202.1    
   32.00       176.6    
   33.00       153.2    
   34.00       131.9    
   35.00       112.7    
   36.00       95.46    
   37.00       80.08    
   38.00       66.50    
   39.00       54.59    
   40.00       44.25    
   41.00       35.37    
   42.00       27.82    
   43.00       21.48    
   44.00       16.24    
   45.00       11.97    
   46.00       8.575    
   47.00       5.935    
   48.00       3.952    
   49.00       2.529    
   50.00       1.577    
   51.00       1.015    
   52.00      0.7669    
   53.00      0.7667    
   54.00      0.9543    
   55.00       1.277    
   56.00       1.690    
   57.00       2.153    
   58.00       2.635    
   59.00       3.108    
   60.00       3.551    
   61.00       3.949    
   62.00       4.289    
   63.00       4.563    
   64.00       4.767    
   65.00       4.899    
   66.00       4.960    
   67.00       4.953    
   68.00       4.882    
   69.00       4.754    
   70.00       4.575    
   71.00       4.353    
   72.00       4.094    
   73.00       3.808    
   74.00       3.501    
   75.00       3.181    
   76.00       2.855    
   77.00       2.530    
   78.00       2.210    
   79.00       1.901    
   80.00       1.609    
   81.00       1.335    
   82.00       1.084    
   83.00      0.8578    
   84.00      0.6579    
   85.00      0.4856    
   86.00      0.3414    
   87.00      0.2253    
   88.00      0.1368    
   89.00      0.7506E-01
   90.00      0.3902E-01
   91.00      0.2719E-01
   92.00      0.3789E-01
   93.00      0.6931E-01
   94.00      0.1195    
   95.00      0.1864    
   96.00      0.2679    
   97.00      0.3620    
   98.00      0.4666    
   99.00      0.5797    
   100.0      0.6994    
   101.0      0.8238    
   102.0      0.9513    
   103.0       1.080    
   104.0       1.209    
   105.0       1.336    
   106.0       1.460    
   107.0       1.580    
   108.0       1.695    
   109.0       1.804    
   110.0       1.906    
   111.0       2.000    
   112.0       2.085    
   113.0       2.162    
   114.0       2.229    
   115.0       2.286    
   116.0       2.333    
   117.0       2.368    
   118.0       2.393    
   119.0       2.407    
   120.0       2.410    
   121.0       2.401    
   122.0       2.382    
   123.0       2.351    
   124.0       2.310    
   125.0       2.259    
   126.0       2.197    
   127.0       2.126    
   128.0       2.047    
   129.0       1.959    
   130.0       1.863    
   131.0       1.762    
   132.0       1.654    
   133.0       1.542    
   134.0       1.427    
   135.0       1.310    
   136.0       1.191    
   137.0       1.073    
   138.0      0.9571    
   139.0      0.8438    
   140.0      0.7350    
   141.0      0.6318    
   142.0      0.5358    
   143.0      0.4482    
   144.0      0.3703    
   145.0      0.3031    
   146.0      0.2478    
   147.0      0.2054    
   148.0      0.1767    
   149.0      0.1624    
   150.0      0.1631    
   151.0      0.1790    
   152.0      0.2106    
   153.0      0.2578    
   154.0      0.3204    
   155.0      0.3981    
   156.0      0.4903    
   157.0      0.5965    
   158.0      0.7156    
   159.0      0.8466    
   160.0      0.9883    
   161.0       1.139    
   162.0       1.298    
   163.0       1.463    
   164.0       1.632    
   165.0       1.804    
   166.0       1.976    
   167.0       2.147    
   168.0       2.315    
   169.0       2.478    
   170.0       2.635    
   171.0       2.782    
   172.0       2.919    
   173.0       3.044    
   174.0       3.155    
   175.0       3.252    
   176.0       3.332    
   177.0       3.396    
   178.0       3.442    
   179.0       3.470    
   180.0       3.479    
 END
@legend string   1 "Partition=  2 Excit=  1 near/far= 1"
#legend string   0 "Lab energy =   14.5311"
@s1 linestyle   2
#  Theta       sigma       iT11        T20         T21         T22         Kyy for projectile
   0.000       30.32    
   1.000       30.32    
   2.000       30.32    
   3.000       30.32    
   4.000       30.31    
   5.000       30.28    
   6.000       30.21    
   7.000       30.09    
   8.000       29.91    
   9.000       29.65    
   10.00       29.30    
   11.00       28.86    
   12.00       28.32    
   13.00       27.67    
   14.00       26.92    
   15.00       26.07    
   16.00       25.13    
   17.00       24.11    
   18.00       23.01    
   19.00       21.85    
   20.00       20.65    
   21.00       19.41    
   22.00       18.16    
   23.00       16.90    
   24.00       15.65    
   25.00       14.43    
   26.00       13.23    
   27.00       12.08    
   28.00       10.98    
   29.00       9.937    
   30.00       8.956    
   31.00       8.042    
   32.00       7.197    
   33.00       6.423    
   34.00       5.721    
   35.00       5.088    
   36.00       4.524    
   37.00       4.026    
   38.00       3.591    
   39.00       3.214    
   40.00       2.893    
   41.00       2.622    
   42.00       2.398    
   43.00       2.215    
   44.00       2.069    
   45.00       1.956    
   46.00       1.870    
   47.00       1.810    
   48.00       1.769    
   49.00       1.746    
   50.00       1.737    
   51.00       1.738    
   52.00       1.748    
   53.00       1.764    
   54.00       1.784    
   55.00       1.805    
   56.00       1.828    
   57.00       1.849    
   58.00       1.869    
   59.00       1.885    
   60.00       1.898    
   61.00       1.906    
   62.00       1.909    
   63.00       1.907    
   64.00       1.900    
   65.00       1.886    
   66.00       1.867    
   67.00       1.842    
   68.00       1.812    
   69.00       1.776    
   70.00       1.735    
   71.00       1.690    
   72.00       1.641    
   73.00       1.588    
   74.00       1.531    
   75.00       1.473    
   76.00       1.412    
   77.00       1.350    
   78.00       1.288    
   79.00       1.225    
   80.00       1.162    
   81.00       1.100    
   82.00       1.039    
   83.00      0.9794    
   84.00      0.9220    
   85.00      0.8669    
   86.00      0.8143    
   87.00      0.7644    
   88.00      0.7175    
   89.00      0.6736    
   90.00      0.6328    
   91.00      0.5952    
   92.00      0.5608    
   93.00      0.5295    
   94.00      0.5014    
   95.00      0.4762    
   96.00      0.4540    
   97.00      0.4346    
   98.00      0.4178    
   99.00      0.4035    
   100.0      0.3916    
   101.0      0.3819    
   102.0      0.3742    
   103.0      0.3683    
   104.0      0.3641    
   105.0      0.3614    
   106.0      0.3601    
   107.0      0.3599    
   108.0      0.3606    
   109.0      0.3623    
   110.0      0.3646    
   111.0      0.3675    
   112.0      0.3709    
   113.0      0.3745    
   114.0      0.3783    
   115.0      0.3823    
   116.0      0.3863    
   117.0      0.3902    
   118.0      0.3939    
   119.0      0.3975    
   120.0      0.4008    
   121.0      0.4038    
   122.0      0.4064    
   123.0      0.4088    
   124.0      0.4107    
   125.0      0.4123    
   126.0      0.4135    
   127.0      0.4144    
   128.0      0.4149    
   129.0      0.4150    
   130.0      0.4148    
   131.0      0.4143    
   132.0      0.4136    
   133.0      0.4126    
   134.0      0.4113    
   135.0      0.4100    
   136.0      0.4084    
   137.0      0.4068    
   138.0      0.4051    
   139.0      0.4033    
   140.0      0.4016    
   141.0      0.3998    
   142.0      0.3981    
   143.0      0.3965    
   144.0      0.3950    
   145.0      0.3936    
   146.0      0.3923    
   147.0      0.3912    
   148.0      0.3903    
   149.0      0.3895    
   150.0      0.3890    
   151.0      0.3886    
   152.0      0.3884    
   153.0      0.3884    
   154.0      0.3886    
   155.0      0.3889    
   156.0      0.3895    
   157.0      0.3901    
   158.0      0.3910    
   159.0      0.3920    
   160.0      0.3931    
   161.0      0.3942    
   162.0      0.3955    
   163.0      0.3969    
   164.0      0.3983    
   165.0      0.3997    
   166.0      0.4012    
   167.0      0.4026    
   168.0      0.4040    
   169.0      0.4054    
   170.0      0.4067    
   171.0      0.4079    
   172.0      0.4091    
   173.0      0.4101    
   174.0      0.4111    
   175.0      0.4119    
   176.0      0.4126    
   177.0      0.4131    
   178.0      0.4135    
   179.0      0.4137    
   180.0      0.4138    
 END
