# Fusion cross sections for ELAB=  14.531, ECM=  11.290
     0.5   35.53       35.79      0.2559    
     1.5   114.2       115.0      0.8200    
     2.5   184.9       187.3       2.416    
     3.5   194.6       199.6       4.958    
     4.5   160.5       168.6       8.089    
     5.5   100.8       109.2       8.429    
     6.5   48.71       52.16       3.453    
     7.5   13.64       14.72       1.084    
     8.5   3.256       3.602      0.3456    
     9.5  0.7984      0.9089      0.1105    
    10.5  0.1980      0.2323      0.3425E-01
    11.5  0.4919E-01  0.5942E-01  0.1023E-01
    12.5  0.1208E-01  0.1515E-01  0.3075E-02
    13.5  0.2868E-02  0.3848E-02  0.9798E-03
    14.5  0.6446E-03  0.9718E-03  0.3272E-03
    15.5  0.1386E-03  0.2436E-03  0.1050E-03
    16.5  0.3054E-04  0.6032E-04  0.2978E-04
    17.5  0.7403E-05  0.1461E-04  0.7211E-05
    18.5  0.1908E-05  0.3420E-05  0.1512E-05
    19.5  0.4740E-06  0.7622E-06  0.2882E-06
    20.5  0.1066E-06  0.1596E-06  0.5305E-07
    21.5  0.2133E-07  0.3110E-07  0.9772E-08
    22.5  0.3822E-08  0.5596E-08  0.1774E-08
    23.5  0.6263E-09  0.9273E-09  0.3010E-09
    24.5  0.9597E-10  0.1409E-09  0.4498E-10
    25.5  0.1402E-10  0.1967E-10  0.5657E-11
    26.5  0.1496E-11  0.2080E-11  0.5841E-12
    27.5 -0.1261E-12 -0.7704E-13  0.4907E-13
    28.5  0.1034E-11  0.1037E-11  0.3356E-14
    29.5  0.1649E-12  0.1651E-12  0.1878E-15
    30.5 -0.2559E-12 -0.2559E-12  0.8667E-17
    31.5  0.3522E-12  0.3522E-12  0.3327E-18
    32.5  0.2270E-12  0.2270E-12  0.1071E-19
    33.5  0.2339E-12  0.2339E-12  0.2914E-21
    34.5 -0.1926E-12 -0.1926E-12  0.6754E-23
    35.5 -0.1981E-12 -0.1981E-12  0.1342E-24
    36.5 -0.5090E-13 -0.5090E-13  0.2297E-26
    37.5 -0.1046E-12 -0.1046E-12  0.2524E-28
    38.5  0.1610E-12  0.1610E-12   0.000    
    39.5  0.1101E-12  0.1101E-12   0.000    
    40.5 -0.2430E-39   0.000      0.2430E-39
 &
