           2           1           1
    0.5+     1 1   5.881       0.000      0.4188E-01   5.839    
    0.5+     1 2   5.879       0.000      0.5742E-02   5.873    
    0.5+     3 3   5.539       0.000      0.1171E-01   5.527    
    0.5-     0 1   6.102       0.000      0.7319E-01   6.029    
    0.5-     2 2   6.194       0.000      0.3756E-01   6.156    
    0.5-     2 3   6.195       0.000      0.8578E-01   6.109    
    1.5+     1 1   11.77       0.000      0.2891E-01   11.74    
    1.5+     1 2   11.76       0.000      0.2029E-01   11.74    
    1.5+     1 3   11.76       0.000      0.2536E-01   11.73    
    1.5+     3 4   11.08       0.000      0.6369E-01   11.01    
    1.5+     3 5   11.02       0.000      0.9392E-01   10.93    
    1.5-     0 1   12.20       0.000      0.5853E-01   12.15    
    1.5-     2 2   12.39       0.000      0.6711E-01   12.32    
    1.5-     2 3   12.39       0.000      0.1184       12.27    
    1.5-     2 4   12.36       0.000      0.1056       12.26    
    1.5-     4 5   8.289       0.000      0.2382       8.051    
    2.5+     1 1   17.64       0.000      0.6492E-01   17.58    
    2.5+     1 2   17.64       0.000      0.8451E-01   17.55    
    2.5+     3 3   16.62       0.000      0.8048E-01   16.54    
    2.5+     3 4   16.54       0.000      0.2511       16.28    
    2.5+     3 5   16.51       0.000      0.7229E-01   16.44    
    2.5+     5 6   3.332       0.000      0.1614       3.171    
    2.5-     0 1   18.31       0.000      0.1260       18.18    
    2.5-     2 2   18.58       0.000      0.1262       18.45    
    2.5-     2 3   18.58       0.000      0.2897       18.29    
    2.5-     2 4   18.55       0.000      0.3333       18.21    
    2.5-     4 5   12.43       0.000      0.3623       12.07    
    2.5-     4 6   12.61       0.000      0.4636       12.14    
    3.5+     1 1   23.52       0.000      0.2490E-01   23.49    
    3.5+     3 2   22.15       0.000      0.9544E-01   22.06    
    3.5+     3 3   22.05       0.000      0.5733       21.47    
    3.5+     3 4   22.01       0.000      0.1487       21.86    
    3.5+     5 5   4.443       0.000      0.1987       4.245    
    3.5+     5 6   4.507       0.000      0.3021       4.205    
    3.5-     2 1   24.78       0.000      0.2410       24.54    
    3.5-     2 2   24.73       0.000      0.7969       23.93    
    3.5-     4 3   16.58       0.000      0.1430       16.43    
    3.5-     4 4   16.81       0.000       1.585       15.22    
    3.5-     4 5   17.04       0.000      0.7841       16.25    
    3.5-     6 6  0.9639       0.000      0.6518E-01  0.8987    
    4.5+     3 1   27.56       0.000      0.1441       27.42    
    4.5+     3 2   27.51       0.000      0.2722       27.24    
    4.5+     5 3   5.554       0.000      0.5516E-01   5.499    
    4.5+     5 4   5.634       0.000      0.8466       4.787    
    4.5+     5 5   5.737       0.000      0.4471       5.290    
    4.5+     7 6  0.2717       0.000      0.2461E-01  0.2470    
    4.5-     2 1   30.91       0.000      0.9456E-01   30.81    
    4.5-     4 2   20.72       0.000      0.4599       20.26    
    4.5-     4 3   21.01       0.000       2.770       18.24    
    4.5-     4 4   21.30       0.000       2.789       18.51    
    4.5-     6 5   1.205       0.000      0.6980E-01   1.135    
    4.5-     6 6   1.210       0.000      0.1153       1.095    
    5.5+     3 1   33.02       0.000      0.5905E-01   32.96    
    5.5+     5 2   6.665       0.000      0.2578       6.407    
    5.5+     5 3   6.761       0.000       1.267       5.494    
    5.5+     5 4   6.884       0.000       1.419       5.465    
    5.5+     7 5  0.3260       0.000      0.2390E-01  0.3021    
    5.5+     7 6  0.3264       0.000      0.4182E-01  0.2845    
    5.5-     4 1   25.21       0.000      0.2423       24.97    
    5.5-     4 2   25.56       0.000       4.652       20.91    
    5.5-     6 3   1.446       0.000      0.1508E-01   1.431    
    5.5-     6 4   1.452       0.000      0.2855       1.167    
    5.5-     6 5   1.460       0.000      0.1561       1.304    
    5.5-     8 6  0.7543E-01   0.000      0.9100E-02  0.6633E-01
    6.5+     5 1   7.888       0.000      0.1441       7.744    
    6.5+     5 2   8.032       0.000       2.164       5.868    
    6.5+     7 3  0.3803       0.000      0.4368E-02  0.3759    
    6.5+     7 4  0.3808       0.000      0.9505E-01  0.2857    
    6.5+     7 5  0.3813       0.000      0.5388E-01  0.3274    
    6.5+     9 6  0.2060E-01   0.000      0.3267E-02  0.1733E-01
    6.5-     4 1   29.82       0.000      0.2605E-01   29.79    
    6.5-     6 2   1.687       0.000      0.9398E-01   1.593    
    6.5-     6 3   1.694       0.000      0.3876       1.307    
    6.5-     6 4   1.703       0.000      0.4580       1.245    
    6.5-     8 5  0.8800E-01   0.000      0.8355E-02  0.7964E-01
    6.5-     8 6  0.8802E-01   0.000      0.1461E-01  0.7342E-01
    7.5+     5 1   9.179       0.000      0.1177E-01   9.167    
    7.5+     7 2  0.4346       0.000      0.3333E-01  0.4013    
    7.5+     7 3  0.4351       0.000      0.1206      0.3146    
    7.5+     7 4  0.4357       0.000      0.1493      0.2864    
    7.5+     9 5  0.2354E-01   0.000      0.3025E-02  0.2051E-01
    7.5+     9 6  0.2354E-01   0.000      0.4610E-02  0.1893E-01
    7.5-     6 1   1.936       0.000      0.5307E-01   1.883    
    7.5-     6 2   1.946       0.000      0.6560       1.290    
    7.5-     8 3  0.1006       0.000      0.1491E-02  0.9908E-01
    7.5-     8 4  0.1006       0.000      0.3123E-01  0.6937E-01
    7.5-     8 5  0.1006       0.000      0.1862E-01  0.8201E-01
    7.5-    10 6  0.5536E-02   0.000      0.1199E-02  0.4337E-02
    8.5+     7 1  0.4895       0.000      0.1900E-01  0.4705    
    8.5+     7 2  0.4902       0.000      0.2042      0.2860    
    8.5+     9 3  0.2648E-01   0.000      0.7368E-03  0.2574E-01
    8.5+     9 4  0.2648E-01   0.000      0.9408E-02  0.1707E-01
    8.5+     9 5  0.2648E-01   0.000      0.6192E-02  0.2029E-01
    8.5+    11 6  0.1468E-02   0.000      0.4917E-03  0.9764E-03
    8.5-     6 1   2.189       0.000      0.4070E-02   2.185    
    8.5-     8 2  0.1131       0.000      0.1177E-01  0.1014    
    8.5-     8 3  0.1132       0.000      0.3768E-01  0.7549E-01
    8.5-     8 4  0.1132       0.000      0.4949E-01  0.6372E-01
    8.5-    10 5  0.6228E-02   0.000      0.1279E-02  0.4949E-02
    8.5-    10 6  0.6228E-02   0.000      0.1278E-02  0.4950E-02
    9.5+     7 1  0.5447       0.000      0.1448E-02  0.5432    
    9.5+     9 2  0.2942E-01   0.000      0.3985E-02  0.2544E-01
    9.5+     9 3  0.2942E-01   0.000      0.1091E-01  0.1852E-01
    9.5+     9 4  0.2942E-01   0.000      0.1598E-01  0.1344E-01
    9.5+    11 5  0.1631E-02   0.000      0.6576E-03  0.9737E-03
    9.5+    11 6  0.1631E-02   0.000      0.3491E-03  0.1282E-02
    9.5-     8 1  0.1257       0.000      0.6541E-02  0.1192    
    9.5-     8 2  0.1258       0.000      0.6537E-01  0.6041E-01
    9.5-    10 3  0.6920E-02   0.000      0.6343E-03  0.6286E-02
    9.5-    10 4  0.6920E-02   0.000      0.2506E-02  0.4414E-02
    9.5-    10 5  0.6920E-02   0.000      0.1936E-02  0.4983E-02
    9.5-    12 6  0.3849E-03   0.000      0.1971E-03  0.1878E-03
   10.5+     9 1  0.3236E-01   0.000      0.2004E-02  0.3036E-01
   10.5+     9 2  0.3237E-01   0.000      0.2054E-01  0.1183E-01
   10.5+    11 3  0.1794E-02   0.000      0.5301E-03  0.1264E-02
   10.5+    11 4  0.1794E-02   0.000      0.6586E-03  0.1136E-02
   10.5+    11 5  0.1794E-02   0.000      0.5940E-03  0.1200E-02
   10.5+    13 6  0.9988E-04   0.000      0.6058E-04  0.3930E-04
   10.5-     8 1  0.1384       0.000      0.4679E-03  0.1379    
   10.5-    10 2  0.7612E-02   0.000      0.1283E-02  0.6329E-02
   10.5-    10 3  0.7612E-02   0.000      0.2807E-02  0.4805E-02
   10.5-    10 4  0.7611E-02   0.000      0.4887E-02  0.2724E-02
   10.5-    12 5  0.4234E-03   0.000      0.2993E-03  0.1241E-03
   10.5-    12 6  0.4234E-03   0.000      0.1165E-03  0.3069E-03
   11.5+     9 1  0.3531E-01   0.000      0.1163E-03  0.3519E-01
   11.5+    11 2  0.1958E-02   0.000      0.4128E-03  0.1545E-02
   11.5+    11 3  0.1957E-02   0.000      0.7155E-03  0.1242E-02
   11.5+    11 4  0.1957E-02   0.000      0.1468E-02  0.4890E-03
   11.5+    13 5  0.1090E-03   0.000      0.8923E-04  0.1973E-04
   11.5+    13 6  0.1090E-03   0.000      0.4919E-04  0.5977E-04
   11.5-    10 1  0.8304E-02   0.000      0.5415E-03  0.7762E-02
   11.5-    10 2  0.8303E-02   0.000      0.6142E-02  0.2162E-02
   11.5-    12 3  0.4619E-03   0.000      0.2810E-03  0.1809E-03
   11.5-    12 4  0.4619E-03   0.000      0.2120E-03  0.2499E-03
   11.5-    12 5  0.4619E-03   0.000      0.1908E-03  0.2711E-03
   11.5-    14 6  0.2561E-04   0.000      0.1322E-04  0.1239E-04
   12.5+    11 1  0.2121E-02   0.000      0.1485E-03  0.1972E-02
   12.5+    11 2  0.2120E-02   0.000      0.1811E-02  0.3095E-03
   12.5+    13 3  0.1180E-03   0.000      0.8063E-04  0.3741E-04
   12.5+    13 4  0.1180E-03   0.000      0.8705E-04  0.3099E-04
   12.5+    13 5  0.1180E-03   0.000      0.6378E-04  0.5425E-04
   12.5+    15 6  0.6448E-05   0.000      0.2811E-05  0.3637E-05
   12.5-    10 1  0.8995E-02   0.000      0.2433E-04  0.8971E-02
   12.5-    12 2  0.5004E-03   0.000      0.1349E-03  0.3655E-03
   12.5-    12 3  0.5004E-03   0.000      0.2245E-03  0.2759E-03
   12.5-    12 4  0.5003E-03   0.000      0.4614E-03  0.3895E-04
   12.5-    14 5  0.2774E-04   0.000      0.1489E-04  0.1285E-04
   12.5-    14 6  0.2774E-04   0.000      0.2132E-04  0.6427E-05
   13.5+    11 1  0.2284E-02   0.000      0.6701E-05  0.2277E-02
   13.5+    13 2  0.1271E-03   0.000      0.4266E-04  0.8445E-04
   13.5+    13 3  0.1271E-03   0.000      0.9050E-04  0.3662E-04
   13.5+    13 4  0.1271E-03   0.000      0.1507E-03 -0.2364E-04
   13.5+    15 5  0.6945E-05   0.000      0.2175E-05  0.4770E-05
   13.5+    15 6  0.6944E-05   0.000      0.7910E-05 -0.9655E-06
   13.5-    12 1  0.5389E-03   0.000      0.5113E-04  0.4877E-03
   13.5-    12 2  0.5388E-03   0.000      0.5601E-03 -0.2127E-04
   13.5-    14 3  0.2988E-04   0.000      0.9445E-05  0.2043E-04
   13.5-    14 4  0.2988E-04   0.000      0.3703E-04 -0.7150E-05
   13.5-    14 5  0.2988E-04   0.000      0.2036E-04  0.9516E-05
   13.5-    16 6  0.1576E-05   0.000      0.1027E-05  0.5482E-06
   14.5+    13 1  0.1362E-03   0.000      0.2240E-04  0.1138E-03
   14.5+    13 2  0.1362E-03   0.000      0.1805E-03 -0.4428E-04
   14.5+    15 3  0.7441E-05   0.000      0.4149E-06  0.7026E-05
   14.5+    15 4  0.7440E-05   0.000      0.1354E-04 -0.6104E-05
   14.5+    15 5  0.7440E-05   0.000      0.5685E-05  0.1755E-05
   14.5+    17 6  0.3678E-06   0.000      0.4339E-06 -0.6603E-07
   14.5-    12 1  0.5773E-03   0.000      0.2931E-05  0.5744E-03
   14.5-    14 2  0.3201E-04   0.000      0.1252E-04  0.1949E-04
   14.5-    14 3  0.3201E-04   0.000      0.3798E-04 -0.5973E-05
   14.5-    14 4  0.3201E-04   0.000      0.4708E-04 -0.1507E-04
   14.5-    16 5  0.1688E-05   0.000      0.1342E-05  0.3463E-06
   14.5-    16 6  0.1688E-05   0.000      0.2369E-05 -0.6814E-06
   15.5+    13 1  0.1453E-03   0.000      0.1559E-05  0.1437E-03
   15.5+    15 2  0.7937E-05   0.000      0.3324E-05  0.4613E-05
   15.5+    15 3  0.7936E-05   0.000      0.1373E-04 -0.5798E-05
   15.5+    15 4  0.7936E-05   0.000      0.1289E-04 -0.4956E-05
   15.5+    17 5  0.3924E-06   0.000      0.7869E-06 -0.3946E-06
   15.5+    17 6  0.3924E-06   0.000      0.5841E-06 -0.1918E-06
   15.5-    14 1  0.3415E-04   0.000      0.9919E-05  0.2423E-04
   15.5-    14 2  0.3414E-04   0.000      0.5561E-04 -0.2147E-04
   15.5-    16 3  0.1801E-05   0.000      0.1128E-05  0.6725E-06
   15.5-    16 4  0.1801E-05   0.000      0.4006E-05 -0.2205E-05
   15.5-    16 5  0.1801E-05   0.000      0.1331E-05  0.4693E-06
   15.5-    18 6  0.8081E-07   0.000      0.1488E-06 -0.6798E-07
   16.5+    15 1  0.8432E-05   0.000      0.3692E-05  0.4740E-05
   16.5+    15 2  0.8432E-05   0.000      0.1504E-04 -0.6607E-05
   16.5+    17 3  0.4169E-06   0.000      0.8422E-06 -0.4253E-06
   16.5+    17 4  0.4169E-06   0.000      0.9756E-06 -0.5588E-06
   16.5+    17 5  0.4169E-06   0.000      0.2624E-06  0.1545E-06
   16.5+    19 6  0.1650E-07   0.000      0.4233E-07 -0.2584E-07
   16.5-    14 1  0.3628E-04   0.000      0.7387E-06  0.3554E-04
   16.5-    16 2  0.1913E-05   0.000      0.7765E-06  0.1137E-05
   16.5-    16 3  0.1913E-05   0.000      0.4018E-05 -0.2105E-05
   16.5-    16 4  0.1913E-05   0.000      0.2969E-05 -0.1056E-05
   16.5-    18 5  0.8586E-07   0.000      0.3020E-06 -0.2162E-06
   16.5-    18 6  0.8586E-07   0.000      0.1262E-06 -0.4036E-07
   17.5+    15 1  0.8928E-05   0.000      0.2701E-06  0.8658E-05
   17.5+    17 2  0.4414E-06   0.000      0.1578E-06  0.2836E-06
   17.5+    17 3  0.4414E-06   0.000      0.9686E-06 -0.5272E-06
   17.5+    17 4  0.4414E-06   0.000      0.5746E-06 -0.1332E-06
   17.5+    19 5  0.1747E-07   0.000      0.8960E-07 -0.7214E-07
   17.5+    19 6  0.1747E-07   0.000      0.2585E-07 -0.8379E-08
   17.5-    16 1  0.2026E-05   0.000      0.1099E-05  0.9266E-06
   17.5-    16 2  0.2026E-05   0.000      0.3422E-05 -0.1396E-05
   17.5-    18 3  0.9091E-07   0.000      0.3392E-06 -0.2483E-06
   17.5-    18 4  0.9091E-07   0.000      0.2083E-06 -0.1174E-06
   17.5-    18 5  0.9090E-07   0.000      0.4521E-07  0.4570E-07
   17.5-    20 6  0.3103E-08   0.000      0.1073E-07 -0.7630E-08
   18.5+    17 1  0.4659E-06   0.000      0.2692E-06  0.1968E-06
   18.5+    17 2  0.4659E-06   0.000      0.6542E-06 -0.1883E-06
   18.5+    19 3  0.1844E-07   0.000      0.1019E-06 -0.8345E-07
   18.5+    19 4  0.1844E-07   0.000      0.4217E-07 -0.2373E-07
   18.5+    19 5  0.1844E-07   0.000      0.7285E-08  0.1115E-07
   18.5+    21 6  0.5355E-09   0.000      0.2481E-08 -0.1946E-08
   18.5-    16 1  0.2138E-05   0.000      0.7664E-07  0.2062E-05
   18.5-    18 2  0.9596E-07   0.000      0.2859E-07  0.6737E-07
   18.5-    18 3  0.9596E-07   0.000      0.2049E-06 -0.1090E-06
   18.5-    18 4  0.9595E-07   0.000      0.9628E-07 -0.3304E-09
   18.5-    20 5  0.3276E-08   0.000      0.2308E-07 -0.1980E-07
   18.5-    20 6  0.3276E-08   0.000      0.5241E-08 -0.1965E-08
   19.5+    17 1  0.4904E-06   0.000      0.1867E-07  0.4718E-06
   19.5+    19 2  0.1941E-07   0.000      0.4908E-08  0.1450E-07
   19.5+    19 3  0.1941E-07   0.000      0.4114E-07 -0.2173E-07
   19.5+    19 4  0.1941E-07   0.000      0.1469E-07  0.4722E-08
   19.5+    21 5  0.5637E-09   0.000      0.5364E-08 -0.4800E-08
   19.5+    21 6  0.5635E-09   0.000      0.1028E-08 -0.4641E-09
   19.5-    18 1  0.1010E-06   0.000      0.5810E-07  0.4290E-07
   19.5-    18 2  0.1010E-06   0.000      0.1078E-06 -0.6844E-08
   19.5-    20 3  0.3448E-08   0.000      0.2629E-07 -0.2284E-07
   19.5-    20 4  0.3448E-08   0.000      0.8457E-08 -0.5009E-08
   19.5-    20 5  0.3448E-08   0.000      0.1179E-08  0.2268E-08
   19.5-    22 6  0.8447E-10   0.000      0.5083E-09 -0.4238E-09
   20.5+    19 1  0.2038E-07   0.000      0.1197E-07  0.8406E-08
   20.5+    19 2  0.2038E-07   0.000      0.1599E-07  0.4386E-08
   20.5+    21 3  0.5918E-09   0.000      0.6095E-08 -0.5503E-08
   20.5+    21 4  0.5917E-09   0.000      0.1642E-08 -0.1050E-08
   20.5+    21 5  0.5919E-09   0.000      0.1940E-09  0.3979E-09
   20.5+    23 6  0.1245E-10   0.000      0.8814E-10 -0.7568E-10
   20.5-    18 1  0.1061E-06   0.000      0.4588E-08  0.1015E-06
   20.5-    20 2  0.3621E-08   0.000      0.8532E-09  0.2767E-08
   20.5-    20 3  0.3621E-08   0.000      0.8190E-08 -0.4569E-08
   20.5-    20 4  0.3620E-08   0.000      0.2153E-08  0.1467E-08
   20.5-    22 5  0.8858E-10   0.000      0.1101E-08 -0.1012E-08
   20.5-    22 6  0.8881E-10   0.000      0.1821E-09 -0.9329E-10
   21.5+    19 1  0.2135E-07   0.000      0.1260E-08  0.2009E-07
   21.5+    21 2  0.6200E-09   0.000      0.1503E-09  0.4697E-09
   21.5+    21 3  0.6198E-09   0.000      0.1579E-08 -0.9588E-09
   21.5+    21 4  0.6202E-09   0.000      0.3108E-09  0.3093E-09
   21.5+    23 5  0.1292E-10   0.000      0.1911E-09 -0.1782E-09
   21.5+    23 6  0.1286E-10   0.000      0.2739E-10 -0.1453E-10
   21.5-    20 1  0.3793E-08   0.000      0.2451E-08  0.1343E-08
   21.5-    20 2  0.3792E-08   0.000      0.2227E-08  0.1566E-08
   21.5-    22 3  0.9292E-10   0.000      0.1245E-08 -0.1153E-08
   21.5-    22 4  0.9304E-10   0.000      0.2884E-09 -0.1953E-09
   21.5-    22 5  0.9283E-10   0.000      0.3025E-10  0.6258E-10
   21.5-    24 6  0.1453E-11   0.000      0.1250E-10 -0.1104E-10
   22.5+    21 1  0.6480E-09   0.000      0.4832E-09  0.1648E-09
   22.5+    21 2  0.6483E-09   0.000      0.2971E-09  0.3512E-09
   22.5+    23 3  0.1351E-10   0.000      0.2151E-09 -0.2016E-09
   22.5+    23 4  0.1338E-10   0.000      0.4305E-10 -0.2967E-10
   22.5+    23 5  0.1335E-10   0.000      0.4101E-11  0.9252E-11
   22.5+    25 6  0.2848E-12   0.000      0.1425E-11 -0.1140E-11
   22.5-    20 1  0.3965E-08   0.000      0.3563E-09  0.3608E-08
   22.5-    22 2  0.9701E-10   0.000      0.2487E-10  0.7215E-10
   22.5-    22 3  0.9746E-10   0.000      0.2755E-09 -0.1780E-09
   22.5-    22 4  0.9705E-10   0.000      0.4277E-10  0.5427E-10
   22.5-    24 5  0.1519E-11   0.000      0.2712E-10 -0.2560E-10
   22.5-    24 6  0.1677E-11   0.000      0.3369E-11 -0.1692E-11
   23.5+    21 1  0.6765E-09   0.000      0.8871E-10  0.5878E-09
   23.5+    23 2  0.1423E-10   0.000      0.3547E-11  0.1068E-10
   23.5+    23 3  0.1403E-10   0.000      0.4086E-10 -0.2683E-10
   23.5+    23 4  0.1397E-10   0.000      0.5279E-11  0.8687E-11
   23.5+    25 5  0.4292E-12   0.000      0.3093E-11 -0.2663E-11
   23.5+    25 6  0.3962E-12   0.000      0.3340E-12  0.6223E-13
   23.5-    22 1  0.1014E-09   0.000      0.8556E-10  0.1587E-10
   23.5-    22 2  0.1013E-09   0.000      0.3740E-10  0.6386E-10
   23.5-    24 3  0.1585E-11   0.000      0.3036E-10 -0.2878E-10
   23.5-    24 4  0.1783E-11   0.000      0.5261E-11 -0.3478E-11
   23.5-    24 5  0.1552E-11   0.000      0.4589E-12  0.1093E-11
   23.5-    26 6  0.1321E-12   0.000      0.1301E-12  0.1974E-14
   24.5+    23 1  0.1475E-10   0.000      0.1279E-10  0.1960E-11
   24.5+    23 2  0.1451E-10   0.000      0.4269E-11  0.1024E-10
   24.5+    25 3  0.3439E-12   0.000      0.3445E-11 -0.3101E-11
   24.5+    25 4  0.3095E-12   0.000      0.5185E-12 -0.2089E-12
   24.5+    25 5  0.3095E-12   0.000      0.4156E-13  0.2680E-12
   24.5+    27 6   0.000       0.000      0.9554E-14 -0.9554E-14
   24.5-    22 1  0.1054E-09   0.000      0.1765E-10  0.8776E-10
   24.5-    24 2  0.1651E-11   0.000      0.4148E-12  0.1236E-11
   24.5-    24 3  0.1857E-11   0.000      0.4965E-11 -0.3107E-11
   24.5-    24 4  0.1616E-11   0.000      0.5557E-12  0.1061E-11
   24.5-    26 5  0.1720E-12   0.000      0.2824E-12 -0.1104E-12
   24.5-    26 6   0.000       0.000      0.2664E-13 -0.2664E-13
   25.5+    23 1  0.1513E-10   0.000      0.2716E-11  0.1241E-10
   25.5+    25 2  0.4292E-12   0.000      0.3901E-13  0.3902E-12
   25.5+    25 3  0.4292E-12   0.000      0.4866E-12 -0.5739E-13
   25.5+    25 4  0.2504E-12   0.000      0.4855E-13  0.2018E-12
   25.5+    27 5  0.1431E-12   0.000      0.2073E-13  0.1224E-12
   25.5+    27 6 -0.1431E-12   0.000      0.1720E-14 -0.1448E-12
   25.5-    24 1  0.1896E-11   0.000      0.1561E-11  0.3347E-12
   25.5-    24 2  0.1681E-11   0.000      0.4248E-12  0.1256E-11
   25.5-    26 3   0.000       0.000      0.3131E-12 -0.3131E-12
   25.5-    26 4 -0.1431E-12   0.000      0.4114E-13 -0.1842E-12
   25.5-    26 5   0.000       0.000      0.3042E-14 -0.3042E-14
   25.5-    28 6   0.000       0.000      0.5687E-15 -0.5687E-15
   26.5+    25 1  0.4829E-12   0.000      0.1534E-12  0.3295E-12
   26.5+    25 2  0.1114E-12   0.000      0.3586E-13  0.7557E-13
   26.5+    27 3   0.000       0.000      0.2288E-13 -0.2288E-13
   26.5+    27 4   0.000       0.000      0.2643E-14 -0.2643E-14
   26.5+    27 5 -0.2229E-12   0.000      0.1810E-15 -0.2230E-12
   26.5+    29 6 -0.7429E-13   0.000      0.2769E-16 -0.7432E-13
   26.5-    24 1  0.1783E-11   0.000      0.3230E-12  0.1460E-11
   26.5-    26 2   0.000       0.000      0.2946E-14 -0.2946E-14
   26.5-    26 3 -0.1486E-12   0.000      0.3843E-13 -0.1870E-12
   26.5-    26 4  0.1486E-12   0.000      0.3488E-14  0.1451E-12
   26.5-    28 5 -0.7429E-13   0.000      0.1233E-14 -0.7552E-13
   26.5-    28 6  0.7429E-13   0.000      0.9058E-16  0.7420E-13
   27.5+    25 1  0.2696E-12   0.000      0.2999E-13  0.2396E-12
   27.5+    27 2   0.000       0.000      0.1797E-15 -0.1797E-15
   27.5+    27 3 -0.1541E-12   0.000      0.2458E-14 -0.1565E-12
   27.5+    27 4 -0.7704E-13   0.000      0.2062E-15 -0.7725E-13
   27.5+    29 5  0.1156E-12   0.000      0.5995E-16  0.1155E-12
   27.5+    29 6   0.000       0.000      0.3930E-17 -0.3930E-17
   27.5-    26 1 -0.1541E-12   0.000      0.1213E-13 -0.1662E-12
   27.5-    26 2   0.000       0.000      0.2533E-14 -0.2533E-14
   27.5-    28 3   0.000       0.000      0.1355E-14 -0.1355E-14
   27.5-    28 4  0.7704E-13   0.000      0.1386E-15  0.7690E-13
   27.5-    28 5 -0.7704E-13   0.000      0.8838E-17 -0.7705E-13
   27.5-    30 6 -0.7704E-13   0.000      0.1114E-17 -0.7704E-13
   28.5+    27 1  0.1596E-12   0.000      0.7772E-15  0.1588E-12
   28.5+    27 2 -0.7979E-13   0.000      0.1491E-15 -0.7994E-13
   28.5+    29 3  0.1197E-12   0.000      0.6568E-16  0.1196E-12
   28.5+    29 4   0.000       0.000      0.5992E-17 -0.5992E-17
   28.5+    29 5  0.1596E-12   0.000      0.3574E-18  0.1596E-12
   28.5+    31 6 -0.7979E-13   0.000      0.3735E-19 -0.7979E-13
   28.5-    26 1  0.3591E-12   0.000      0.2207E-14  0.3569E-12
   28.5-    28 2  0.1197E-12   0.000      0.8945E-17  0.1197E-12
   28.5-    28 3  0.3990E-13   0.000      0.1284E-15  0.3977E-13
   28.5-    28 4  0.7979E-13   0.000      0.1008E-16  0.7978E-13
   28.5-    30 5  0.7979E-13   0.000      0.2408E-17  0.7979E-13
   28.5-    30 6  0.7979E-13   0.000      0.1418E-18  0.7979E-13
   29.5+    27 1 -0.1651E-12   0.000      0.1306E-15 -0.1652E-12
   29.5+    29 2   0.000       0.000      0.3667E-18 -0.3667E-18
   29.5+    29 3   0.000       0.000      0.5530E-17 -0.5530E-17
   29.5+    29 4   0.000       0.000      0.4101E-18 -0.4101E-18
   29.5+    31 5   0.000       0.000      0.8062E-19 -0.8062E-19
   29.5+    31 6 -0.8254E-13   0.000      0.4290E-20 -0.8254E-13
   29.5-    28 1  0.8254E-13   0.000      0.4066E-16  0.8250E-13
   29.5-    28 2  0.8254E-13   0.000      0.7311E-17  0.8254E-13
   29.5-    30 3  0.4127E-13   0.000      0.2629E-17  0.4127E-13
   29.5-    30 4  0.8254E-13   0.000      0.2154E-18  0.8254E-13
   29.5-    30 5  0.8254E-13   0.000      0.1208E-19  0.8254E-13
   29.5-    32 6  0.4127E-13   0.000      0.1053E-20  0.4127E-13
   30.5+    29 1 -0.1706E-12   0.000      0.1754E-17 -0.1706E-12
   30.5+    29 2   0.000       0.000      0.3002E-18 -0.3002E-18
   30.5+    31 3   0.000       0.000      0.8775E-19 -0.8775E-19
   30.5+    31 4 -0.8530E-13   0.000      0.6496E-20 -0.8530E-13
   30.5+    31 5 -0.8530E-13   0.000      0.3445E-21 -0.8530E-13
   30.5+    33 6  0.4265E-13   0.000      0.2519E-22  0.4265E-13
   30.5-    28 1  0.4265E-13   0.000      0.6291E-17  0.4264E-13
   30.5-    30 2   0.000       0.000      0.1251E-19 -0.1251E-19
   30.5-    30 3 -0.8530E-13   0.000      0.1981E-18 -0.8530E-13
   30.5-    30 4   0.000       0.000      0.1400E-19 -0.1400E-19
   30.5-    32 5   0.000       0.000      0.2270E-20 -0.2270E-20
   30.5-    32 6  0.8530E-13   0.000      0.1098E-21  0.8530E-13
   31.5+    29 1  0.4402E-13   0.000      0.2499E-18  0.4402E-13
   31.5+    31 2 -0.8805E-13   0.000      0.3584E-21 -0.8805E-13
   31.5+    31 3   0.000       0.000      0.5958E-20 -0.5958E-20
   31.5+    31 4  0.1321E-12   0.000      0.4042E-21  0.1321E-12
   31.5+    33 5   0.000       0.000      0.5420E-22 -0.5420E-22
   31.5+    33 6   0.000       0.000      0.2395E-23 -0.2395E-23
   31.5-    30 1   0.000       0.000      0.6294E-19 -0.6294E-19
   31.5-    30 2   0.000       0.000      0.1037E-19 -0.1037E-19
   31.5-    32 3  0.4402E-13   0.000      0.2464E-20  0.4402E-13
   31.5-    32 4  0.8805E-13   0.000      0.1657E-21  0.8805E-13
   31.5-    32 5  0.8805E-13   0.000      0.8351E-23  0.8805E-13
   31.5-    34 6  0.4402E-13   0.000      0.5146E-24  0.4402E-13
   32.5+    31 1   0.000       0.000      0.1896E-20 -0.1896E-20
   32.5+    31 2  0.9080E-13   0.000      0.3035E-21  0.9080E-13
   32.5+    33 3  0.9080E-13   0.000      0.5866E-22  0.9080E-13
   32.5+    33 4  0.4540E-13   0.000      0.3605E-23  0.4540E-13
   32.5+    33 5   0.000       0.000      0.1734E-24 -0.1734E-24
   32.5+    35 6   0.000       0.000      0.9044E-26 -0.9044E-26
   32.5-    30 1  0.9080E-13   0.000      0.8276E-20  0.9080E-13
   32.5-    32 2 -0.9080E-13   0.000      0.8699E-23 -0.9080E-13
   32.5-    32 3   0.000       0.000      0.1516E-21 -0.1516E-21
   32.5-    32 4   0.000       0.000      0.9935E-23 -0.9935E-23
   32.5-    34 5   0.000       0.000      0.1105E-23 -0.1105E-23
   32.5-    34 6   0.000       0.000      0.4484E-25 -0.4484E-25
   33.5+    31 1  0.4677E-13   0.000      0.2306E-21  0.4677E-13
   33.5+    33 2  0.4677E-13   0.000      0.1803E-24  0.4677E-13
   33.5+    33 3  0.4677E-13   0.000      0.3290E-23  0.4677E-13
   33.5+    33 4  0.9355E-13   0.000      0.2093E-24  0.9355E-13
   33.5+    35 5  0.9355E-13   0.000      0.1940E-25  0.9355E-13
   33.5+    35 6   0.000       0.000      0.7252E-27 -0.7252E-27
   33.5-    32 1  0.1403E-12   0.000      0.4832E-22  0.1403E-12
   33.5-    32 2  0.4677E-13   0.000      0.7569E-23  0.4677E-13
   33.5-    34 3 -0.9355E-13   0.000      0.1193E-23 -0.9355E-13
   33.5-    34 4 -0.9355E-13   0.000      0.6733E-25 -0.9355E-13
   33.5-    34 5 -0.9355E-13   0.000      0.3102E-26 -0.9355E-13
   33.5-    36 6   0.000       0.000      0.1376E-27 -0.1376E-27
   34.5+    33 1 -0.9630E-13   0.000      0.1050E-23 -0.9630E-13
   34.5+    33 2   0.000       0.000      0.1618E-24 -0.1618E-24
   34.5+    35 3   0.000       0.000      0.2089E-25 -0.2089E-25
   34.5+    35 4  0.4815E-13   0.000      0.1086E-26  0.4815E-13
   34.5+    35 5  0.4815E-13   0.000      0.4816E-28  0.4815E-13
   34.5+    37 6   0.000       0.000      0.1824E-29 -0.1824E-29
   34.5-    32 1   0.000       0.000      0.5452E-23 -0.5452E-23
   34.5-    34 2  0.9630E-13   0.000      0.3212E-26  0.9630E-13
   34.5-    34 3 -0.9630E-13   0.000      0.6129E-25 -0.9630E-13
   34.5-    34 4 -0.9630E-13   0.000      0.3806E-26 -0.9630E-13
   34.5-    36 5   0.000       0.000      0.2947E-27 -0.2947E-27
   34.5-    36 6 -0.9630E-13   0.000      0.1019E-28 -0.9630E-13
   35.5+    33 1 -0.9905E-13   0.000      0.1102E-24 -0.9905E-13
   35.5+    35 2 -0.9905E-13   0.000      0.4955E-28 -0.9905E-13
   35.5+    35 3   0.000       0.000      0.9869E-27 -0.9869E-27
   35.5+    35 4  0.4953E-13   0.000      0.6003E-28  0.4953E-13
   35.5+    37 5   0.000       0.000      0.3900E-29 -0.3900E-29
   35.5+    37 6   0.000       0.000      0.1252E-30 -0.1252E-30
   35.5-    34 1  0.4953E-13   0.000      0.1960E-25  0.4953E-13
   35.5-    34 2 -0.9905E-13   0.000      0.2985E-26 -0.9905E-13
   35.5-    36 3   0.000       0.000      0.3167E-27 -0.3167E-27
   35.5-    36 4   0.000       0.000      0.1523E-28 -0.1523E-28
   35.5-    36 5   0.000       0.000      0.6521E-30 -0.6521E-30
   35.5-    38 6   0.000       0.000      0.2117E-31 -0.2117E-31
   36.5+    35 1   0.000       0.000      0.3160E-27 -0.3160E-27
   36.5+    35 2   0.000       0.000      0.4774E-28 -0.4774E-28
   36.5+    37 3   0.000       0.000      0.4183E-29 -0.4183E-29
   36.5+    37 4   0.000       0.000      0.1867E-30 -0.1867E-30
   36.5+    37 5   0.000       0.000      0.7742E-32 -0.7742E-32
   36.5+    39 6   0.000       0.000      0.2162E-33 -0.2162E-33
   36.5-    34 1 -0.1018E-12   0.000      0.1920E-26 -0.1018E-12
   36.5-    36 2   0.000       0.000      0.6657E-30 -0.6657E-30
   36.5-    36 3   0.000       0.000      0.1381E-28 -0.1381E-28
   36.5-    36 4   0.000       0.000      0.8260E-30 -0.8260E-30
   36.5-    38 5   0.000       0.000      0.4519E-31 -0.4519E-31
   36.5-    38 6  0.5090E-13   0.000      0.1350E-32  0.5090E-13
   37.5+    35 1  0.1046E-12   0.000      0.2898E-28  0.1046E-12
   37.5+    37 2   0.000       0.000      0.7832E-32 -0.7832E-32
   37.5+    37 3 -0.1046E-12   0.000      0.1689E-30 -0.1046E-12
   37.5+    37 4   0.000       0.000      0.9965E-32 -0.9965E-32
   37.5+    39 5 -0.1046E-12   0.000      0.4608E-33 -0.1046E-12
   37.5+    39 6   0.000       0.000      0.1284E-34 -0.1284E-34
   37.5-    36 1   0.000       0.000      0.4429E-29 -0.4429E-29
   37.5-    36 2   0.000       0.000      0.6659E-30 -0.6659E-30
   37.5-    38 3   0.000       0.000      0.4837E-31 -0.4837E-31
   37.5-    38 4   0.000       0.000      0.2009E-32 -0.2009E-32
   37.5-    38 5   0.000       0.000      0.8097E-34 -0.8097E-34
   37.5-    40 6   0.000       0.000      0.1952E-35 -0.1952E-35
   38.5+    37 1   0.000       0.000      0.5425E-31 -0.5425E-31
   38.5+    37 2  0.5365E-13   0.000      0.8138E-32  0.5365E-13
   38.5+    39 3   0.000       0.000      0.4924E-33 -0.4924E-33
   38.5+    39 4   0.000       0.000      0.1908E-34 -0.1908E-34
   38.5+    39 5   0.000       0.000      0.7493E-36 -0.7493E-36
   38.5+    41 6  0.5365E-13   0.000      0.1565E-37  0.5365E-13
   38.5-    36 1   0.000       0.000      0.3813E-30 -0.3813E-30
   38.5-    38 2   0.000       0.000      0.8109E-34 -0.8109E-34
   38.5-    38 3  0.5365E-13   0.000      0.1815E-32  0.5365E-13
   38.5-    38 4   0.000       0.000      0.1059E-33 -0.1059E-33
   38.5-    40 5   0.000       0.000      0.4155E-35 -0.4155E-35
   38.5-    40 6   0.000       0.000      0.1083E-36 -0.1083E-36
   39.5+    37 1   0.000       0.000      0.4396E-32 -0.4396E-32
   39.5+    39 2   0.000       0.000      0.7425E-36 -0.7425E-36
   39.5+    39 3   0.000       0.000      0.1721E-34 -0.1721E-34
   39.5+    39 4   0.000       0.000      0.9952E-36 -0.9952E-36
   39.5+    41 5  0.5503E-13   0.000      0.3327E-37  0.5503E-13
   39.5+    41 6   0.000       0.000      0.8119E-39 -0.8119E-39
   39.5-    38 1   0.000       0.000      0.5837E-33 -0.5837E-33
   39.5-    38 2   0.000       0.000      0.8753E-34 -0.8753E-34
   39.5-    40 3   0.000       0.000      0.4432E-35 -0.4432E-35
   39.5-    40 4   0.000       0.000      0.1606E-36 -0.1606E-36
   39.5-    40 5   0.000       0.000      0.6160E-38 -0.6160E-38
   39.5-    42 6  0.5503E-13   0.000      0.1119E-39  0.5503E-13
   40.5+    39 1   0.000       0.000      0.5541E-35 -0.5541E-35
   40.5+    39 2  0.5640E-13   0.000      0.8322E-36  0.5640E-13
   40.5+    41 3  0.5640E-13   0.000      0.3543E-37  0.5640E-13
   40.5+    41 4   0.000       0.000      0.1202E-38 -0.1202E-38
   40.5+    41 5   0.000       0.000      0.4516E-40 -0.4516E-40
   40.5+    43 6   0.000       0.000      0.7156E-42 -0.7156E-42
   40.5-    38 1   0.000       0.000      0.4463E-34 -0.4463E-34
   40.5-    40 2   0.000       0.000      0.6037E-38 -0.6037E-38
   40.5-    40 3   0.000       0.000      0.1446E-36 -0.1446E-36
   40.5-    40 4 -0.1128E-12   0.000      0.8306E-38 -0.1128E-12
   40.5-    42 5   0.000       0.000      0.2375E-39 -0.2375E-39
   40.5-    42 6   0.000       0.000      0.5439E-41 -0.5439E-41
