# 181 angles,  1 tensor ranks for 0=projectile
@subtitle   "7Li(d,p) @ 7.5AMeV ADWA (d) + KD (p) FINITE RANGE"                             
@legend ON
@legend x1 0.2
@legend y1 0.8
@g0 type LOGY
@yaxis ticklabel format power
@legend string   0 "Lab energy =   14.5311"
#legend string   0 "Partition=  2 Excit=  1 near/far= 1"
#  Theta       sigma       iT11        T20         T21         T22         Kyy for projectile
   0.000       30.32    
   1.000       30.32    
   2.000       30.32    
   3.000       30.32    
   4.000       30.31    
   5.000       30.28    
   6.000       30.21    
   7.000       30.09    
   8.000       29.91    
   9.000       29.65    
   10.00       29.30    
   11.00       28.86    
   12.00       28.32    
   13.00       27.67    
   14.00       26.92    
   15.00       26.07    
   16.00       25.13    
   17.00       24.11    
   18.00       23.01    
   19.00       21.85    
   20.00       20.65    
   21.00       19.41    
   22.00       18.16    
   23.00       16.90    
   24.00       15.65    
   25.00       14.43    
   26.00       13.23    
   27.00       12.08    
   28.00       10.98    
   29.00       9.937    
   30.00       8.956    
   31.00       8.042    
   32.00       7.197    
   33.00       6.423    
   34.00       5.721    
   35.00       5.088    
   36.00       4.524    
   37.00       4.026    
   38.00       3.591    
   39.00       3.214    
   40.00       2.893    
   41.00       2.622    
   42.00       2.398    
   43.00       2.215    
   44.00       2.069    
   45.00       1.956    
   46.00       1.870    
   47.00       1.810    
   48.00       1.769    
   49.00       1.746    
   50.00       1.737    
   51.00       1.738    
   52.00       1.748    
   53.00       1.764    
   54.00       1.784    
   55.00       1.805    
   56.00       1.828    
   57.00       1.849    
   58.00       1.869    
   59.00       1.885    
   60.00       1.898    
   61.00       1.906    
   62.00       1.909    
   63.00       1.907    
   64.00       1.900    
   65.00       1.886    
   66.00       1.867    
   67.00       1.842    
   68.00       1.812    
   69.00       1.776    
   70.00       1.735    
   71.00       1.690    
   72.00       1.641    
   73.00       1.588    
   74.00       1.531    
   75.00       1.473    
   76.00       1.412    
   77.00       1.350    
   78.00       1.288    
   79.00       1.225    
   80.00       1.162    
   81.00       1.100    
   82.00       1.039    
   83.00      0.9794    
   84.00      0.9220    
   85.00      0.8669    
   86.00      0.8143    
   87.00      0.7644    
   88.00      0.7175    
   89.00      0.6736    
   90.00      0.6328    
   91.00      0.5952    
   92.00      0.5608    
   93.00      0.5295    
   94.00      0.5014    
   95.00      0.4762    
   96.00      0.4540    
   97.00      0.4346    
   98.00      0.4178    
   99.00      0.4035    
   100.0      0.3916    
   101.0      0.3819    
   102.0      0.3742    
   103.0      0.3683    
   104.0      0.3641    
   105.0      0.3614    
   106.0      0.3601    
   107.0      0.3599    
   108.0      0.3606    
   109.0      0.3623    
   110.0      0.3646    
   111.0      0.3675    
   112.0      0.3709    
   113.0      0.3745    
   114.0      0.3783    
   115.0      0.3823    
   116.0      0.3863    
   117.0      0.3902    
   118.0      0.3939    
   119.0      0.3975    
   120.0      0.4008    
   121.0      0.4038    
   122.0      0.4064    
   123.0      0.4088    
   124.0      0.4107    
   125.0      0.4123    
   126.0      0.4135    
   127.0      0.4144    
   128.0      0.4149    
   129.0      0.4150    
   130.0      0.4148    
   131.0      0.4143    
   132.0      0.4136    
   133.0      0.4126    
   134.0      0.4113    
   135.0      0.4100    
   136.0      0.4084    
   137.0      0.4068    
   138.0      0.4051    
   139.0      0.4033    
   140.0      0.4016    
   141.0      0.3998    
   142.0      0.3981    
   143.0      0.3965    
   144.0      0.3950    
   145.0      0.3936    
   146.0      0.3923    
   147.0      0.3912    
   148.0      0.3903    
   149.0      0.3895    
   150.0      0.3890    
   151.0      0.3886    
   152.0      0.3884    
   153.0      0.3884    
   154.0      0.3886    
   155.0      0.3889    
   156.0      0.3895    
   157.0      0.3901    
   158.0      0.3910    
   159.0      0.3920    
   160.0      0.3931    
   161.0      0.3942    
   162.0      0.3955    
   163.0      0.3969    
   164.0      0.3983    
   165.0      0.3997    
   166.0      0.4012    
   167.0      0.4026    
   168.0      0.4040    
   169.0      0.4054    
   170.0      0.4067    
   171.0      0.4079    
   172.0      0.4091    
   173.0      0.4101    
   174.0      0.4111    
   175.0      0.4119    
   176.0      0.4126    
   177.0      0.4131    
   178.0      0.4135    
   179.0      0.4137    
   180.0      0.4138    
 END
