# Fusion cross sections for ELAB=  14.531, ECM=  11.290
     0.5   17.24      1
     0.5   35.53     -1
     1.5   57.16      1
     1.5   114.2     -1
     2.5   87.56      1
     2.5   184.9     -1
     3.5   97.34      1
     3.5   194.6     -1
     4.5   70.48      1
     4.5   160.5     -1
     5.5   50.91      1
     5.5   100.8     -1
     6.5   14.62      1
     6.5   48.71     -1
     7.5   10.21      1
     7.5   13.64     -1
     8.5  0.8206      1
     8.5   3.256     -1
     9.5  0.6029      1
     9.5  0.7984     -1
    10.5  0.4583E-01  1
    10.5  0.1980     -1
    11.5  0.3855E-01  1
    11.5  0.4919E-01 -1
    12.5  0.2408E-02  1
    12.5  0.1208E-01 -1
    13.5  0.2378E-02  1
    13.5  0.2868E-02 -1
    14.5  0.7212E-04  1
    14.5  0.6446E-03 -1
    15.5  0.1370E-03  1
    15.5  0.1386E-03 -1
    16.5 -0.2722E-05  1
    16.5  0.3054E-04 -1
    17.5  0.8201E-05  1
    17.5  0.7403E-05 -1
    18.5 -0.8949E-07  1
    18.5  0.1908E-05 -1
    19.5  0.4640E-06  1
    19.5  0.4740E-06 -1
    20.5  0.6561E-08  1
    20.5  0.1066E-06 -1
    21.5  0.1972E-07  1
    21.5  0.2133E-07 -1
    22.5  0.2929E-09  1
    22.5  0.3822E-08 -1
    23.5  0.5777E-09  1
    23.5  0.6263E-09 -1
    24.5  0.9153E-11  1
    24.5  0.9597E-10 -1
    25.5  0.1293E-10  1
    25.5  0.1402E-10 -1
    26.5  0.8218E-13  1
    26.5  0.1496E-11 -1
    27.5  0.1212E-12  1
    27.5 -0.1261E-12 -1
    28.5  0.2783E-12  1
    28.5  0.1034E-11 -1
    29.5 -0.2478E-12  1
    29.5  0.1649E-12 -1
    30.5 -0.2985E-12  1
    30.5 -0.2559E-12 -1
    31.5  0.8805E-13  1
    31.5  0.3522E-12 -1
    32.5  0.2270E-12  1
    32.5  0.2270E-12 -1
    33.5  0.3274E-12  1
    33.5  0.2339E-12 -1
    34.5 -0.1234E-23  1
    34.5 -0.1926E-12 -1
    35.5 -0.1486E-12  1
    35.5 -0.1981E-12 -1
    36.5 -0.3681E-27  1
    36.5 -0.5090E-13 -1
    37.5 -0.1046E-12  1
    37.5 -0.1046E-12 -1
    38.5  0.1073E-12  1
    38.5  0.1610E-12 -1
    39.5  0.5503E-13  1
    39.5  0.1101E-12 -1
    40.5  0.1128E-12  1
    40.5 -0.2430E-39 -1
 &
