66 506
66 892
66 1450
66 1518
66 1726
66 1870
66 2302
66 2310
66 2436
66 2504
66 2928
66 3043
66 3106
66 3242
66 3846
66 4354
66 4469
66 4819
66 5188
66 5211
66 5288
66 5587
66 5645
66 5717
66 6153
66 6221
66 6283
66 6341
66 6785
66 6975
66 7203
66 7421
66 7481
66 7727
66 8158
66 8168
66 8312
66 8387
66 8517
66 8696
66 8837
66 8923
66 9024
66 10001
66 10051
66 10499
66 10512
66 10656
66 10830
66 11135
66 11194
66 11401
66 11500
66 11735
66 11757
66 12029
66 12355
66 12624
66 12732
66 12925
66 13288
66 14316
66 14435
66 14588
66 14818
66 14858
66 14909
66 15043
66 15126
66 15185
66 15467
66 15912
66 15998
66 16569
66 17043
66 17048
66 17263
66 17614
66 17916
66 18704
66 19024
66 19289
66 19299
66 19459
66 19699
66 20129
66 20341
66 22070
66 22109
66 22349
66 22541
66 22877
66 22975
66 23047
66 23154
66 23291
66 23506
66 23589
66 24114
66 24460
66 24661
66 25261
66 25527
66 26494
66 26813
66 27042
66 27046
66 27118
66 27223
66 27235
66 27588
66 27993
66 28828
66 28900
66 28956
66 29183
66 29866
66 29923
66 30580
66 30865
66 30884
66 31180
66 32110
66 32556
66 32740
66 32807
66 33155
66 33900
66 34359
66 34575
66 34632
66 34886
66 34959
66 35030
66 35139
66 35244
66 35908
66 36707
67 395
67 694
67 716
67 727
67 1415
67 1699
67 2000
67 2041
67 2482
67 2594
67 2780
67 3074
67 3419
67 3426
67 3689
67 4208
67 4289
67 4497
67 4526
67 4742
67 4786
67 5153
67 6186
67 6537
67 6714
67 6771
67 7701
67 7743
67 7832
67 8352
67 8444
67 9273
67 9655
67 9678
67 9746
67 9753
67 10011
67 10072
67 10644
67 10799
67 10836
67 11009
67 11204
67 11305
67 11336
67 11340
67 11368
67 11732
67 12494
67 12545
67 12569
67 13065
67 13593
67 13796
67 14197
67 14762
67 15937
67 15940
67 15943
67 15954
67 16485
67 17112
67 17188
67 17197
67 17929
67 18414
67 18565
67 18937
67 19164
67 19506
67 20062
67 20546
67 20554
67 20813
67 21470
67 21695
67 21931
67 21934
67 21995
67 23019
67 23237
67 23353
67 24131
67 24411
67 24743
67 24838
67 24904
67 24977
67 25529
67 26674
67 26877
67 26975
67 27336
67 27490
67 27523
67 27607
67 27771
67 28026
67 28185
67 28317
67 28613
67 29234
67 29338
67 29426
67 29463
67 29497
67 29954
67 29998
67 30039
67 30086
67 30192
67 30274
67 30325
67 31266
67 31435
67 31599
67 31607
67 31788
67 32106
67 32152
67 32168
67 32203
67 32321
67 32488
67 33008
67 33258
67 33460
67 33497
67 33913
67 33955
67 34020
67 34079
67 34088
67 34115
67 34132
67 34336
67 34444
67 34579
67 34624
67 35388
67 35608
67 35891
67 36264
67 36443
67 36816
67 36984
67 37326
67 37807
67 37906
67 38495
67 38795
67 39261
67 39305
67 39815
67 40263
67 40635
67 40838
67 41086
67 41365
67 41446
67 41615
67 42248
67 42402
67 42486
67 42784
67 42825
67 42881
67 42892
67 42915
67 43366
67 43538
67 43785
67 43962
67 44402
67 44421
67 45300
67 45316
67 45625
67 46295
67 46830
67 47034
67 47083
67 47812
67 48119
67 48486
67 48532
67 48546
67 49199
67 49574
67 49650
67 50614
67 51186
67 51233
67 51528
67 51576
67 51708
67 51799
67 52037
67 52259
67 52545
67 52769
67 53239
67 53377
67 53545
67 53655
67 53947
67 53981
67 54112
67 54635
67 54683
67 54743
67 55045
67 55215
67 55551
67 55869
67 56093
67 56254
67 56321
67 56862
67 57335
67 57414
67 57424
67 58064
67 58142
67 58227
67 58754
67 58907
67 59110
67 59333
67 59439
67 59628
67 59880
67 60244
67 60259
67 60339
67 60545
67 60706
67 61094
67 61249
67 61358
67 62106
67 62476
67 62535
67 62999
67 63023
67 63175
67 63208
67 63818
67 63897
67 64318
67 64319
67 64336
67 64376
67 64464
67 64763
67 64796
67 65122
67 65557
67 65739
67 65942
67 66961
67 67506
67 67556
67 68029
67 68283
67 68347
67 68428
67 68578
67 68606
67 68668
67 69343
67 69622
67 69775
67 69801
67 70226
67 70846
67 70970
67 71188
67 71898
67 72437
67 72849
67 72900
67 72976
67 73325
67 73554
67 73630
67 74097
67 74124
67 74250
67 74577
67 74936
67 75118
67 75338
67 75856
67 76931
67 76973
67 77654
67 77719
67 78000
67 78531
67 78541
67 78656
67 78730
67 78778
67 78890
67 79134
67 79218
67 79350
67 79659
67 79862
67 79962
67 79968
67 81278
67 81822
67 81847
67 83068
67 83172
67 83346
67 83454
67 83521
67 83725
67 84367
67 84645
67 85321
67 85726
67 87233
67 87286
67 88172
67 88824
67 89383
67 89927
67 89973
67 90132
67 90228
67 90579
67 90938
67 91637
67 92002
67 92032
67 92302
67 92616
67 92902
67 93995
67 94250
67 94459
67 94511
67 94854
67 94911
67 95197
67 95205
67 95538
67 95829
67 95992
67 96002
67 96182
67 97513
67 98138
67 98314
67 98345
67 98530
67 98910
67 99086
67 99499
69 225
69 293
69 334
69 518
69 601
69 1133
69 1447
69 1486
69 2124
69 2302
69 2321
69 2383
69 2458
69 2526
69 2669
69 2895
69 2974
69 3046
69 3163
69 3176
69 3574
69 3722
69 3974
69 4152
69 4307
69 4565
69 4600
69 4737
69 4770
69 5414
69 6101
69 6676
69 7009
69 7192
69 7338
69 7531
69 7657
69 7880
69 8157
69 8346
69 8453
69 8485
69 8516
69 8845
69 9266
69 9299
69 10247
69 10355
69 10552
69 10603
69 10659
69 11498
69 11533
69 11670
69 11770
69 11811
69 12458
69 12525
69 12646
69 12660
69 12680
69 12687
69 12925
69 13219
69 13371
69 14230
69 14829
69 14998
69 15024
69 15586
69 16235
69 16685
69 16798
69 16894
69 17278
69 17808
69 17856
69 18242
69 18246
69 18324
69 18923
69 19118
69 19559
69 20064
69 20116
69 20531
69 20731
69 20846
69 20879
69 21038
69 21430
69 22171
69 22218
69 22238
69 22421
69 22468
69 22576
69 23044
69 23373
69 23444
69 23472
69 23536
69 24483
69 24551
69 25303
69 25361
69 26203
69 26658
69 26745
69 26883
69 26978
69 27020
69 27163
69 27190
69 27250
69 27360
69 29339
69 29390
69 29499
69 29617
69 29645
69 29668
69 29872
69 29990
69 30320
69 30393
69 30713
69 31175
69 31237
69 31501
69 32168
69 32451
69 32690
69 33529
69 33631
69 33691
69 34335
69 34759
69 34816
69 34883
69 34889
69 35449
69 35600
69 36063
69 36308
69 36483
69 36507
69 36704
69 36872
69 37073
69 37132
69 37168
69 37379
69 37568
69 37688
69 37874
69 38268
69 39037
69 39451
69 39612
69 40292
69 40697
69 40820
69 41990
69 42267
69 42364
69 42761
69 43894
69 44659
69 45475
69 45617
69 45760
69 46213
69 46547
69 46879
69 46901
69 47175
69 47180
69 48287
69 48526
69 48578
69 48591
69 48956
69 49811
69 50702
69 51073
69 51358
69 51694
69 51783
69 51868
69 53120
69 53278
69 53619
69 53688
69 54206
69 54247
69 54601
69 54731
69 55351
69 55543
69 55768
69 56629
69 56633
69 57006
69 57287
69 57492
69 57620
69 57708
69 57918
69 58274
69 58749
69 58854
69 58922
69 59250
69 59336
69 59622
69 59658
69 59821
69 60009
69 60064
69 60143
69 60664
69 60926
69 61163
69 61373
69 61520
69 61552
69 62132
69 62271
69 63366
69 63765
69 63874
69 64018
69 64176
69 64237
69 64588
69 64717
69 64750
69 65180
69 65457
69 66088
69 66523
69 66795
69 67752
69 67761
69 68306
69 68412
69 68460
69 68511
69 70051
69 71008
69 71626
69 72279
69 72338
69 72884
69 72927
69 73458
69 73724
69 73743
69 73889
69 73957
69 74003
69 74081
69 74399
69 74525
69 74828
69 74985
69 75083
69 75086
69 75157
69 75297
69 75718
69 76367
69 76482
69 76842
69 76987
69 77154
69 77195
69 77408
69 77640
69 77920
69 78181
69 78185
69 78666
69 78835
69 79102
69 79528
69 79729
69 79999
69 80367
69 80465
69 80553
69 81230
69 82287
69 83362
69 83412
69 83780
69 84019
69 84218
69 84425
69 84505
69 84677
69 84776
69 84834
69 84991
69 85220
69 85416
69 85486
69 85807
69 85996
69 86017
69 86053
69 86230
69 86316
69 86731
69 86866
69 87051
69 87361
69 87985
69 88497
69 88734
69 89141
69 89199
69 89399
69 89435
69 89570
69 89863
69 90266
69 90334
69 91594
69 92677
69 93063
69 93759
69 94337
69 94931
69 95037
69 95257
69 95610
69 96055
69 96165
69 96211
69 96241
69 97374
69 97643
69 97691
69 97983
69 98662
69 98913
69 99177
69 99455
69 99652
69 99706
69 99781
69 99797
69 100305
69 100562
69 100670
69 101106
69 101526
69 101790
69 101965
69 102069
69 102590
69 102726
69 102735
69 102914
69 103489
69 104137
69 104291
69 104476
69 104576
69 104822
69 105037
69 105118
69 105206
69 105242
69 105275
69 105401
69 105921
69 105965
69 107219
69 107845
69 108472
69 108935
69 109286
69 109826
69 110235
69 110254
69 110399
69 110688
69 111309
69 111613
69 111739
69 111878
69 111925
69 111960
69 112004
69 112023
69 112152
69 112492
69 112792
69 112913
69 113040
69 113079
69 113452
69 113515
69 113713
69 113989
69 114259
69 114654
69 115370
69 116192
69 116264
69 116289
69 116681
69 116774
69 116801
69 116941
69 117138
69 117147
69 117855
69 118517
69 118769
69 118931
69 118942
69 119172
69 119264
69 119331
69 119377
69 119385
69 119626
69 119804
69 119871
69 119901
69 119936
69 119981
69 120027
69 120255
69 120779
69 121329
69 121332
69 121348
69 122572
69 122632
69 123519
69 123597
69 123624
69 123704
69 123957
69 124348
69 124535
69 124866
69 125118
69 125123
69 125188
69 125330
69 125524
69 125783
69 125838
69 126116
69 127250
69 127455
69 127569
69 128341
69 128807
69 128884
69 129035
69 129246
69 129460
69 129662
69 129668
69 130016
69 130235
69 130343
69 130816
69 130843
69 131155
69 131304
69 131336
69 131680
69 131738
69 132046
69 132088
69 132136
69 132192
69 132344
69 132383
69 132529
69 132566
69 133210
69 133383
69 133575
69 134238
69 134374
69 134420
69 135488
69 135860
69 136110
69 136370
69 136901
69 137106
69 137110
69 137166
69 137391
69 137528
69 137724
69 137951
69 138041
69 138338
69 138808
69 139060
69 139496
69 139515
69 139569
69 140104
69 140398
69 140454
69 140773
69 140878
69 140931
69 141704
69 142348
69 142433
69 142989
69 143245
69 143444
69 143504
69 143714
69 143727
69 143947
69 144020
69 144359
69 144522
69 145270
69 145313
69 145465
69 145592
69 145948
69 146050
69 146472
69 147172
69 147393
69 147472
69 148054
69 148635
69 149252
69 149390
69 149864
69 150233
69 150669
69 150868
69 150924
69 151210
69 151363
69 151464
69 151661
69 151862
69 151962
69 152343
69 152422
69 152471
69 152494
69 152718
69 152914
69 153107
69 153139
69 153194
69 153292
69 153659
69 153691
69 154034
69 154118
69 154434
69 154469
69 154515
69 154805
69 155493
69 155878
69 156284
69 156510
69 156818
69 156820
69 156876
69 157436
69 157653
69 157721
69 157736
69 157883
69 158084
69 158231
69 158312
69 158495
69 158854
69 159129
69 159288
69 159429
69 159785
69 159925
69 159950
69 160114
69 160528
69 160592
69 160602
69 160743
69 161224
69 161258
69 161290
69 161424
69 161432
69 161581
69 161939
69 162003
69 162489
69 162599
69 162806
69 162827
69 163137
69 163208
69 163323
69 163334
69 163405
69 164113
69 164289
69 164516
69 164624
69 164626
69 164817
69 164926
69 165195
69 165381
69 165560
69 165680
69 166441
69 167262
69 167274
69 167868
69 167904
69 168272
69 168439
69 168607
69 168635
69 169056
69 169210
69 169231
69 169961
69 170019
69 170227
69 170577
69 170745
69 171173
69 171193
69 171522
69 171813
69 171829
69 171844
69 171879
69 172150
69 172169
69 172241
69 172609
69 172648
69 172977
69 173859
69 174325
69 174399
69 175041
69 175145
69 175244
69 176136
69 176141
69 176170
69 176486
69 176736
69 176752
69 177282
69 177902
69 178159
69 178548
69 178845
69 179211
69 179251
69 179312
69 179855
69 179907
69 179921
69 179965
69 180343
69 180421
69 180434
69 180509
69 181746
69 182378
69 182416
69 182754
69 183028
69 183171
69 183739
69 184015
69 184199
69 184654
69 185452
69 185522
69 185642
69 186528
69 187093
69 187324
69 187401
69 187529
69 187731
69 188232
69 188274
69 188567
69 188965
69 189383
69 190234
69 190363
69 190662
69 190805
69 190966
69 191293
69 191370
69 191408
69 191818
69 191861
69 192353
69 192534
69 192995
69 193046
69 193163
69 193262
69 193405
69 193708
69 193760
69 193880
69 193891
69 193959
69 193999
69 194282
69 194873
69 195392
69 195705
69 195740
69 196158
69 196183
69 196284
69 197341
69 197428
69 197705
69 198032
69 198637
69 198653
69 199295
69 199443
69 199460
69 199480
69 199790
69 200226
69 200229
69 200248
69 200250
69 200542
69 200628
69 200952
69 201086
69 201450
69 201789
70 95
70 235
70 271
70 275
70 339
70 611
70 700
70 972
70 1195
70 1227
70 1300
70 1590
70 1735
70 1894
70 2087
70 2509
70 2721
70 2865
70 3014
70 3105
70 3339
70 4053
70 4374
70 4400
70 4416
70 4890
70 5021
70 5428
70 5688
70 5873
70 5898
70 6388
70 6709
70 6929
70 6955
70 7135
70 7492
70 7559
70 7572
70 7670
70 7690
70 7836
70 7897
70 8024
70 8048
70 8090
70 8294
70 8862
70 8948
70 9025
70 9125
70 9682
70 10568
70 10768
70 11175
70 11493
70 11715
70 11758
70 11905
70 12080
70 12163
70 12191
70 12204
70 12336
70 12349
70 12759
70 12847
70 12864
70 13165
70 13652
70 13840
70 13884
70 14026
70 14652
70 14799
70 15927
70 16020
70 16743
70 17625
70 18370
70 18423
70 18586
70 18892
70 19471
70 19478
70 19766
70 19911
70 19957
70 20550
70 20909
70 21103
70 21268
70 21327
70 21867
70 21906
70 22161
70 22168
70 22418
70 23424
70 23470
70 23881
70 24305
70 24594
70 24832
70 25355
70 25364
70 25768
70 25825
70 26265
70 26344
70 26626
70 26682
70 26795
70 26805
70 27014
70 27225
70 27609
70 27770
70 28253
70 28615
70 28881
70 28988
70 29316
70 29623
70 29889
70 30017
70 30032
70 30451
70 30646
70 30665
70 30716
70 30913
70 31030
70 31033
70 31283
70 31608
70 31978
70 32105
70 32554
70 32661
70 32818
70 33053
70 33706
70 33942
70 34029
70 34460
70 34543
70 34647
70 34682
70 34957
70 35624
70 35797
70 35800
70 35865
70 36055
70 36127
70 36504
70 37204
70 37601
70 37734
70 37738
70 37909
70 37967
70 39401
70 39419
70 39519
70 39562
70 40324
70 40651
70 41075
70 41365
70 42087
70 42244
70 42790
70 42865
70 43058
70 43131
70 43408
70 43497
70 43659
70 44443
70 44457
70 44626
70 44653
70 44925
70 44980
70 45065
70 45103
70 46091
70 46099
70 46216
70 46284
70 47456
70 47743
70 47878
70 48308
70 48539
70 48718
70 48998
70 49101
70 49134
70 49179
70 49196
70 49201
70 49362
70 49512
70 49596
70 49806
70 50450
70 51004
70 51214
70 51428
70 51634
70 51889
70 52127
70 52665
70 52846
70 52967
70 53009
70 53220
70 53345
70 53411
70 53520
70 53611
70 53777
70 54344
70 54798
70 55133
70 55408
70 55611
70 55960
70 56215
70 56306
70 56605
70 56989
70 57111
70 57769
70 58079
70 58100
70 58655
70 58791
70 58979
70 59067
70 59578
70 59916
70 60090
70 60139
70 60368
70 60417
70 60483
70 60536
70 60558
70 61053
70 61613
70 62004
70 62125
70 62590
70 62594
70 62690
70 62984
70 63069
70 63520
70 63861
70 63901
70 66135
70 66342
70 66584
70 67375
70 67459
70 67500
70 67733
70 67896
70 68905
70 68982
70 69127
70 69226
70 69326
70 69381
70 69475
70 69652
70 69831
70 70310
70 70996
70 71097
70 71226
70 71271
70 71838
70 71870
70 71938
70 72224
70 72307
70 72583
70 72656
70 73135
70 73212
70 73294
70 73398
70 73595
70 73661
70 75052
70 75217
70 75355
70 75562
70 75796
70 75989
70 76032
70 76126
70 76169
70 76404
70 76555
70 76659
70 76667
70 76743
70 76906
70 76978
70 77411
70 78204
70 78258
70 78380
70 79015
70 79018
70 79095
70 79480
70 79534
70 79623
70 79803
70 79817
70 80174
70 80217
70 80222
70 80307
70 80353
70 80404
70 80514
70 80602
70 80779
70 80848
70 80861
70 81600
70 81756
70 81913
70 82012
70 82266
70 82709
70 82826
70 83216
70 83528
70 83797
70 83850
70 84464
70 84568
70 84687
70 84955
70 85386
70 85538
70 85600
70 86043
70 86169
70 86257
70 86365
70 86413
70 86516
70 86775
70 87977
70 88758
70 88947
70 89017
70 89594
70 89780
70 90489
70 91185
70 91376
70 91738
70 92065
70 92388
70 92490
70 92685
70 92852
70 92910
70 93033
70 93049
70 93730
70 94225
70 94793
70 95002
70 95010
70 95131
70 95354
70 95363
70 95390
70 95497
70 95777
70 96010
70 96361
70 96922
70 97596
70 97804
70 97856
70 97919
70 98228
70 98402
70 98750
70 98793
70 99108
70 99172
70 99245
70 99467
70 99510
70 99589
70 99701
70 100341
70 100354
70 100382
70 100497
70 100583
70 100705
70 101379
70 101667
70 101717
70 102053
70 102151
70 102416
70 102876
70 103149
70 103278
70 104116
70 104552
70 104574
70 104649
70 104725
70 104730
70 105145
70 105476
70 105507
70 105565
70 105613
70 105658
70 106307
70 106540
70 106952
70 107014
70 107559
70 107572
70 107669
70 107901
70 108173
70 108724
70 109058
70 109570
70 109748
70 110293
70 110337
70 110410
70 110590
70 110827
70 110869
70 111093
70 111099
70 111481
70 111621
70 111686
70 111696
70 111885
70 112028
70 112218
70 112509
70 112675
70 112784
70 113003
70 113093
70 113482
70 113543
70 113774
70 114107
70 114384
70 114488
70 114736
70 114932
70 115028
70 115316
70 115780
70 115793
70 115905
70 115931
70 116047
70 116286
70 116864
70 117446
70 117821
70 118375
70 118632
70 118742
70 118770
70 119129
70 119371
70 119446
70 119515
70 119655
70 119821
70 120011
70 120044
70 120149
70 120184
70 120440
70 121161
70 122204
70 122283
70 122519
70 122789
70 124205
70 124286
70 124819
70 125243
70 125251
70 125255
70 125290
70 125413
70 125738
70 125757
70 126159
70 126383
70 126415
70 126568
70 127039
70 127126
70 127216
70 127628
70 127947
70 128059
70 128806
70 128835
70 128905
70 128964
70 129579
70 129603
70 129622
70 129699
70 129708
70 129715
70 129721
70 129824
70 130172
70 130485
70 130564
70 131301
70 131696
70 131985
70 132147
70 132160
70 132616
70 132750
70 133028
70 133324
70 133572
70 133657
70 134028
70 134365
70 134748
70 134761
70 134990
70 134999
70 135499
70 135972
70 135980
70 136053
70 136421
70 138026
70 138233
70 138249
70 138312
70 138336
70 138515
70 138701
70 139349
70 139623
70 139797
70 139903
70 139996
70 140177
70 140584
70 140795
70 141005
70 141140
70 141737
70 141827
70 141885
70 142284
70 142366
70 142829
70 143171
70 143762
70 143820
70 143852
70 144127
70 144421
70 144677
70 144720
70 144992
70 145120
70 145230
70 145438
70 145912
70 145936
70 146061
70 146067
70 146073
70 146469
70 147849
70 147901
70 147949
70 148343
70 148526
70 148963
70 149935
70 150323
70 150691
70 150754
70 151158
70 151302
70 151635
70 151640
70 151745
70 152368
70 152382
70 152422
70 152695
70 152830
70 152988
70 153150
70 153160
70 153366
70 153402
70 154157
70 155156
70 156458
70 156682
70 157371
70 157635
70 157650
70 157930
70 158166
70 158656
70 158923
70 159226
70 159686
70 160054
70 160322
70 160794
70 160867
70 160878
70 161945
70 162174
70 162245
70 162352
70 162356
70 162397
70 162426
70 162796
70 163164
70 163313
70 163446
70 163615
70 163732
70 163794
70 163886
70 163949
70 163961
70 164698
70 165088
70 165254
70 165529
70 165798
70 166669
70 167319
70 167339
70 167436
70 167588
70 167787
70 168536
70 168650
70 168993
70 169319
70 169373
70 169395
70 169499
70 169589
70 170442
70 170465
70 170540
70 170622
70 170697
70 170753
70 171201
70 171460
70 172193
70 172208
70 172289
70 172505
70 173516
70 173781
70 174043
70 174285
70 174359
70 175393
70 175816
70 175885
70 176427
70 176520
70 177616
70 177827
70 177880
70 177898
70 178027
70 178287
70 178372
70 178444
70 178462
70 179562
70 179786
70 180135
70 180209
70 180501
70 180855
70 181078
70 181113
70 181478
70 181571
70 181631
70 182220
70 182240
70 182332
70 182488
70 182683
70 182767
70 183119
70 183401
70 183550
70 183685
70 184423
70 184482
70 184968
70 185279
70 185652
70 185730
70 185735
70 186060
70 186258
70 186432
70 187054
70 187194
70 187221
70 187950
70 188502
70 188847
70 188942
70 189661
70 189841
70 189867
70 189934
70 189937
70 190058
70 190313
70 190654
70 190811
70 190988
70 191207
70 191223
70 191451
70 191660
70 191878
70 192046
70 192064
70 192183
70 192245
70 192291
70 192368
70 192411
70 192517
70 192973
70 193426
70 193626
70 193674
70 193855
70 194513
70 194578
70 194688
70 194731
70 194751
70 195807
70 195818
70 196026
70 196176
70 196228
70 196403
70 197023
70 197028
70 197297
70 197311
70 197414
70 197513
70 197761
70 197955
70 198327
70 198378
70 198484
70 198671
70 198918
70 199232
70 199285
70 200003
70 200164
70 200324
70 200495
70 201677
70 201722
70 202079
70 202098
70 202196
70 202381
70 202733
70 202895
70 203622
70 204009
70 204159
70 204706
70 204993
70 205040
70 205074
70 205681
70 205758
70 206593
70 206841
70 207351
70 207825
70 207904
70 207940
70 208196
70 208242
70 208257
70 208585
70 209171
70 209195
70 209404
70 209715
70 210248
70 210467
70 211238
70 211294
70 211628
70 211676
70 211797
70 212288
70 212891
70 212932
70 212997
70 213100
70 213265
70 213282
70 213417
70 213669
70 213791
70 214080
70 214189
70 214342
70 214406
70 214650
70 214789
70 214840
70 215155
70 215188
70 215769
70 216045
70 216315
70 216400
70 216510
70 217031
70 217250
70 217259
70 217496
70 217557
70 217729
70 217997
70 218130
70 218393
70 218423
70 218500
70 218520
70 218556
70 218783
70 219255
70 219266
70 219691
70 220089
70 220760
70 220922
70 221623
70 221641
70 221726
70 221866
70 222118
70 222537
70 222584
70 222712
70 222863
70 222947
70 222998
70 223014
70 223597
70 223620
70 223669
70 223749
70 223813
70 224404
70 224503
70 224629
70 224672
70 225127
70 225488
70 226404
