66 506
66 892
66 949
66 1518
66 1740
66 1947
66 2370
66 2436
66 2479
66 2504
66 2789
66 3043
66 3212
66 3863
66 4165
66 4536
66 4819
66 5289
66 6355
66 6517
66 6646
66 7727
66 7969
66 8168
66 8312
66 8837
66 9427
66 9548
66 9622
66 9965
66 10001
66 10434
66 10499
66 10830
66 11500
66 12419
66 12536
66 12732
66 12780
66 13209
66 13288
66 14044
66 14316
66 14539
66 14887
66 14909
66 15043
66 15350
66 15467
66 15935
66 16569
66 16588
66 16941
66 16976
66 17263
66 17976
66 18497
66 19024
66 19759
66 19884
66 20048
66 20873
66 21443
66 21447
66 21515
66 23047
66 23144
66 23506
66 23589
66 24205
66 24954
66 25061
66 25086
66 25422
66 25671
66 25766
66 25986
66 26494
66 26813
66 28310
66 28828
66 29097
66 31855
66 32110
66 32807
66 33623
66 33673
66 33988
66 34632
66 34641
66 34647
66 34891
66 34970
66 35056
66 35244
66 35318
66 35374
66 35581
66 35654
66 35908
66 36356
66 36518
67 562
67 798
67 1194
67 1415
67 1420
67 1531
67 1699
67 2000
67 2331
67 2544
67 2713
67 2742
67 3074
67 3415
67 3689
67 4057
67 4203
67 4289
67 4328
67 4331
67 4626
67 5333
67 5519
67 5984
67 6714
67 6771
67 7385
67 7565
67 8352
67 8380
67 8444
67 9292
67 9456
67 9952
67 10014
67 10725
67 10924
67 10927
67 10968
67 11732
67 11892
67 12014
67 12165
67 12545
67 12554
67 12569
67 13170
67 13219
67 13308
67 13922
67 14197
67 14229
67 14246
67 14755
67 15346
67 15537
67 15954
67 16485
67 16795
67 17112
67 17491
67 17884
67 17961
67 18294
67 18495
67 18849
67 19114
67 19230
67 19506
67 19611
67 19973
67 20173
67 20546
67 21305
67 21846
67 22265
67 23128
67 23682
67 24200
67 24379
67 24411
67 24977
67 25039
67 25666
67 26048
67 26986
67 27168
67 27336
67 27771
67 28147
67 28974
67 29234
67 29423
67 29462
67 30086
67 30783
67 31108
67 31599
67 31607
67 31687
67 32420
67 32488
67 33260
67 33371
67 33460
67 33740
67 33955
67 34008
67 34088
67 34115
67 34566
67 34724
67 35171
67 35403
67 35621
67 36264
67 37185
67 37685
67 37807
67 38177
67 38469
67 39153
67 39626
67 39815
67 40635
67 40838
67 41115
67 41376
67 41446
67 41615
67 41882
67 41902
67 42282
67 42292
67 42825
67 43128
67 43196
67 43366
67 43545
67 43785
67 44140
67 44402
67 45259
67 45300
67 45316
67 45625
67 46394
67 46957
67 47034
67 47083
67 47812
67 48085
67 48163
67 48395
67 48546
67 49199
67 49413
67 49574
67 49726
67 50364
67 50614
67 51013
67 51080
67 51111
67 51764
67 52037
67 52134
67 52315
67 52897
67 53060
67 53061
67 53678
67 53919
67 53981
67 54112
67 54120
67 54489
67 55101
67 55303
67 55869
67 56093
67 57089
67 57414
67 57749
67 57887
67 58466
67 58929
67 59554
67 59697
67 60181
67 60244
67 61094
67 61358
67 62725
67 63710
67 63735
67 64376
67 65226
67 65446
67 65546
67 65632
67 65833
67 65843
67 66961
67 67182
67 68086
67 68428
67 68529
67 69269
67 69343
67 69591
67 69775
67 69801
67 70209
67 70226
67 70289
67 71832
67 71835
67 72437
67 72472
67 72624
67 72849
67 73109
67 73554
67 73630
67 74250
67 74278
67 74381
67 74383
67 75033
67 76193
67 76623
67 76931
67 77083
67 77463
67 77956
67 78378
67 78531
67 78656
67 79218
67 79862
67 79972
67 80768
67 81021
67 81106
67 81138
67 81278
67 81847
67 82355
67 82470
67 83107
67 83161
67 83172
67 84087
67 84367
67 84726
67 85027
67 85337
67 86197
67 87015
67 87019
67 87031
67 87742
67 87943
67 90228
67 90645
67 90938
67 90981
67 91637
67 91660
67 92318
67 92588
67 92840
67 93047
67 93054
67 93158
67 93971
67 94170
67 94360
67 94981
67 95197
67 95287
67 95376
67 95829
67 96002
67 96182
67 96679
67 97320
67 98085
67 99461
69 183
69 225
69 293
69 518
69 707
69 1080
69 1166
69 1486
69 2115
69 2458
69 2526
69 2669
69 2895
69 2919
69 2974
69 3505
69 4152
69 4600
69 4694
69 5126
69 5209
69 5781
69 6380
69 6819
69 7009
69 7077
69 7191
69 8453
69 8516
69 8536
69 8593
69 8756
69 8845
69 10247
69 10355
69 10728
69 11271
69 11335
69 11604
69 12458
69 12646
69 13163
69 13319
69 13330
69 14858
69 14888
69 15422
69 15438
69 15586
69 15636
69 15940
69 16008
69 16243
69 16611
69 16658
69 16685
69 16946
69 17436
69 17508
69 17856
69 18923
69 19136
69 19755
69 19919
69 20070
69 20265
69 21434
69 21730
69 21943
69 21946
69 22171
69 22398
69 22421
69 22535
69 22576
69 23086
69 23304
69 23414
69 23430
69 23763
69 24952
69 25041
69 26594
69 26745
69 27190
69 27375
69 27387
69 27731
69 27752
69 29154
69 29184
69 29499
69 29617
69 30041
69 30320
69 30592
69 30713
69 31112
69 31216
69 31237
69 31298
69 32041
69 32847
69 33261
69 33463
69 33529
69 33685
69 33691
69 33904
69 33908
69 34510
69 34677
69 34816
69 34883
69 35602
69 36308
69 37010
69 37015
69 37542
69 37568
69 38708
69 38977
69 39703
69 39948
69 40011
69 41030
69 41092
69 41681
69 41916
69 42333
69 42364
69 42761
69 43098
69 43511
69 44685
69 44809
69 44810
69 44877
69 45261
69 45511
69 45525
69 46879
69 46901
69 46979
69 47873
69 48424
69 48578
69 48911
69 49299
69 49313
69 49357
69 49667
69 49744
69 50009
69 51679
69 51868
69 53434
69 54007
69 54118
69 54371
69 54886
69 54888
69 55140
69 55601
69 55640
69 55828
69 55870
69 56236
69 56804
69 57659
69 57883
69 58274
69 58377
69 58668
69 58922
69 58994
69 59124
69 59622
69 60508
69 60827
69 62696
69 62870
69 63013
69 63874
69 64615
69 64717
69 64883
69 65491
69 65812
69 66520
69 67229
69 67338
69 67859
69 68268
69 68460
69 68511
69 68550
69 68721
69 69483
69 70091
69 70140
69 70170
69 70254
69 70313
69 70350
69 71025
69 71051
69 71506
69 71875
69 72279
69 72312
69 73132
69 73724
69 73743
69 73762
69 74284
69 75297
69 76316
69 76903
69 77241
69 77479
69 77920
69 78049
69 78440
69 79899
69 80553
69 80669
69 80743
69 80777
69 82360
69 83029
69 83412
69 83584
69 84218
69 84677
69 85093
69 85765
69 86053
69 86230
69 86721
69 86866
69 87398
69 87812
69 88497
69 89039
69 89073
69 89141
69 89255
69 89423
69 89497
69 89584
69 90850
69 90861
69 91331
69 91336
69 91435
69 92083
69 93063
69 93209
69 94628
69 95037
69 95096
69 96747
69 97261
69 98542
69 98662
69 98920
69 99540
69 99781
69 100039
69 100305
69 101007
69 101077
69 101106
69 102523
69 102625
69 102634
69 103295
69 103489
69 104020
69 104483
69 104523
69 104674
69 104985
69 105396
69 105921
69 105942
69 106394
69 106454
69 106970
69 107219
69 107371
69 107706
69 107845
69 108435
69 108472
69 108707
69 109286
69 110254
69 110399
69 110711
69 111309
69 111952
69 112004
69 112098
69 113515
69 113705
69 113998
69 114259
69 114411
69 114465
69 114674
69 114717
69 114747
69 114918
69 116124
69 116162
69 116413
69 116778
69 116914
69 116941
69 117066
69 117138
69 117578
69 117812
69 118085
69 118491
69 118888
69 118931
69 118942
69 119901
69 120015
69 120178
69 120538
69 120629
69 120779
69 121005
69 121332
69 121348
69 121527
69 121703
69 121839
69 121858
69 122236
69 122482
69 122529
69 123027
69 123208
69 123236
69 123531
69 124195
69 124348
69 124535
69 125025
69 125705
69 126116
69 126211
69 126231
69 126776
69 126972
69 127043
69 127158
69 127250
69 127346
69 127583
69 128087
69 128958
69 129035
69 129249
69 129277
69 130012
69 130341
69 130343
69 131092
69 131870
69 132136
69 132137
69 134011
69 134562
69 134712
69 134885
69 135289
69 135425
69 137278
69 137355
69 137391
69 137545
69 137576
69 137723
69 137820
69 138041
69 138551
69 138693
69 138808
69 138829
69 139394
69 139515
69 139569
69 140104
69 140235
69 140398
69 141084
69 141890
69 141998
69 142348
69 143627
69 143947
69 145000
69 145465
69 146331
69 146472
69 146626
69 146707
69 146976
69 147364
69 148054
69 148534
69 148635
69 150057
69 151039
69 151089
69 151464
69 151962
69 152311
69 152518
69 153141
69 155926
69 156136
69 156534
69 156793
69 156820
69 156876
69 157101
69 157154
69 157411
69 157721
69 157781
69 157883
69 158231
69 158285
69 158312
69 158854
69 158955
69 159008
69 159224
69 159288
69 159530
69 159984
69 160040
69 160602
69 161224
69 161312
69 161581
69 161939
69 161958
69 162489
69 162543
69 163097
69 163323
69 163604
69 164242
69 164324
69 164403
69 164926
69 164966
69 165359
69 166253
69 166818
69 167112
69 167644
69 167790
69 168056
69 168214
69 168290
69 168607
69 168635
69 169564
69 169578
69 170172
69 170901
69 171108
69 171173
69 171206
69 171294
69 172940
69 173183
69 173419
69 173478
69 173859
69 174399
69 174406
69 175244
69 175273
69 175528
69 175909
69 176136
69 176290
69 176486
69 176552
69 177156
69 177882
69 179312
69 179540
69 179734
69 179942
69 180509
69 180895
69 181358
69 181977
69 182109
69 182305
69 182412
69 182416
69 182618
69 183028
69 183988
69 184061
69 184075
69 184199
69 184476
69 184773
69 184976
69 185291
69 185616
69 185642
69 186043
69 186439
69 186672
69 186878
69 187093
69 187381
69 187529
69 187565
69 188122
69 188274
69 188547
69 189052
69 189388
69 189594
69 190047
69 190059
69 190234
69 190662
69 190764
69 191361
69 191600
69 191861
69 192240
69 192353
69 192955
69 193009
69 193092
69 193211
69 193681
69 193761
69 194061
69 195150
69 195392
69 197214
69 197856
69 198032
69 198109
69 199283
69 199486
69 200092
69 200542
69 200628
69 200760
69 200888
69 201162
69 201450
69 201459
70 1195
70 1590
70 1765
70 1798
70 2049
70 2256
70 3014
70 3060
70 3729
70 3820
70 3970
70 4053
70 4416
70 4447
70 4890
70 5286
70 5898
70 6777
70 7379
70 7559
70 7661
70 7670
70 7699
70 7878
70 8332
70 8862
70 8948
70 9025
70 9059
70 9125
70 9461
70 10626
70 10708
70 10768
70 10817
70 11217
70 11579
70 11905
70 12178
70 12349
70 12767
70 13883
70 13884
70 14495
70 14613
70 14801
70 15149
70 15782
70 15928
70 16333
70 16919
70 17645
70 17757
70 17792
70 18423
70 18586
70 18910
70 19471
70 19567
70 19957
70 21327
70 21344
70 21659
70 22418
70 22638
70 23609
70 23881
70 23925
70 24515
70 25628
70 25825
70 26022
70 26344
70 26590
70 26682
70 26967
70 27225
70 27609
70 27853
70 27988
70 28867
70 28881
70 28988
70 29522
70 29865
70 30451
70 31615
70 31858
70 31861
70 32255
70 32266
70 32661
70 32811
70 33470
70 34029
70 34418
70 34430
70 34543
70 34585
70 34611
70 34857
70 35737
70 35797
70 35967
70 35968
70 36688
70 36861
70 37076
70 37204
70 37246
70 37598
70 37601
70 37909
70 38688
70 38736
70 38862
70 38863
70 38996
70 39357
70 39401
70 39504
70 39910
70 40239
70 40435
70 41693
70 41778
70 42610
70 43058
70 43131
70 43275
70 43497
70 44141
70 44660
70 44946
70 45023
70 45065
70 45650
70 45985
70 46434
70 46646
70 46809
70 47223
70 47743
70 47878
70 48656
70 48805
70 49101
70 49214
70 49399
70 49603
70 49806
70 50450
70 51889
70 52127
70 52967
70 53229
70 53271
70 53411
70 54045
70 55013
70 55133
70 55611
70 56215
70 56862
70 56959
70 57359
70 57714
70 59996
70 60417
70 60527
70 60536
70 60558
70 61613
70 61841
70 62590
70 62690
70 63276
70 63551
70 63861
70 63954
70 64199
70 64251
70 64369
70 64528
70 65230
70 65267
70 66067
70 66234
70 66922
70 66999
70 67133
70 67194
70 67733
70 68240
70 68905
70 68982
70 69127
70 69381
70 69456
70 71730
70 72656
70 73294
70 73398
70 73605
70 73784
70 74496
70 75301
70 75334
70 75355
70 75804
70 75904
70 75948
70 76169
70 76404
70 76414
70 76489
70 76659
70 76743
70 76947
70 78003
70 78194
70 78359
70 78377
70 79295
70 79532
70 79534
70 79817
70 80514
70 80550
70 80613
70 80845
70 80848
70 80861
70 80964
70 81270
70 82012
70 82042
70 82632
70 82754
70 83456
70 83797
70 83850
70 84425
70 84880
70 84955
70 85045
70 85070
70 85860
70 85862
70 86518
70 88370
70 88779
70 88947
70 89041
70 89738
70 90251
70 90493
70 90754
70 90779
70 90839
70 90979
70 91383
70 92306
70 92777
70 93194
70 93538
70 93847
70 94600
70 95499
70 95648
70 95751
70 96471
70 97144
70 97454
70 97530
70 98373
70 99312
70 99333
70 99467
70 99589
70 99701
70 99714
70 100056
70 100341
70 101781
70 102228
70 102728
70 102776
70 103234
70 103555
70 104087
70 104649
70 104898
70 105347
70 105796
70 106657
70 106796
70 106933
70 107559
70 107803
70 108026
70 109015
70 109400
70 109919
70 110577
70 110581
70 110827
70 110869
70 111099
70 111334
70 111696
70 111971
70 112028
70 112218
70 112380
70 112417
70 112784
70 113003
70 113034
70 113392
70 113880
70 113913
70 114136
70 114488
70 114544
70 114835
70 114921
70 115028
70 115074
70 115631
70 115931
70 116058
70 116317
70 116463
70 116543
70 117027
70 117821
70 117830
70 118742
70 119060
70 119118
70 119665
70 119879
70 120011
70 120149
70 120268
70 120993
70 121545
70 122038
70 122270
70 122283
70 122686
70 123036
70 124433
70 124733
70 125243
70 125246
70 125251
70 125606
70 125749
70 126159
70 126506
70 126707
70 127126
70 127363
70 127480
70 127628
70 128768
70 128835
70 129622
70 129808
70 129868
70 130119
70 130485
70 130564
70 130825
70 130904
70 131029
70 131240
70 131481
70 131985
70 132136
70 132263
70 132651
70 132957
70 133524
70 134054
70 134406
70 134781
70 135200
70 135509
70 135543
70 135972
70 135980
70 137021
70 137638
70 137675
70 137807
70 138159
70 138249
70 138312
70 138336
70 138515
70 138937
70 139693
70 140177
70 140217
70 140291
70 140559
70 141586
70 142181
70 142189
70 142818
70 142897
70 143550
70 144755
70 144984
70 145912
70 145923
70 146073
70 146961
70 147561
70 147781
70 147852
70 147901
70 147949
70 148061
70 148134
70 148223
70 149182
70 149207
70 149410
70 149795
70 149961
70 150149
70 150875
70 151302
70 152026
70 153580
70 153972
70 155003
70 155156
70 155265
70 155466
70 155626
70 156845
70 156920
70 157635
70 157756
70 158166
70 158381
70 158721
70 159827
70 160054
70 160323
70 160754
70 160878
70 161190
70 161904
70 161945
70 162094
70 162235
70 162356
70 163140
70 163164
70 163949
70 164458
70 165254
70 165350
70 165373
70 165474
70 165655
70 165796
70 166349
70 166388
70 166656
70 166913
70 167260
70 167362
70 167464
70 168341
70 168395
70 168644
70 168993
70 169589
70 170442
70 170465
70 170622
70 170753
70 171028
70 171338
70 171460
70 172152
70 172586
70 172903
70 172925
70 173176
70 173205
70 173765
70 174227
70 174420
70 175296
70 175816
70 176859
70 177116
70 177898
70 177968
70 177987
70 178060
70 178444
70 178458
70 178503
70 178937
70 180141
70 180237
70 180643
70 181027
70 181106
70 181186
70 181761
70 182431
70 182488
70 183050
70 183119
70 183401
70 183690
70 184361
70 184809
70 185017
70 185312
70 185435
70 185934
70 186258
70 187194
70 188028
70 188847
70 188871
70 189144
70 189386
70 189867
70 189934
70 190034
70 190037
70 190404
70 190988
70 191091
70 191617
70 192183
70 192213
70 192214
70 192245
70 192517
70 192654
70 192818
70 192973
70 193084
70 193426
70 193868
70 194366
70 194578
70 194688
70 196026
70 196148
70 196228
70 196240
70 196469
70 197333
70 197904
70 198029
70 198174
70 198378
70 198484
70 198787
70 199630
70 200324
70 200495
70 200768
70 201627
70 201639
70 202069
70 202133
70 203381
70 203450
70 203646
70 204211
70 204334
70 204706
70 205022
70 205040
70 205275
70 205405
70 206039
70 206642
70 206987
70 207351
70 207437
70 207940
70 208142
70 208479
70 209195
70 209270
70 209644
70 209715
70 210248
70 211209
70 211238
70 211397
70 211628
70 212188
70 213265
70 213417
70 213909
70 215063
70 215665
70 216045
70 216203
70 216360
70 216396
70 216552
70 216882
70 217031
70 217594
70 217985
70 218556
70 219046
70 219372
70 220907
70 220922
70 221185
70 221427
70 221489
70 221723
70 221726
70 221866
70 222160
70 222600
70 222615
70 222947
70 223014
70 223109
70 223398
70 223597
70 223669
70 224672
70 224865
70 225127
70 225369
70 225708
70 225962
70 226623
