39 3091
39 3174
39 4961
39 7507
39 14148
39 22454
39 30160
39 36980
39 38796
39 39372
48 2670
48 7646
48 9350
48 12920
48 14048
48 28387
48 35690
48 37796
48 38073
48 39849
48 42054
48 44025
48 47907
48 50850
48 51113
48 53491
118 2906
118 4769
118 4979
118 5466
118 8356
118 13675
118 14427
118 14870
118 15411
118 19791
118 20153
118 21233
118 21240
118 22076
118 23274
118 25713
118 26078
118 26278
118 31576
118 32920
118 33082
118 35076
118 35820
118 37152
118 37480
118 37569
118 39209
118 39518
118 39722
118 42454
118 43054
118 49250
118 51019
19 900
19 1882
19 2806
19 4159
19 11497
19 13080
19 13131
19 14773
19 18500
19 20882
19 30716
19 35362
19 35382
19 36619
19 36747
19 41788
19 47547
52 23
52 156
52 380
52 2196
52 8965
52 9498
52 9705
52 14671
52 18171
52 20430
52 22514
52 23269
52 23472
52 25533
52 26209
52 28406
52 30339
52 38465
52 38624
52 39748
52 44168
52 47289
52 48619
52 49976
52 54710
52 55255
105 795
105 2646
105 3865
105 8728
105 9104
105 9122
105 9308
105 9332
105 10611
105 11089
105 13211
105 13842
105 15635
105 16338
105 20193
105 23885
105 24337
105 24622
105 24773
105 24778
105 25646
105 26246
105 26913
105 27133
105 27217
105 27966
105 29319
105 29329
105 38983
105 39447
105 42321
105 44331
105 45429
105 48997
105 49282
114 515
114 598
114 1442
114 5186
114 7378
114 8015
114 13106
114 14046
114 14060
114 14688
114 15483
114 15548
114 18275
114 18560
114 19930
114 20373
114 22701
114 25346
114 26789
114 26872
114 27228
114 30340
114 31265
114 31596
114 31674
114 32081
114 35671
114 37661
114 39495
114 39813
114 40721
114 43780
114 44170
114 44959
114 47625
114 48242
114 48656
114 50063
114 51812
114 52011
114 55350
114 57069
43 3510
43 12674
43 23313
43 26472
43 27081
43 40524
43 41588
43 52507
43 57516
43 57666
54 19
54 1034
54 5534
54 13193
54 13667
54 21315
54 23499
54 24063
54 27418
54 28884
54 41723
54 43379
54 47755
54 57760
54 59452
57 250
57 270
57 6406
57 8248
57 11689
57 12462
57 12952
57 13210
57 24763
57 24851
57 25077
57 29128
57 32429
57 32810
57 40396
57 41645
57 42418
57 44519
57 45907
57 56563
57 58396
29 4137
29 8947
29 37655
29 38420
29 41290
29 43793
29 51735
29 53334
29 55884
29 61650
43 64243
48 58120
48 63860
48 68633
48 80243
48 84821
48 85146
48 88915
48 90140
48 90933
40 4078
40 15823
40 20908
40 21863
40 24438
40 28209
40 29493
40 33268
40 38847
40 43063
40 44456
40 45889
40 49230
40 51168
40 59650
57 59825
57 61632
57 87662
57 90732
57 90762
57 93918
57 96206
114 59944
114 61190
114 62544
114 63104
114 63217
114 63263
114 63696
114 64299
114 64573
114 67020
114 67816
114 67844
114 68289
114 69563
114 69617
114 69764
114 70451
114 71251
114 71558
114 75069
114 75136
114 75391
114 78832
114 79692
114 82053
114 82099
114 82732
114 84079
114 87283
114 92292
114 92528
114 92972
114 96459
114 96668
114 98519
114 100846
114 101277
105 66115
105 67338
105 69658
105 71050
105 72401
105 75726
105 75790
105 77524
105 78815
105 80578
105 81318
105 82157
105 82977
105 85090
105 85225
105 86109
105 88407
105 90888
105 94590
105 94619
105 94848
105 95203
105 95321
105 95862
105 95907
105 97623
105 100083
105 101237
105 101516
52 59518
52 60529
52 61047
52 61744
52 63536
52 67789
52 67818
52 69220
52 69326
52 70357
52 76088
52 79136
52 80337
52 80552
52 82413
52 83512
52 84326
52 89031
52 90347
52 91520
52 92541
52 93135
52 94109
52 95120
52 100991
52 102488
52 108337
52 112682
19 55277
19 58444
19 59166
19 60116
19 61659
19 68827
19 69713
19 79190
19 80765
19 81042
19 82258
19 82426
19 82563
19 83275
19 84027
19 87038
19 88486
19 91701
19 92086
19 95383
19 99049
19 99296
19 99737
19 101022
19 101096
19 102767
52 116108
52 116717
52 117132
119 376
119 478
119 1573
119 1633
119 2466
119 6772
119 8093
119 8162
119 9022
119 10635
119 14895
119 16855
119 18128
119 21543
119 24150
119 30428
119 32650
119 32815
119 33161
119 34319
119 34960
119 36634
119 38171
119 38803
119 41135
119 41463
119 46333
119 46383
119 49739
119 51632
119 56458
119 57841
54 60592
54 60661
54 62444
54 65279
54 67469
54 68037
54 71921
54 76055
54 79099
54 80552
54 81305
54 84348
54 85062
54 85291
54 86252
54 87444
54 89112
54 89529
54 89628
54 90480
54 91121
54 93446
54 93489
54 95627
54 95779
54 96596
54 97722
54 98985
54 99440
54 108171
54 108339
54 111949
54 112777
54 115248
54 116033
54 117031
19 108017
29 69119
29 69729
29 75984
29 81785
29 93838
29 93884
29 100345
29 104683
29 105786
29 110718
29 118108
29 122680
29 123679
117 650
117 2668
117 2717
117 2897
117 2939
117 3151
117 3372
117 6923
117 7097
117 8229
117 9497
117 11690
117 13623
117 14331
117 14792
117 16307
117 17691
117 19693
117 19801
117 20487
117 20668
117 21166
117 21546
117 28409
117 28539
117 28667
117 29446
117 29447
117 31469
117 34614
117 34910
117 37152
117 39968
117 40536
117 42565
117 42858
117 43266
117 45775
117 46503
117 46701
117 47383
117 47703
117 48621
117 50968
54 122328
54 124778
44 4191
44 5031
44 10757
44 10998
44 17145
44 20861
44 23434
44 23479
44 28361
44 32044
44 43671
44 48739
44 53176
44 54428
44 57614
44 60145
44 64214
49 3331
49 7644
49 9076
49 13245
49 33703
49 35629
49 37164
49 38183
49 39388
49 41605
49 42783
49 49254
49 53414
49 54848
117 58247
117 59331
117 59462
117 59603
117 60172
117 62131
117 62134
117 64071
117 65322
117 66162
117 66879
117 67919
117 69365
117 69869
117 70233
117 72151
117 74792
117 75869
117 79400
117 81159
117 82209
119 58490
119 59413
119 59561
119 61557
119 63097
119 63292
119 63736
119 66292
119 67466
119 70853
119 73211
119 79501
119 82844
119 83699
59 1847
59 5145
59 8321
59 8431
59 8568
59 10913
59 11170
59 12144
59 13104
59 14155
59 14467
59 14752
59 14932
59 15578
59 15608
59 25239
59 25521
59 30070
59 30249
59 30780
59 36808
59 37569
59 40788
59 42990
59 43249
59 43569
59 44840
59 49345
59 50453
59 50485
59 51079
29 125745
29 126673
29 127804
29 134035
29 136087
29 136398
29 136623
29 141240
29 144067
29 145385
29 151546
29 151745
29 152205
29 153703
40 62172
40 70363
40 70504
40 72050
40 72944
40 78399
40 80616
40 93638
40 101586
40 103068
40 115944
106 1338
106 4795
106 5433
106 5520
106 7081
106 8246
106 8491
106 10094
106 11929
106 15562
106 17274
106 17370
106 17626
106 17726
106 17756
106 18444
106 18845
106 20310
106 22635
106 22861
106 24366
106 27121
106 28135
106 31791
106 32371
106 34158
106 35286
106 36268
106 38588
106 44945
106 47112
106 47159
106 47221
106 48187
106 48490
106 48728
106 51765
106 52560
106 52833
106 54136
115 551
115 1979
115 4746
115 5293
115 5321
115 7405
115 8476
115 8622
115 10095
115 11615
115 15818
115 16522
115 17717
115 18707
115 22254
115 23194
115 23278
115 24299
115 24908
115 26184
115 27559
115 34479
115 35494
115 35903
115 36125
115 41083
115 41754
115 42271
115 44696
115 44817
115 47613
115 50312
115 55678
115 56452
115 56878
53 800
53 860
53 2944
53 4787
53 5076
53 6095
53 15003
53 15309
53 16269
53 16583
53 20318
53 20967
53 23980
53 24088
53 24612
53 27098
53 30306
53 33283
53 37342
53 40113
53 40301
53 41120
53 42153
53 44559
53 46642
53 47945
53 50210
53 50688
53 53534
40 117847
40 118663
40 123983
40 128073
20 2863
20 3115
20 4066
20 7833
20 8439
20 15754
20 17030
20 22684
20 23755
20 24971
20 32739
20 34028
20 36680
20 36876
20 39598
20 41223
20 43013
20 43882
20 43921
20 48716
20 50745
20 51219
20 53644
20 53822
49 57148
49 58502
49 72094
49 76099
49 77282
49 78342
49 79514
49 81246
49 88657
55 156
55 1892
55 3096
55 12242
55 14420
55 14706
55 15002
55 31194
55 35757
55 36383
55 38359
55 45114
55 50293
45 6277
45 15896
45 19196
45 19859
45 30015
45 31522
45 36395
45 49340
45 50005
45 50662
45 51710
45 52557
45 55013
50 1129
50 2998
50 8139
50 17400
50 20110
50 20907
50 22104
50 26802
50 27655
50 28443
50 31565
50 32895
50 42806
50 46126
50 46267
50 50914
50 51222
50 55461
50 56849
120 1634
120 3858
120 4959
120 5724
120 7859
120 8598
120 15845
120 16221
120 17682
120 18043
120 19347
120 20595
120 21860
120 21960
120 22803
120 22819
120 23189
120 23965
120 25016
120 26567
120 28330
120 30977
120 31173
120 33105
120 36530
120 36862
120 40388
120 41870
120 49205
120 53780
120 55104
120 55487
120 56129
45 57958
106 56767
106 57895
106 58155
106 60842
106 61516
106 62074
106 62965
106 64076
106 64124
106 66422
106 67353
106 67651
106 68631
106 69221
106 70030
106 70607
106 73166
106 73408
106 73871
106 75229
106 75743
106 76539
106 76784
106 77002
106 79906
106 82178
106 82357
106 82408
106 84960
106 85792
106 85826
106 88846
106 90448
106 90875
106 90936
106 92944
106 95866
106 96226
106 96623
106 101285
59 52297
59 55314
59 55336
59 59301
59 59711
59 60500
59 68785
59 69042
59 70033
59 70836
59 71157
59 72419
59 74755
59 77079
59 79598
59 80270
59 81046
59 82575
59 82713
59 82971
59 83099
59 83216
59 86424
59 87870
59 88186
59 89951
59 91083
59 91281
59 92643
59 94589
59 95330
59 97145
59 98925
30 13372
30 16282
30 17636
30 35120
30 42507
30 50918
30 54338
30 58388
115 58050
115 58191
115 58322
115 59277
115 59809
115 60314
115 62481
115 63107
115 63337
115 66448
115 67246
115 67570
115 70488
115 70654
115 71272
115 72433
115 73281
115 74591
115 74956
115 76148
115 78572
115 79335
115 82805
115 84226
115 85923
115 88335
115 89600
115 91923
115 92531
115 92985
115 93805
115 94598
115 95210
115 97208
115 97726
115 101056
115 103027
115 104335
115 105279
115 105950
115 107997
115 110272
115 113149
115 116988
115 117120
53 58352
53 59404
53 66478
53 66601
53 76218
53 76789
53 77423
53 78362
53 80527
53 84054
53 86289
53 87052
53 88638
53 94105
53 94803
53 97488
53 101207
53 101755
53 102233
53 102317
53 105237
53 107350
53 109559
53 111912
53 115241
59 101819
59 101976
59 103172
59 103692
59 106474
59 108340
59 109541
59 110642
59 110832
59 112074
59 112753
59 112944
59 115037
41 6213
41 6696
41 7327
41 7707
41 19235
41 21083
41 23142
41 25169
41 26778
41 32454
41 33324
41 37641
41 38973
41 46495
20 59643
20 61795
20 65140
20 65692
20 68273
20 71136
20 75956
20 76842
20 84782
20 85094
20 90422
20 93621
20 99672
20 99707
20 100870
20 103121
20 103530
20 104356
55 59622
55 61262
55 64658
55 68620
55 69194
55 75383
55 79299
55 82655
55 83491
55 84120
55 86160
55 94456
55 96429
55 102914
55 104402
55 109490
120 56972
120 57105
120 58897
120 59212
120 66008
120 66833
120 70665
120 72957
120 73424
120 76238
120 78417
120 78481
120 78963
120 79208
120 81309
120 83890
120 83948
120 84569
120 84636
41 56897
41 63068
41 63097
20 111998
20 113749
20 114410
20 116160
20 116633
50 59570
50 61500
50 62307
50 63893
50 64074
50 64575
50 67827
50 70589
50 74289
50 76902
50 78187
50 87950
50 88398
50 98142
50 99770
50 105143
50 106282
50 107293
50 108112
50 111885
46 536
46 3075
46 5016
46 10020
46 15648
46 16163
46 23147
46 24075
46 31543
46 39179
46 40598
46 42363
46 50288
46 53403
46 55557
107 264
107 970
107 2427
107 6285
107 7233
107 9007
107 9293
107 10680
107 11604
107 12088
107 14201
107 14972
107 15412
107 20456
107 21327
107 22565
107 23592
107 23802
107 24943
107 25195
107 25927
107 28299
107 28953
107 29080
107 29117
107 30113
107 30472
107 32567
107 34396
107 34739
107 34964
107 35254
107 35648
107 36535
107 38233
107 38741
107 40297
107 40842
107 41460
107 41485
107 43813
107 44158
107 44464
107 47479
107 48591
107 50083
107 53962
30 66085
30 73438
30 84263
30 88378
30 90785
30 92734
30 106171
30 111849
30 113988
30 116206
30 119815
30 120254
30 129559
56 962
56 2451
56 5233
56 9382
56 9517
56 15489
56 15863
56 16828
56 18070
56 23190
56 24337
56 24869
56 27313
56 35618
56 35666
56 36389
56 37150
56 44348
56 47814
56 52447
56 56904
60 1242
60 3897
60 4604
60 6768
60 7509
60 11227
60 14648
60 15565
60 16250
60 16787
60 19122
60 20081
60 30100
60 31860
60 34486
60 36339
60 36749
60 38948
60 40088
60 40852
60 41642
60 42974
60 43307
60 46304
60 47352
60 48322
60 50410
60 50417
60 50885
60 51715
47 1640
47 9765
47 13183
47 14201
47 15578
47 16368
47 16912
47 21528
47 22704
47 32594
47 33958
47 34988
47 35345
47 45301
47 47810
47 53841
47 55127
46 56845
46 60316
46 62289
46 67656
46 67964
46 72397
46 75767
46 77157
50 113407
50 114841
50 115493
50 116047
50 117854
50 118942
50 122480
50 122544
50 128518
50 129023
50 129919
50 131322
50 134407
50 135181
50 136028
50 137527
50 138844
50 139231
50 142349
50 145326
111 2883
111 4389
111 6064
111 7050
111 7659
111 11890
111 12118
111 13083
111 13179
111 18119
111 18719
111 21777
111 22030
111 22663
111 22727
111 23138
111 23453
111 27974
111 28501
111 31274
111 31509
111 32927
111 33742
111 34685
111 39509
111 41378
111 42997
111 47779
111 48238
111 49801
111 50101
111 50944
111 51774
111 53725
30 135624
30 135781
30 138115
30 141324
30 147467
42 643
42 8163
42 14081
42 15437
42 18315
42 19287
42 20753
42 21495
42 22946
42 24234
42 27165
42 41026
42 45915
21 382
21 5069
21 5523
21 8679
21 9247
21 14306
21 15548
21 16070
21 21258
21 24680
21 28151
21 35221
21 36977
21 38024
21 40251
21 45668
21 48293
21 49870
47 65384
47 67375
110 3240
110 3282
110 3752
110 4951
110 6135
110 6366
110 6546
110 6728
110 6737
110 7263
110 9730
110 13109
110 13607
110 16669
110 17610
110 18045
110 18943
110 19937
110 19951
110 22318
110 23403
110 24611
110 24807
110 25699
110 25731
110 26608
110 27341
110 27534
110 28709
110 30670
110 33956
110 34000
110 36091
110 36179
110 36771
110 39789
110 42728
110 43352
110 43840
110 44181
110 44903
110 45365
110 45907
110 47629
110 48478
110 49589
110 49730
110 50970
110 51098
110 51195
110 51360
110 52620
110 54022
110 54975
110 55442
110 55785
107 57808
107 58468
107 58543
107 58715
107 59241
107 60842
107 61651
107 62990
107 67235
107 77151
107 77745
107 81542
107 81928
107 84108
107 85294
107 86232
107 86795
107 87823
107 87954
107 88849
107 89334
107 90226
107 97812
107 100219
107 100542
42 58216
42 66455
42 68895
42 78372
42 80103
42 82216
42 87574
56 59323
56 61633
56 65792
56 75634
56 82974
56 98933
56 101053
56 101174
56 102550
56 103168
56 105500
56 106708
56 108123
60 55877
60 57309
60 59832
60 63294
60 63884
60 64863
60 64997
60 67877
60 69447
60 69985
60 71222
60 73209
60 75054
60 75128
60 75344
60 75838
60 76496
60 78085
60 78544
60 82178
60 83457
60 85580
60 86971
60 87139
60 88021
60 88307
60 88514
60 88888
60 89165
60 89179
60 91150
60 92290
60 94386
60 94763
60 95450
60 97297
60 98306
60 100701
60 102339
60 103340
96 126
96 159
96 1372
96 1373
96 1562
96 2292
96 2814
96 4326
96 8398
96 10494
96 12144
96 13870
96 17240
96 25661
96 26531
96 27201
96 28045
96 28908
96 29808
96 30715
96 32450
96 33022
96 33783
96 38210
96 38766
96 39843
96 40009
96 43540
96 44691
96 46338
96 47292
96 50840
96 50883
96 51069
96 52185
111 58945
111 58999
111 60748
111 61265
111 62148
111 62292
111 62948
111 63781
111 64303
111 64769
111 67374
111 67947
111 69100
111 69171
111 69252
111 70032
111 70579
111 72703
111 73951
111 74331
111 77431
111 77817
111 78097
111 78301
111 79947
111 80455
111 81244
111 81423
111 81645
111 83282
111 83780
111 85424
111 85555
111 85714
111 87948
111 88367
111 89786
111 90387
111 91484
111 91603
111 91618
111 94318
111 94798
111 95342
111 95416
111 95677
111 98166
111 100022
111 100120
111 104350
111 105685
111 107345
51 2233
51 3411
51 3741
51 4744
51 6916
51 8339
51 9526
51 20543
51 20813
51 20973
51 24677
51 29016
51 29735
51 34439
51 34548
51 37151
51 40433
51 44895
51 46573
51 47312
51 51202
51 56762
31 230
31 3394
31 5020
31 5172
31 5462
31 8137
31 8830
31 9566
31 13773
31 15942
31 19430
31 21949
31 27852
31 30417
31 30489
31 31160
31 41216
31 47283
31 63714
31 64450
21 59944
21 62071
21 63606
21 64566
21 68611
21 73256
21 73334
21 73397
21 74100
21 76120
21 77831
21 81319
21 83628
21 84178
21 91917
21 92120
21 93935
21 95045
21 98319
21 99955
21 101616
21 102734
21 108269
21 109091
21 109232
100 342
100 1095
100 1462
100 3021
100 5169
100 7514
100 8796
100 9615
100 12515
100 12607
100 13918
100 14600
100 17231
100 17408
100 18017
100 18257
100 20314
100 20948
100 23337
100 23452
100 30633
100 35244
100 38055
100 39780
100 40105
100 41267
100 42082
100 42624
100 43095
100 43426
100 44269
100 50708
100 52687
110 58150
110 59195
110 59304
110 62671
110 64783
110 65608
110 72398
110 73092
110 73110
110 73660
110 73925
110 74489
110 76993
110 77275
110 80880
110 82356
110 83584
110 84066
110 86657
110 87225
110 87356
110 88069
110 88777
110 89035
110 89041
110 89444
110 90934
110 91273
110 93386
110 93867
110 94457
110 95382
110 96947
110 97096
110 98550
110 98816
110 98833
110 100507
110 101503
110 104074
122 321
122 975
122 1185
122 1518
122 2755
122 3106
122 3600
122 7692
122 8311
122 9923
122 10421
122 10450
122 10474
122 10961
122 11231
122 13917
122 13958
122 14313
122 15055
122 19439
122 20600
122 24105
122 24232
122 24953
122 25605
122 25645
122 25771
122 26826
122 27593
122 31838
122 32119
122 32651
122 35073
122 35706
122 38102
122 39845
122 41221
122 41336
122 43041
122 47188
122 49498
122 49960
122 50839
122 51560
122 52127
122 55385
60 105445
60 110781
60 111535
60 113608
60 114727
60 118954
60 119037
60 121542
60 125845
60 127701
60 131162
60 131886
60 132202
60 133589
60 134422
60 134603
60 136360
60 137337
60 138196
21 111129
21 113600
21 114013
21 114559
21 118100
21 126909
23 10612
23 12852
23 16421
23 21413
23 23067
23 28812
23 30352
23 34786
23 37696
23 39770
23 41666
23 43341
23 49776
23 58315
23 62988
23 63999
96 54203
96 54814
96 55947
96 56208
96 59019
96 62965
96 63104
96 63353
96 63832
96 64075
96 66512
96 66862
96 67781
96 68548
96 69657
96 70133
96 70474
96 70896
96 75187
96 76484
96 77500
96 78053
96 78836
96 79075
96 81247
96 81513
96 82504
96 87236
96 87292
96 87331
96 88647
96 88737
96 89228
96 89348
96 94137
96 96505
96 98374
96 101702
96 103681
96 104017
51 57666
51 57839
51 59527
51 62782
51 67246
51 67838
51 77790
51 82670
51 83993
51 86859
51 93799
51 94083
51 95442
51 98502
51 99616
51 100658
51 104298
51 104552
51 104702
51 104733
51 105839
51 106797
51 107266
51 111992
51 112815
51 114511
96 107878
96 109793
33 1580
33 4691
33 6895
33 7975
33 10949
33 13500
33 14308
33 14813
33 18304
33 19635
33 20308
33 21919
33 23385
33 23615
33 26328
33 27180
33 30239
33 30880
33 32876
33 38386
33 40096
33 45953
33 48499
33 48571
33 54483
33 58496
33 62874
51 116314
100 54574
100 54979
100 55133
100 56163
100 56792
100 57197
100 59580
100 62309
100 68060
100 68247
100 69484
100 70178
100 71947
100 72095
100 72924
100 78782
100 79203
100 79921
100 81298
100 85641
100 85731
100 85798
100 85940
100 89147
100 92501
100 92646
100 93037
100 93194
100 93257
100 95466
100 100094
100 104371
100 105252
100 105946
100 107018
31 68079
31 74653
31 85010
31 87399
31 91076
31 94127
31 98333
31 99676
31 99754
31 102554
31 114831
31 115495
31 117179
31 124124
31 124996
122 57067
122 58259
122 60795
122 64098
122 64117
122 64276
122 64471
122 73092
122 75072
122 80934
122 83673
122 87681
122 88739
122 89303
122 90802
122 95828
122 96045
122 96311
122 96795
122 97263
122 99024
122 99958
122 100061
122 101022
122 101571
122 101996
122 102496
122 104556
122 105341
122 105705
122 106841
122 107902
122 109492
122 109640
122 112279
32 9546
32 11591
32 12037
32 17337
32 24824
32 28567
32 39838
32 41416
32 44548
32 48745
32 57828
32 58831
61 18
61 502
61 605
61 8703
61 9984
61 12377
61 16522
61 17956
61 19577
61 19852
61 21198
61 21423
61 22578
61 23116
61 24123
61 27528
61 28549
61 28784
61 31496
61 33896
61 34224
61 34252
61 34446
61 35129
61 35775
61 38133
61 38147
61 38782
61 39900
61 42919
61 43249
61 44722
61 44990
61 45734
61 47434
61 47971
61 48555
61 49170
61 51026
61 52897
61 55471
22 93
22 8794
22 14107
22 21244
22 21575
22 22357
22 23348
22 25318
22 25357
22 25948
22 35769
22 37672
22 37920
22 41356
22 41430
22 44227
22 51498
22 53151
22 53529
22 54553
22 55935
22 57195
24 694
24 1473
24 1486
24 8139
24 8765
24 8831
24 13347
24 18460
24 26138
24 30128
24 30797
24 30805
24 34580
24 34953
24 37118
24 39019
24 39673
24 44353
24 45703
24 47609
31 128164
31 128676
31 128935
31 138857
31 141654
31 142257
31 143388
31 152038
31 153867
31 156155
122 114396
122 114429
122 115482
122 117804
122 118016
122 118775
122 119748
122 121732
122 123952
122 124230
122 125606
122 125880
122 127016
122 127894
122 129363
122 134705
122 135370
61 166042
61 166233
61 168281
22 61872
22 63444
22 64583
22 65498
22 67981
36 9837
36 13757
36 13835
36 15133
36 21366
36 27699
36 27949
36 35374
36 38953
36 42215
36 44423
36 45356
36 47059
36 54697
36 60955
36 62967
97 1763
97 4566
97 6964
97 12666
97 13011
97 16341
97 19549
97 21799
97 22323
97 22420
97 22969
97 23099
97 23514
97 26259
97 28476
97 37601
97 37862
97 38296
97 38352
97 40083
97 40798
97 42215
97 43137
97 43761
97 45832
97 45945
97 47674
97 48530
97 50035
97 51567
97 51761
97 53329
97 54373
97 54512
97 54537
33 64451
33 66214
33 66296
33 66514
33 66577
33 74227
33 75666
33 76618
33 79207
33 81836
33 82848
33 84127
33 85331
33 89419
33 93534
33 93785
33 97477
33 98347
33 100747
33 101327
33 103131
33 104911
33 112364
33 113258
33 113764
33 115692
33 121082
33 121516
33 123998
33 124438
33 124897
33 126121
33 126492
33 131570
101 2832
101 5267
101 5352
101 5556
101 5633
101 6695
101 6971
101 7425
101 10577
101 11468
101 12328
101 12655
101 14788
101 15447
101 17887
101 19497
101 19532
101 21209
101 22840
101 27072
101 29097
101 30422
101 32842
101 33413
101 33616
101 37268
101 37742
101 38486
101 40192
101 43110
101 44845
101 48439
101 51571
101 51795
101 52012
101 52496
101 52903
101 53139
101 54492
101 54915
26 5786
26 6737
26 7231
26 7575
26 11575
26 15609
26 22660
26 25023
26 25603
26 35418
26 38134
26 43181
26 47743
26 48855
26 49957
26 51467
26 52152
26 58014
26 64829
32 61916
32 68212
32 72947
32 74346
32 74727
32 76894
32 81829
32 84053
32 88822
32 90133
32 97681
32 99002
32 107206
32 116395
61 60374
61 63284
61 63534
61 64768
61 68403
61 70049
61 70457
61 71903
61 73291
61 73613
61 75437
61 75439
61 75809
61 77160
61 77377
61 79221
61 81681
61 82524
61 83662
61 87717
61 89354
61 90690
61 91883
61 93303
61 93901
61 94148
61 95511
61 97802
61 101476
61 103771
61 105026
61 105216
61 107247
61 107878
33 136535
33 138592
33 145319
33 145572
33 148105
33 151054
62 4554
62 4870
62 7738
62 8294
62 11086
62 11096
62 13301
62 13453
62 13566
62 13818
62 14816
62 15546
62 15575
62 17925
62 18106
62 19763
62 20367
62 20699
62 21612
62 22727
62 24017
62 24484
62 25348
62 27108
62 27252
62 27489
62 28010
62 29077
62 29917
62 31436
62 31740
62 32232
62 32958
62 33188
62 35176
62 35930
62 38912
62 41556
62 42153
62 42196
62 42354
62 42355
62 42390
62 43512
62 43581
62 44956
62 48591
62 48882
62 49740
62 50001
62 50429
62 52840
36 66371
36 67132
36 69540
36 70850
36 71076
36 71843
36 80679
36 80744
36 84368
36 86457
36 87575
36 88863
36 90102
36 90165
36 91962
36 92915
36 94775
36 97855
36 102232
36 102272
36 103814
36 104693
36 105519
36 106887
36 116853
62 53863
62 54500
62 54619
62 55388
62 55839
62 56893
62 57127
62 57341
62 57372
62 57498
62 59109
62 61588
62 62529
62 63550
32 119851
32 124273
32 124447
32 125243
32 135415
32 136135
32 136907
32 137723
32 146036
32 150574
37 439
37 5136
37 7100
37 14574
37 16967
37 17668
37 20212
37 22496
37 30795
37 31799
37 32483
37 33677
37 35109
37 35297
37 37604
37 39891
37 40289
37 43749
37 48382
37 50052
37 52529
37 52936
37 53328
37 57842
37 58236
37 59721
37 59975
37 61526
37 62054
37 63400
37 64700
37 66766
37 69631
97 54794
97 56118
97 56177
97 58167
97 59044
97 59690
97 60250
97 60525
97 61798
97 62230
97 71512
97 73877
97 74427
97 74868
97 75566
97 78282
97 79054
97 79877
97 80290
97 81217
97 83158
97 85093
97 86350
97 87851
97 89788
97 89820
97 89883
97 92257
97 92264
97 94184
97 95374
97 96470
97 97179
97 97744
97 99632
97 102228
97 102416
97 105672
97 108241
27 23630
27 92262
27 113460
27 126472
27 128307
101 55955
101 56595
101 57387
101 57416
101 58963
101 61191
101 61766
101 62513
101 63667
101 66957
101 67613
101 68256
101 69214
101 69631
101 70714
101 71078
101 72269
101 73497
101 74311
101 75611
101 75626
101 75705
101 80843
101 81168
101 81456
101 82220
101 83575
101 83788
101 84044
101 86122
101 87590
101 89583
101 91598
101 93681
101 94563
101 94719
101 95261
101 99292
101 99427
101 100581
101 105826
101 106437
101 108201
97 110363
97 112009
97 115096
97 116473
97 116622
97 117157
101 110752
102 690
102 1497
102 1524
102 1986
102 4016
102 9409
102 9545
102 10338
102 10848
102 15689
102 16096
102 17563
102 20190
102 21707
102 23882
102 26236
102 26666
102 26809
102 27793
102 32774
102 33257
102 37625
102 37794
102 38287
102 39870
102 40330
102 41096
102 41743
102 42555
102 43575
102 43883
102 44693
102 44825
102 45071
102 45968
102 46228
102 47726
102 48867
102 50684
102 51699
102 52776
102 53933
102 54617
102 54851
61 109201
61 109640
61 110270
61 112218
61 113735
61 115667
61 116474
61 119339
61 120830
61 121507
61 121540
61 123085
61 125968
61 127075
61 127966
61 128603
61 129192
61 129705
61 129819
61 130064
61 135564
61 135663
61 137885
61 138634
61 139999
61 140283
61 142185
61 143880
61 145039
61 146229
61 146345
61 147878
61 152262
61 153276
61 153961
61 155192
61 156136
61 156966
61 157288
61 159107
61 159197
61 159956
61 163213
61 163690
28 2132
28 8546
28 37792
28 73852
28 77176
28 83652
28 93666
28 101732
34 30
34 1292
34 1781
34 1791
34 9719
34 18579
34 19993
34 22584
34 22974
34 23833
34 26587
34 31200
34 34563
34 35210
34 37695
34 40075
34 41065
34 45149
34 56106
34 57578
34 59986
34 63168
34 63503
34 69107
34 71027
34 73153
34 75504
34 77419
34 77438
34 79192
103 193
103 1722
103 2961
103 5842
103 7351
103 10106
103 10915
103 16453
103 17474
103 18202
103 18848
103 19369
103 22922
103 24680
103 27397
103 28102
103 28252
103 29808
103 30875
103 34683
103 38275
103 38789
103 40225
103 42562
103 43137
103 47785
63 2397
63 2579
63 3981
63 4525
63 5805
63 6082
63 7412
63 8031
63 8799
63 10407
63 11996
63 12659
63 12675
63 13121
63 17157
63 18134
63 18627
63 19287
63 21572
63 24407
63 24732
63 27007
63 27481
63 28633
63 35583
63 38789
63 39256
63 39733
63 40322
63 40926
63 41550
63 43843
63 45349
63 45667
63 46323
63 46516
63 46722
63 46880
63 49614
63 50783
63 51890
104 2142
104 3288
104 3324
104 3470
104 4316
104 5416
104 8718
104 8904
104 8960
104 12151
104 13154
104 14472
104 15436
104 15452
104 16784
104 18463
104 18835
104 19460
104 20408
104 22353
104 23424
104 23517
104 23826
104 24961
104 26037
104 26606
104 29710
104 30001
104 30594
104 30677
104 32039
104 35770
104 36203
104 44536
104 48484
104 48620
104 48957
104 50312
104 51184
104 54221
99 1221
99 1554
99 2351
99 3742
99 8230
99 9298
99 12293
99 15978
99 16753
99 17825
99 18566
99 21268
99 22591
99 24851
99 24989
99 25107
99 25228
99 32022
99 32830
99 32845
99 33415
99 33460
99 36235
99 36985
99 37895
99 46583
99 47636
99 51235
99 54789
37 79936
37 82490
37 82628
37 93658
37 95820
37 99299
37 104472
37 104585
37 104755
37 105050
37 105615
37 110542
37 112459
37 116289
37 117168
37 117706
37 120193
37 125145
37 126841
37 127919
37 129224
37 129805
37 131763
37 132181
37 133109
37 134700
37 136519
37 137977
64 2814
64 5393
64 5434
64 6193
64 7214
64 7939
64 8514
64 9029
64 10673
64 11096
64 13482
64 13857
64 14665
64 17953
64 18935
64 22974
64 23018
64 23054
64 23110
64 23230
64 24046
64 26209
64 26278
64 26919
64 27093
64 27396
64 28022
64 28955
64 31719
64 33019
64 34360
64 34735
64 34760
64 34853
64 35098
64 35170
64 37602
64 37911
64 39917
64 40818
64 41402
64 42887
64 44528
64 44945
64 46110
64 47010
64 49386
64 49768
64 50464
64 50551
64 50975
102 57513
102 58383
102 61205
102 63535
102 66208
102 66585
102 67751
102 68698
102 71260
102 72170
102 73190
102 77114
102 79220
102 79749
102 79927
102 80783
102 81273
102 82029
102 82216
102 86344
102 89810
102 95330
102 95436
102 96567
102 98332
102 99979
102 102240
102 102751
102 103983
102 104498
102 105883
102 106978
65 13112
65 13939
65 14858
65 15555
65 16141
65 17566
65 18427
65 19292
65 20202
65 22521
65 25213
65 25685
65 29307
65 29484
65 29608
65 30280
65 30857
65 31206
65 31352
65 33838
65 34137
65 34312
65 34879
65 35701
65 36836
65 38147
65 38984
65 39511
65 40282
65 40384
65 40588
65 41086
65 41931
65 44263
65 48159
65 48446
65 48580
65 49003
65 49601
65 50421
65 51762
65 52257
65 52491
65 54345
65 54740
65 57398
65 57981
65 58252
65 59611
65 60606
65 61235
95 1680
95 8143
95 8524
95 9792
95 10164
95 15336
95 19988
95 26516
95 30626
95 31210
95 32844
95 34914
95 35269
95 36054
95 36188
95 42440
95 42458
95 45714
95 46312
95 47496
95 49241
95 50328
99 56403
99 58078
99 59256
99 59807
99 60163
99 63089
99 64342
99 64971
99 65441
99 66234
99 69343
99 69369
38 4717
38 7870
38 8665
38 8718
38 9903
38 20937
38 26157
38 27305
38 27974
38 30248
38 31815
38 33458
38 34626
38 42318
38 43322
38 44794
38 45683
38 46563
38 52139
38 56053
38 56702
38 58917
38 64008
104 55476
104 56511
104 56994
104 57390
104 57838
104 58211
104 62273
104 63349
104 63614
104 64961
104 65501
104 69733
104 73183
104 73198
104 74849
104 75580
104 76041
104 76391
104 77181
104 77891
104 79379
104 79484
104 79778
104 81819
104 88604
104 89861
104 90192
104 95841
104 96172
95 53509
95 56119
95 57767
95 58071
95 58927
95 63145
95 63960
95 65663
95 65757
95 66328
95 66507
95 68176
95 69847
95 70635
95 70726
95 71002
95 73434
95 73823
95 73898
95 78330
95 80265
95 83557
95 83590
103 53288
103 54912
103 61138
103 62960
103 65611
103 67537
103 68535
103 72563
103 73417
103 73442
103 73560
103 75669
103 75766
103 76336
103 84246
103 84355
103 84449
103 85746
103 85749
103 88172
103 92211
103 95068
103 98367
103 99632
103 99869
103 99872
103 99910
103 100082
103 101078
103 101247
103 101789
103 101818
63 53695
63 54760
63 55983
63 56258
63 57237
63 59274
63 59537
63 61323
63 62106
63 62528
63 62813
63 63450
63 63880
63 64271
63 65626
63 71275
63 72143
63 72978
63 73057
63 73059
63 74117
63 75096
63 76178
63 76384
63 77003
63 77040
63 79143
63 80166
63 81991
63 82735
63 82918
63 84044
63 84192
63 87114
63 88100
63 89195
63 89691
63 89958
63 93809
63 97391
63 97636
63 97638
63 98139
63 99851
63 102136
63 104750
34 79903
34 81333
34 83147
34 85777
34 92418
34 93176
34 94392
34 96521
34 98869
34 101151
34 101301
34 102406
34 103959
34 106581
34 108005
34 111547
34 115411
34 115499
34 118119
34 129470
34 134403
34 138823
34 139581
34 140869
34 143401
34 145790
34 146489
34 159100
65 63437
65 64320
65 65837
65 65917
65 73505
65 75425
65 75766
65 76099
65 78360
65 79238
65 81494
65 81759
65 82021
65 82588
65 82766
65 83471
65 86880
65 86952
65 88112
65 90105
65 91332
65 91708
65 92114
65 93786
65 94005
65 94282
65 94355
65 97115
65 97321
65 98520
65 98726
65 100040
65 100161
65 100970
65 101280
65 101315
65 102964
65 103188
65 103637
65 103665
65 104225
65 104381
65 104787
65 107713
65 108543
65 110348
65 112046
65 112496
65 113198
64 53484
64 53600
64 56194
64 61506
64 61870
64 63035
64 63098
64 67923
64 68256
64 68742
64 72604
64 74185
64 75147
64 78254
64 78735
64 79298
64 80525
64 82004
64 82290
64 83556
64 85315
64 86760
64 86975
64 88848
64 89255
64 91444
64 92653
64 94052
64 94609
64 94873
64 94920
64 95701
64 95725
64 95763
64 96068
64 97728
64 99418
64 101947
64 103405
64 104023
34 164330
34 167801
34 173191
34 173860
34 174342
34 174586
34 178124
34 179529
34 180723
34 190982
34 193535
63 106772
63 107142
63 107458
63 107607
63 108341
63 108471
63 108599
63 109624
63 109800
63 110838
63 111474
63 111928
63 112667
63 113511
63 113682
63 114096
63 115719
63 116796
63 118688
63 119799
63 120315
63 122327
63 123470
63 123481
63 123629
63 123636
63 125550
63 126254
63 126857
63 127584
63 130851
63 132025
65 115643
65 118138
65 120037
65 120279
65 121120
65 122281
65 123512
65 124771
65 124805
38 68660
38 72100
38 74271
38 74985
38 77860
38 79096
38 81931
38 85386
38 86844
38 88363
38 91973
38 93521
38 95303
38 112072
38 117803
38 122132
38 122271
38 125552
38 127972
64 104246
64 104515
64 105993
64 106052
64 106095
64 108406
64 110096
64 110496
64 110584
64 111323
64 113075
64 115764
64 116415
64 118261
64 119279
64 119395
64 119508
64 120718
64 121078
64 121740
64 122786
64 123330
64 125203
64 125267
64 125295
38 131149
38 133607
38 134875
