39 7507
39 14148
39 29328
39 33593
39 33922
39 38796
48 3058
48 3180
48 12920
48 37796
48 55414
118 4979
118 5466
118 8356
118 15411
118 15566
118 16648
118 19791
118 25582
118 25897
118 26104
118 26278
118 26561
118 27241
118 27434
118 32920
118 35820
118 36564
118 37480
118 37569
118 38334
118 38503
118 39209
118 39518
118 39550
118 39610
118 39722
118 40947
118 42454
118 43262
118 43695
118 46527
118 47924
118 49250
118 54207
118 55672
19 2292
19 2806
19 18500
19 36747
52 156
52 380
52 23472
52 28406
52 49976
105 795
105 2646
105 3865
105 6578
105 8728
105 9104
105 9308
105 9332
105 10611
105 15635
105 16158
105 16338
105 19478
105 20043
105 20056
105 20641
105 21911
105 22238
105 22904
105 23584
105 23860
105 23999
105 24275
105 24622
105 24773
105 24939
105 26246
105 26913
105 27133
105 29329
105 29334
105 31457
105 31835
105 33727
105 33914
105 36643
105 37582
105 37755
105 38757
105 38983
105 39447
105 42236
105 42321
105 44120
105 44331
105 45429
105 47369
105 48997
105 49576
105 53139
114 1035
114 4888
114 6950
114 7378
114 8015
114 10141
114 14046
114 14060
114 14688
114 15483
114 15548
114 15763
114 18275
114 19912
114 19930
114 21508
114 22701
114 26789
114 26872
114 27228
114 27867
114 30340
114 36986
114 37661
114 37964
114 41755
114 44959
114 46325
114 47625
114 48656
114 48759
114 52470
114 54751
114 55772
114 56139
114 56772
43 8914
43 35958
43 38320
43 41588
54 2645
54 3181
54 21315
54 35795
54 36056
57 6406
57 8248
57 12462
57 24851
57 25759
57 32810
29 5929
29 32879
29 33829
29 52009
29 55884
29 61451
48 88915
40 18680
40 21863
40 22443
40 51702
57 60253
57 70884
57 78989
57 81972
57 83684
114 58023
114 59944
114 60798
114 61190
114 63104
114 63263
114 63696
114 64299
114 64573
114 64980
114 66467
114 67020
114 68289
114 69333
114 69563
114 69617
114 74173
114 75391
114 79692
114 80444
114 80840
114 82099
114 82732
114 83571
114 84591
114 84720
114 86412
114 87044
114 87283
114 88773
114 90667
114 92528
114 92972
114 95638
114 96459
114 96668
114 101277
105 61846
105 62330
105 63037
105 67338
105 69538
105 73680
105 75638
105 75726
105 77170
105 77524
105 78279
105 78815
105 80265
105 80578
105 81318
105 81862
105 82157
105 83815
105 86109
105 87549
105 88407
105 90763
105 90888
105 91739
105 92746
105 94590
105 94619
105 94848
105 95321
105 95907
105 96364
105 97623
105 99647
105 100083
105 100524
52 59564
52 61744
52 63579
52 67246
52 70359
52 82259
52 82413
52 83628
52 92541
52 102488
19 93018
19 101022
19 105633
52 117221
119 4106
119 8162
119 8929
119 9022
119 11585
119 15034
119 15279
119 15368
119 19228
119 23985
119 24150
119 26728
119 30701
119 32815
119 33161
119 33440
119 34319
119 34960
119 40712
119 41130
119 43439
119 45467
119 46333
119 46383
119 47272
119 51110
119 52785
119 54854
119 55845
119 56458
54 60592
54 65279
54 71921
54 73393
54 76885
54 79099
54 85291
54 94608
54 96596
54 101733
54 104272
54 108171
29 79035
29 81785
29 93838
29 105786
29 118419
117 650
117 1492
117 2668
117 2752
117 2939
117 5382
117 6923
117 7097
117 7854
117 8229
117 9497
117 10832
117 13623
117 14094
117 14792
117 15219
117 16301
117 16307
117 17128
117 17691
117 20487
117 20668
117 25213
117 26391
117 28836
117 29447
117 30422
117 31283
117 32888
117 36235
117 36286
117 37043
117 37152
117 38751
117 39427
117 40370
117 40536
117 41202
117 42858
117 44906
117 45775
117 46701
117 50968
117 52059
117 54447
44 1817
44 5031
44 10998
44 53176
44 66482
49 3388
49 16494
49 27210
49 35629
49 49254
117 58863
117 58937
117 59173
117 59462
117 59603
117 60172
117 62131
117 64920
117 65411
117 66037
117 67040
117 68070
117 69725
117 69869
117 72299
117 75967
117 77890
117 79715
117 81159
117 81160
117 82209
119 59757
119 69066
119 70077
119 72255
119 73211
119 77248
119 83715
59 1143
59 1847
59 4056
59 4070
59 5145
59 8431
59 8568
59 11170
59 13297
59 13686
59 14467
59 14932
59 19632
59 25239
59 28239
59 30249
59 30780
59 31495
59 32880
59 34376
59 36333
59 37569
59 39502
59 42782
59 42852
59 43249
59 48792
59 49033
59 49345
59 50278
59 50319
29 124775
29 136087
29 138870
29 145385
29 151745
40 66811
40 93638
40 103751
106 195
106 1178
106 1502
106 5418
106 5433
106 7081
106 8246
106 8491
106 8824
106 10094
106 11770
106 11836
106 16446
106 17626
106 17726
106 17756
106 18845
106 19147
106 19744
106 20487
106 21854
106 21938
106 22635
106 22701
106 23098
106 29923
106 30765
106 31791
106 32230
106 32596
106 33843
106 34158
106 34784
106 35464
106 38002
106 40007
106 41467
106 44945
106 45788
106 46780
106 47112
106 47159
106 47908
106 48490
106 48728
106 50445
106 51765
106 52833
106 54136
106 54850
115 656
115 1979
115 2742
115 4746
115 5293
115 6021
115 8476
115 9973
115 10592
115 12439
115 12923
115 16522
115 22254
115 26184
115 27559
115 27582
115 29938
115 33092
115 34190
115 35257
115 37966
115 39599
115 41083
115 42996
115 44817
115 47613
115 48890
115 50312
115 54267
115 56878
53 860
53 5202
53 20318
53 20967
53 24088
53 30619
53 41363
53 47945
53 53534
40 123105
40 123983
20 17030
20 39414
20 40791
20 43013
20 47785
49 57170
49 58065
49 72094
49 76099
49 80933
55 1796
55 1892
55 12265
55 14420
55 18665
55 22212
55 27139
55 38187
55 38468
55 50842
45 19859
45 31522
45 36213
45 36395
50 2789
50 42806
50 46126
50 46267
50 50914
120 1829
120 4959
120 5724
120 6219
120 11209
120 12494
120 13792
120 14586
120 15462
120 17124
120 17588
120 17682
120 21101
120 21566
120 21860
120 21876
120 23380
120 23965
120 26567
120 30977
120 31173
120 31694
120 36530
120 37684
120 39166
120 40388
120 41870
120 46412
120 46573
120 48585
120 49107
120 50422
120 54003
120 55122
120 56089
120 56129
106 57895
106 60842
106 61516
106 62288
106 63663
106 64076
106 64124
106 64178
106 65401
106 66422
106 67353
106 68644
106 70607
106 72557
106 73166
106 73408
106 73871
106 74072
106 75070
106 75229
106 76784
106 77002
106 78106
106 79398
106 82118
106 82178
106 82357
106 82408
106 84048
106 85792
106 85826
106 87061
106 90448
106 90464
106 90936
106 92944
106 95866
106 96226
106 96548
59 55336
59 58296
59 59711
59 68785
59 70033
59 71157
59 71975
59 72419
59 72669
59 75994
59 81046
59 81290
59 81884
59 82971
59 83049
59 83635
59 86424
59 87744
59 87870
59 91083
59 91281
59 92312
59 92643
59 93540
59 93674
59 94334
59 94394
59 94589
59 98925
59 100918
30 16099
30 42507
30 58388
115 58322
115 59809
115 60314
115 66853
115 67246
115 71953
115 72452
115 72549
115 72966
115 73281
115 79335
115 88335
115 91923
115 94598
115 94786
115 95210
115 97726
115 98439
115 98544
115 99003
115 100121
115 100245
115 101522
115 102811
115 104702
115 107997
115 108303
115 111273
115 111295
115 114744
115 115716
53 76789
53 84054
53 86289
53 91722
53 109559
53 110818
53 115241
59 101400
59 101819
59 101976
59 103018
59 103692
59 104125
59 104695
59 105841
59 106474
59 108735
59 109541
59 109753
59 112478
59 117865
41 6696
41 13125
41 23142
41 26778
20 55873
20 62453
20 84782
20 94391
20 99707
20 100870
20 103121
55 70546
55 94456
55 96881
55 109490
120 57105
120 64017
120 65690
120 65935
120 66718
120 66833
120 70681
120 72331
120 73371
120 76155
120 76238
120 78963
120 81309
120 82629
120 84636
41 56897
20 109759
20 113347
50 64575
50 66289
50 79828
50 84838
50 108112
46 14897
46 39179
46 45056
46 55557
107 264
107 2427
107 7233
107 7390
107 7950
107 8213
107 8329
107 9293
107 11604
107 11789
107 14240
107 14972
107 15300
107 15412
107 15884
107 21327
107 22422
107 23802
107 24943
107 27149
107 28953
107 29437
107 29633
107 30113
107 33331
107 34396
107 34739
107 36535
107 38741
107 41204
107 41460
107 41485
107 41556
107 43813
107 46625
107 47279
107 47479
107 48479
107 52310
107 53006
107 53962
30 66085
30 111849
30 115124
30 127905
30 130507
56 962
56 24337
56 35666
56 37150
56 47582
56 55781
60 1694
60 4585
60 5687
60 6280
60 7494
60 7509
60 8109
60 9010
60 11227
60 13256
60 14648
60 15527
60 15565
60 16787
60 18071
60 18879
60 19403
60 24641
60 29543
60 31150
60 31860
60 32745
60 36186
60 36578
60 38948
60 40521
60 41642
60 42974
60 43307
60 46710
60 46830
60 48322
60 50565
60 51859
47 22704
46 62525
46 68691
46 77157
46 78202
50 122326
50 129919
50 135507
50 139231
50 142349
111 2883
111 4389
111 4621
111 9340
111 11460
111 11890
111 12210
111 12944
111 13179
111 15254
111 17641
111 19295
111 21777
111 22663
111 22727
111 23453
111 26906
111 28798
111 29860
111 31509
111 32927
111 33538
111 33742
111 34838
111 36745
111 38285
111 39162
111 41378
111 41972
111 43634
111 47468
111 47779
111 48238
111 52823
30 147467
42 22946
21 17160
21 25032
21 28151
21 38896
21 45668
21 49870
110 795
110 2649
110 3240
110 3752
110 4951
110 6546
110 6573
110 7263
110 8910
110 9366
110 9730
110 13607
110 15256
110 16648
110 17364
110 19095
110 19951
110 21329
110 22530
110 22756
110 24027
110 24611
110 25699
110 27534
110 27793
110 28856
110 29520
110 29585
110 30363
110 31693
110 33956
110 35469
110 36179
110 36771
110 40901
110 44181
110 44280
110 47629
110 48478
110 48833
110 49730
110 50646
110 51098
110 51195
110 52722
110 54022
110 54975
110 55442
107 55689
107 56072
107 57170
107 57808
107 58724
107 59241
107 60842
107 65589
107 65693
107 66449
107 67063
107 68449
107 71269
107 71924
107 72087
107 76729
107 76780
107 77069
107 77151
107 77745
107 78373
107 80924
107 81489
107 81928
107 83043
107 83343
107 84663
107 86232
107 87823
107 88784
107 88849
107 90243
107 91276
107 95298
107 97348
107 97812
107 99075
107 102761
56 61633
56 75634
56 85268
56 98933
56 103168
56 105500
56 108123
60 53149
60 57200
60 57309
60 57857
60 59832
60 60520
60 60584
60 63294
60 64863
60 67289
60 68222
60 71222
60 71867
60 73209
60 74326
60 75054
60 75128
60 75344
60 75502
60 75838
60 76136
60 76496
60 78085
60 83457
60 85580
60 86659
60 87139
60 88514
60 89431
60 89462
60 89591
60 90041
60 91150
60 92290
60 94386
60 98306
60 102339
60 102756
60 103340
96 159
96 1372
96 1373
96 1375
96 1385
96 1509
96 1562
96 2292
96 2814
96 2857
96 6022
96 9285
96 9423
96 10795
96 12144
96 13870
96 14981
96 16787
96 17240
96 25155
96 26364
96 27201
96 33022
96 33783
96 34039
96 37000
96 37974
96 38210
96 38766
96 39843
96 40009
96 44691
96 45022
96 47292
96 51050
96 51069
96 52185
111 57874
111 58231
111 58945
111 61265
111 62148
111 62292
111 62948
111 64303
111 64769
111 64832
111 67374
111 69171
111 69252
111 70579
111 71655
111 71882
111 76297
111 79687
111 79947
111 81423
111 81495
111 85424
111 85714
111 88367
111 90387
111 91154
111 91603
111 92714
111 94318
111 94434
111 94653
111 95416
111 95677
111 98412
111 99211
111 100022
111 100095
111 100120
111 101478
111 102409
111 104350
51 20543
51 20973
51 32833
51 46573
51 47678
51 51202
51 54396
31 5172
31 9566
31 12290
31 18093
31 31160
31 41216
31 62869
31 62890
21 63606
21 76120
21 83349
21 94125
21 100284
100 1095
100 1157
100 1462
100 3021
100 3983
100 5169
100 5393
100 6810
100 8796
100 9863
100 10300
100 10356
100 12607
100 15642
100 19832
100 20314
100 20667
100 20948
100 23452
100 24688
100 25431
100 27346
100 32412
100 38182
100 39612
100 39780
100 40427
100 41267
100 41466
100 42624
100 43200
100 44017
100 44269
100 44910
100 46186
100 49135
100 49491
100 49822
100 50708
100 52687
110 57263
110 57569
110 58150
110 59195
110 59604
110 61976
110 63103
110 65709
110 67360
110 72398
110 72861
110 73660
110 73907
110 74489
110 86657
110 88069
110 88777
110 89444
110 89766
110 91273
110 93867
110 98550
110 98816
110 98833
110 99973
110 100036
110 101503
110 101887
122 1518
122 2755
122 8311
122 9923
122 10421
122 10450
122 10961
122 11581
122 12616
122 12868
122 14313
122 17709
122 20600
122 23087
122 24232
122 24953
122 25645
122 25771
122 27593
122 27758
122 32119
122 34737
122 35073
122 35706
122 37959
122 38102
122 39845
122 40444
122 43280
122 47188
122 50839
122 55385
60 105262
60 105732
60 105779
60 107138
60 108755
60 108776
60 110781
60 111535
60 121012
60 121542
60 123221
60 125845
60 127657
60 127701
60 127994
60 131162
60 132202
60 134422
60 134603
60 134892
60 137105
60 137337
23 38134
23 63999
96 56838
96 61749
96 62965
96 64815
96 66512
96 67781
96 68028
96 69376
96 69419
96 70689
96 70896
96 77472
96 77850
96 78836
96 79075
96 81247
96 83166
96 88647
96 96505
51 57666
51 62782
51 74559
51 79537
51 104552
51 104702
51 104733
51 114511
96 107943
96 108035
96 109793
33 20308
33 23615
33 27180
33 34000
33 50836
33 62874
100 54574
100 54979
100 57197
100 58911
100 59580
100 60199
100 62309
100 68247
100 70178
100 71947
100 73199
100 77552
100 78447
100 79203
100 80745
100 84072
100 85798
100 87853
100 89147
100 91523
100 95263
100 95466
100 98724
100 100094
100 102082
100 105252
31 79181
31 119577
31 124124
122 61235
122 62103
122 64098
122 64117
122 64471
122 66472
122 69422
122 69471
122 73092
122 73281
122 74315
122 77138
122 79882
122 80491
122 82278
122 84805
122 87681
122 88069
122 89303
122 90802
122 92025
122 95134
122 96311
122 97491
122 98047
122 99024
122 99593
122 102906
122 104556
122 104755
122 106841
122 109492
122 109640
32 5520
32 11591
32 17337
32 34850
32 36309
32 44548
32 56125
32 57828
32 58831
61 18
61 650
61 927
61 6255
61 7394
61 8703
61 9095
61 9784
61 12377
61 13081
61 15472
61 16522
61 17956
61 19828
61 22020
61 24123
61 26707
61 27528
61 28549
61 28784
61 31496
61 34446
61 35129
61 35430
61 37247
61 37683
61 38133
61 38147
61 38258
61 38782
61 39338
61 39900
61 40257
61 42850
61 45796
61 47434
61 47959
61 48555
61 49170
61 49728
61 51026
61 53655
61 54563
22 93
22 14107
22 19274
22 25318
22 41356
22 53529
24 8139
24 23483
24 30128
24 45703
31 128935
31 142257
31 143388
122 113904
122 114396
122 114429
122 116258
122 118016
122 118423
122 118784
122 121732
122 123233
122 123952
122 126703
122 127894
122 131227
122 131416
122 134705
122 135352
122 135472
122 139771
122 141874
122 141964
122 142648
122 146469
61 164643
61 164728
61 165167
61 166042
22 64602
36 13835
36 44423
36 45356
36 47059
36 57272
36 60955
97 6873
97 6964
97 7233
97 10606
97 12666
97 13005
97 16773
97 18506
97 22559
97 22969
97 23099
97 24502
97 26155
97 26259
97 28476
97 37862
97 38352
97 40020
97 40116
97 40798
97 42215
97 43761
97 44577
97 45029
97 45945
97 46059
97 49377
97 50035
97 51761
97 52659
97 52842
97 54373
97 54389
97 54512
33 66514
33 76618
33 81491
33 98347
33 121082
33 123998
101 1872
101 4655
101 4882
101 5633
101 6616
101 6695
101 6971
101 10577
101 11468
101 12328
101 12655
101 15447
101 17969
101 17973
101 20045
101 21209
101 27072
101 29820
101 30422
101 32428
101 33616
101 36645
101 37268
101 37742
101 37957
101 38486
101 38713
101 40192
101 44492
101 44845
101 48515
101 50140
101 50435
101 52496
101 52903
101 53139
101 53342
101 53604
101 53727
101 54915
101 54952
26 25023
26 44635
26 64829
26 68984
32 62518
32 68212
32 74727
32 90133
32 97681
32 114234
61 58165
61 59981
61 60495
61 61222
61 63284
61 68403
61 70049
61 70127
61 71619
61 75439
61 75530
61 75753
61 77377
61 81681
61 87814
61 90690
61 93901
61 94148
61 95511
61 95660
61 98370
61 98850
61 101476
61 103771
61 105673
61 107878
33 151054
62 7738
62 8294
62 8465
62 10998
62 11096
62 12314
62 12790
62 12964
62 13453
62 13763
62 13818
62 14816
62 15399
62 15546
62 16479
62 17810
62 17925
62 21381
62 21612
62 24017
62 24484
62 25348
62 26447
62 28010
62 29749
62 29917
62 31740
62 32232
62 33188
62 35930
62 36450
62 38912
62 39172
62 42385
62 42840
62 44956
62 46926
62 49038
62 49572
62 50453
62 51620
62 52225
62 52840
36 67132
36 71843
36 80744
36 84368
36 90102
36 92915
36 103032
36 103814
36 105519
36 116853
62 54500
62 55839
62 57372
62 59109
62 61588
62 61812
62 62513
62 62529
32 135415
32 139882
37 22496
37 31799
37 55970
37 59721
97 56118
97 59044
97 59332
97 59690
97 60250
97 60496
97 61123
97 61798
97 62230
97 62986
97 69872
97 71333
97 71777
97 74427
97 78282
97 78881
97 79743
97 79877
97 80290
97 81217
97 83025
97 83158
97 83714
97 87664
97 89474
97 89788
97 89883
97 92264
97 92913
97 93449
97 94341
97 95424
97 97179
97 97610
97 97744
97 100647
97 101275
97 102416
97 105672
97 108241
27 7805
101 55955
101 56683
101 57304
101 58963
101 59895
101 61191
101 61766
101 62513
101 63667
101 63873
101 66957
101 67613
101 68256
101 69631
101 71990
101 73497
101 73888
101 74311
101 75611
101 75626
101 75705
101 80322
101 81456
101 83696
101 86122
101 89583
101 91598
101 93681
101 93769
101 96195
101 99055
101 99427
101 100581
101 102197
101 102353
101 102690
101 105826
101 106437
101 108201
97 110363
97 112595
97 112600
97 112922
97 115096
97 116073
97 116473
97 117157
97 117276
97 117609
101 110752
102 690
102 1524
102 3257
102 4016
102 4899
102 9345
102 10848
102 14433
102 17563
102 23906
102 25027
102 26236
102 26411
102 26666
102 26809
102 27065
102 27793
102 28472
102 29391
102 35267
102 37625
102 40258
102 40330
102 41743
102 43575
102 44778
102 45071
102 45968
102 46228
102 47726
102 48554
102 48779
102 51082
102 52776
102 54559
102 54617
102 54851
102 55137
61 108913
61 110094
61 110270
61 115667
61 117121
61 117723
61 124163
61 125456
61 125968
61 127966
61 128202
61 128603
61 129192
61 129705
61 130064
61 130131
61 131088
61 133121
61 135564
61 137373
61 139556
61 139999
61 140283
61 141572
61 145039
61 146345
61 147878
61 148171
61 149390
61 151111
61 152262
61 153303
61 156136
61 157288
61 158097
61 159107
61 159197
61 159956
61 162410
61 163690
28 2132
28 85097
28 101732
34 3484
34 20600
34 40778
34 45149
34 57578
34 59986
34 71027
103 523
103 929
103 1887
103 2571
103 2961
103 5842
103 5887
103 6877
103 7223
103 7520
103 10106
103 10184
103 12207
103 16453
103 17474
103 19369
103 20224
103 22875
103 22922
103 27397
103 28096
103 28203
103 28252
103 29483
103 32331
103 40225
103 40940
103 41779
103 42766
103 42938
103 43137
103 47104
103 47785
103 49078
103 49324
63 2397
63 2668
63 5805
63 8799
63 12659
63 12844
63 13121
63 14253
63 17157
63 18134
63 18627
63 19682
63 24350
63 27481
63 28326
63 28647
63 30699
63 31136
63 33525
63 35364
63 35583
63 39256
63 40239
63 40926
63 41550
63 43495
63 45349
63 46516
63 46880
63 48278
63 51890
104 513
104 3770
104 4316
104 4966
104 8718
104 9801
104 12151
104 13154
104 14472
104 15436
104 15667
104 17600
104 19846
104 21182
104 21644
104 22353
104 23826
104 24735
104 26037
104 29710
104 30594
104 30677
104 31178
104 35825
104 36203
104 39593
104 41547
104 41993
104 46669
104 47593
104 48416
104 48620
104 48836
104 48945
104 48957
104 49061
104 50312
104 50794
104 53520
104 54221
99 668
99 1221
99 1649
99 5841
99 8230
99 8797
99 10468
99 11599
99 18390
99 18564
99 18566
99 18956
99 21480
99 23579
99 24080
99 24851
99 27084
99 27538
99 31771
99 32830
99 32845
99 33398
99 33415
99 36051
99 37895
99 40494
99 41000
99 41884
99 42449
99 46583
99 47636
99 49802
99 51622
99 52354
37 73283
37 79936
37 82490
37 95820
37 98155
37 104472
37 105825
37 110851
37 129805
37 133109
37 134700
37 136435
37 137977
64 2408
64 4244
64 7214
64 7939
64 8514
64 9475
64 10095
64 10673
64 14339
64 14682
64 17953
64 20454
64 20665
64 21350
64 23054
64 24981
64 26209
64 27396
64 28955
64 31737
64 33470
64 34735
64 35504
64 37602
64 37670
64 40818
64 41402
64 42887
64 44087
64 44528
64 44945
64 46110
64 47010
64 49233
64 50975
102 55938
102 55980
102 57513
102 57741
102 58383
102 59666
102 60297
102 60357
102 61205
102 63326
102 63535
102 65006
102 66055
102 66208
102 66427
102 67751
102 68698
102 70737
102 72170
102 73529
102 80452
102 80783
102 81337
102 81684
102 82029
102 82216
102 86006
102 87734
102 89810
102 92358
102 94271
102 96567
102 96991
102 99979
102 102751
102 103983
102 104498
102 105883
102 106499
65 13939
65 14858
65 15555
65 16141
65 16234
65 17566
65 18427
65 18903
65 19292
65 19543
65 22521
65 22613
65 23744
65 25812
65 27633
65 29307
65 29608
65 30280
65 30857
65 31206
65 33793
65 34137
65 34312
65 35211
65 35701
65 36836
65 38984
65 39185
65 39511
65 40588
65 46320
65 47058
65 47159
65 47407
65 48159
65 48580
65 49601
65 50909
65 51369
65 52197
65 53473
65 54740
65 57981
65 60102
65 61798
95 1362
95 1680
95 1770
95 9792
95 10164
95 10491
95 12444
95 14154
95 15336
95 16007
95 19988
95 26516
95 26991
95 27624
95 28183
95 30626
95 31210
95 31508
95 32844
95 34914
95 35527
95 36054
95 36188
95 42328
95 42440
95 42458
95 45714
95 49241
95 50040
95 50328
95 52207
99 56403
99 56658
99 58078
99 58899
99 63089
99 64342
99 64577
99 64971
99 65441
99 66131
99 68214
99 69369
99 69575
38 5253
38 20937
38 24867
38 26434
38 26652
38 27305
38 31815
38 37070
38 64008
38 64852
104 56994
104 57390
104 57838
104 58211
104 62011
104 63614
104 64218
104 65501
104 66221
104 67584
104 69733
104 73198
104 74787
104 74849
104 75580
104 76061
104 77006
104 77181
104 77640
104 79484
104 79778
104 81078
104 81819
104 82647
104 88604
104 91705
104 92320
104 92774
104 94808
104 95002
104 95448
95 53509
95 54116
95 56119
95 56494
95 57057
95 57800
95 63526
95 63960
95 65757
95 68176
95 68814
95 69847
95 69930
95 71002
95 71570
95 73434
95 73823
95 74924
95 78330
95 80265
103 53288
103 54912
103 62599
103 62684
103 63792
103 65611
103 69319
103 69563
103 69800
103 73442
103 74205
103 75766
103 77507
103 80319
103 80585
103 80951
103 83073
103 84246
103 84336
103 84355
103 84449
103 84695
103 85746
103 88172
103 88384
103 96645
103 96652
103 97009
103 99869
103 99872
103 100082
103 101078
103 101247
103 101789
103 103156
63 53148
63 54760
63 55983
63 56258
63 56542
63 61773
63 62106
63 62271
63 63171
63 63880
63 66123
63 66769
63 69201
63 69460
63 70517
63 71143
63 71559
63 73057
63 74117
63 77040
63 78747
63 80664
63 81991
63 82130
63 83828
63 83838
63 88100
63 89178
63 89691
63 89865
63 91296
63 92263
63 92688
63 93199
63 93510
63 94145
63 94502
63 99313
63 100673
63 104087
63 104740
34 89678
34 107741
34 108005
34 115411
34 120233
34 141230
34 150609
65 63301
65 64320
65 67366
65 69653
65 70037
65 70999
65 71697
65 73505
65 74115
65 74138
65 75766
65 77055
65 78360
65 79176
65 81759
65 82217
65 82711
65 84775
65 86242
65 86880
65 86952
65 88112
65 91332
65 91708
65 92114
65 92510
65 94000
65 94282
65 95839
65 96103
65 97115
65 97321
65 97629
65 98413
65 98520
65 99410
65 101280
65 103665
65 103812
65 107767
65 107836
65 108543
65 110348
65 110466
65 112046
65 112496
65 113040
65 113139
65 113198
64 53484
64 61870
64 63098
64 63315
64 63995
64 64814
64 64847
64 71568
64 72045
64 72604
64 72682
64 76352
64 76782
64 82004
64 84136
64 86760
64 86975
64 88425
64 88593
64 89548
64 91056
64 92653
64 94052
64 94083
64 94920
64 95284
64 95701
64 95763
64 97268
64 99418
64 102441
64 103015
34 164334
34 166752
63 106208
63 106573
63 106795
63 107142
63 109624
63 112454
63 113511
63 114096
63 115719
63 117935
63 118793
63 119781
63 120315
63 120631
63 123629
63 123669
63 125226
63 126857
63 128601
63 129110
63 129700
63 130221
63 131421
65 115472
65 115643
65 120037
65 121120
65 122091
65 122464
65 123512
65 124771
38 65854
38 74985
38 79096
38 79426
38 91973
38 93521
38 104720
38 107183
38 117803
64 104128
64 105993
64 106052
64 106095
64 106865
64 108406
64 109247
64 110584
64 111323
64 114412
64 114419
64 116415
64 117567
64 119395
64 119508
64 122353
64 122786
64 123330
64 124231
64 125203
64 125267
64 125295
38 131149
38 134875
