39 1595
39 6300
39 6732
39 8002
39 27379
48 327
48 30922
48 39205
118 6236
118 45925
118 48820
118 53478
19 2101
19 17335
19 24610
19 26416
19 30688
19 31628
19 32414
19 36409
19 38167
19 40132
19 46907
52 2640
52 4335
52 11480
52 31699
52 34598
52 49710
52 51566
105 12824
105 33661
105 43597
105 45339
105 46029
105 46997
118 55990
114 1661
114 7750
114 10602
114 17750
114 41353
114 50812
43 5764
43 7719
43 18318
43 18505
43 28729
43 41544
43 53205
54 1682
54 2496
54 8522
54 9078
54 12791
54 14137
54 24375
54 31449
54 34006
54 43042
54 55825
54 57764
57 1445
57 3712
57 7772
57 16101
57 16908
57 21527
57 23802
57 30775
57 40653
57 46578
57 50713
57 51469
57 52335
29 27799
29 50707
29 62811
43 66148
43 66429
48 69958
48 71718
48 75765
48 79999
48 84432
48 89898
40 3559
40 6332
40 9569
40 14026
40 21342
40 23479
40 28318
40 44842
40 51086
40 56606
40 59468
57 81009
57 92723
114 78337
114 86403
114 96758
114 96830
105 57264
105 66460
105 72812
105 74846
105 76274
105 85187
105 96151
105 97866
105 99745
52 59424
52 63312
52 64309
52 68843
52 71775
52 73158
52 81368
52 83323
52 84788
52 85191
52 87018
52 88200
52 91694
52 94477
52 97131
19 62451
19 62791
19 62837
19 85577
19 90853
119 1261
119 9884
119 22414
119 30870
119 43417
119 46709
119 58062
54 73030
54 74458
54 85120
54 89562
54 92302
54 92628
54 111959
29 72404
29 81382
29 86468
29 87628
29 91224
29 100544
29 107274
29 116358
29 117506
117 10795
117 11593
117 38836
117 46771
54 121909
44 8715
44 29353
44 31654
44 33173
44 39773
44 50927
44 57495
49 31974
49 34097
49 34336
49 36643
49 38070
49 42027
49 54393
49 54855
117 56602
117 60935
117 62638
117 66157
117 78966
119 65188
119 71814
119 74576
119 74919
119 78610
119 84147
59 2299
59 20587
59 25596
59 45421
59 47549
59 47757
29 158845
29 158909
40 62700
40 67924
40 71055
40 80413
40 87721
40 90980
40 91183
40 100503
40 104247
40 110660
40 115917
40 116773
106 667
106 8074
106 9086
106 10052
106 18640
106 22773
106 40941
106 42307
115 65
115 2007
115 30769
115 34617
115 35252
115 39842
115 45676
115 50960
53 4738
53 23397
53 35437
53 37792
53 39431
53 49316
53 53149
40 123100
40 127806
20 5591
20 13417
20 14754
20 14821
20 41249
20 44707
20 50514
49 82227
49 86915
49 86994
55 2100
55 2310
55 3547
55 9704
55 9774
55 12159
55 31363
55 39039
55 40146
55 40568
55 40945
55 47476
55 51149
55 56309
45 5065
45 5275
45 13016
45 19571
45 22443
45 44059
45 47783
45 53955
50 10553
50 13333
50 24683
50 25578
50 28890
50 29355
50 30591
50 32591
50 42739
50 54080
120 586
120 1854
120 20236
120 30966
120 31400
120 35952
120 36376
120 43570
120 47284
45 58663
45 61537
106 61276
106 61874
106 64811
106 66064
106 67561
106 70801
106 70807
106 75475
106 78834
106 79953
106 92313
106 96374
106 100589
106 100787
59 96290
59 97108
59 98106
30 15362
30 24949
30 32627
30 38587
30 53610
115 58233
115 58329
115 63544
115 65625
115 72536
115 88543
115 91917
115 98539
115 109594
115 114130
53 60659
53 88881
53 97141
53 106008
41 14311
41 33974
41 40857
41 41123
41 49611
41 55668
20 54894
20 70829
20 76198
20 78416
20 82529
55 69564
55 73325
55 82882
55 83477
55 89553
55 110814
120 72590
120 74530
120 83785
20 115760
50 64064
50 68914
50 77123
50 77445
50 83510
50 97408
50 100882
50 108397
50 110305
46 6254
46 8024
46 11143
46 14370
46 31165
46 31808
46 41262
46 46107
46 46690
46 52443
107 1077
107 1516
107 3477
107 4672
107 7204
107 20218
107 20668
107 20782
107 25926
107 32542
107 34448
107 35083
30 68834
30 77733
30 81242
30 91125
30 92029
30 109843
30 111996
56 2390
56 14455
56 28731
56 32016
56 34320
56 43917
56 45434
56 52247
60 54
60 8553
60 12694
60 16376
60 22927
60 31346
60 32495
60 38431
60 42148
60 48471
47 2574
47 6018
47 7307
47 25819
47 26753
47 35656
47 42294
47 42423
47 44270
47 47754
47 53500
47 53582
47 54662
47 55331
46 57801
46 69021
46 70269
46 71789
50 113714
50 115119
50 117957
50 124017
50 124682
111 2450
111 8955
111 9327
111 18409
111 28999
111 29891
111 30526
111 33449
30 137364
30 141013
30 147237
42 3391
42 25185
42 28321
42 42182
42 57522
21 2986
21 5948
21 12547
21 14946
21 15911
21 21857
21 34071
21 34239
21 40737
21 41336
21 42089
21 44532
21 45953
21 50268
47 57324
110 2292
110 3901
110 11919
110 23705
110 31780
110 35896
110 44405
110 55054
107 58681
107 60719
107 90849
42 57916
42 59796
42 61074
42 70943
42 76478
42 83288
56 60275
56 64728
56 65355
56 67297
56 72059
56 77093
56 101425
56 101720
60 63104
60 69974
60 74452
60 80377
60 80805
60 85042
60 89887
60 90302
60 97962
96 2475
96 9179
96 14068
96 28450
96 38818
96 49643
96 50358
111 56039
111 60646
111 67871
111 68121
111 83931
111 97736
111 104420
111 106589
51 27554
51 28018
51 31195
51 42914
51 46441
51 51861
31 5368
31 14440
31 17556
31 27406
31 53341
31 54329
31 55555
31 63932
21 68689
21 71616
21 76873
21 79335
21 86985
21 89661
21 92673
21 94200
21 99345
21 100012
100 1299
100 5313
100 12958
100 38849
100 52457
100 52627
110 60784
110 68794
110 76948
110 78108
110 79021
110 79028
110 86615
110 92217
122 8575
122 19304
122 30211
122 34258
122 40650
122 44076
122 46173
122 51802
60 105534
60 108015
60 122223
60 127317
60 128283
60 130085
60 137984
21 113176
21 116900
21 117208
21 117783
21 124084
23 8518
23 16847
23 19154
23 40782
23 57191
23 58315
23 58472
23 65817
23 69402
96 53957
96 59952
96 64755
96 76183
96 87414
96 99604
96 102997
51 74866
51 85527
51 97908
51 108583
51 109477
51 111356
51 112088
51 114879
96 109130
33 1118
33 6055
33 15158
33 18286
33 44311
33 44436
33 51727
33 61093
51 117594
100 63025
100 64934
100 65800
100 66416
100 82948
100 90218
100 96021
100 101112
31 67788
31 69382
31 89559
31 98350
31 99638
31 103764
31 115417
31 119240
122 58410
122 60511
122 65201
122 75149
122 78471
122 85973
122 93001
122 99994
122 101064
122 104295
32 1556
32 5000
32 6390
32 8642
32 11438
32 19380
32 20262
32 24744
32 41825
32 52501
32 54015
61 15555
61 16918
61 20575
61 25345
61 27237
61 29104
61 39608
61 43841
61 54612
22 9941
22 13213
22 14046
22 26522
22 27395
22 31500
22 32996
22 41418
22 45986
22 54187
24 2776
24 12781
24 39683
24 40306
24 43624
24 47187
31 132668
31 138924
122 123377
22 64028
22 71240
22 71288
22 71631
22 75867
36 19
36 3516
36 7611
36 16075
36 25531
36 40280
36 47096
36 48046
36 50800
36 53350
36 54299
36 57982
36 61334
36 61695
97 1196
97 1363
97 3275
97 13497
97 25982
97 30581
97 32332
97 32469
97 33783
97 35285
97 42953
97 48021
97 50646
97 53102
33 69223
33 79560
33 94565
33 96114
33 112136
33 119304
33 119989
33 120303
33 131542
101 2361
101 5008
101 10492
101 13447
101 19259
101 35369
101 35616
101 36770
101 49252
101 53516
101 55517
26 8614
26 11663
26 20613
26 24434
26 30370
26 39429
26 39809
26 43577
26 51086
26 59016
32 62369
32 63945
32 70220
32 82262
32 90401
32 90964
32 102841
32 104879
61 57930
61 60632
61 65041
61 66176
61 66306
61 68475
61 69007
61 71541
61 75693
61 77804
61 88453
61 99033
61 106918
33 139562
62 2913
62 3587
62 5252
62 9688
62 18911
62 26003
62 27452
62 30383
62 37159
62 37299
62 44331
62 49200
62 49588
36 77277
36 77398
36 77509
36 82194
36 98890
36 109013
36 112623
36 116785
62 59130
62 60573
62 62380
32 132480
32 141750
32 144591
37 3321
37 12142
37 16395
37 21800
37 27183
37 32805
37 34092
37 61801
37 67474
37 70298
97 55920
97 61437
97 66031
97 68649
97 81246
97 83585
97 84497
97 88156
97 93722
97 94179
27 7178
27 13352
27 36516
101 56225
101 62046
101 63602
101 68488
101 69031
101 73655
101 81348
101 82613
101 89784
101 93161
101 95599
101 97492
101 109206
101 111733
101 112808
101 113925
102 11748
102 15454
102 19930
102 21067
102 26249
102 32001
102 33291
102 35030
102 49557
102 51593
102 52279
102 54169
102 54460
102 54728
61 112232
61 119015
61 119718
61 128897
61 145031
61 145958
61 147501
61 150782
61 154624
28 9678
28 72657
28 84887
34 19991
34 30258
34 30425
34 34333
34 38587
34 44873
34 61758
34 68193
34 78531
103 3088
103 5852
103 10226
103 13724
103 15300
103 25685
103 25820
103 46523
63 2195
63 8082
63 9215
63 25613
63 34563
63 37780
63 40266
63 41839
63 47130
63 49855
104 5278
104 8354
104 15551
104 26435
104 37732
104 46101
104 46941
104 53189
99 2869
99 13893
99 15693
99 42070
99 46384
99 54948
37 78107
37 97151
37 99411
37 105390
37 105617
37 110650
37 113848
37 121098
37 122494
37 124518
37 128549
37 129468
64 5275
64 14701
64 24469
64 26286
64 28470
64 38849
64 39235
64 39294
64 39604
64 40203
64 48442
102 63322
102 76817
102 79748
102 79814
102 86794
102 104383
102 106229
65 22559
65 23612
65 23888
65 29089
65 33201
65 41435
65 46388
65 51409
65 55077
65 55684
95 2144
95 5861
95 16040
95 25242
95 30436
95 34605
95 39570
95 47016
95 47151
99 69561
38 2318
38 12521
38 13917
38 25172
38 25540
38 33429
38 48987
38 60511
38 60796
38 62784
104 61967
104 67286
104 67981
104 69301
104 72420
104 76394
104 76596
104 87345
104 91301
104 95473
104 96662
95 54961
95 58663
95 60695
95 60802
95 68225
95 71407
103 56787
103 56795
103 57012
103 59137
103 64066
103 65268
103 67976
103 84254
103 97285
103 98650
103 103075
63 60236
63 77702
63 79725
63 81860
63 91549
63 93848
63 100133
63 102568
63 104251
63 105284
34 84130
34 97826
34 98004
34 106646
34 106874
34 133098
34 159035
65 66630
65 84204
65 86472
65 109565
65 109967
65 113411
64 55184
64 58543
64 69065
64 71170
64 72287
64 75124
64 78619
64 81500
64 102042
34 168048
34 169910
34 186921
63 109536
63 111934
63 112420
63 118656
63 118754
63 122998
63 123683
63 129932
63 133990
63 134230
63 134374
65 117358
65 118047
65 122848
38 65747
38 68450
38 79149
38 86597
38 93686
38 94445
38 96011
38 98761
38 110278
38 122914
38 124280
38 127625
64 111961
38 131046
38 131359
38 137342
38 137895
