66 4079
66 4716
66 5892
66 24205
66 24488
66 29998
67 6740
67 17961
67 19067
67 19141
67 20845
67 22570
67 25236
67 27562
67 33069
67 34402
67 38550
67 42504
67 46333
67 47139
67 50569
67 60775
67 63710
67 68650
67 69591
67 81138
69 828
69 940
69 3524
69 32847
69 34950
69 42333
69 43555
69 47128
69 54271
69 63492
69 64615
69 65546
69 71027
69 86169
69 86620
69 87812
69 88639
69 89584
69 91254
69 98469
69 101980
69 107371
69 136230
69 139749
69 141499
69 146403
69 148991
69 155479
69 155912
69 159608
69 163685
69 166347
69 169501
69 180997
69 181358
69 182538
69 183029
69 184061
69 185696
69 191644
69 193611
69 195472
70 12781
70 24200
70 28428
70 41074
70 56959
70 90493
70 99870
70 101511
70 104915
70 105809
70 121384
70 121848
70 128893
70 129825
70 133222
70 140026
70 153580
70 155008
70 166796
70 168451
70 176859
70 179376
70 194122
70 195852
70 205667
70 207035
70 208751
70 224276
