66 116
66 510
66 2375
66 2444
66 2562
66 4176
66 4283
66 4948
66 5023
66 5537
66 5843
66 6272
66 6692
66 7493
66 7969
66 9251
66 10434
66 11126
66 11452
66 11693
66 12629
66 12822
66 12966
66 13637
66 14609
66 15686
66 17157
66 17444
66 18149
66 18328
66 19066
66 19759
66 19907
66 20873
66 21825
66 22146
66 23119
66 23540
66 23674
66 25920
66 25935
66 26659
66 26711
66 26802
66 27051
66 27653
66 28137
66 29588
66 30135
66 30843
66 31054
66 31667
66 31825
66 31945
66 31969
66 32161
66 32594
66 33749
66 34007
66 34483
66 34778
66 35610
67 60
67 140
67 274
67 904
67 1385
67 1961
67 2926
67 3952
67 4599
67 5371
67 6327
67 6331
67 6962
67 7033
67 7644
67 7654
67 7682
67 8958
67 9415
67 10221
67 10968
67 11435
67 11792
67 11892
67 12097
67 12554
67 13261
67 13654
67 13892
67 14246
67 15190
67 15924
67 16012
67 16146
67 16379
67 16817
67 17698
67 17754
67 17884
67 19015
67 19215
67 19467
67 19555
67 19639
67 20862
67 20912
67 21615
67 22449
67 22661
67 22729
67 22762
67 23451
67 23802
67 25149
67 25405
67 25763
67 26986
67 27065
67 27454
67 28105
67 28860
67 29434
67 30319
67 30576
67 30834
67 30891
67 30949
67 31683
67 31687
67 32180
67 32478
67 32525
67 32636
67 33137
67 33314
67 33352
67 33750
67 34509
67 34606
67 35946
67 39385
67 39562
67 39807
67 40713
67 41386
67 41816
67 41855
67 42411
67 42526
67 42632
67 42766
67 43741
67 43919
67 44783
67 45012
67 45554
67 47751
67 48395
67 49373
67 49433
67 49458
67 49690
67 50347
67 50811
67 51368
67 53116
67 53211
67 53576
67 54207
67 54626
67 54641
67 54986
67 55042
67 55685
67 55721
67 55855
67 56323
67 56737
67 57401
67 57450
67 58370
67 59336
67 59585
67 59779
67 60258
67 60587
67 60775
67 60986
67 61312
67 61924
67 62154
67 62553
67 62716
67 62938
67 63753
67 64720
67 65002
67 65336
67 65483
67 65618
67 66028
67 66543
67 66559
67 67723
67 67947
67 68376
67 68420
67 68520
67 70397
67 70757
67 71385
67 71593
67 71832
67 72294
67 72374
67 72492
67 72502
67 72995
67 73095
67 73391
67 73697
67 73703
67 75309
67 75948
67 76193
67 77986
67 78215
67 78346
67 78392
67 79505
67 80010
67 80043
67 80290
67 80452
67 80580
67 83107
67 83161
67 84022
67 84229
67 84232
67 84804
67 85229
67 85250
67 88056
67 89440
67 89606
67 90980
67 91660
67 92287
67 93035
67 93054
67 93158
67 93770
67 94501
67 95425
67 95896
67 96609
69 466
69 863
69 878
69 1566
69 1728
69 4499
69 4969
69 5953
69 6364
69 7756
69 8059
69 8948
69 9121
69 9287
69 9353
69 9760
69 10162
69 10513
69 11557
69 12176
69 12905
69 13540
69 14896
69 16006
69 16396
69 16678
69 18355
69 18493
69 19919
69 19977
69 20100
69 21483
69 21644
69 21679
69 22523
69 22871
69 22873
69 23853
69 24793
69 26642
69 27457
69 27648
69 27847
69 27989
69 29045
69 29074
69 29576
69 30114
69 31206
69 31216
69 31557
69 31946
69 32359
69 33361
69 33364
69 33783
69 34309
69 34440
69 35558
69 36985
69 37799
69 38692
69 39488
69 39633
69 39769
69 39946
69 40056
69 40299
69 40332
69 41391
69 41788
69 41916
69 42001
69 42386
69 42864
69 42866
69 43331
69 43742
69 43837
69 45261
69 46044
69 46409
69 46625
69 46725
69 47064
69 47183
69 48704
69 49064
69 49590
69 50606
69 51614
69 51624
69 52031
69 52138
69 52327
69 52797
69 53855
69 54544
69 55288
69 55489
69 56541
69 57914
69 58832
69 58897
69 59442
69 59796
69 60295
69 60361
69 60544
69 62142
69 62323
69 62559
69 62594
69 62738
69 63234
69 64250
69 64615
69 64789
69 65758
69 65840
69 65919
69 65978
69 66329
69 67156
69 67205
69 67280
69 67317
69 67420
69 68350
69 69028
69 69483
69 69605
69 70461
69 71153
69 71955
69 73366
69 73416
69 74872
69 75638
69 75726
69 75809
69 75895
69 76167
69 77799
69 77860
69 78316
69 78701
69 79109
69 79255
69 79569
69 79976
69 80213
69 80456
69 80515
69 80950
69 81619
69 82439
69 83389
69 84098
69 84174
69 84272
69 84977
69 85093
69 85989
69 86620
69 86721
69 86795
69 87040
69 87791
69 88193
69 88587
69 88855
69 89096
69 89338
69 89363
69 89522
69 89765
69 91872
69 92000
69 92106
69 93028
69 93335
69 93544
69 94013
69 94729
69 95605
69 95865
69 95905
69 97523
69 97533
69 97608
69 97839
69 97951
69 98581
69 98649
69 98987
69 99399
69 99415
69 99438
69 100313
69 100434
69 100931
69 101096
69 101954
69 101988
69 102091
69 102634
69 102771
69 102938
69 103167
69 103925
69 104282
69 104456
69 104625
69 104662
69 105199
69 105226
69 105396
69 105717
69 106052
69 106257
69 106390
69 106404
69 106421
69 107214
69 107558
69 108182
69 108358
69 108987
69 109153
69 109635
69 110084
69 111078
69 111241
69 111714
69 112018
69 112199
69 112359
69 112958
69 113473
69 113947
69 114289
69 114340
69 114460
69 114717
69 116181
69 116577
69 117698
69 118302
69 118480
69 119587
69 120151
69 121515
69 121708
69 121786
69 122624
69 126170
69 126309
69 126488
69 126542
69 126636
69 126652
69 126776
69 126917
69 126933
69 127043
69 127055
69 127214
69 127871
69 129086
69 129216
69 129732
69 129981
69 130820
69 132982
69 133789
69 133792
69 135324
69 136209
69 136659
69 136759
69 136775
69 137246
69 137278
69 137752
69 138380
69 138551
69 138666
69 138868
69 139312
69 139446
69 139998
69 140119
69 141336
69 141425
69 141547
69 141586
69 141607
69 141988
69 142122
69 142702
69 142973
69 142999
69 143052
69 143584
69 143762
69 145638
69 146089
69 146145
69 146284
69 146724
69 148482
69 148534
69 148857
69 148991
69 149356
69 149776
69 150057
69 150784
69 150880
69 151153
69 152118
69 152221
69 153923
69 154581
69 154898
69 154978
69 156411
69 156968
69 158542
69 158955
69 159079
69 159254
69 160263
69 161360
69 161742
69 162333
69 162765
69 163964
69 164204
69 164466
69 164991
69 165506
69 165651
69 165767
69 165821
69 166395
69 167259
69 168030
69 168213
69 168474
69 169501
69 170274
69 171575
69 171817
69 171824
69 172042
69 172514
69 173082
69 174085
69 175577
69 175676
69 176584
69 176644
69 177901
69 178196
69 179121
69 179345
69 179734
69 180617
69 180887
69 180895
69 180937
69 181067
69 181873
69 182044
69 182216
69 182412
69 182635
69 182652
69 182704
69 183501
69 184075
69 185206
69 185291
69 185776
69 185980
69 186214
69 186439
69 186905
69 187956
69 188519
69 189793
69 190116
69 190308
69 190546
69 191100
69 191167
69 191318
69 191361
69 191647
69 191937
69 192170
69 192225
69 193081
69 193237
69 193328
69 194738
69 195060
69 195477
69 195785
69 196040
69 196154
69 196235
69 196948
69 197323
69 198582
69 198948
69 199262
69 199745
69 199771
69 199983
69 200035
69 201294
70 51
70 960
70 1255
70 1500
70 1566
70 2125
70 2280
70 2717
70 2969
70 3060
70 3208
70 3473
70 3844
70 3855
70 5310
70 6950
70 7304
70 7387
70 7678
70 7740
70 7830
70 8768
70 9229
70 9275
70 10932
70 11662
70 11760
70 11903
70 12340
70 12853
70 13010
70 13174
70 13460
70 14630
70 15380
70 15682
70 15969
70 16562
70 18013
70 18437
70 18494
70 18893
70 19017
70 19547
70 20467
70 20542
70 21173
70 21229
70 21568
70 21608
70 21676
70 21744
70 21847
70 22051
70 23172
70 23267
70 23332
70 23897
70 23925
70 25235
70 25785
70 26279
70 26530
70 27032
70 27042
70 27197
70 27469
70 27545
70 27608
70 27845
70 27945
70 28692
70 29252
70 29405
70 29786
70 30893
70 31505
70 31741
70 32041
70 32117
70 32810
70 34082
70 34611
70 34641
70 35401
70 35769
70 36382
70 37874
70 37951
70 37958
70 38560
70 38863
70 39888
70 40060
70 40510
70 40555
70 40574
70 40958
70 40974
70 41025
70 41078
70 41121
70 41233
70 41700
70 41989
70 42147
70 43454
70 43563
70 43672
70 43734
70 44069
70 44174
70 44353
70 44637
70 44739
70 45101
70 45349
70 45432
70 45477
70 46275
70 47630
70 48007
70 48299
70 48964
70 49149
70 49990
70 50762
70 50828
70 51472
70 51781
70 52514
70 52529
70 52631
70 53085
70 53147
70 53318
70 53562
70 54067
70 54449
70 54531
70 54654
70 54672
70 57242
70 57382
70 57784
70 58730
70 58961
70 58981
70 61657
70 62274
70 63183
70 63376
70 63814
70 64579
70 65119
70 65750
70 66349
70 66660
70 67188
70 67794
70 67848
70 68277
70 68323
70 68610
70 68714
70 69041
70 69172
70 69473
70 69999
70 70937
70 72441
70 73308
70 73423
70 73605
70 73784
70 73842
70 74198
70 74591
70 75093
70 75479
70 75485
70 75655
70 76313
70 77256
70 78298
70 79281
70 80672
70 81959
70 82632
70 83046
70 83057
70 83114
70 83183
70 83416
70 83613
70 85224
70 86804
70 87518
70 88986
70 89373
70 90587
70 90810
70 90918
70 91711
70 91985
70 92447
70 92630
70 93100
70 93304
70 93447
70 93693
70 96447
70 96826
70 97491
70 97973
70 98373
70 98939
70 100917
70 101771
70 102311
70 102514
70 102695
70 103234
70 104031
70 105693
70 106354
70 106378
70 106577
70 106862
70 106963
70 108225
70 109612
70 110253
70 110717
70 110755
70 110837
70 111814
70 112882
70 113978
70 114356
70 115105
70 115341
70 118399
70 118556
70 118858
70 119060
70 119679
70 120654
70 120779
70 120828
70 121475
70 121674
70 122272
70 122786
70 123077
70 124585
70 124837
70 124921
70 125348
70 125700
70 125749
70 126323
70 127280
70 129522
70 130119
70 130459
70 130468
70 130629
70 130863
70 132409
70 132558
70 132772
70 133366
70 133632
70 136624
70 136883
70 142027
70 142448
70 142722
70 143550
70 143796
70 144323
70 145132
70 145733
70 145806
70 145915
70 146778
70 147130
70 147489
70 148780
70 149036
70 149182
70 149573
70 150851
70 151005
70 151590
70 151591
70 152458
70 152639
70 153038
70 153279
70 155880
70 156322
70 156656
70 157012
70 157186
70 157273
70 158949
70 159767
70 161173
70 164668
70 165520
70 165655
70 166490
70 166660
70 167047
70 168643
70 169002
70 169288
70 170311
70 171787
70 172158
70 172380
70 172585
70 173264
70 173652
70 173912
70 174157
70 174752
70 177655
70 177865
70 178351
70 178690
70 178791
70 179071
70 179516
70 179990
70 180065
70 180528
70 180902
70 181358
70 182294
70 183046
70 183236
70 185017
70 185292
70 186261
70 187158
70 187681
70 187791
70 188166
70 188363
70 188509
70 188708
70 188871
70 189028
70 189381
70 189483
70 189551
70 189824
70 190060
70 192433
70 193422
70 193699
70 193831
70 194619
70 194682
70 194696
70 195823
70 196844
70 196888
70 196915
70 198322
70 199028
70 201183
70 201339
70 201968
70 202336
70 203013
70 203966
70 204374
70 204654
70 205609
70 205756
70 205954
70 206081
70 206222
70 206245
70 206572
70 207437
70 211864
70 211867
70 213147
70 213299
70 213672
70 213698
70 214231
70 214493
70 215060
70 216057
70 216384
70 216811
70 216993
70 218102
70 218409
70 220763
70 221185
70 221238
70 221247
70 221939
70 223070
70 223170
70 223398
70 224643
70 224752
70 224791
70 224800
70 225396
70 225792
70 225973
70 226249
70 226623
