66 152
66 1285
66 1289
66 2055
66 2435
66 2479
66 3168
66 3544
66 3761
66 4874
66 5533
66 5555
66 6131
66 6133
66 6572
66 8216
66 8228
66 9473
66 9696
66 9965
66 10259
66 10409
66 10733
66 11550
66 12033
66 12256
66 12456
66 13060
66 13600
66 14194
66 16614
66 17208
66 17554
66 17952
66 18045
66 19108
66 19615
66 19880
66 21255
66 21325
66 21387
66 21417
66 22225
66 22810
66 23761
66 24009
66 24183
66 24419
66 25671
66 27692
66 28154
66 28310
66 28441
66 29660
66 29741
66 29876
66 29951
66 29989
66 29998
66 30144
66 30488
66 30929
66 31110
66 31329
66 31611
66 32311
66 32451
66 32753
66 32859
66 32907
66 33205
66 33391
66 33540
66 33999
66 34796
66 35869
66 36382
