70 18
70 40
70 117
70 184
70 243
70 253
70 367
70 635
70 645
70 660
70 816
70 940
70 1090
70 1150
70 1231
70 1235
70 1247
70 1337
70 1629
70 1705
70 1765
70 1995
70 2029
70 2063
70 2090
70 2256
70 2284
70 2310
70 2436
70 2463
70 2469
70 2472
70 2509
70 2545
70 2771
70 2960
70 2969
70 3127
70 3134
70 3387
70 3441
70 3516
70 3519
70 3543
70 3640
70 3702
70 3729
70 3773
70 3820
70 3970
70 4105
70 4167
70 4267
70 4341
70 4447
70 4542
70 4610
70 4627
70 4648
70 4731
70 4835
70 4878
70 4887
70 5012
70 5226
70 5256
70 5369
70 5385
70 5402
70 5494
70 5658
70 5710
70 5744
70 6035
70 6091
70 6134
70 6439
70 6475
70 6713
70 6763
70 6873
70 7006
70 7058
70 7291
70 7661
70 7670
70 7678
70 7727
70 7939
70 7940
70 8027
70 8208
70 8247
70 8283
70 8302
70 8541
70 8585
70 8680
70 8821
70 8861
70 8904
70 8992
70 9000
70 9025
70 9094
70 9095
70 9118
70 9193
70 9207
70 9379
70 9528
70 9738
70 9858
70 9917
70 10134
70 10478
70 10628
70 10658
70 10708
70 10817
70 10844
70 11008
70 11011
70 11048
70 11121
70 11186
70 11206
70 11266
70 11448
70 11844
70 11951
70 12178
70 12245
70 12336
70 12349
70 12481
70 12739
70 12743
70 12767
70 12921
70 13010
70 13165
70 13188
70 13378
70 13510
70 13633
70 13969
70 14034
70 14067
70 14124
70 14135
70 14359
70 14495
70 14553
70 14566
70 14613
70 14663
70 14679
70 14736
70 14801
70 14842
70 15147
70 15431
70 15695
70 15703
70 15716
70 15719
70 15821
70 15864
70 15917
70 16254
70 16430
70 16440
70 16500
70 16612
70 16618
70 16781
70 16797
70 16903
70 16927
70 16986
70 17101
70 17318
70 17645
70 17662
70 17757
70 17792
70 17844
70 17851
70 18057
70 18133
70 18238
70 18326
70 18372
70 18389
70 18467
70 18472
70 18508
70 18715
70 18718
70 18732
70 18910
70 19168
70 19278
70 19549
70 19556
70 19816
70 19842
70 19963
70 20007
70 20152
70 20290
70 20304
70 20407
70 20542
70 20550
70 20658
70 20771
70 20881
70 20928
70 20951
70 21007
70 21079
70 21134
70 21358
70 21375
70 21524
70 21659
70 21676
70 21686
70 21744
70 21807
70 22011
70 22081
70 22089
70 22296
70 22584
70 22591
70 22619
70 22645
70 22693
70 23051
70 23088
70 23170
70 23210
70 23403
70 23507
70 23881
70 23925
70 23953
70 24139
70 24193
70 24200
70 24265
70 24293
70 24338
70 24385
70 24515
70 24625
70 24643
70 24684
70 24713
70 24849
70 24905
70 24951
70 25072
70 25098
70 25129
70 25271
70 25273
70 25309
70 25328
70 25359
70 25586
70 25628
70 25792
70 25903
70 26017
70 26139
70 26262
70 26320
70 26539
70 26590
70 27099
70 27233
70 27454
70 27721
70 27748
70 27758
70 27770
70 27845
70 27910
70 28034
70 28093
70 28190
70 28308
70 28493
70 28565
70 28655
70 28749
70 28853
70 28881
70 28941
70 28978
70 29092
70 29107
70 29134
70 29151
70 29208
70 29453
70 29664
70 29667
70 29669
70 29843
70 29865
70 29943
70 30032
70 30173
70 30197
70 30215
70 30375
70 30511
70 30664
70 30748
70 30930
70 30950
70 31126
70 31197
70 31370
70 31505
70 31511
70 31518
70 31615
70 31717
70 31753
70 31785
70 31858
70 31875
70 31897
70 32125
70 32235
70 32245
70 32337
70 32355
70 32450
70 32565
70 32804
70 32816
70 32908
70 32918
70 33147
70 33164
70 33360
70 33364
70 33466
70 33497
70 33605
70 33619
70 33643
70 33694
70 33754
70 33852
70 33977
70 34105
70 34112
70 34130
70 34147
70 34192
70 34450
70 34470
70 34579
70 34611
70 34633
70 34647
70 34651
70 34734
70 34788
70 34870
70 35001
70 35031
70 35089
70 35115
70 35423
70 35615
70 35737
70 35769
70 35849
70 35891
70 35925
70 35967
70 36126
70 36204
70 36361
70 36400
70 36423
70 36475
70 36513
70 36516
70 36611
70 36861
70 37084
70 37091
70 37146
70 37246
70 37256
70 37262
70 37301
70 37346
70 37455
70 37511
70 37514
70 37531
70 37601
70 37618
70 37638
70 37724
70 37902
70 37925
70 37946
70 37978
70 38008
70 38112
70 38277
70 38283
70 38284
70 38469
70 38544
70 38688
70 38736
70 38899
70 38962
70 38996
70 39003
70 39196
70 39277
70 39357
70 39529
70 39724
70 39733
70 39850
70 39872
70 39874
70 40060
70 40239
70 40406
70 40435
70 40651
70 40720
70 40731
70 40761
70 40802
70 40887
70 40993
70 41104
70 41119
70 41121
70 41130
70 41227
70 41331
70 41518
70 41524
70 41584
70 41633
70 41870
70 41914
70 42010
70 42015
70 42308
70 42483
70 42654
70 42790
70 42969
70 43014
70 43058
70 43138
70 43180
70 43193
70 43284
70 43292
70 43323
70 43378
70 43393
70 43422
70 43485
70 43588
70 43672
70 43677
70 43709
70 43999
70 44043
70 44141
70 44205
70 44623
70 44653
70 44835
70 44872
70 44965
70 45023
70 45103
70 45174
70 45255
70 45272
70 45287
70 45363
70 45425
70 45445
70 45472
70 45516
70 45525
70 45556
70 45712
70 45749
70 45760
70 45816
70 45852
70 45892
70 45955
70 45975
70 46019
70 46028
70 46491
70 46503
70 46555
70 46809
70 46937
70 47223
70 47242
70 47365
70 47456
70 47520
70 47679
70 47773
70 47802
70 47807
70 47825
70 47890
70 47935
70 48328
70 48347
70 48359
70 48379
70 48556
70 48718
70 48783
70 48798
70 48935
70 49021
70 49052
70 49081
70 49087
70 49093
70 49137
70 49245
70 49308
70 49330
70 49399
70 49411
70 49603
70 49696
70 49831
70 49834
70 49874
70 49877
70 49908
70 49959
70 49976
70 49990
70 50074
70 50272
70 50298
70 50419
70 50563
70 50695
70 50718
70 50736
70 50828
70 50868
70 50979
70 51254
70 51399
70 51413
70 51544
70 51634
70 51661
70 51686
70 51781
70 51818
70 52007
70 52294
70 52354
70 52529
70 52554
70 52720
70 52819
70 52846
70 52886
70 52952
70 53085
70 53173
70 53176
70 53206
70 53220
70 53290
70 53340
70 53520
70 53534
70 53543
70 53606
70 53721
70 53791
70 54018
70 54377
70 54449
70 54665
70 54740
70 54759
70 55018
70 55054
70 55237
70 55378
70 55432
70 55500
70 55822
70 55924
70 55925
70 55960
70 55987
70 56082
70 56292
70 56448
70 56500
70 56862
70 57069
70 57105
70 57111
70 57127
70 57154
70 57382
70 57434
70 57490
70 57538
70 57570
70 57674
70 57940
70 57967
70 58079
70 58100
70 58186
70 58241
70 58343
70 58440
70 58718
70 58822
70 58939
70 59332
70 59368
70 59417
70 59459
70 59493
70 59514
70 59681
70 59756
70 59775
70 59892
70 59942
70 59985
70 60120
70 60154
70 60281
70 60353
70 60489
70 60569
70 60589
70 60754
70 60842
70 61025
70 61054
70 61069
70 61222
70 61258
70 61349
70 61362
70 61425
70 61535
70 61560
70 61765
70 61790
70 61849
70 61899
70 61916
70 62009
70 62052
70 62172
70 62201
70 62205
70 62411
70 62765
70 62824
70 63078
70 63079
70 63137
70 63443
70 63542
70 63551
70 63617
70 63673
70 63741
70 63863
70 63954
70 64100
70 64121
70 64145
70 64157
70 64251
70 64369
70 64428
70 64476
70 64596
70 64644
70 64725
70 64767
70 64795
70 64920
70 64933
70 64989
70 65024
70 65035
70 65150
70 65360
70 65365
70 65508
70 65577
70 65789
70 65813
70 65837
70 65903
70 65927
70 66067
70 66119
70 66153
70 66196
70 66201
70 66317
70 66339
70 66356
70 66375
70 66385
70 66418
70 66447
70 66608
70 66959
70 67133
70 67206
70 67338
70 67377
70 67467
70 67487
70 67499
70 67733
70 67806
70 68077
70 68107
70 68177
70 68184
70 68208
70 68227
70 68277
70 68370
70 68523
70 68564
70 68717
70 68734
70 68793
70 69320
70 69344
70 69374
70 69381
70 69446
70 69456
70 69479
70 69725
70 69790
70 69893
70 70012
70 70034
70 70062
70 70215
70 70238
70 70483
70 70670
70 70883
70 70885
70 70896
70 70977
70 71044
70 71205
70 71213
70 71266
70 71280
70 71372
70 71577
70 71648
70 71730
70 71792
70 71838
70 71988
70 72147
70 72408
70 72413
70 72581
70 72616
70 72631
70 72650
70 72792
70 72906
70 73016
70 73072
70 73088
70 73423
70 73569
70 73621
70 73725
70 74529
70 74825
70 74847
70 75146
70 75230
70 75301
70 75562
70 75593
70 75604
70 75619
70 75771
70 75857
70 76013
70 76217
70 76414
70 76467
70 76531
70 76552
70 76555
70 76574
70 76614
70 76702
70 76756
70 76774
70 76786
70 76850
70 76906
70 76946
70 76947
70 77094
70 77167
70 77424
70 77481
70 77496
70 77515
70 77585
70 77641
70 77672
70 77748
70 77801
70 77891
70 78003
70 78290
70 78359
70 78377
70 78629
70 78751
70 78856
70 78861
70 78865
70 78967
70 79037
70 79174
70 79295
70 79314
70 79480
70 79556
70 79982
70 80054
70 80141
70 80255
70 80307
70 80369
70 80550
70 80712
70 80845
70 80863
70 80971
70 81046
70 81108
70 81212
70 81422
70 81445
70 81466
70 81477
70 81913
70 81959
70 81960
70 82143
70 82239
70 82289
70 82475
70 82480
70 82627
70 82628
70 82754
70 82812
70 82845
70 83092
70 83216
70 83386
70 83497
70 83564
70 83731
70 83797
70 83941
70 83951
70 84033
70 84059
70 84120
70 84165
70 84296
70 84331
70 84392
70 84425
70 84456
70 84653
70 84672
70 84843
70 84968
70 85010
70 85070
70 85134
70 85224
70 85245
70 85255
70 85309
70 85365
70 85386
70 85411
70 85431
70 85535
70 85564
70 85613
70 85860
70 86046
70 86150
70 86191
70 86270
70 86937
70 87054
70 87056
70 87058
70 87108
70 87242
70 87249
70 87289
70 87428
70 87686
70 88094
70 88217
70 88282
70 88414
70 88503
70 88541
70 88607
70 88758
70 88802
70 88835
70 88888
70 88945
70 89017
70 89041
70 89226
70 89383
70 89465
70 89699
70 89725
70 89738
70 90043
70 90337
70 90436
70 90501
70 90574
70 90685
70 90700
70 90779
70 90839
70 90842
70 91110
70 91185
70 91333
70 91383
70 91547
70 91967
70 92050
70 92134
70 92417
70 92446
70 92705
70 93111
70 93346
70 93440
70 93447
70 93502
70 93538
70 93733
70 93955
70 93994
70 94027
70 94029
70 94084
70 94301
70 94391
70 94457
70 94472
70 94519
70 94600
70 94642
70 94820
70 94860
70 94929
70 94949
70 95050
70 95247
70 95319
70 95504
70 95549
70 95786
70 95932
70 96194
70 96529
70 96586
70 96847
70 96929
70 97046
70 97096
70 97129
70 97297
70 97380
70 97441
70 97454
70 97556
70 97558
70 97633
70 97795
70 98056
70 98120
70 98158
70 98287
70 98422
70 98572
70 98750
70 98833
70 98948
70 99143
70 99279
70 99333
70 99367
70 99379
70 99456
70 99473
70 99500
70 99595
70 99652
70 99680
70 99699
70 99701
70 99714
70 99724
70 99741
70 99804
70 99871
70 99910
70 100065
70 100126
70 100171
70 100260
70 100515
70 100594
70 100610
70 100624
70 100656
70 100658
70 100662
70 100684
70 100746
70 100847
70 101042
70 101268
70 101463
70 101511
70 101545
70 101547
70 101744
70 101812
70 102123
70 102349
70 102366
70 102427
70 102611
70 102637
70 102776
70 102933
70 103063
70 103149
70 103406
70 103444
70 103555
70 103639
70 103657
70 103701
70 103756
70 103780
70 103957
70 104087
70 104256
70 104339
70 104610
70 104725
70 104760
70 104795
70 104805
70 104840
70 104915
70 104923
70 104944
70 104954
70 105026
70 105059
70 105333
70 105391
70 105396
70 105420
70 105713
70 105819
70 105917
70 105972
70 106066
70 106213
70 106224
70 106260
70 106354
70 106360
70 106418
70 106657
70 106687
70 106713
70 106884
70 106933
70 107358
70 107415
70 107436
70 107580
70 107662
70 107749
70 107796
70 107803
70 107840
70 107878
70 107940
70 108061
70 108156
70 108370
70 108867
70 108981
70 109120
70 109163
70 109209
70 109221
70 109241
70 109249
70 109294
70 109321
70 109341
70 109342
70 109433
70 109476
70 109557
70 109645
70 109735
70 109748
70 109753
70 109792
70 109819
70 109852
70 109866
70 110129
70 110229
70 110298
70 110400
70 110457
70 110632
70 110696
70 110718
70 110730
70 110803
70 110953
70 110992
70 111171
70 111258
70 111298
70 111312
70 111390
70 111396
70 111535
70 111655
70 111741
70 111821
70 111884
70 111935
70 112069
70 112204
70 112233
70 112269
70 112313
70 112361
70 112380
70 112476
70 112502
70 112711
70 112760
70 112817
70 113126
70 113167
70 113248
70 113392
70 113430
70 113482
70 113516
70 113527
70 113970
70 114272
70 114354
70 114515
70 114818
70 114937
70 115025
70 115077
70 115105
70 115141
70 115173
70 115198
70 115272
70 115322
70 115404
70 115424
70 115436
70 115599
70 115631
70 115645
70 115778
70 115853
70 115922
70 115996
70 116095
70 116259
70 116359
70 116463
70 116527
70 116790
70 116891
70 117129
70 117282
70 117354
70 117359
70 117432
70 117598
70 117631
70 117665
70 117823
70 117831
70 117841
70 117938
70 118036
70 118173
70 118210
70 118230
70 118243
70 118306
70 118308
70 118356
70 118379
70 118386
70 118560
70 118614
70 118678
70 118757
70 119220
70 119479
70 119636
70 119665
70 119666
70 119742
70 119771
70 119791
70 119879
70 120044
70 120052
70 120131
70 120268
70 120359
70 120414
70 120488
70 120668
70 120819
70 120846
70 120896
70 120983
70 120993
70 121017
70 121066
70 121138
70 121287
70 121390
70 121548
70 121647
70 121747
70 121803
70 122158
70 122270
70 122272
70 122321
70 122498
70 122538
70 122685
70 122686
70 122864
70 122876
70 122926
70 123036
70 123186
70 123461
70 123582
70 123633
70 123666
70 123899
70 124286
70 124460
70 124579
70 124683
70 124715
70 124783
70 124959
70 125265
70 125422
70 125650
70 125662
70 125791
70 125896
70 125976
70 126076
70 126114
70 126137
70 126139
70 126178
70 126213
70 126307
70 126420
70 126427
70 126463
70 126798
70 126883
70 126964
70 127109
70 127110
70 127166
70 127310
70 127511
70 127628
70 127671
70 127676
70 127836
70 127977
70 128081
70 128227
70 128384
70 128396
70 128470
70 128506
70 128515
70 128534
70 128768
70 128806
70 128830
70 128893
70 128943
70 128964
70 129050
70 129081
70 129174
70 129313
70 129363
70 129660
70 129715
70 129754
70 129825
70 129868
70 129905
70 130080
70 130176
70 130459
70 130530
70 130557
70 130609
70 130647
70 131029
70 131054
70 131171
70 131219
70 131301
70 131335
70 131382
70 131465
70 131746
70 131767
70 131796
70 131826
70 132010
70 132080
70 132147
70 132155
70 132191
70 132201
70 132263
70 132508
70 132651
70 132666
70 132684
70 132759
70 133194
70 133600
70 133632
70 133705
70 133710
70 133885
70 133913
70 134054
70 134114
70 134392
70 134406
70 134431
70 134472
70 134525
70 134548
70 134614
70 134626
70 134669
70 134728
70 134748
70 134781
70 134895
70 134924
70 134973
70 135002
70 135090
70 135200
70 135543
70 135668
70 135796
70 135862
70 136190
70 136812
70 136863
70 136910
70 136953
70 137038
70 137185
70 137234
70 137306
70 137454
70 137496
70 137522
70 137529
70 137635
70 137638
70 137733
70 137807
70 137827
70 137953
70 138026
70 138035
70 138198
70 138202
70 138497
70 138526
70 138553
70 138810
70 138891
70 138895
70 138936
70 138937
70 139349
70 139548
70 139573
70 139693
70 139703
70 140050
70 140236
70 140532
70 140545
70 140559
70 140702
70 140927
70 140958
70 141015
70 141092
70 141159
70 141192
70 141321
70 141378
70 141432
70 141583
70 141586
70 141628
70 141739
70 141812
70 141814
70 142015
70 142050
70 142158
70 142258
70 142278
70 142390
70 142476
70 142638
70 142680
70 142697
70 142782
70 142784
70 142787
70 142797
70 142828
70 142897
70 143273
70 143486
70 143522
70 143548
70 143775
70 143912
70 144029
70 144113
70 144222
70 144254
70 144263
70 144287
70 144299
70 144341
70 144387
70 144397
70 144421
70 144539
70 144838
70 144984
70 145091
70 145102
70 145135
70 145145
70 145162
70 145163
70 145246
70 145407
70 145423
70 145450
70 145703
70 145923
70 145995
70 146051
70 146061
70 146221
70 146378
70 146416
70 146481
70 146570
70 146635
70 146833
70 146837
70 146871
70 146922
70 147012
70 147131
70 147135
70 147194
70 147204
70 147219
70 147275
70 147279
70 147282
70 147349
70 147378
70 147595
70 147930
70 147962
70 148112
70 148134
70 148290
70 148565
70 148689
70 148755
70 148827
70 148917
70 148933
70 148943
70 148989
70 149025
70 149109
70 149295
70 149323
70 149463
70 149615
70 149744
70 149795
70 149931
70 150016
70 150072
70 150075
70 150144
70 150211
70 150229
70 150237
70 150250
70 150386
70 150441
70 150545
70 150580
70 150749
70 150760
70 150862
70 150987
70 151091
70 151099
70 151356
70 151497
70 151741
70 151828
70 151864
70 151917
70 151930
70 152225
70 152288
70 152327
70 152422
70 152513
70 152577
70 152664
70 152673
70 152708
70 152784
70 152816
70 152830
70 152863
70 152929
70 152980
70 153017
70 153042
70 153091
70 153190
70 153200
70 153202
70 153394
70 153548
70 153641
70 153707
70 153737
70 153759
70 153797
70 153822
70 153831
70 153917
70 153972
70 154037
70 154194
70 154410
70 154449
70 154478
70 154507
70 154673
70 154823
70 154987
70 155003
70 155194
70 155238
70 155263
70 155375
70 155400
70 155466
70 155620
70 155626
70 155781
70 155880
70 155961
70 155965
70 155972
70 156022
70 156106
70 156196
70 156407
70 156782
70 156794
70 156920
70 157422
70 157576
70 157616
70 157631
70 157666
70 157680
70 157697
70 157903
70 157949
70 158039
70 158072
70 158162
70 158166
70 158387
70 158621
70 158657
70 158905
70 158934
70 159144
70 159307
70 159331
70 159601
70 159674
70 159675
70 159734
70 159824
70 159827
70 159939
70 160003
70 160043
70 160133
70 160146
70 160375
70 160530
70 160731
70 160754
70 160871
70 160875
70 160977
70 161025
70 161047
70 161102
70 161182
70 161290
70 161297
70 161732
70 161851
70 161856
70 161895
70 161913
70 162094
70 162143
70 162407
70 162422
70 162426
70 162510
70 162583
70 162626
70 162756
70 162845
70 162989
70 163017
70 163131
70 163140
70 163237
70 163279
70 163407
70 163644
70 163671
70 163777
70 163896
70 163901
70 163951
70 164022
70 164041
70 164146
70 164255
70 164403
70 164560
70 164774
70 164992
70 165018
70 165038
70 165044
70 165124
70 165141
70 165194
70 165209
70 165455
70 165488
70 165566
70 165597
70 165647
70 165674
70 165751
70 165798
70 165889
70 165904
70 165939
70 165953
70 166122
70 166168
70 166357
70 166390
70 166522
70 166619
70 166656
70 166679
70 166722
70 166726
70 166825
70 166854
70 166876
70 166897
70 166911
70 166954
70 166958
70 167513
70 167607
70 167776
70 167895
70 167900
70 167908
70 167947
70 167958
70 167978
70 168165
70 168574
70 168721
70 168789
70 168843
70 168892
70 169002
70 169081
70 169167
70 169343
70 169437
70 169445
70 169451
70 169478
70 169543
70 169651
70 169885
70 169910
70 169926
70 169969
70 169985
70 169997
70 170140
70 170207
70 170277
70 170440
70 170539
70 170590
70 170622
70 170936
70 171063
70 171213
70 171244
70 171338
70 171442
70 171610
70 171611
70 171896
70 171932
70 172112
70 172152
70 172250
70 172266
70 172295
70 172307
70 172316
70 172744
70 172768
70 173016
70 173205
70 173242
70 173266
70 173373
70 173460
70 173468
70 173517
70 173553
70 173576
70 173700
70 173765
70 173781
70 173900
70 173946
70 173963
70 174064
70 174165
70 174189
70 174203
70 174256
70 174363
70 174578
70 174591
70 174738
70 174815
70 174898
70 174908
70 175133
70 175160
70 175211
70 175425
70 175609
70 175628
70 175633
70 176001
70 176031
70 176047
70 176051
70 176062
70 176184
70 176203
70 176221
70 176334
70 176471
70 176480
70 176494
70 176496
70 176690
70 176749
70 176851
70 176945
70 177143
70 177165
70 177182
70 177186
70 177366
70 177515
70 177550
70 177579
70 177701
70 177723
70 177893
70 177941
70 178125
70 178132
70 178144
70 178503
70 178718
70 179025
70 179071
70 179155
70 179366
70 179409
70 179608
70 179684
70 180126
70 180141
70 180250
70 180285
70 180304
70 180370
70 180477
70 180505
70 180525
70 180539
70 180638
70 180643
70 180681
70 180684
70 180743
70 180789
70 180844
70 180895
70 180908
70 180991
70 181027
70 181124
70 181186
70 181260
70 181315
70 181437
70 181780
70 181795
70 181867
70 181872
70 181974
70 181981
70 182061
70 182071
70 182084
70 182229
70 182447
70 182640
70 182644
70 182665
70 182762
70 183050
70 183229
70 183546
70 183575
70 183585
70 183621
70 183639
70 183644
70 183685
70 183690
70 183762
70 183800
70 183846
70 184074
70 184201
70 184212
70 184222
70 184251
70 184361
70 184465
70 184475
70 184500
70 184527
70 184568
70 184726
70 184786
70 184800
70 184809
70 184907
70 184970
70 185136
70 185278
70 185280
70 185312
70 185352
70 185369
70 185380
70 185450
70 185492
70 185558
70 185560
70 185567
70 185595
70 185632
70 185645
70 186183
70 186251
70 186258
70 186286
70 186433
70 186445
70 186465
70 186480
70 186518
70 186652
70 186884
70 187041
70 187132
70 187268
70 187348
70 187356
70 187388
70 187477
70 187616
70 187648
70 187777
70 187778
70 187791
70 187932
70 187950
70 187961
70 187970
70 188019
70 188028
70 188134
70 188192
70 188359
70 188509
70 188604
70 188619
70 188753
70 188755
70 188757
70 188771
70 188829
70 188983
70 189018
70 189153
70 189190
70 189232
70 189348
70 189465
70 189484
70 189532
70 189577
70 189741
70 189772
70 189935
70 189969
70 190037
70 190060
70 190085
70 190304
70 190313
70 190363
70 190369
70 190571
70 190590
70 190647
70 190649
70 190778
70 190857
70 190974
70 190988
70 191038
70 191286
70 191300
70 191327
70 191388
70 191451
70 191488
70 191493
70 191499
70 191617
70 191734
70 191977
70 191982
70 192046
70 192103
70 192157
70 192213
70 192261
70 192324
70 192426
70 192457
70 192500
70 192693
70 192744
70 192770
70 192792
70 192818
70 192891
70 193053
70 193067
70 193084
70 193124
70 193194
70 193254
70 193292
70 193367
70 193394
70 193486
70 193534
70 193674
70 193817
70 193868
70 193946
70 194010
70 194016
70 194122
70 194205
70 194305
70 194311
70 194354
70 194366
70 194512
70 194696
70 194721
70 194751
70 194919
70 194956
70 194961
70 194991
70 195132
70 195216
70 195437
70 195492
70 195661
70 195673
70 195735
70 196148
70 196571
70 196688
70 196828
70 196832
70 196942
70 197021
70 197028
70 197087
70 197297
70 197299
70 197333
70 197395
70 197410
70 197643
70 197685
70 197789
70 197803
70 197882
70 197904
70 197907
70 198029
70 198043
70 198323
70 198595
70 198715
70 198725
70 198772
70 198924
70 199407
70 199489
70 199573
70 199613
70 199630
70 199664
70 199696
70 199870
70 199917
70 199997
70 200079
70 200148
70 200165
70 200400
70 200604
70 200613
70 200724
70 200750
70 200768
70 200822
70 201020
70 201215
70 201323
70 201408
70 201605
70 201709
70 201868
70 201926
70 201967
70 202001
70 202069
70 202402
70 202503
70 202520
70 202769
70 203207
70 203395
70 203415
70 203478
70 203548
70 203689
70 204102
70 204201
70 204202
70 204211
70 204290
70 204364
70 204403
70 204670
70 204706
70 204728
70 204737
70 204951
70 204961
70 205128
70 205144
70 205166
70 205275
70 205405
70 205667
70 205681
70 205902
70 205926
70 205984
70 206012
70 206097
70 206242
70 206375
70 206642
70 206673
70 207000
70 207019
70 207090
70 207155
70 207176
70 207522
70 207715
70 207759
70 207767
70 207904
70 207937
70 208010
70 208017
70 208242
70 208257
70 208270
70 208308
70 208479
70 208525
70 208529
70 208550
70 208574
70 208616
70 208661
70 208664
70 208768
70 208780
70 209053
70 209055
70 209124
70 209289
70 209594
70 209632
70 209668
70 209715
70 209727
70 209982
70 210138
70 210300
70 210365
70 210381
70 210502
70 210546
70 210553
70 210578
70 210633
70 210695
70 210753
70 210856
70 210877
70 210918
70 210986
70 211017
70 211029
70 211118
70 211380
70 211397
70 211435
70 211495
70 211581
70 211628
70 211700
70 211715
70 211968
70 212106
70 212116
70 212330
70 212631
70 212838
70 212967
70 213140
70 213159
70 213163
70 213221
70 213223
70 213269
70 213395
70 213714
70 213822
70 213983
70 213991
70 214077
70 214152
70 214289
70 214413
70 214416
70 214447
70 214451
70 214502
70 214598
70 214605
70 214634
70 214650
70 214751
70 214939
70 214949
70 214974
70 215019
70 215149
70 215162
70 215174
70 215177
70 215281
70 215380
70 215428
70 215522
70 215796
70 216057
70 216136
70 216262
70 216266
70 216311
70 216315
70 216360
70 216375
70 216600
70 216937
70 217058
70 217079
70 217160
70 217187
70 217254
70 217303
70 217338
70 217533
70 217592
70 217594
70 217626
70 217691
70 217747
70 217851
70 217985
70 218299
70 218329
70 218453
70 218556
70 218640
70 218788
70 218859
70 219046
70 219260
70 219266
70 219272
70 219310
70 219493
70 219585
70 219649
70 219822
70 219832
70 220230
70 220270
70 220325
70 220503
70 220598
70 220653
70 220744
70 220808
70 220845
70 220870
70 221117
70 221152
70 221185
70 221244
70 221253
70 221380
70 221414
70 221427
70 221582
70 221662
70 221896
70 221964
70 221969
70 222034
70 222157
70 222203
70 222212
70 222236
70 222345
70 222493
70 222600
70 222615
70 222674
70 222689
70 222712
70 222725
70 222836
70 222867
70 222915
70 222954
70 223014
70 223016
70 223170
70 223230
70 223285
70 223307
70 223315
70 223368
70 223446
70 223480
70 223560
70 223572
70 223597
70 223761
70 223786
70 223943
70 224034
70 224070
70 224086
70 224141
70 224276
70 224331
70 224356
70 224360
70 224663
70 224729
70 224752
70 224783
70 224789
70 224800
70 224865
70 224905
70 224981
70 224992
70 225035
70 225146
70 225204
70 225205
70 225219
70 225295
70 225329
70 225488
70 225545
70 225546
70 225547
70 225619
70 225708
70 225735
70 225751
70 225757
70 225974
70 226056
70 226354
