66 91
66 1144
66 1214
66 1248
66 1395
66 2001
66 2404
66 2505
66 2620
66 2671
66 3153
66 3863
66 4218
66 5101
66 5167
66 5183
66 5220
66 5437
66 5631
66 5677
66 5715
66 5719
66 5724
66 5732
66 5869
66 6532
66 6646
66 6929
66 7148
66 7239
66 7350
66 7613
66 7823
66 8235
66 8350
66 8502
66 8788
66 9017
66 9093
66 9152
66 9329
66 9443
66 9517
66 9695
66 9827
66 9877
66 10375
66 10496
66 10540
66 10734
66 10904
66 11048
66 11081
66 11336
66 11374
66 11927
66 12080
66 12371
66 12390
66 12620
66 15519
66 15532
66 15724
66 15767
66 15791
66 16441
66 17510
66 17971
66 18473
66 18872
66 18914
66 20692
66 20758
66 20874
66 21473
66 21607
66 22050
66 22304
66 22592
66 22901
66 22954
66 22976
66 23075
66 23224
66 23338
66 23797
66 23825
66 23867
66 24178
66 24350
66 24884
66 25041
66 25061
66 25205
66 25496
66 25841
66 26195
66 26492
66 26629
66 26696
66 26964
66 27537
66 27584
66 27666
66 28040
66 28728
66 28784
66 29653
66 29712
66 30077
66 30223
66 30259
66 30345
66 30380
66 30436
66 30587
66 30905
66 31678
66 31855
66 32055
66 32117
66 32685
66 32690
66 32801
66 32913
66 33153
66 33623
66 33853
66 33973
66 34050
66 34641
66 34698
66 34725
66 34734
66 34891
66 34927
66 34986
66 35008
66 35128
66 35329
66 35354
66 35771
66 36510
66 36541
66 37192
66 37267
66 37278
