70 30950
70 31599
70 31615
70 31753
70 31874
70 32355
70 32816
70 32908
70 33694
70 34112
70 34130
70 34147
70 34192
70 34418
70 34470
70 35423
70 35849
70 35925
70 35945
70 36126
70 36361
70 36516
70 36611
70 36723
70 36727
70 36886
70 37091
70 37301
70 37455
70 37638
70 37978
70 38688
70 38736
70 38899
70 38996
70 39277
70 39357
70 39504
70 39746
70 39766
70 39874
70 40239
70 40716
70 41524
70 41584
70 41778
70 42483
70 42633
70 42654
70 42969
70 43119
70 43138
70 43275
70 43284
70 43439
70 43588
70 43677
70 44141
70 44205
70 44482
70 44623
70 44835
70 44872
70 45023
70 45255
70 45272
70 45425
70 45445
70 45463
70 45472
70 45516
70 45556
70 45749
70 46028
70 46313
70 46491
70 46809
70 47514
70 47520
70 47679
70 47890
70 48347
70 49214
70 49330
70 49399
70 49411
70 49603
70 49834
70 49877
70 49959
70 50272
70 50336
70 50868
70 51095
70 51544
70 51661
70 52007
70 52220
70 52239
70 52247
70 52354
70 52443
70 52886
70 53206
70 53791
70 53868
70 54432
70 54665
70 54759
70 54853
70 55013
70 55018
70 55054
70 55329
70 55332
70 55925
70 56500
70 56769
70 56862
70 57434
70 57684
70 57756
70 57940
70 58138
70 58359
70 58718
70 58822
70 58939
70 59671
70 59681
70 59695
70 59775
70 59942
70 59985
70 60275
70 60281
70 60487
70 60626
70 60786
70 60842
70 61025
70 61258
70 61790
70 62052
70 62411
70 62941
70 63317
70 63551
70 63673
70 63935
70 64100
70 64251
70 64428
70 64476
70 64528
70 64989
70 65433
70 65508
70 65577
70 65813
70 65903
70 65927
70 66067
70 66126
70 66234
70 66959
70 67133
70 67487
70 67499
70 67937
70 68033
70 68184
70 68208
70 68227
70 68583
70 68798
70 68910
70 68958
70 69456
70 69479
70 69701
70 69725
70 70215
70 70653
70 70885
70 71094
70 71205
70 71213
70 71280
70 71352
70 71372
70 71562
70 71577
70 71730
70 71988
70 72147
70 72943
70 73088
70 73621
70 75146
70 75230
70 75604
70 75694
70 75771
70 75948
70 76158
70 76414
70 76489
70 76702
70 76946
70 76947
70 77424
70 77641
70 77940
70 78003
70 78342
70 78359
70 78919
70 79037
70 79860
70 80209
70 80331
70 80845
70 80863
70 80964
70 80971
70 81013
70 81212
70 81251
70 81413
70 81422
70 81769
70 81783
70 81960
70 82033
70 82042
70 82239
70 82289
70 82842
70 83092
70 83564
70 83620
70 83731
70 83941
70 84094
70 84165
70 84874
70 84880
70 85070
70 85535
70 85613
70 85860
70 87026
70 87056
70 87058
70 87249
70 87413
70 87487
73 40988
73 41119
73 41374
73 41377
73 41523
73 41836
73 41986
73 41993
73 42163
73 42595
73 42691
73 42737
73 42863
73 43001
73 43383
73 43422
73 43468
73 43664
73 44833
73 45130
73 45300
73 45320
73 45563
73 45826
73 46008
73 46090
73 46285
73 46327
73 47702
73 47885
73 47955
73 48746
73 49141
73 49354
73 49512
73 49855
73 50069
73 50245
73 50261
73 50795
73 50936
73 50968
73 51269
73 51390
73 51422
73 51471
73 51492
73 51507
73 51527
73 51725
73 52165
73 52382
73 52574
73 52628
73 52935
73 53104
73 53407
73 53753
73 54007
73 54384
73 54573
73 54657
73 54696
73 54872
73 55263
73 55377
73 55434
73 56027
73 56182
73 56184
73 56388
73 56463
73 56470
73 56526
73 56553
73 56991
73 57137
73 57958
73 58058
73 58293
73 58403
73 58443
73 58480
73 59090
73 59198
73 59211
73 59508
73 59571
73 59888
73 60018
73 60119
73 60386
73 60504
73 60611
73 60767
73 61659
73 61818
73 62128
73 62249
73 62310
73 62332
73 62478
73 62530
73 62762
73 63678
73 63708
73 63784
73 63829
73 64067
73 64079
73 64117
73 64353
73 64416
73 64682
73 64811
73 64954
73 65235
73 65272
73 65435
73 65552
73 65718
73 65766
73 65906
73 66269
73 66536
73 66593
73 66835
73 67526
73 67732
73 68258
73 68495
73 68689
73 69514
73 69578
73 69780
73 70014
73 70053
73 70184
73 71276
73 71423
73 71577
73 71605
73 71754
73 71836
73 71893
73 71901
73 71921
73 72077
73 72140
73 72712
73 73702
73 74179
73 74253
73 74441
73 74625
73 74743
73 74953
73 76091
73 76135
73 76554
73 76794
73 76944
73 77070
73 77125
73 77186
73 77517
73 78037
73 78065
73 78174
73 78230
73 78775
73 78798
73 78879
73 79461
73 80749
73 80799
73 80954
73 81215
73 81346
73 81428
73 81540
73 81627
73 81643
73 81971
73 82099
73 82472
73 82767
73 82897
73 83025
73 84246
73 84860
73 84952
73 84969
73 85220
73 85451
73 85784
73 85816
73 85959
73 86290
73 86291
73 87129
73 87377
73 87402
73 87459
73 87880
73 88030
73 88226
73 88426
73 88551
73 88694
73 88698
73 88793
73 88801
73 88916
73 89187
73 89248
73 89540
73 89549
71 169
71 369
71 787
71 1073
71 1145
71 1192
71 1225
71 1396
71 1492
71 1820
71 1918
71 2129
71 2393
71 2421
71 2480
71 2536
71 2870
71 2914
71 2958
71 3166
71 3594
71 3652
71 3748
71 3780
71 4107
71 4562
71 4702
71 5162
71 5535
71 5800
71 5928
71 5989
71 6183
71 6436
71 6537
71 6830
71 7044
71 7166
71 7240
71 7286
71 7434
71 7710
71 7926
71 8274
71 8366
71 8373
71 8503
71 8505
71 8638
71 8811
71 8893
71 8930
71 8936
71 8947
71 9338
71 10739
71 10795
71 11081
71 11280
71 11423
71 11607
71 12004
71 12370
71 12445
71 13635
71 13737
71 13763
71 13859
71 13891
71 14320
71 14394
71 14533
71 14670
71 14771
71 14824
71 14910
71 15102
71 15286
71 15577
71 15645
71 15831
71 16091
71 16228
71 16250
71 17012
71 17075
71 17220
71 18070
71 18185
71 18189
71 18366
71 18480
71 18958
71 19469
71 19625
71 19686
71 19844
71 20257
71 20284
71 20310
71 20317
71 20520
71 20806
71 21082
71 21136
71 21468
71 21609
71 21668
71 21829
71 21943
71 21954
71 22137
71 22245
71 22330
71 22342
71 22446
71 22522
71 22532
71 22539
71 23144
71 23175
71 23450
71 23697
71 23835
71 24262
71 24366
71 24729
71 24733
71 25214
71 25294
71 25316
71 25431
71 25635
71 25702
71 25705
71 25786
71 26106
71 26153
71 26319
71 26431
71 26475
71 26878
71 26885
71 26983
71 27035
71 27257
71 27356
71 27577
71 27828
71 27832
71 27927
71 27937
71 27939
71 28008
71 28201
71 28253
71 28260
71 28631
71 29014
71 29033
71 29160
71 29198
71 29351
71 29418
71 29877
71 30056
71 30144
71 30199
71 30210
71 30354
71 30386
71 30520
71 30729
71 30824
71 30832
71 30881
71 31259
71 31608
71 32011
71 32466
71 32677
71 32918
71 33418
71 33449
71 33589
71 34173
71 34254
71 34550
71 34657
71 34798
71 34815
71 34850
71 35037
71 35102
71 36233
71 36841
71 37072
71 37153
71 37207
71 37589
71 37639
71 37877
71 38186
71 38269
71 38440
71 38486
71 38665
71 38892
71 38993
71 39343
71 39825
71 39890
71 39927
71 39964
71 40113
71 40137
71 40307
71 40317
71 40617
71 40739
71 40825
71 41223
71 41231
71 41315
71 41507
71 41594
71 42046
71 42155
71 42194
71 42327
71 42853
71 42908
71 43257
71 43299
71 43944
71 44002
71 44090
71 45010
71 45022
71 45052
71 45339
71 45382
71 45387
71 45690
71 45796
71 45889
71 46040
71 46281
71 46681
71 46784
71 46970
71 47296
71 47567
71 47703
71 47936
71 48165
71 48935
71 49167
71 49612
71 49724
71 49873
71 49966
71 50276
71 50367
71 50600
71 50938
71 51092
71 51270
71 51370
71 52042
71 52678
71 52818
71 52881
71 52913
71 53665
71 53884
71 53999
71 54008
71 54256
71 54366
71 54693
71 54786
71 54869
71 55195
71 56116
71 56575
71 57562
71 57595
71 57653
71 57904
71 58077
71 58574
71 58596
71 58680
71 58748
71 58811
71 58864
71 58881
71 59074
71 59091
71 59741
71 59851
71 60096
71 60193
71 60252
71 60394
71 60696
71 60830
71 61036
71 61166
71 61181
71 61227
71 61434
71 61469
71 61636
71 61794
71 62000
71 62138
71 62373
71 63384
71 63439
71 63699
71 63772
71 63981
71 64184
71 64533
71 64579
71 65478
71 65588
71 65635
71 65646
71 65703
71 66048
71 66262
71 66561
71 66634
71 66664
71 67311
71 67398
71 67589
71 67687
71 68364
71 68607
71 68786
71 69675
71 70128
71 70251
71 70828
71 71124
71 71320
71 71389
71 71539
71 72091
71 72297
71 72338
71 72399
71 72779
71 73089
71 73799
71 73846
71 73896
71 74132
71 74915
71 75166
71 75258
71 75305
71 75625
71 75730
71 75746
71 76050
71 76079
71 76356
71 76482
71 76801
71 77220
71 77634
71 78132
71 78297
71 78433
71 78675
71 78681
71 79266
71 79521
71 79525
71 79582
71 79725
71 79745
71 79828
71 80016
71 80154
71 80184
71 80303
71 80350
71 80487
71 80590
71 80717
71 80773
71 80933
71 80998
71 81232
71 81240
71 81301
71 81473
71 81679
71 81870
71 82169
71 82352
71 82414
71 82581
71 82667
71 82772
71 82774
71 82808
71 83026
71 83187
71 83316
71 83584
71 83642
71 83801
71 83895
71 84033
71 84245
71 84399
71 84528
71 84610
71 84840
71 84947
71 85273
71 85897
71 86336
71 86339
71 86571
71 86623
71 86669
71 86766
71 86802
71 86809
71 87079
71 87108
71 87180
71 87494
71 87721
71 88164
71 88566
71 88584
71 88613
71 88660
71 89271
71 89427
71 89748
71 89820
71 90390
71 90540
71 90851
71 90855
71 91013
71 91072
71 91076
71 91243
70 243
70 253
70 367
70 940
70 990
70 1629
70 1765
70 1884
70 2198
70 2310
70 2436
70 2546
70 3146
70 3228
70 3543
70 3729
70 3773
70 4105
70 4267
70 4445
70 4447
70 4542
70 4648
70 4835
70 4947
70 5256
70 5296
70 5494
70 5710
70 5955
70 6035
70 6091
70 6439
70 6475
70 6763
70 6825
70 6842
70 6873
70 6897
70 7007
70 7379
70 8208
70 8283
70 8332
70 8541
70 8680
70 8861
70 9118
70 9379
70 9528
70 9788
70 9817
70 10134
70 10176
70 10337
70 10708
70 10817
70 11048
70 11206
70 11266
70 11836
70 11844
70 12178
70 12481
70 12739
70 12921
70 13188
70 13633
70 14124
70 14495
70 14551
70 14553
70 14736
70 14801
70 15145
70 15649
70 15684
70 15703
70 15979
70 16272
70 16418
70 16440
70 16499
70 16612
70 16797
70 17101
70 17136
70 17645
70 17662
70 17757
70 17844
70 17987
70 18296
70 18372
70 18467
70 18508
70 18656
70 18671
70 18694
70 18732
70 18910
70 19816
70 20281
70 20290
70 20771
70 20928
70 21079
70 21134
70 21375
70 21659
70 21883
70 22011
70 22467
70 22537
70 23051
70 23170
70 23210
70 24193
70 24385
70 24515
70 24906
70 24951
70 25129
70 25309
70 25576
70 25628
70 25792
70 25991
70 26017
70 26171
70 26831
70 27181
70 27233
70 27539
70 27734
70 28493
70 28853
70 28867
70 29092
70 29208
70 29295
70 29453
70 29843
70 30062
70 30197
70 30215
70 30501
70 30511
70 30664
70 142784
70 142790
70 142857
70 142897
70 143486
70 143775
70 143912
70 143987
70 144113
70 144341
70 144539
70 144698
70 144755
70 144984
70 145450
70 145880
70 146378
70 146416
70 146419
70 146570
70 146714
70 146833
70 147219
70 147275
70 147282
70 147595
70 148004
70 148006
70 148112
70 148134
70 148689
70 148755
70 148917
70 149744
70 150016
70 150211
70 150545
70 150580
70 151091
70 151287
70 151497
70 151741
70 151864
70 152026
70 152138
70 152288
70 152562
70 152624
70 152664
70 152692
70 152708
70 152784
70 153190
70 153641
70 154132
70 154194
70 154313
70 154449
70 154478
70 154865
70 154987
70 155003
70 155008
70 155781
70 156106
70 156407
70 156473
70 156700
70 156963
70 157327
70 157422
70 157576
70 157616
70 157704
70 157862
70 158039
70 158905
70 158934
70 159044
70 159144
70 159295
70 159601
70 159734
70 159827
70 159918
70 159939
70 160323
70 160349
70 160659
70 160731
70 160754
70 160977
70 161001
70 161161
70 161182
70 161532
70 161851
70 161856
70 161895
70 161944
70 162061
70 162094
70 162143
70 162407
70 162422
70 162510
70 162680
70 163131
70 163777
70 163901
70 163914
70 164062
70 164403
70 164992
70 165038
70 165194
70 165455
70 165889
70 166168
70 166522
70 166570
70 166619
70 166722
70 166726
70 166897
70 167347
70 167645
70 167664
70 167895
70 167978
70 168372
70 168540
70 168892
70 169101
70 169440
70 169478
70 169885
70 169910
70 170119
70 170210
70 170318
70 170483
70 170676
70 170738
70 170809
70 170936
70 171045
70 171128
69 5479
69 5553
69 5680
69 5757
69 5793
69 5876
69 6218
69 6292
69 6331
69 7003
69 7077
69 7441
69 7582
69 8351
69 8536
69 8756
69 8833
69 8837
69 9257
69 9494
69 9581
69 9618
69 9782
69 10882
69 10938
69 10998
69 11493
69 11569
69 11771
69 12169
69 12320
69 12720
69 12844
69 12863
69 12894
69 13070
69 13161
69 14099
69 14550
69 14753
69 14992
69 15095
69 15290
69 15438
69 15578
69 15791
69 16002
69 16243
69 16375
69 16492
69 16821
69 17222
69 17370
69 17440
69 17508
69 18121
69 18468
69 18530
69 18788
69 19075
69 19093
69 19101
69 19136
69 19425
69 19484
69 19847
69 19889
69 19942
69 20070
69 20078
69 20574
69 20619
69 20663
69 21002
69 21379
69 21530
69 21573
69 22041
69 22243
69 22494
69 22685
69 22923
69 22957
69 23093
69 23304
69 23599
69 23764
69 23840
69 24450
69 24902
69 25018
69 25086
69 25165
69 25594
69 25603
69 25895
69 26594
69 26753
69 26774
69 26864
69 26945
69 27369
69 27387
69 27401
69 27536
69 27731
69 27811
69 27938
69 29295
69 30617
69 30712
69 30956
69 31032
69 31214
69 31246
69 31247
69 31466
69 31569
69 32034
69 32419
69 32433
69 32506
69 33179
69 33192
69 33327
69 33892
69 33924
69 34001
69 34461
69 34552
69 34588
69 35135
69 35369
69 35381
69 35499
69 35970
69 36109
69 36969
69 36972
69 37010
69 37015
69 37617
69 37685
69 37883
69 37901
69 38027
69 38059
69 38277
69 38385
69 38524
69 38550
69 38610
69 38670
69 38708
69 38977
69 39185
69 39588
69 39777
69 40028
69 40095
69 40126
69 40319
69 40487
69 40740
69 40791
69 41011
69 41030
69 41190
69 41456
69 41681
69 41983
69 42134
69 42330
69 42708
69 42992
69 43063
69 43170
69 43340
69 43432
69 43591
69 43716
69 43841
69 43886
69 44051
69 44142
69 44431
69 44453
69 44810
69 44911
69 45041
69 45464
69 45511
69 45525
69 45723
69 45978
69 46015
69 46451
69 46463
69 47040
69 47452
69 47563
69 47574
69 48011
69 48053
69 48139
69 48266
69 48424
69 48489
69 48696
69 48727
69 48911
69 49168
69 49337
69 49355
69 49357
69 49424
69 49667
69 50028
69 50282
69 50455
69 50934
69 51016
69 51086
69 51548
69 51766
69 51942
69 52183
69 52365
69 53993
69 54118
69 54411
69 54676
69 54888
69 55020
69 55140
69 55276
69 56000
69 56094
69 56275
69 56784
69 56832
69 56983
69 57424
69 57507
69 57880
69 57957
69 57964
69 58184
69 58251
69 58291
69 58315
69 58438
69 58515
69 58670
69 58965
69 58978
69 58994
69 59381
69 59617
69 60078
69 60225
69 60258
69 60388
69 61042
69 61249
69 61342
69 61475
69 61867
69 61961
69 62215
69 62293
69 62696
69 62723
69 62870
69 63599
69 63612
69 64063
69 64524
69 64598
69 64729
69 64883
69 65773
69 65812
69 66171
69 66264
69 66520
69 66524
69 66774
69 67229
69 67248
69 68033
69 68094
69 68113
69 68187
69 68482
69 68550
69 68721
69 69629
69 69635
69 69833
69 70091
69 70197
69 70313
69 70350
69 70424
69 70450
69 70755
69 71025
69 71270
69 71330
69 71875
69 71941
69 72047
69 72096
69 72226
69 72312
69 72714
69 73252
69 73380
69 73548
69 73614
69 73834
69 74284
69 75070
69 75153
69 75432
69 75581
69 76141
69 76285
69 76819
69 76899
69 76903
69 77258
69 77322
69 77820
69 77921
69 78130
69 78998
69 79180
69 79612
69 79899
69 80301
69 80328
69 80651
69 81000
69 81238
69 81579
69 81666
69 82013
69 82095
69 82248
69 83094
69 83152
69 83232
69 83419
69 83584
69 83592
69 83731
69 83960
69 84128
69 84295
69 84315
69 84317
69 84353
69 84603
69 84811
69 84915
69 85061
69 85311
69 85531
69 86120
69 86479
69 86746
69 87011
69 87013
69 87102
69 87188
69 87221
69 87398
69 87794
69 87812
69 87832
69 88176
72 92246
72 92291
72 92383
72 93013
72 93682
72 93812
72 94024
72 94294
72 94345
72 94635
72 94764
72 94833
72 95249
72 95337
72 95351
72 95484
72 95854
72 96332
72 96389
72 96420
72 96448
72 96600
72 96613
72 96813
72 96892
72 97062
72 97227
72 97248
72 97615
72 97683
72 98004
72 98007
72 98116
72 98153
72 98202
72 98271
72 98358
72 98750
72 99284
72 99646
72 100456
72 100593
72 100998
72 101205
72 101308
72 101338
72 101381
72 101422
72 101442
72 101627
72 101903
72 102042
72 102372
72 102672
72 102705
72 102782
72 103157
72 103201
72 103281
72 103764
72 103857
72 103944
72 104140
72 104301
72 104302
72 104550
72 104709
72 104844
72 104851
72 104933
72 104974
72 105001
72 105478
72 105499
72 105573
72 105609
72 105686
72 105760
72 106208
72 106367
72 106467
72 106494
72 106506
72 106560
72 106811
72 106838
72 106869
72 107078
72 107135
72 107272
72 107421
72 107567
72 107755
72 107844
72 108044
72 108188
72 108323
72 108713
72 108835
72 109051
72 109415
72 109655
72 109665
72 109806
72 109830
72 109864
72 110813
72 110833
72 110871
72 111081
72 111275
72 111536
72 111731
72 111976
72 112151
72 112220
72 112329
72 112390
72 112428
72 112563
72 112946
72 113111
72 113133
72 113223
72 113295
72 113470
72 113531
72 113597
72 113721
72 114101
72 114139
72 114675
72 115299
72 115531
72 115573
72 115801
72 115869
72 115937
72 115966
72 116324
72 116469
72 116593
72 116623
72 116668
72 116917
72 117048
72 117075
72 117270
72 117286
72 117307
72 118172
72 118238
72 118347
72 118666
72 118854
72 118951
72 119491
72 119566
72 119658
72 119894
72 119939
72 120541
72 120542
72 120992
72 121226
72 121418
72 121635
72 122009
72 122259
72 122518
72 122655
72 122745
72 122955
72 122976
72 123286
72 123406
72 123808
72 124376
72 124783
72 124926
72 125259
72 125294
72 125755
72 125808
72 125964
72 126031
72 126037
72 126275
72 126297
72 126318
72 126445
72 126462
72 126653
72 126973
72 127570
72 127989
72 128009
72 128196
72 128769
72 129121
72 129264
72 130026
72 130071
72 130707
72 130828
72 132035
72 132107
72 132237
72 132361
72 132422
72 133339
72 133465
72 133494
72 134111
72 134373
72 134460
72 134603
72 134719
72 134815
72 135514
72 135634
72 135977
72 135996
72 136103
72 136352
72 137062
72 137635
72 138258
72 138993
72 139111
72 139775
72 139851
72 139990
72 140154
72 140198
72 140203
72 140837
72 141160
72 141234
72 141262
72 141657
72 142217
72 142363
72 142439
72 142593
72 142693
72 142711
72 142720
72 142918
72 143057
72 143431
72 143737
72 144040
72 145091
72 145369
72 145828
72 145916
72 146412
72 146490
72 146583
72 146771
72 146959
72 147168
72 147199
72 147338
72 147349
72 147519
72 147620
72 147678
72 148294
72 148508
72 148765
72 148836
72 149057
72 149073
72 149089
72 149436
72 149507
72 149561
72 149775
72 150528
73 100728
73 100737
73 100755
73 101066
73 101457
73 101578
73 102560
73 102622
73 103015
73 103060
73 103488
73 103947
73 104736
73 104791
73 104837
73 105014
73 105710
73 105863
73 105906
73 105935
73 105974
73 106187
73 106367
73 106500
73 106909
73 107009
73 107115
73 107302
73 107342
73 107523
73 107553
73 107725
73 107746
73 107877
73 108375
73 108844
73 109130
73 109331
73 109638
73 109742
73 110273
73 110368
73 110884
73 110902
73 111034
73 111258
73 111309
73 111376
73 111377
73 111858
73 112153
73 112316
73 112498
73 112525
73 112646
73 112827
73 112947
73 113255
73 113992
73 114156
73 114259
73 114362
73 114659
73 114750
73 115430
73 115769
73 115814
73 115997
73 116091
73 116334
73 116529
73 116664
73 117102
73 117291
73 117555
73 117850
73 118005
73 118102
73 118181
73 118208
73 118420
73 118640
73 118790
73 118834
73 118907
73 119136
73 119686
73 119782
73 120143
73 120186
73 120210
73 120219
73 120456
73 120687
73 120966
73 121341
73 121449
73 121475
73 121573
73 121621
73 121962
73 122269
73 122415
73 122617
73 122737
73 122980
73 123216
73 123385
73 123406
73 123424
73 123804
76 94984
76 95216
76 95256
76 95379
76 95549
76 95817
76 95852
76 96024
76 96267
76 96798
76 96814
76 97069
76 97343
76 97865
76 98240
76 98395
76 98639
76 98854
76 99646
76 100143
76 100144
76 100634
76 101050
76 101187
76 101303
76 101633
76 102136
76 102428
76 102690
76 103177
76 103192
76 103305
76 103361
76 103827
76 103856
76 104677
76 104726
76 104822
76 105391
76 105459
76 105576
76 105672
76 105778
76 106239
76 106291
76 107393
76 107395
76 107558
76 107855
76 107934
76 108225
76 108584
76 108719
76 108730
76 108809
76 108923
76 108964
76 109265
76 109370
76 109968
76 110066
76 110515
76 110841
76 111113
76 111649
76 111737
76 112178
76 112407
76 112575
76 112688
76 112897
76 113005
76 113599
76 114047
76 114413
76 114487
76 114601
76 114773
76 114960
76 115110
76 115441
76 115641
76 115744
76 115936
76 116285
76 116422
76 117088
76 117514
76 117575
76 118081
76 118244
76 118492
76 118670
76 118738
76 118921
76 119347
76 119555
76 119688
76 120002
76 120200
76 120336
76 120615
76 121298
76 121624
76 121630
76 121695
76 122022
76 122249
76 122440
76 122490
76 122714
76 122958
76 123094
76 123372
76 123618
76 123782
76 123792
76 124023
76 124105
76 124447
76 124760
76 125077
76 125081
76 125116
76 125270
76 125782
76 126208
76 126505
76 126637
76 126844
76 126968
76 127432
76 127450
76 127543
76 127608
76 127717
76 127844
78 93129
78 93518
78 93924
78 94395
78 94403
78 94431
78 94708
78 94761
78 94851
78 94992
78 95021
78 95025
78 95496
78 95789
78 96437
78 96570
78 96854
78 97218
78 97637
78 97854
78 97979
78 98095
78 98137
78 98510
78 98628
78 98910
78 99091
78 99445
78 99450
78 99892
78 100137
78 100166
78 100399
78 100492
78 100946
78 101357
78 101727
78 101915
78 101968
78 102154
78 102239
78 102258
78 102340
78 102610
78 102789
78 102930
78 103000
78 103268
78 103419
78 103761
78 103894
78 103922
78 104013
78 104352
78 104356
78 104847
78 104923
78 105162
78 105185
78 105254
78 105306
78 105360
78 105460
78 105469
78 105549
78 106213
78 106274
78 106306
78 106340
78 106706
78 106889
78 107002
78 107023
78 107026
78 107075
78 107285
78 107330
78 107853
78 107940
78 107960
78 108049
78 108234
78 108759
78 109078
78 109171
78 109266
78 109370
78 109384
78 109721
78 109842
78 110046
78 110373
78 110375
78 110617
78 110624
78 110692
78 110765
78 110851
78 111354
78 111649
78 111839
78 111943
78 112155
78 112278
78 112488
78 112825
78 112860
78 112879
78 112882
78 113034
78 113051
78 113433
78 113840
78 113884
78 113956
78 114235
78 114596
78 114697
78 115223
78 115621
78 115797
78 115908
78 115929
78 116035
78 116266
78 116579
78 116600
78 116853
78 116886
78 117146
78 117174
78 117379
78 117527
78 117678
78 118056
78 118541
78 118775
78 118862
78 119132
78 119217
78 119230
78 119879
78 120017
78 120569
78 121015
78 121289
78 121631
78 121701
78 121783
78 122184
78 122335
78 122450
78 122451
78 122468
78 122534
78 122679
78 122724
78 123418
78 123592
78 123600
78 123834
78 123879
78 123880
78 124559
78 124624
78 124676
78 124947
78 125006
78 125135
78 125301
78 125383
78 125529
78 125573
78 125658
78 125856
78 125994
78 126150
74 96
74 270
74 829
74 1110
74 1971
74 2297
74 2606
74 2788
74 2900
74 2915
74 3120
74 3297
74 3413
74 3464
74 4017
74 4465
74 4835
74 4836
74 4875
74 4922
74 5153
74 5258
74 5450
74 5513
74 5642
74 5931
74 6065
74 6068
74 6353
74 6523
74 6689
74 6743
74 6756
74 6958
74 7199
74 7418
74 7462
74 7469
74 7657
74 7923
74 8045
74 8066
74 8086
74 8121
74 8287
74 8412
74 8557
74 8627
74 8781
74 8853
74 8861
74 9084
74 9149
74 9353
74 10268
74 10511
74 10586
74 10791
74 11067
74 11411
74 11660
74 11735
74 11804
74 11937
74 12025
74 12043
74 12223
74 12299
74 12668
74 12713
74 13497
74 13835
74 14185
74 14401
74 14487
74 15047
74 15253
74 15588
74 15709
74 15728
74 16016
74 16020
74 16084
74 16095
74 16297
74 16465
74 16754
74 16785
74 16840
74 16851
74 16884
74 17651
74 18375
74 19235
74 19610
74 19622
74 19678
74 19691
74 19943
74 19989
74 20347
74 20772
74 20773
74 21190
74 21463
74 21515
74 21669
74 21840
74 21847
74 22003
74 22037
74 22317
74 22638
74 22733
74 22943
74 23086
74 23199
74 23435
74 24189
74 24247
74 24453
74 24545
74 25146
74 25320
74 25545
74 26670
74 27242
74 27428
74 27464
74 27656
74 28095
74 28399
74 28507
74 28678
74 28679
74 28690
74 28726
74 28846
74 29155
74 29639
74 29769
74 29979
74 30142
74 30953
74 31279
74 31996
74 32110
74 32216
74 32540
74 32545
74 32548
74 32596
74 32609
74 32895
74 32959
74 33157
74 33167
74 33619
74 33780
74 33933
74 34237
74 34358
74 34509
74 34526
74 34593
74 35164
74 35272
74 35422
74 35477
74 35505
74 35663
74 35810
74 36433
74 36517
74 37214
74 37290
74 37530
74 37638
74 37860
74 37871
74 38063
74 38116
74 38215
74 38335
74 38684
74 38735
74 38737
74 38811
74 38964
74 39035
74 39091
74 39206
74 39230
74 39520
74 39783
74 40362
74 40477
74 40700
74 40831
74 41000
74 41115
74 41167
74 41194
74 41518
74 41866
74 41981
74 42243
74 42355
74 42528
74 42847
74 42868
74 43101
74 44255
74 44356
74 44425
74 44615
74 45063
74 45306
74 45466
74 46540
74 46684
74 47162
74 47326
74 47364
74 47714
74 47899
74 47993
74 48007
74 48547
74 48632
74 48640
74 49072
74 49599
74 49912
74 49956
74 50727
74 50909
74 51234
74 51254
74 51822
74 52223
74 52238
74 52609
74 52677
74 53482
74 53484
74 53515
74 53712
74 53786
74 53812
74 54193
74 54445
74 54571
74 54837
74 54939
74 54984
74 55245
74 55555
74 55719
74 55766
74 55782
74 55999
74 56104
74 56123
74 56295
74 56359
74 56468
74 56492
74 56915
74 56989
74 57198
74 57418
74 57660
74 57736
74 57770
74 57910
74 57927
74 57961
74 58360
74 58800
74 58986
74 59216
74 59228
74 59298
74 59701
74 59730
74 59797
74 60688
74 60728
74 61314
74 61424
74 61717
74 62050
74 62060
74 62153
74 62183
74 62249
74 62349
74 62683
74 62695
74 62726
74 63474
74 63512
74 63660
74 63852
74 64044
74 64251
74 64284
74 64344
74 64483
74 64585
74 64698
74 64752
74 64833
74 64958
74 65365
74 65467
74 65477
74 65532
74 65630
74 65854
74 65865
74 65867
74 65900
74 65903
74 66256
74 66631
74 67096
74 67255
74 67266
74 67293
74 67392
74 67407
74 67565
74 67637
74 67646
74 68024
74 68370
74 68757
74 68845
74 68948
74 69041
74 69077
74 69243
74 69493
74 69651
74 69753
74 69832
74 69962
74 69997
74 70265
74 70422
74 70428
74 70678
74 71003
74 71207
74 71345
74 71593
74 71613
74 71620
74 71831
74 71860
74 71884
74 72158
74 72167
74 72213
74 72248
74 72476
74 72650
74 72666
74 72769
74 72892
74 73128
74 73151
74 73168
74 73825
74 74302
74 74447
74 74468
74 74585
74 74600
74 75078
74 75517
74 75862
74 76084
74 76232
74 76457
74 76692
74 76845
74 77093
74 77175
74 77328
74 77587
74 77632
74 77975
74 78077
74 78253
74 78352
74 78833
74 78967
74 79229
74 79333
74 79921
74 80025
76 34847
76 35041
76 35297
76 35408
76 35753
76 36241
76 36452
76 37103
76 37109
76 37116
76 37263
76 37649
76 37719
76 38351
76 38704
76 38977
76 38997
76 39378
76 39708
76 40085
76 40288
76 40339
76 40391
76 40578
76 40690
76 40935
76 41092
76 41427
76 41618
76 41635
76 42097
76 42290
76 42732
76 42933
76 43625
76 44146
76 44248
76 44369
76 44414
76 44736
76 45000
76 45257
76 45301
76 45303
76 45304
76 45408
76 45658
76 45972
76 46126
76 46699
76 46853
76 46863
76 46983
76 47035
76 47039
76 47310
76 47655
76 47895
76 47961
76 48140
76 48510
76 48524
76 49195
76 49559
76 49672
76 49801
76 49893
76 49985
76 49988
76 50009
76 50068
76 50122
76 50229
76 50436
76 50624
76 51152
76 51357
76 51648
76 51656
76 51832
76 51968
76 52256
76 52349
76 52453
76 52501
76 52980
76 53146
76 53226
76 53312
76 53782
76 53923
76 53928
76 54123
76 54276
76 54426
76 54493
76 54555
76 55105
76 55277
76 55528
76 55591
76 55698
76 55819
76 55841
76 56089
76 56334
76 56385
76 56418
76 56528
76 56586
76 56859
76 57064
76 57172
76 57715
76 57871
76 57993
76 58127
76 58495
76 58571
76 58703
76 58729
76 58792
76 58813
76 59070
76 59089
76 59262
76 59485
76 59501
76 59590
76 60185
76 60239
76 60354
76 60361
76 60376
76 60684
76 60716
76 60991
76 61109
76 61219
76 61227
76 61257
76 61327
76 61969
76 62220
76 62473
76 62532
76 62600
76 62620
76 62747
76 62811
76 62962
76 63187
76 63276
76 63302
76 63332
76 63338
76 63507
76 63593
76 64001
76 64244
76 64344
76 64403
76 64447
76 64851
76 64915
76 65147
76 65298
76 65595
76 65682
76 65825
76 66297
76 66776
76 67117
76 67442
76 67452
76 67486
76 67692
76 67902
76 67981
76 68234
76 68327
76 68340
76 68482
76 68738
76 68813
76 69064
76 69117
76 69166
76 69258
76 69904
76 70050
76 70473
76 70671
76 70735
76 71193
76 71283
76 71457
76 71720
76 71914
76 71921
76 72131
76 72168
76 72370
76 72396
76 72597
76 72714
76 72803
76 72833
76 72884
76 72910
76 73301
76 73302
76 73465
76 73847
76 74010
76 74040
76 74208
76 74526
76 74533
76 74897
76 74958
76 75057
76 75123
76 75250
76 75279
76 75708
76 76023
76 76086
76 76251
76 76885
76 76922
76 77154
76 77706
76 77714
76 77718
76 77780
76 78314
76 79420
76 79733
76 79863
76 79889
76 80019
76 80118
76 80301
76 80358
76 80493
76 80652
76 80894
76 80899
76 80908
76 81487
76 81720
76 81822
76 81990
76 82020
76 82242
76 82643
76 82758
76 82845
76 82879
76 82892
76 83160
76 83225
76 83778
76 84044
76 84112
76 84175
76 84342
76 84705
76 84742
76 84751
76 84861
76 84912
76 84923
76 85081
76 85121
76 85145
76 85455
76 85522
76 85563
76 85915
76 86634
76 86662
76 86983
76 87094
76 87619
76 87833
76 87968
76 88173
76 88233
76 89224
76 89225
76 89828
76 89836
76 89873
76 89913
76 90527
76 90550
76 90607
76 90728
76 90730
76 90930
76 91049
76 91073
76 91173
76 91205
76 91409
76 91452
76 91725
76 91798
76 91885
76 91887
76 92181
76 92758
76 93415
76 93743
76 94039
76 94276
76 94353
76 94357
76 94715
76 94733
76 94915
67 191
67 251
67 358
67 651
67 1245
67 1420
67 1548
67 1789
67 2024
67 2246
67 2331
67 2742
67 2999
67 3641
67 3700
67 4130
67 4197
67 4331
67 4351
67 4421
67 4626
67 4715
67 5191
67 5476
67 5493
67 5628
67 5679
67 5781
67 6079
67 6123
67 6579
67 6744
67 6800
67 7173
67 7496
67 7697
67 8094
67 8110
67 8387
67 8744
67 9071
67 9605
67 9770
67 9804
67 9952
67 9955
67 10014
67 10052
67 10060
67 10270
67 10725
67 10924
67 11202
67 12014
67 12316
67 12328
67 12639
67 12670
67 13186
67 13306
67 13473
67 13956
67 14619
67 14871
67 15537
67 15549
67 15769
67 16124
67 16289
67 16706
67 16833
67 17249
67 17416
67 17491
67 17622
67 17734
67 18297
67 18303
67 18625
67 19007
67 19176
67 19611
67 19724
67 19740
67 20133
67 20141
67 20368
67 20463
67 20830
67 21088
67 21319
67 21412
67 21666
67 21739
67 22253
67 22344
67 22466
67 22854
67 23085
67 23936
67 24122
67 24687
67 24822
67 24889
67 25159
67 25671
67 26685
67 26687
67 26695
67 26908
67 26929
67 26954
67 26981
67 27193
67 28010
67 28203
67 28764
67 28770
67 28869
67 29185
67 29860
67 30055
67 30668
67 30679
67 30856
67 30952
67 31067
67 31864
67 31891
67 32173
67 32420
67 33152
67 33371
67 33641
67 33740
67 34066
67 34536
67 34712
67 34752
67 35306
67 35448
67 35621
67 36772
67 36960
67 37467
67 37685
67 37934
67 38407
67 39044
67 39153
67 39674
67 39768
67 40089
67 40262
67 40452
67 40799
67 40885
67 40986
67 41115
67 41475
67 41910
67 42046
67 42363
67 42720
67 43035
67 43128
67 43180
67 43256
67 43312
67 43881
67 44140
67 44162
67 44821
67 45133
67 45423
67 45476
67 45492
67 45738
67 46563
67 47031
67 47035
67 47227
67 47627
67 47671
67 47696
67 47738
67 47961
67 48144
67 48162
67 48726
67 49459
67 49628
67 49767
67 50012
67 50386
67 50399
67 50603
67 51847
67 52287
67 52778
67 53061
67 53181
67 53330
67 53348
67 53515
67 54120
67 54256
67 54259
67 54775
67 54844
67 54935
67 55101
67 55389
67 55728
67 55820
67 56286
67 56563
67 56663
67 57112
67 57550
67 57876
67 58003
67 58339
67 58479
67 58901
67 58929
67 59315
67 59553
67 59697
67 59888
67 59910
67 60672
67 60837
67 61156
67 61434
67 61518
67 61529
67 61757
67 62090
67 62365
67 62570
67 62597
67 62643
67 63185
67 63484
67 63847
67 64060
67 64622
67 64817
67 65132
67 66034
67 66090
67 66451
67 66806
67 67182
67 67210
67 67651
67 67744
67 68122
67 68264
67 69242
67 69362
67 69521
67 69955
67 70289
67 70568
67 70922
67 71230
67 71305
67 71486
67 71495
67 71606
67 71838
67 71847
67 72206
67 72687
67 73109
67 73337
67 73682
67 73866
67 74115
67 74281
67 74381
67 74748
67 75033
67 75066
67 75205
67 75546
67 75757
67 75884
67 76300
67 76432
67 76643
67 76956
67 77355
67 77397
67 77682
67 77965
67 77966
67 78159
67 79181
67 79352
67 79374
67 79886
67 79894
67 79972
67 80265
67 80337
67 80461
67 80465
67 80680
67 81016
67 81451
67 81624
67 82167
67 82403
67 82422
67 82426
67 83031
67 83394
67 83550
67 83700
67 83766
67 84096
67 84122
67 84523
67 84982
67 85081
67 85227
67 85249
67 85290
67 85664
67 85906
67 86197
67 86888
67 87309
67 87437
67 87601
67 87706
67 88273
67 88949
67 89264
67 89496
67 89534
67 89568
67 90004
67 90042
67 90213
67 90266
67 90610
67 90926
67 91016
67 91242
67 91292
67 92226
67 92402
67 92523
67 92800
67 93047
67 93291
67 93358
67 93499
67 93621
67 93926
67 94487
67 94524
67 94542
67 94553
67 94868
67 94908
67 95009
67 95107
72 184575
72 184630
72 184676
72 184951
72 184960
72 185014
72 185115
72 186519
72 186576
72 186789
72 186904
72 187012
72 187576
72 187717
72 187738
72 187897
72 187988
72 188229
72 188315
72 188503
72 188589
72 188776
72 189078
72 189667
72 189745
72 190306
72 190340
72 190466
72 190520
72 190590
72 190598
72 190732
72 190779
72 190952
72 191126
72 191264
72 191334
72 191815
72 191823
72 191829
72 191918
72 192043
72 192227
72 192272
72 192322
72 192422
72 192757
72 192800
72 192858
72 193063
72 193092
72 193176
72 193800
72 194406
72 194492
72 194564
72 195013
72 195133
72 195412
72 195520
72 195549
72 195826
72 196295
72 196322
72 196484
72 196514
72 196908
72 196931
72 196973
72 197079
72 197085
72 197611
72 197629
72 197703
72 198196
72 198340
72 198815
72 198930
72 199032
72 199074
72 199294
72 199483
72 199530
72 199885
72 200027
72 200330
72 200454
72 200490
72 200514
72 201156
72 201486
72 201700
72 202087
69 157695
69 157827
69 157942
69 158038
69 158285
69 158390
69 158442
69 158724
69 158870
69 159008
69 159224
69 159459
69 159536
69 160871
69 161226
69 161264
69 161765
69 161958
69 162054
69 162480
69 162579
69 162834
69 163097
69 163232
69 163262
69 163267
69 163278
69 163604
69 163702
69 163804
69 163902
69 164002
69 164242
69 164346
69 164373
69 164403
69 164404
69 164418
69 164491
69 164578
69 164769
69 164966
69 165001
69 165347
69 165460
69 165536
69 165872
69 165899
69 166118
69 166154
69 166302
69 167083
69 167167
69 167298
69 167368
69 167549
69 167644
69 167653
69 167934
69 167946
69 167955
69 167975
69 168056
69 168175
69 168215
69 168248
69 168290
69 168545
69 168967
69 169232
69 169431
69 169578
69 170082
69 170506
69 170836
69 170912
69 170973
69 171206
69 171356
69 171776
69 171815
69 171951
69 172430
69 172940
69 173111
69 173183
69 173247
69 173440
69 173478
69 173567
69 173905
69 174260
69 174403
69 174406
69 174485
69 175115
69 175152
69 175198
69 175251
69 175290
69 175459
69 175528
69 175602
69 175745
69 175793
69 175803
69 175826
69 175835
69 175907
69 175933
69 176290
69 176466
69 176478
69 176547
69 176623
69 176777
69 176968
69 177181
69 177744
69 177864
69 177908
69 177999
69 178018
69 178397
69 178597
69 178609
69 178643
69 178718
69 178957
69 179198
69 179241
69 179248
69 179264
69 179367
77 98
77 117
77 291
77 405
77 843
77 996
77 1115
77 1322
77 1636
77 1666
77 1905
77 1970
77 2042
77 2058
77 2208
77 2890
77 3200
77 3274
77 3341
77 3364
77 3768
77 4004
77 4137
77 4216
77 4326
77 4530
77 4693
77 5239
77 5532
77 5757
77 5859
77 6410
77 6579
77 7258
77 7555
77 7641
77 7731
77 8355
77 8414
77 8489
77 8667
77 8895
77 8920
77 8999
77 9055
77 9103
77 9170
77 9314
77 9797
77 10207
77 10225
77 10361
77 10806
77 10977
77 11368
77 11434
77 11448
77 11513
77 11528
77 11570
77 11885
77 12400
77 12621
77 12641
77 12808
77 13028
77 13039
77 13360
77 13596
77 14460
77 14475
77 14484
77 15182
77 15292
77 15421
77 15672
77 16071
77 16527
77 16672
77 16801
77 17148
77 17239
77 17720
77 17733
77 17769
77 18185
77 19314
77 19383
77 19444
77 19561
77 20036
77 20406
77 20483
77 20525
77 20596
77 20645
77 20663
77 20731
77 20962
77 21006
77 21163
77 21198
77 21348
77 21493
77 21662
77 21793
77 21843
77 22404
77 22545
77 22729
77 22744
77 22830
77 22920
77 23070
77 23140
77 23346
77 24085
77 24455
77 24582
77 24711
77 25008
77 25725
77 26277
77 26597
77 26952
77 26982
77 27089
77 27096
77 27099
77 27317
77 27451
77 27550
77 27571
77 27993
77 28294
77 28357
77 28858
77 29546
77 29779
77 29968
77 29981
77 30161
77 30187
77 30953
77 31484
77 31685
77 31707
77 31779
77 31849
77 31988
77 32016
77 32030
77 32477
77 33306
77 33332
77 33687
77 34162
77 34559
77 34719
77 34786
77 35004
77 35005
77 35018
77 35216
77 35276
77 36276
77 36429
77 36629
77 36762
77 36890
77 37333
77 37523
77 37525
77 37950
77 38067
77 38294
77 39072
77 39179
77 39458
77 39921
77 40102
77 40187
77 40689
77 40840
77 40883
77 41351
77 41711
77 42197
77 42292
77 42500
77 42763
77 42812
77 42890
77 43127
77 43408
77 43451
77 43538
77 43660
77 43777
77 43891
77 43983
77 44193
77 44204
77 44401
77 44558
77 44798
77 44996
77 45519
77 45726
77 45727
77 45775
77 45892
77 45962
77 46116
77 46288
77 46704
77 46820
77 46839
77 46941
77 47045
77 47056
77 47193
77 47226
77 47813
77 47965
77 48629
77 48753
77 48981
77 49204
77 49256
77 49408
77 49465
77 49768
77 49813
77 49892
77 50058
77 50187
77 50207
77 50312
77 50327
77 50332
77 50520
77 50913
77 51200
77 51385
77 51406
77 52113
77 52284
77 52881
77 53356
77 53370
77 53373
77 53537
77 53820
77 54105
77 54299
77 54380
77 54594
77 54709
77 54842
77 55393
77 55395
77 55618
77 56749
77 57452
77 57475
77 57531
77 57533
77 57632
77 57874
77 57894
77 58773
77 58777
77 58785
77 59066
77 59078
77 59242
77 59542
77 59671
77 59688
77 59708
77 59746
77 59986
77 60443
77 60852
77 61063
77 61182
77 61521
77 61991
77 62184
77 62205
77 62228
77 62380
77 63330
77 63577
77 63615
77 63871
77 63965
77 64003
77 64018
77 64182
77 64266
77 64271
77 64419
77 64529
77 65396
77 65436
77 65568
77 65953
77 66980
77 67285
77 67480
77 67693
77 67828
77 68007
77 68038
77 68182
77 68189
77 68348
77 68462
77 68908
77 69455
77 69508
77 69534
77 69681
77 69743
77 69759
77 69763
77 69937
77 70081
77 70872
77 71307
77 71323
77 71352
77 71808
77 71915
77 72471
77 72974
77 73053
77 73080
77 73726
77 74305
77 74767
77 75019
77 75388
77 76160
77 76199
77 76576
77 76710
77 76884
77 77334
77 77734
77 78032
77 78354
77 78520
77 78549
77 78627
77 78653
77 79074
77 79336
77 79887
77 79950
77 80348
77 80483
77 80664
77 80805
77 81496
77 82508
77 82518
77 82530
77 82537
77 82560
77 82577
77 83615
77 83839
77 83996
77 84104
77 84229
77 84360
77 84850
77 84868
77 84996
77 85173
77 85351
77 85627
77 85642
77 85691
77 85759
77 85782
77 86201
77 86462
77 86491
77 86546
77 86598
77 86608
77 86870
77 86897
77 87287
77 87369
77 87419
77 87443
77 87467
77 87846
77 88011
77 88036
77 88047
77 88153
77 88186
77 88192
77 88233
77 88364
77 88378
77 88502
77 88726
77 88755
77 88924
77 89154
77 89203
77 89771
77 89796
77 90003
77 90027
77 90084
77 90236
77 90730
77 91153
77 91188
77 91345
77 91524
77 91590
77 91966
77 92080
77 92111
77 92141
77 92460
77 92559
77 92707
77 92865
77 93188
77 93555
77 93718
77 93915
79 5
79 439
79 503
79 520
79 544
79 639
79 1163
79 1245
79 1363
79 1494
79 1750
79 1799
79 2197
79 2442
79 2544
79 2654
79 2708
79 2798
79 2829
79 3026
79 3200
79 3346
79 3475
79 3658
79 4171
79 4250
79 4369
79 4413
79 4808
79 4868
79 4937
79 5008
79 5476
79 5910
79 5914
79 6003
79 6119
79 6235
79 6371
79 6832
79 7000
79 7240
79 7265
79 7480
79 7491
79 7560
79 7770
79 7774
79 7839
79 8087
79 8359
79 8620
79 8664
79 8911
79 8922
79 8998
79 9296
79 9687
79 9952
79 10003
79 10096
79 10344
79 10355
79 11100
79 11216
79 11622
79 12406
79 12590
79 12653
79 12745
79 12769
79 12778
79 12948
79 13091
79 13123
79 13125
79 13237
79 13403
79 13427
79 13601
79 13658
79 14305
79 14448
79 14519
79 14625
79 14716
79 14809
79 15100
79 15241
79 15580
79 15650
79 15936
79 16158
79 16229
79 16418
79 16505
79 16746
79 16790
79 16794
79 16874
79 16876
79 17329
79 17389
79 17587
79 17623
79 17995
79 18115
79 18153
79 18556
79 18562
79 18780
79 19222
79 19248
79 19390
79 19606
79 19668
79 19835
79 19844
79 19867
79 20043
79 20083
79 20255
79 20456
79 20902
79 21053
79 21430
79 21879
79 21948
79 22155
79 22589
79 22902
79 22930
79 23030
79 23181
79 23199
79 23216
79 23631
79 24490
79 24770
79 25167
79 25295
79 25311
79 25443
79 25521
79 25639
79 25827
79 26316
79 26467
79 26600
79 27124
79 27564
79 27871
79 27903
79 28210
79 28522
79 28950
79 29010
79 29092
79 29296
79 29377
79 30207
79 30470
79 30663
79 31302
79 31732
79 31834
79 31922
79 31995
79 32134
79 32159
79 32205
79 32251
79 32365
79 32650
79 32658
79 33362
79 33525
79 33712
79 34120
79 34263
79 34334
79 34489
79 34491
79 34612
79 34731
79 35547
79 35591
79 35769
79 35932
79 36557
79 36811
79 37443
79 37551
79 37664
79 37790
79 38159
79 38162
79 38328
79 38352
79 38643
79 39006
79 39094
79 39146
79 39222
79 39298
79 39650
79 39749
79 39779
79 40013
79 40209
79 40216
79 40269
79 40292
79 40414
79 40496
79 40762
79 40823
79 41336
79 41523
79 41710
79 41771
79 41809
79 41821
79 42090
79 42134
79 42183
79 42209
79 42583
79 42597
79 42745
79 42806
79 42888
79 43019
79 43023
79 43347
79 43391
79 43541
79 43544
79 43998
79 44515
79 45557
79 45570
79 45651
79 46040
79 46157
79 46215
79 46221
79 46852
79 46947
79 47304
79 47570
79 47583
79 47793
79 47795
79 48083
79 48252
79 48362
79 48669
79 48960
79 49037
79 49051
79 49133
79 50096
79 50316
79 50371
79 50554
79 50906
79 51458
72 202389
72 202399
72 202905
72 203012
72 203024
72 203239
72 203266
72 203474
72 203691
72 203840
72 204007
72 204385
72 204657
72 204715
72 204766
72 204862
72 205413
72 205422
72 205455
72 205460
72 205654
72 206258
72 206561
72 206672
72 207098
72 207390
72 207439
72 207464
72 207517
72 207544
72 207614
72 207658
72 207680
72 208017
72 208154
72 208324
72 208328
72 208448
72 208584
72 208602
72 208935
72 209076
72 209963
72 209983
72 210156
72 210487
72 210545
72 210643
72 210778
72 211048
72 211348
72 211369
72 211536
72 211554
72 211674
72 211717
72 211905
72 211971
72 212178
72 212254
72 212280
72 213076
72 213110
72 213140
72 213229
72 213470
72 213526
72 213615
72 213724
72 213975
72 214266
72 214468
72 214780
72 214983
72 215402
72 215710
72 215764
72 216162
72 216417
72 216581
72 216620
72 216850
72 217373
72 217739
72 217772
72 217943
72 218607
72 218664
72 219111
72 219199
72 219296
72 219375
72 219416
72 219634
72 219940
72 220034
72 220198
72 220368
72 220435
72 220531
72 220848
72 221084
72 221229
72 221498
72 221657
72 221664
72 221972
72 221981
72 222466
72 222575
72 222607
72 222832
72 223868
72 224676
72 225536
72 225749
72 225902
72 226027
72 227012
72 227180
72 227223
72 228007
72 228200
72 228582
72 228611
72 228677
72 228710
72 229014
72 229655
72 229840
72 229912
72 229972
72 230389
72 230511
75 156
75 265
75 1091
75 1245
75 1333
75 1516
75 1609
75 1728
75 2090
75 2236
75 2314
75 2539
75 3126
75 3195
75 3241
75 3262
75 3335
75 3743
75 3793
75 3799
75 3887
75 3958
75 3976
75 4311
75 4326
75 5014
75 5084
75 5790
75 5949
75 6471
75 6693
75 6715
75 7083
75 7256
75 7699
75 8079
75 8225
75 8317
75 8830
75 8845
75 8914
75 9003
75 9029
75 9629
75 9708
75 10077
75 10135
75 10370
75 10379
75 10548
75 10598
75 10679
75 10685
75 10861
75 11277
75 11598
75 11867
75 12412
75 12979
75 13044
75 13069
75 13115
75 13152
75 13230
75 13247
75 13700
75 14131
75 14168
75 14183
75 14217
75 14399
75 14420
75 14488
75 15017
75 15059
75 16066
75 16081
75 16242
75 16257
75 16313
75 16646
75 17117
75 17427
75 18623
75 18653
75 18867
75 19955
75 19962
75 20000
75 20068
75 20283
75 20423
75 20581
75 20957
75 21253
75 21259
75 21313
75 21652
75 21737
75 21846
75 22454
75 22526
75 22652
75 22730
75 22741
75 22913
75 23244
75 23956
75 24012
75 24304
75 24537
75 24742
75 24827
75 24851
75 26387
75 26407
75 26792
75 26986
75 27082
75 27531
75 27533
75 27692
75 28056
75 28073
75 28631
75 29151
75 29347
75 29359
75 29436
75 29445
75 29804
75 29946
75 30436
75 30796
75 31033
75 31342
75 31352
75 31387
75 31396
75 31444
75 31602
75 31645
75 31791
75 31803
75 31941
75 32466
75 32600
75 33325
75 33335
75 33526
75 33548
75 34139
75 34567
75 34730
75 34802
75 34889
75 34903
75 36294
75 36494
75 36534
75 36894
75 37101
75 37169
75 37214
75 37342
75 37545
75 37595
75 38052
75 39223
75 39414
75 39738
75 39768
75 39904
75 39989
75 40123
75 40142
75 40230
75 40473
75 41423
75 41463
75 41633
75 41744
75 41893
75 42244
75 42589
75 43368
75 43398
75 43622
75 43724
75 43773
75 44005
75 44447
75 44692
75 44793
75 44857
75 45036
75 45047
75 45398
75 45748
75 45818
75 45881
75 45943
75 46536
75 46781
75 46821
75 47046
75 47574
75 47695
75 47945
75 48153
75 48969
75 48995
75 49066
75 49484
75 49847
75 50163
75 50221
75 50510
75 50525
75 50905
75 51150
75 51152
75 51192
75 51225
75 52049
75 52052
75 52178
75 52605
75 52824
75 53273
75 53285
75 53554
75 53683
75 53749
75 53779
75 54032
75 54197
75 54379
75 54394
75 54586
75 54672
75 54889
75 54996
75 55434
75 55446
75 55463
75 55757
75 55876
75 55997
75 56202
75 56667
75 56854
75 57133
75 57292
75 57365
75 57505
75 57580
75 57685
75 57709
75 57823
75 58020
75 58041
75 58133
75 58164
75 58333
75 58521
75 58550
75 58896
75 59105
75 59351
75 59476
75 59962
75 60184
75 60355
75 60581
75 60636
75 60671
75 60759
75 60982
75 61732
75 61736
75 62346
75 62547
75 62605
75 62655
75 62863
75 63178
75 63188
75 63225
75 63386
75 63419
75 64327
75 64471
75 64886
75 65461
75 65638
75 65798
75 66098
75 66161
75 66259
75 66296
75 66641
75 66853
75 66858
75 66895
75 66969
75 66984
75 67049
75 67296
75 67500
75 67532
75 67633
75 67691
75 67945
75 68362
75 68406
75 68458
75 68953
75 68965
75 69313
75 69515
75 69640
75 70029
75 70129
75 70187
75 70192
75 70321
75 70362
75 70739
75 70873
75 71123
75 71324
75 71353
75 71643
75 71812
75 71950
75 72256
75 72257
75 72289
75 72798
75 72923
75 73302
75 73357
75 73428
75 73604
75 73812
75 73933
75 74143
75 74249
75 74449
75 74722
75 74774
75 75213
75 75242
75 75559
75 75634
75 75901
75 75949
75 76044
75 76501
75 77163
75 77181
75 77597
75 77716
75 77735
75 77802
75 78070
75 78523
75 78553
75 78726
75 78781
75 78830
75 79189
75 79191
75 79207
75 79243
75 79504
75 79532
75 79660
75 79880
75 80043
75 80154
75 80255
75 80521
75 81383
75 81390
75 81547
75 81980
75 82428
75 82533
75 82536
75 82603
75 82630
75 82755
75 83112
75 83341
75 83863
75 84391
75 84469
75 84771
75 84904
75 84950
75 85049
75 85090
75 85109
75 85217
75 85865
75 86034
75 86232
75 86442
75 86713
75 86726
75 86888
75 87013
75 87034
75 87230
75 87417
75 87440
75 87507
75 87835
75 87887
75 87972
75 88185
75 88190
75 88842
75 88905
75 89241
75 89511
75 89879
75 89946
75 89968
70 88541
70 88544
70 88772
70 88779
70 88879
70 89109
70 89136
70 89226
70 89699
70 89738
70 89804
70 90043
70 90575
70 90754
70 90779
70 90839
70 90842
70 90979
70 90985
70 91383
70 91966
70 91967
70 91997
70 92144
70 92421
70 92446
70 92551
70 92705
70 93366
70 93862
70 94068
70 94237
70 94391
70 94457
70 94949
70 95247
70 95342
70 95504
70 95549
70 95763
70 96207
70 96270
70 96847
70 96929
70 96995
70 97210
70 97454
70 97457
70 97795
70 97813
70 97933
70 98120
70 98422
70 98450
70 99143
70 99680
70 99714
70 99800
70 99870
70 99910
70 100056
70 100065
70 100126
70 100409
70 100594
70 100635
70 100984
70 101511
70 102338
70 102611
70 102933
70 103540
70 103555
70 103756
70 103780
70 103914
70 103959
70 104087
70 104273
70 104342
70 104484
70 104760
70 104805
70 104840
70 104944
70 105026
70 105041
70 105420
70 105809
70 105819
70 105927
70 106066
70 106391
70 106534
70 106713
70 106933
70 107415
70 107440
70 107662
70 107684
70 107919
70 107940
70 108156
70 108942
70 109073
70 109249
70 109321
70 109341
70 109400
70 109606
70 109645
70 109819
70 109960
70 110229
70 110457
70 110472
70 110571
70 110581
70 110621
70 110803
70 111258
70 111535
70 111821
70 112271
70 112313
70 112502
70 113167
70 113527
70 113880
70 114690
70 114921
70 115074
70 115173
70 115322
70 115599
70 115631
70 115645
70 115996
70 116058
70 116259
70 116463
70 116605
70 116790
70 116891
70 117359
70 117432
70 117440
70 117598
70 117830
70 118321
70 118335
70 119479
70 119742
70 119771
70 119879
70 119953
70 120052
70 120268
70 120488
70 120668
70 121548
70 121898
70 122134
70 122270
70 122686
70 122705
70 122876
70 123411
70 123469
70 123633
70 123666
70 123899
70 124433
70 125151
70 125570
70 125650
70 125662
70 125688
70 125896
70 125976
70 126213
70 126680
70 126844
70 126883
70 126964
70 127110
70 127166
70 127511
70 128266
70 128384
70 128515
70 128768
70 128925
70 129050
70 129313
70 129882
70 130080
70 130176
70 130438
70 130825
70 131029
70 131219
70 131324
70 131382
70 131796
70 131826
70 132185
70 132995
70 133194
70 133315
70 133600
70 133710
70 133913
70 134054
70 134406
70 134472
70 134525
70 134601
70 134626
70 134669
70 134781
70 134973
70 135087
70 135146
70 135200
70 135219
70 135705
70 135793
70 136061
70 136153
70 136542
70 136812
70 136910
70 137029
70 137038
70 137234
70 137260
70 137454
70 137585
70 137632
70 137653
70 137674
70 137953
70 138005
70 138144
70 138526
70 138668
70 138802
70 138937
70 139139
70 139435
70 139693
70 140050
70 140291
70 140532
70 140559
70 140678
70 140741
70 140927
70 141015
70 141192
70 141321
70 142050
70 142293
70 142390
78 33629
78 33669
78 33839
78 33980
78 34047
78 34365
78 34572
78 34734
78 35143
78 35219
78 35268
78 36099
78 37250
78 37256
78 37286
78 37457
78 37767
78 37869
78 37933
78 37963
78 38667
78 38935
78 39414
78 39455
78 39686
78 40096
78 40218
78 40300
78 40395
78 40447
78 41661
78 41968
78 41997
78 42373
78 42441
78 42909
78 42927
78 43277
78 43624
78 43779
78 43831
78 44020
78 44109
78 44117
78 44433
78 44438
78 44526
78 44600
78 44663
78 45457
78 45725
78 45743
78 45881
78 46191
78 46213
78 46311
78 46343
78 46417
78 46511
78 46613
78 46676
78 46682
78 47059
78 47117
78 47628
78 47662
78 47687
78 47748
78 47749
78 47783
78 48058
78 48177
78 48319
78 48596
78 48768
78 48962
78 48991
78 49083
78 49324
78 49386
78 49730
78 49818
78 49837
78 49919
78 50322
78 51109
78 51133
78 51319
78 51652
78 52057
78 52088
78 52100
78 53117
78 53287
78 53320
78 53329
78 53446
78 53762
78 54389
78 54515
78 55714
78 56593
78 56670
78 56807
78 57569
78 57637
78 57749
78 57807
78 57906
78 58356
78 58448
78 58466
78 58535
78 58572
78 58889
78 58915
78 59092
78 59138
78 60046
78 60280
78 60744
78 60786
78 61234
78 61458
78 61484
78 61669
78 61864
78 62574
78 63177
78 63582
78 63746
78 64078
78 64082
78 64222
78 64367
78 64378
78 64640
78 65072
78 65175
78 65674
78 65989
78 66044
78 66613
78 66848
78 66873
78 66892
78 67279
78 67665
78 68075
78 68624
78 68790
78 68794
78 68815
78 68978
78 68979
78 69118
78 69207
78 69233
78 69370
78 69397
78 69658
78 69758
78 69863
78 69950
78 70091
78 70118
78 70313
78 70581
78 70874
78 70927
78 71092
78 71144
78 71648
78 71785
78 71945
78 72027
78 72339
78 72614
78 72692
78 72770
78 72910
78 72942
78 72962
78 73058
78 73107
78 73497
78 73543
78 73615
78 73722
78 73794
78 73939
78 74087
78 74546
78 74580
78 74680
78 74743
78 74777
78 75104
78 75158
78 75405
78 75458
78 75673
78 75718
78 75873
78 76130
78 76229
78 76273
78 76349
78 76580
78 76679
78 76830
78 76951
78 77486
78 77792
78 77865
78 78099
78 78142
78 78209
78 79059
78 79102
78 79370
78 79540
78 79679
78 79776
78 79843
78 79866
78 80135
78 80549
78 80551
78 80698
78 80747
78 80940
78 81117
78 81261
78 81282
78 81362
78 81768
78 81778
78 81797
78 81842
78 82511
78 82586
78 83186
78 83374
78 83441
78 83519
78 84228
78 84250
78 84301
78 84738
78 84883
78 85081
78 85203
78 85287
78 85379
78 85402
78 85462
78 85539
78 85880
78 86061
78 86556
78 86884
78 87190
78 87524
78 87672
78 87742
78 88950
78 89100
78 89471
78 90034
78 90123
78 90197
78 90214
78 90362
78 90397
78 90398
78 90522
78 90988
78 91020
78 91562
78 91847
78 91871
78 92293
71 91851
71 92274
71 92866
71 93207
71 93499
71 93577
71 93694
71 93804
71 93845
71 94124
71 94491
71 94885
71 94914
71 94944
71 95247
71 95284
71 95298
71 95628
71 95944
71 95956
71 96690
71 96850
71 97021
71 97043
71 97063
71 97314
71 97601
71 97952
71 98003
71 98013
71 98096
71 98305
71 98438
71 98489
71 98571
71 98637
71 98714
71 99117
71 99267
71 99406
71 99545
71 99745
71 99854
71 99999
71 100068
71 100355
71 100566
71 101078
71 101103
71 101107
71 101724
71 101732
71 101859
71 101889
71 102006
71 102327
71 103167
71 103314
71 103907
71 104231
71 104517
71 104565
71 104887
71 104993
71 105046
71 105095
71 105223
71 105349
71 105377
71 105596
71 105864
71 105896
71 106015
71 106073
71 106369
71 106458
71 106541
71 106571
71 106600
71 106688
71 106827
71 107018
71 107571
71 107590
71 107626
71 107711
71 108013
71 108490
71 108491
71 108719
71 108762
71 109213
71 109273
71 109992
71 110167
71 110537
71 110581
71 110704
71 111415
71 111525
71 111701
71 111737
71 112112
71 112197
71 112276
71 112373
71 112643
71 112972
71 113303
71 113343
71 113544
71 113661
71 113780
71 113991
71 114095
71 114371
71 114391
71 114636
71 114686
71 115185
71 115358
71 115586
71 115667
71 116662
71 116767
71 116793
71 116863
71 116883
71 117200
71 117544
71 117707
71 118011
71 118209
71 118254
71 118517
71 119017
71 119200
71 119474
71 119776
71 120037
71 120761
71 121244
71 121467
71 121628
71 121863
71 121876
71 122200
71 122762
71 122850
71 122953
71 123471
71 123832
71 123859
71 124109
71 124120
71 124260
71 124285
71 124372
71 124555
71 124574
71 124934
71 124955
71 125501
71 125544
71 125658
71 125685
71 125757
71 126155
71 126202
71 127142
71 127362
71 127667
71 127888
71 128114
71 128155
71 128418
71 128536
71 128601
71 128793
71 128857
71 128938
71 129196
71 129452
71 130128
71 130226
71 130321
71 130586
71 130676
71 130876
71 131361
71 131411
71 131478
71 131541
71 132108
71 132324
71 132519
71 132804
71 133253
71 133474
71 133819
71 135024
71 135105
71 135273
71 135305
71 135458
71 135526
71 135559
71 136816
71 137481
71 137690
71 138062
71 138084
71 138163
71 138253
71 138658
71 138964
71 138988
71 139443
71 139525
71 139646
71 139660
71 140082
71 140330
71 140335
71 140699
71 140748
71 140757
71 141182
71 141262
71 141371
71 141415
71 141452
71 141553
71 141914
71 141954
71 142147
71 142411
71 142703
71 142856
71 143154
71 143177
71 143361
71 143418
71 143448
71 143513
71 143721
71 143756
71 143834
71 143900
71 144261
71 144362
71 144715
71 144998
71 145443
71 145716
71 145819
71 146011
71 146186
71 146438
71 146923
71 146937
71 146954
71 147127
71 147168
71 147523
71 147677
71 147767
71 147823
71 148209
71 148258
71 148275
71 148368
71 149145
71 149258
71 149498
71 149838
71 150007
71 150022
71 150075
71 150279
71 150346
71 151018
71 151233
71 151442
71 151774
71 151916
71 151935
71 152199
71 152629
71 152990
71 153242
71 153364
71 153412
71 153569
71 153580
71 153699
71 154029
71 154317
71 154478
71 154658
71 154784
71 154788
71 154817
71 154905
71 155136
71 155257
71 155463
71 155565
71 155615
71 155709
71 156020
71 156418
71 156451
71 156548
71 156604
71 156649
71 156739
71 156758
71 157048
71 157192
71 157609
71 157695
71 157800
71 157895
71 158081
71 158151
71 158176
71 158349
71 158381
71 158494
71 158527
71 158985
71 159862
71 160102
71 160233
71 160326
71 160422
71 160431
71 160469
71 160717
71 160890
71 160947
71 160958
71 160970
71 161227
71 161378
71 161711
71 162112
71 162162
71 162192
71 162398
71 162558
71 162697
71 163031
71 163034
71 163064
71 163138
71 163155
71 163165
71 163245
71 163368
71 163454
71 163545
71 163665
71 163863
71 163927
71 164208
71 164231
71 164235
71 164500
71 164767
71 165134
71 165215
71 165219
71 165468
71 165507
71 165542
71 165575
71 165612
71 165639
71 165667
71 165673
71 165761
71 166003
71 166172
71 166297
71 166534
71 166781
71 167145
71 167286
71 168079
71 168542
71 168704
71 169092
71 169097
71 169308
71 169505
71 170510
71 170546
71 171149
71 171237
71 171904
71 171908
71 172266
71 172664
71 172728
71 172747
71 173066
71 173074
71 173322
71 173401
71 173513
71 174456
71 174517
71 174573
71 174910
71 175284
71 175407
71 175518
71 175583
71 175605
71 175614
71 175639
71 175788
71 175903
71 175905
71 175955
71 176106
71 176337
71 176546
71 176954
71 177204
71 177271
71 177404
71 177655
71 177696
71 177938
71 178327
71 178450
71 178500
71 178556
71 178578
71 178799
71 178864
71 178975
71 179349
71 179845
71 179871
71 180049
71 180225
72 230666
72 230833
72 230978
72 231167
72 231261
72 231397
72 231596
72 232138
72 232415
72 232452
72 232705
72 232718
72 233442
72 233484
72 233502
72 234002
72 234447
72 235010
72 235097
72 235209
72 235266
72 235400
72 235424
72 236116
72 236236
72 236406
72 236478
72 236487
72 236533
72 236577
72 236797
74 91619
74 91700
74 91899
74 92080
74 92391
74 92923
74 93990
74 94091
74 95228
74 95390
74 95742
74 95788
74 96039
74 96215
74 96596
74 96792
74 96904
74 96983
74 97003
74 97284
74 97440
74 97649
74 97705
74 97717
74 98021
74 98080
74 98149
74 98365
74 98529
74 98569
74 98613
74 98964
74 99003
74 99209
74 99519
74 99712
74 99770
74 99867
74 100145
74 100254
74 100764
74 101106
74 101360
74 101467
74 101473
74 101798
74 101895
74 102321
74 102551
74 102567
74 102703
74 102780
74 102929
74 103285
74 103392
74 103436
74 103547
74 103637
74 103784
74 103789
74 104243
74 104508
74 104578
74 104616
74 104633
74 104722
74 104806
74 105055
74 105190
74 105391
74 105484
74 105794
74 106622
74 107136
74 107229
74 107342
74 108164
74 108276
74 109166
74 109234
74 109284
74 109350
74 109589
74 109761
74 109814
74 110084
74 110303
74 110415
74 110473
74 110588
74 110626
74 110652
74 110669
74 110746
74 110903
74 110952
74 110954
74 110994
74 111761
74 112008
74 112075
74 112105
74 112141
74 112492
74 112986
74 113087
74 113147
74 113194
74 113293
74 113401
74 113533
74 113955
74 114453
74 114582
74 114647
74 114874
74 115340
74 115414
74 115444
74 115525
74 115770
67 95662
67 95873
67 95925
67 96097
67 96227
67 96275
67 96622
67 96679
67 97018
67 97062
67 97147
67 97319
67 97371
67 97902
67 98013
67 98256
67 98420
67 98495
67 98513
67 98628
67 98723
67 98909
67 99136
67 99168
69 179877
69 179878
69 180047
69 180148
69 180959
69 181085
69 181093
69 181653
69 181826
69 181851
69 181853
69 181963
69 181977
69 181994
69 182134
69 182333
69 182337
69 182794
69 182920
69 182932
69 183032
69 183089
69 183090
69 183799
69 183817
69 183937
69 183938
69 184007
69 184178
69 184313
69 184418
69 184643
69 184665
69 184730
69 184808
69 185343
69 185351
69 185388
69 185462
69 185672
69 185702
69 185842
69 186357
69 186634
69 186767
69 187023
69 187104
69 187419
69 187567
69 187631
69 187657
69 187918
69 188099
69 188495
69 188547
69 188765
69 188774
69 189206
69 189290
69 189393
69 190065
69 190144
69 190204
69 190404
69 190510
69 190811
69 190828
69 191531
69 191601
69 191644
69 191883
69 192122
69 192301
69 192581
69 192645
69 192942
69 193079
69 193211
69 193431
69 193451
69 193464
69 193474
69 193609
69 193610
69 193761
69 194568
69 194617
69 194775
69 195328
69 195553
69 195825
69 195827
69 196335
69 196394
69 196502
69 196653
69 196681
69 196873
69 197134
69 197337
69 197412
69 197564
69 197648
69 197856
69 197895
69 198192
69 198511
69 198581
69 198816
69 199145
69 199155
69 199457
69 199472
69 199486
69 199573
69 199753
69 199916
69 200092
69 200373
69 200392
69 200399
69 200505
69 200998
69 201162
69 201459
69 201624
69 201737
69 202162
69 202217
69 202221
69 202231
80 235
80 530
80 590
80 610
80 699
80 736
80 791
80 854
80 914
80 1181
80 1220
80 1317
80 1608
80 2046
80 2343
80 2369
80 6808
80 6859
80 7746
80 7906
80 7938
80 7942
80 7970
80 8154
80 8350
80 8383
80 8479
80 8545
80 8579
80 8627
80 8676
80 8692
80 9020
80 9291
80 9298
80 9621
80 9804
80 10001
80 10108
80 10119
80 10527
80 10855
80 11127
80 11195
80 11444
80 11827
80 12006
80 12334
80 12369
80 12520
80 12538
80 12925
80 13048
80 13065
80 13280
80 13415
80 13857
80 15041
80 15323
80 15545
80 15917
80 16047
80 16427
80 16765
80 16835
80 16846
80 16875
80 16952
80 16989
80 17104
80 17153
80 17510
80 17876
80 18301
80 18586
80 18751
80 18922
80 18970
80 19035
80 19041
80 19061
80 19138
80 19236
80 19508
80 19554
80 19693
80 19996
80 20226
80 20315
80 21214
80 21379
80 21638
80 22118
80 22223
80 22371
80 22467
80 22478
80 22555
80 23163
80 23318
80 23419
80 23604
80 23702
80 23738
80 23881
80 24226
80 24286
80 24831
80 24891
80 25692
80 25813
80 26040
80 26069
80 26659
80 27277
80 27623
80 28042
80 28139
80 28334
80 28713
80 29090
80 29340
80 29465
80 29597
80 29729
80 29984
80 30106
80 30121
80 30173
80 30348
80 30397
80 30492
80 30830
80 30876
80 31009
80 31725
80 32122
80 32212
80 32321
80 32509
80 32606
80 32779
80 32968
80 33018
80 33040
80 33531
80 33634
80 33962
80 33989
80 34127
80 34559
80 34893
80 35132
80 35211
80 35361
80 36194
80 36831
80 36892
80 36901
80 36969
80 36986
80 37041
80 37134
80 37221
80 37314
80 37651
80 37668
80 37976
80 38444
80 38921
80 38983
80 39092
80 39241
80 39273
80 39351
80 39461
80 39661
80 39770
80 39783
80 40141
80 40253
80 40361
80 40381
80 40460
80 41768
80 42336
80 42486
80 43033
80 43244
80 43261
80 43359
80 43434
80 43478
80 43840
80 43885
80 43987
80 44118
80 44948
80 44976
80 45513
80 45725
80 46853
80 47045
80 47163
80 47440
80 47708
80 48071
80 48667
80 48819
80 48850
80 48936
80 49146
80 49164
80 49410
80 49717
80 49990
80 50279
80 50320
80 50537
80 50584
80 50701
80 50945
80 51088
80 51216
80 51302
80 51362
80 51825
80 51878
80 52425
80 52495
80 52587
80 52600
80 52615
80 52750
80 53103
80 53139
80 53333
80 53612
80 53818
80 54228
80 54306
80 54688
80 55537
80 55748
80 55947
80 56022
80 56031
80 56098
80 56209
80 56370
80 56687
80 56950
80 57113
80 57226
80 57674
80 57850
80 57869
80 57948
80 58053
80 58145
80 58506
80 58928
80 58940
80 59104
80 59134
80 59448
80 59608
80 60153
80 60829
80 61244
80 61466
80 61526
80 61632
80 62026
80 62357
80 62546
80 62788
80 62892
80 63271
80 63759
80 63837
80 63956
80 64018
80 64282
80 64707
80 64755
80 64830
80 65136
80 65348
80 66030
80 66213
80 66564
80 66757
80 66812
80 67432
80 67539
80 67771
80 68082
80 68611
80 68710
80 68822
80 69005
80 69560
80 69587
80 69663
80 69706
80 70390
80 70475
80 70559
80 70618
80 70659
80 71149
80 71494
80 71545
80 71723
80 72267
80 72416
80 72553
80 72833
80 73026
80 73080
80 73474
80 73502
80 73814
80 74274
80 74637
80 74721
80 74753
80 74985
80 75778
80 75942
80 76002
80 76163
80 76742
80 76923
80 77069
80 77512
80 77637
80 78226
80 78733
80 79380
80 80006
80 80305
80 80321
80 80392
80 80469
80 81056
80 81059
80 81212
80 81810
80 81843
80 82021
80 83048
80 83206
80 83555
80 83569
80 83571
80 83985
80 84128
80 84150
80 84154
80 84287
80 84552
80 85325
80 85377
80 85428
80 85834
80 86077
80 86354
80 86394
80 87102
80 87639
80 87735
80 88081
80 88091
80 88719
80 88848
80 89042
80 89087
80 89344
80 89482
80 89989
80 90148
80 90192
80 90547
80 90743
80 90748
80 90920
80 91147
80 91213
80 91867
80 91907
80 92024
80 92518
80 92656
80 93079
80 93423
80 93594
80 93666
80 93713
80 93757
80 93796
80 94145
80 94217
80 94354
80 94628
80 95172
80 95288
80 95468
80 95716
80 95745
80 96318
80 96655
80 96840
80 96875
80 96910
80 97129
80 97218
80 97511
80 97676
80 97737
80 98079
80 98097
80 98132
80 98209
80 98242
80 98296
80 98360
80 99261
76 244
76 277
76 653
76 1128
76 1315
76 1634
76 1738
76 1848
76 1878
76 2122
76 2583
76 2676
76 2820
76 2838
76 2896
76 2966
76 3058
76 3277
76 4224
76 4245
76 4315
76 4579
76 4596
76 4698
76 4811
76 4969
76 5203
76 5256
76 5520
76 5633
76 5994
76 6027
76 6688
76 6816
76 7044
76 7360
76 7392
76 7530
76 7916
76 8045
76 8184
76 8413
76 9193
76 9242
76 9309
76 9396
76 9448
76 9532
76 9620
76 9994
76 10129
76 10180
76 10242
76 10305
76 10742
76 11087
76 11344
76 11569
76 11873
76 11919
76 12041
76 12048
76 12109
76 12641
76 12755
76 12825
76 12844
76 13011
76 13526
76 13576
76 13644
76 14810
76 15177
76 15374
76 16125
76 16355
76 16529
76 16702
76 16863
76 16969
76 18147
76 18856
76 18915
76 19032
76 19198
76 19413
76 19509
76 19701
76 20016
76 20074
76 20111
76 20573
76 20712
76 21108
76 21198
76 21331
76 21708
76 21932
76 22117
76 22535
76 22557
76 23286
76 23325
76 23888
76 24098
76 24399
76 24813
76 25103
76 25119
76 25604
76 25821
76 26515
76 26572
76 26695
76 26960
76 27041
76 27174
76 27494
76 27495
76 27676
76 27789
76 27812
76 27955
76 28165
76 28340
76 28393
76 28746
76 28752
76 28877
76 29054
76 29164
76 29720
76 29800
76 30082
76 30204
76 30240
76 30425
76 30446
76 30505
76 30767
76 30794
76 30870
76 30946
76 31092
76 31336
76 31551
76 31616
76 31644
76 31805
76 32126
76 32159
76 32362
76 32470
76 32758
76 32914
76 33114
76 33446
76 33740
76 33863
76 34006
76 34267
76 34334
76 34353
76 34521
79 51834
79 52017
79 52144
79 52263
79 52329
79 52420
79 52479
79 52860
79 52952
79 53313
79 53514
79 53550
79 54180
79 54202
79 54267
79 54283
79 54327
79 54342
79 54687
79 54794
79 55042
79 55056
79 55156
79 55403
79 55467
79 55932
79 55953
79 56096
79 56202
79 57154
79 57312
79 57809
79 57970
79 58313
79 58321
79 58915
79 59199
79 59243
79 59334
79 59437
79 59726
79 59989
79 60114
79 60223
79 60660
79 60708
79 60736
79 61041
79 61060
79 61134
79 61310
79 61516
79 61768
79 61810
79 61822
79 61894
79 61987
79 62159
79 62171
79 62484
79 62887
79 63072
79 63570
79 64257
79 64344
79 64358
79 64963
79 65018
79 65204
79 65482
79 65629
79 65867
79 66619
79 66724
79 66774
79 66919
79 66927
79 67060
79 67341
79 67444
79 67447
79 67449
79 67618
79 67662
79 67837
79 67842
79 67967
79 68167
79 68438
79 70129
79 70169
79 70365
79 70492
79 70767
79 70825
79 70999
79 71051
79 71223
79 71458
79 71625
79 71720
79 71725
79 72063
79 72107
79 72371
79 72916
79 72993
79 73038
79 73359
79 73371
79 73580
79 73756
79 74115
79 74240
79 74340
79 74460
79 74538
79 75198
79 75893
79 76953
79 77069
79 77257
79 77632
79 78188
79 78196
79 78248
79 78385
79 78468
79 78473
79 78523
79 78553
79 78886
79 78958
79 79204
79 79262
79 79297
79 79404
79 79646
79 79724
79 80787
79 81612
79 81811
79 81970
79 82188
79 82247
79 83016
79 83307
79 83323
79 83805
79 83864
79 84082
79 84251
79 84304
79 84647
79 84807
79 84833
79 85331
79 85431
79 85485
79 85688
79 86092
79 86142
79 86704
79 86851
79 87085
79 87380
79 87388
79 87437
79 87895
79 88708
79 88979
79 89147
79 89339
79 89472
79 89623
79 89626
79 90644
79 90674
79 90807
79 90828
79 91067
79 91101
79 91294
79 91317
79 91619
79 91666
79 91738
79 92037
79 92561
79 92620
79 92622
79 92770
79 92831
79 93849
79 93872
79 94106
79 94238
79 94289
79 94597
79 95285
79 95472
79 95769
66 973
66 1144
66 1248
66 1689
66 1740
66 2059
66 2620
66 2710
66 2789
66 3071
66 3863
66 4172
66 4516
66 4561
66 4780
66 5220
66 5533
66 5724
66 5732
66 6313
66 6355
66 6517
66 6532
66 6578
66 6646
66 6888
66 6929
66 7046
66 8235
66 8350
66 8402
66 8502
66 8724
66 9093
66 9152
66 9210
66 9329
66 9427
66 9695
66 10375
66 10407
66 10733
66 10734
66 10904
66 11088
66 11678
66 11822
66 11869
66 11931
66 12061
66 12092
66 12256
66 12390
66 12469
66 12620
66 12686
66 12747
66 12780
66 13868
66 14181
66 14887
66 15034
66 15406
66 15532
66 15767
66 16941
66 17166
66 17510
66 18914
66 19129
66 19615
66 19715
66 19779
66 19880
66 20874
66 20906
66 21255
66 21285
66 21473
66 21607
66 21665
66 22169
66 22304
66 22582
66 22691
66 22976
66 23054
66 23075
66 23825
66 24120
66 24178
66 24350
66 24884
66 25205
66 25496
66 25632
66 25841
66 25863
66 25978
66 26629
66 26682
66 26964
66 27139
66 27232
66 27376
66 27474
66 27537
66 27666
66 27988
66 28040
66 28333
66 29097
66 29653
66 29660
66 29951
66 29989
66 30077
66 30795
66 30830
66 30929
66 31072
66 31108
66 31855
66 32055
66 32451
66 32685
66 32690
66 32801
66 32907
66 32913
66 33153
66 33200
66 33391
66 33540
66 33908
66 34040
66 34050
66 34105
66 34641
66 34734
66 34796
66 34927
66 34957
66 35329
66 35354
66 35374
66 35771
66 35861
66 36382
66 36954
66 37278
82 176
82 534
82 577
82 822
82 965
82 967
82 998
82 1006
82 1137
82 1411
82 1459
82 1495
82 1514
82 1737
82 2051
82 2163
82 2415
82 2910
82 3146
82 3399
82 3912
82 4648
82 5003
82 5073
82 5126
82 5306
82 5334
82 5378
82 6051
82 6257
82 6552
82 6558
82 6679
82 6713
82 6868
82 7776
82 7854
82 8415
82 8472
82 8737
82 8840
82 9087
82 9505
82 10009
82 10088
82 10157
82 10248
82 10381
82 11005
82 11379
82 11517
82 11524
82 11781
82 11854
82 12045
82 12132
82 12192
82 12633
82 12696
82 12772
82 12780
82 12939
82 13208
82 13210
82 13237
82 13603
82 13604
82 13962
82 14081
82 14158
82 14175
82 14192
82 14344
82 14549
82 15188
82 15225
82 15241
82 15405
82 15434
82 15492
82 15972
82 16320
82 16374
82 16476
82 16503
82 16730
82 16837
82 17494
82 18141
82 18190
82 18295
82 18313
82 18408
82 18567
82 18577
82 18678
82 18854
82 19046
82 19216
82 19324
82 19450
82 19487
82 19683
82 20317
82 20622
82 20663
82 20688
82 21175
82 21276
82 21525
82 21853
82 21932
82 22154
82 22219
82 22280
82 22282
82 22416
82 22433
82 23395
82 23502
82 24102
82 24828
82 24876
82 25027
82 25170
82 25320
82 25906
82 26090
82 26904
82 26958
82 27072
82 27202
82 27436
82 27560
82 27892
82 27984
82 28059
82 28091
82 28205
82 28225
82 28265
82 28303
82 28404
82 28587
82 28699
82 28721
82 28797
82 28835
82 28912
82 29033
82 29087
82 29283
82 29285
82 29291
82 29510
82 29773
82 29872
82 29895
82 29971
82 30138
82 30165
82 30336
82 30339
82 30600
82 30606
82 30660
82 30682
82 30959
82 30983
82 31230
82 31337
82 31398
82 31511
82 31530
82 31645
82 31671
82 31779
82 31990
82 32409
82 32437
82 32532
82 32624
82 32641
82 32792
82 32814
82 32857
82 33538
82 33568
82 34004
82 34160
82 34371
82 34897
82 34970
82 35298
82 35388
82 35528
82 35913
82 36036
82 36091
82 36191
82 36201
82 36484
82 36603
82 37009
82 37095
82 37153
82 37245
82 37348
82 37571
82 37821
82 37850
82 38119
82 38289
82 39050
82 39099
82 39114
82 39248
82 39619
82 40046
82 40070
82 40372
82 40703
82 40800
82 41192
82 41345
82 41576
82 41629
82 41667
82 41672
82 41846
82 41871
82 42287
82 42296
82 42772
82 42847
82 43435
82 43704
82 43734
82 43830
82 44051
82 44250
82 44422
82 44859
82 45048
82 45859
82 46538
82 46715
82 46917
82 47082
82 47173
82 47229
82 47518
82 47595
82 47956
82 48096
82 48177
82 48833
82 49200
82 49499
82 49853
82 49916
82 50084
82 50826
82 50835
82 51202
82 51249
82 51481
82 51593
82 51700
82 52029
82 52217
82 52431
82 52625
82 52635
82 52676
82 52706
82 53011
82 53212
82 53308
82 53506
78 45
78 265
78 561
78 657
78 727
78 840
78 959
78 998
78 1002
78 1265
78 1653
78 1839
78 2067
78 2195
78 2389
78 2734
78 4080
78 4207
78 4879
78 5343
78 5791
78 5803
78 5819
78 6027
78 6458
78 6646
78 6694
78 6750
78 7072
78 7257
78 7340
78 7515
78 7706
78 8039
78 8948
78 9013
78 9038
78 9215
78 9419
78 9688
78 9956
78 10080
78 10188
78 10258
78 10473
78 10847
78 10958
78 11095
78 11121
78 11186
78 11420
78 11593
78 11636
78 11772
78 11866
78 12048
78 12309
78 12414
78 12450
78 12455
78 12827
78 13060
78 13421
78 13569
78 13930
78 14089
78 14150
78 14396
78 14726
78 14860
78 14910
78 15025
78 15250
78 15303
78 15393
78 15417
78 15739
78 16134
78 16243
78 16261
78 16273
78 16337
78 16420
78 16464
78 16589
78 17202
78 17216
78 17265
78 17332
78 17701
78 17781
78 17851
78 17862
78 18007
78 18220
78 18500
78 18535
78 18705
78 18994
78 19615
78 19938
78 19942
78 20328
78 20462
78 20731
78 20756
78 21020
78 21164
78 21363
78 21753
78 21968
78 22513
78 22587
78 22607
78 22844
78 22927
78 22936
78 22997
78 23009
78 23045
78 23164
78 23320
78 23413
78 23603
78 23808
78 23845
78 24171
78 24306
78 24311
78 25351
78 25462
78 25830
78 26318
78 26586
78 27099
78 27196
78 27637
78 27775
78 27911
78 27912
78 27917
78 28260
78 28511
78 28591
78 28644
78 28828
78 29227
78 29266
78 29431
78 29824
78 29901
78 30295
78 30714
78 30731
78 30926
78 31080
78 31096
78 31452
78 31557
78 31648
78 32407
78 32408
78 32577
78 32639
78 32899
78 33140
74 80096
74 80119
74 80301
74 81210
74 81250
74 81326
74 81443
74 81639
74 81727
74 81838
74 82004
74 82021
74 82832
74 83042
74 83429
74 83668
74 84249
74 84661
74 84682
74 84713
74 84777
74 85028
74 85110
74 85226
74 85271
74 85415
74 85694
74 85715
74 86306
74 86459
74 86555
74 86625
74 86828
74 86912
74 87157
74 87234
74 87275
74 87318
74 87722
74 87735
74 87765
74 87988
74 88020
74 88052
74 88335
74 88512
74 88581
74 88725
74 88850
74 88924
74 89707
74 89850
74 89852
74 90225
74 90235
74 90330
74 90349
74 90390
74 91212
72 111
72 466
72 572
72 758
72 1109
72 1477
72 2396
72 2426
72 2840
72 3609
72 3614
72 3657
72 4152
72 4161
72 4593
72 4689
72 5021
72 5050
72 5476
72 5746
72 5775
72 5953
72 6683
72 6768
72 6772
72 7499
72 7560
72 7723
72 7791
72 7917
72 7926
72 8485
72 8691
72 8715
72 9173
72 9205
72 9455
72 9660
72 9897
72 10038
72 10086
72 10123
72 10308
72 10424
72 10946
72 10966
72 11114
72 11403
72 11572
72 11686
72 11736
72 11806
72 11813
72 12325
72 12369
72 12737
72 12809
72 12981
72 12996
72 13102
72 13132
72 13267
72 13307
72 13392
72 13650
72 13742
72 13960
72 14269
72 14340
72 14360
72 14543
72 14674
72 14694
72 15410
72 15430
72 15588
72 15709
72 15958
72 16031
72 16146
72 16586
72 16840
72 16905
72 16942
72 17170
72 17260
72 17299
72 17426
72 17726
72 17776
72 18187
72 18360
72 18443
72 18473
72 18794
72 18809
72 19076
72 19225
72 19665
72 19807
72 19996
72 20031
72 20051
72 20094
72 20220
72 20357
72 20360
72 20975
72 21485
72 21632
72 21640
72 21821
72 21933
72 21987
72 22066
72 22214
72 22286
72 22379
72 22478
72 22756
72 22906
72 22944
72 22948
72 22986
72 23207
72 23449
72 23641
72 23808
72 24368
72 24446
72 24701
72 24887
72 26197
72 26377
72 26408
72 26475
72 26608
72 27311
72 27659
72 27667
72 27732
72 27753
72 28079
72 28157
72 28594
72 28742
72 28765
72 28882
72 28984
72 29384
72 29556
72 29977
72 30152
72 30186
72 31078
72 31088
72 31203
72 31733
72 31981
72 32020
72 32157
72 33101
72 33197
72 33256
72 33304
72 33327
72 33698
72 33956
72 34038
72 34151
72 34421
72 34631
72 34668
72 34949
72 35378
72 35660
72 35931
72 36164
72 36165
72 36227
72 36798
72 36889
72 37832
72 37923
72 38016
72 38482
72 38888
72 39118
72 39243
72 39462
72 39869
72 39930
72 39980
72 40372
72 40479
72 40488
72 41626
72 41756
72 42078
72 42326
72 42464
72 42857
72 42907
72 43457
72 43628
72 43980
72 44143
72 44583
72 44737
72 45443
72 45448
72 45547
72 45616
72 45617
72 45872
72 46403
72 46692
72 46920
72 47494
72 47527
72 47912
72 47922
72 48071
72 48220
72 48245
72 48492
72 48544
72 48680
72 48711
72 49065
72 49454
72 49557
72 49613
72 49753
72 49770
72 49891
72 50091
72 50320
72 50385
72 50506
72 50624
72 50771
72 50918
72 51105
72 51107
72 51140
72 51298
72 51397
72 51533
72 51661
72 51947
72 52516
72 52673
72 52699
72 52702
72 52951
72 53021
72 53167
72 53286
72 53626
72 53797
72 54006
72 54234
72 54374
72 54654
72 54668
72 55024
72 55216
72 55406
72 55637
72 55640
72 55845
72 56323
72 57354
72 57772
72 58017
72 58102
72 58429
72 58556
72 58709
72 58785
72 59076
72 59250
72 59352
72 59904
72 59912
72 60164
72 60538
72 60579
72 60674
72 60798
72 61392
72 61960
72 62214
72 62234
72 62796
72 63222
72 63239
72 63248
72 63325
72 63464
72 63549
72 63661
72 63893
72 64248
72 64255
72 64259
72 64497
72 64667
72 64912
72 65025
72 65249
72 65314
72 65354
72 65369
72 65746
72 65862
72 65905
72 66087
72 66196
72 66200
72 66660
72 66681
72 66685
72 66999
72 67082
72 67188
72 67386
72 67532
72 67555
72 67846
72 67890
72 67910
72 67997
72 68079
72 68216
72 68470
72 68961
72 68967
72 69422
72 69437
72 69438
72 69483
72 69533
72 69788
72 69872
72 70184
72 70472
72 70640
72 70893
72 70915
72 70977
72 71121
72 71129
72 71275
72 71465
72 71516
72 71894
72 72639
72 72696
72 73281
72 73457
72 74286
72 74501
72 74540
72 74697
72 74850
72 74964
72 75019
72 75090
72 75211
72 75416
72 75437
72 75521
72 75658
72 75660
72 76627
72 76643
72 76888
72 77205
72 77208
72 77221
72 78224
72 78702
72 78763
72 78862
72 79597
72 79671
72 80402
72 80522
72 80583
72 80917
72 80925
72 81061
72 81203
72 81400
72 81412
72 81625
72 81835
72 82067
72 82454
72 82482
72 82800
72 82815
72 83451
72 83487
72 83505
72 83571
72 83774
72 83800
72 84267
72 84908
72 85038
72 85499
72 85507
72 85546
72 85610
72 85813
72 85864
72 85884
72 85895
72 86055
72 86210
72 86533
72 87601
72 88167
72 88826
72 89064
72 89353
72 89356
72 89592
72 89610
72 89718
72 89846
72 90030
72 90328
72 90399
72 90657
72 91132
72 91554
72 92173
69 89407
69 89423
69 89584
69 89905
69 89994
69 90214
69 90243
69 90309
69 90589
69 90961
69 91091
69 91435
69 91720
69 91840
69 91887
69 92388
69 92489
69 92509
69 92962
69 93209
69 93678
69 94416
69 94476
69 94954
69 95019
69 96198
69 96673
69 96722
69 97016
69 97025
69 97053
69 97433
69 98280
69 98469
69 98650
69 98952
69 99086
69 99160
69 99430
69 99540
69 99545
69 99609
69 99618
69 99674
69 99841
69 100039
69 100113
69 100211
69 100297
69 101487
69 101599
69 101618
69 102404
69 102553
69 102643
69 102822
69 103305
69 103340
69 103846
69 103904
69 103994
69 104306
69 104417
69 104483
69 104815
69 105711
69 105891
69 105937
69 105960
69 106189
69 106535
69 106882
69 107092
69 107301
69 107473
69 107681
69 108030
69 108354
69 108402
69 108435
69 108450
69 108542
69 108736
69 109408
69 109439
69 109539
69 109551
69 109677
69 110055
69 110459
69 110685
69 110711
69 110815
69 110956
69 111228
69 111281
69 111538
69 111844
69 111952
69 112098
69 112314
69 112426
69 112629
69 113063
69 113137
69 113200
69 113666
69 113699
69 113721
69 113971
69 114141
69 114160
69 114551
69 114590
69 114758
69 114813
69 114820
69 114824
69 114869
69 114965
69 115695
69 115775
69 115788
69 116413
69 116826
69 116830
69 117004
69 117165
69 117608
69 117632
69 117797
69 117812
69 118085
69 118257
69 118295
69 118427
69 119540
69 119818
69 120178
69 120497
69 120547
69 120679
69 120730
69 121124
69 121206
69 121238
69 121561
69 121703
69 121719
69 121839
69 122231
69 122236
69 122482
69 122529
69 122964
69 123027
69 123047
69 123262
69 123413
69 123444
69 124044
69 124233
69 124376
69 124863
69 124920
69 124999
69 125054
69 125650
69 126188
69 126604
69 126837
69 126972
69 127068
69 127158
69 127176
69 127274
69 127464
69 128340
69 128526
69 128759
69 128891
69 129140
69 129183
69 129201
69 129277
69 129406
69 129857
69 130262
69 130341
69 130753
69 130890
69 131518
69 131654
69 131758
69 131776
69 132137
69 132186
69 132321
69 132440
69 132497
69 133057
69 134145
69 134148
69 134562
69 134571
69 134755
69 135285
69 135345
69 136037
69 136045
69 136177
69 136606
69 136625
69 136925
69 137355
69 137420
69 137545
69 137576
69 137723
69 138580
69 138642
69 139078
69 139114
69 139180
69 139462
69 139480
69 139751
69 140235
69 140260
69 140313
69 140451
69 140632
69 141150
69 141290
69 141722
69 141913
69 142090
69 142438
69 142806
69 142991
69 143200
69 143420
69 143474
69 144657
69 144659
69 145227
69 145816
69 145951
69 146177
69 146331
69 146626
69 146802
69 146811
69 147562
69 148129
69 148199
69 148243
69 148528
69 148570
69 148888
69 148966
69 149143
69 149302
69 149329
69 149393
69 149414
69 149534
69 149724
69 150396
69 150495
69 150918
69 151089
69 151217
69 151564
69 151627
69 151655
69 151956
69 152136
69 152591
69 152782
69 152847
69 152965
69 153561
69 153625
69 153724
69 153746
69 153960
69 154005
69 154488
69 154854
69 154926
69 155443
69 155664
69 155748
69 155926
69 155964
69 156534
69 156616
69 156696
69 156714
69 156857
69 156882
69 157154
69 157165
69 157411
80 99507
80 99563
80 99937
80 100281
80 100449
80 100750
80 100787
80 100900
80 101098
80 101110
80 101254
80 101257
80 101286
80 101474
80 101720
80 101927
80 102324
80 103366
80 103655
80 103852
80 103947
80 104008
80 104481
80 104843
80 105091
80 105115
80 105192
80 105577
80 105694
80 105752
80 105788
80 105985
80 106044
80 106053
80 106428
80 106469
80 106639
80 106884
80 106911
80 106933
80 106974
80 107157
80 107685
80 107859
80 108178
80 108238
80 108276
80 108531
80 109056
80 109855
80 110127
80 110192
80 110335
80 110576
80 110680
80 110760
80 110991
80 111157
80 111187
80 111639
80 111937
80 112010
80 112494
79 96014
79 96488
79 96585
79 96772
79 97012
79 97138
79 97174
79 97210
79 97254
79 97460
79 97704
79 97713
79 97801
79 97910
79 97929
79 98195
79 98849
79 98994
79 99036
79 99230
79 99294
79 99375
79 99620
79 99766
79 99771
79 100571
79 100696
79 100896
79 100938
79 101145
79 101295
79 101350
79 101497
79 101592
79 101629
79 101856
79 101922
79 102609
79 102645
79 102699
79 102790
79 103239
79 103918
79 104002
79 104177
79 104911
79 104941
79 105043
79 105099
79 105120
79 105517
79 105607
79 105615
79 105623
79 105823
79 106070
79 106684
79 107217
79 107296
79 107466
79 107576
79 107795
79 107916
79 108283
79 108602
79 108680
79 108730
79 109174
79 109402
79 109442
79 109640
79 109956
79 110134
79 110186
79 110295
79 110593
79 110923
79 111315
77 94073
77 94241
77 94324
77 94981
77 95048
77 95605
77 95704
77 96357
77 96514
77 96644
77 97427
77 98294
77 98347
77 98463
77 98574
77 98605
77 98629
77 98728
77 98735
77 98842
77 99330
77 99342
77 99537
77 99703
77 99985
77 100616
77 100781
77 101070
77 101183
77 101694
77 101867
77 101923
77 102152
77 102167
77 102618
77 102640
77 102649
77 103047
77 103183
77 103252
77 103405
77 103522
77 103527
77 103712
77 104227
77 104253
77 104454
77 104515
77 104543
77 104787
77 104858
77 105010
77 105101
77 105558
77 105778
77 105892
77 106302
77 106350
77 106690
77 106762
77 107004
77 107408
77 107679
77 107689
77 108341
77 108412
77 108573
77 108595
77 108637
77 108686
77 108707
77 108792
77 108820
77 109173
77 109328
77 109350
77 109771
77 109867
77 109952
77 110013
77 110028
77 110551
77 110604
77 110631
77 111033
75 90185
75 90339
75 90363
75 90389
75 90583
75 91129
75 91589
75 91900
75 92030
75 92431
75 92601
75 92823
75 93009
75 93111
75 93244
75 93411
75 93798
75 93957
75 93969
75 93986
75 94787
75 95020
75 95332
75 95492
75 95688
75 96088
75 96237
75 96260
75 96402
75 96562
75 96684
75 96738
75 96957
75 97180
75 97310
75 97361
75 97386
75 97767
75 98153
75 98219
75 98357
75 98540
75 99280
75 99750
75 99753
75 99791
75 99943
75 99948
75 100589
75 100703
75 100765
75 101416
75 101516
75 101589
75 102483
75 102792
75 103043
75 103481
75 104315
75 104417
75 105069
75 105304
75 105339
75 105511
75 105715
75 105749
75 106005
75 106111
75 106272
75 106277
75 106499
75 106977
75 107334
75 107621
75 107686
75 107870
75 107975
75 108280
75 108441
75 108607
75 108716
75 109232
75 109360
75 109496
75 109544
75 109690
75 109783
75 110101
75 110104
75 110823
75 111186
75 111463
75 111666
75 111900
75 111930
75 112353
75 112459
75 112581
75 113272
75 113316
75 113528
75 113659
75 113726
75 114106
75 114132
75 114187
75 114286
75 114625
75 114743
75 114747
75 114990
75 115057
75 115099
75 115107
75 115724
75 115740
75 115923
75 116039
75 116111
75 116506
75 117501
75 117597
75 118015
75 118446
75 118472
75 118651
75 118706
75 118858
75 119287
75 119307
75 119308
75 119337
75 119381
75 119766
75 120062
75 120290
75 120503
75 120504
75 120887
75 120916
75 121140
75 121524
75 121585
75 121643
75 121756
75 121818
75 122262
75 122355
70 171896
70 172152
70 172295
70 172768
70 172782
70 173010
70 173016
70 173205
70 173302
70 173373
70 173517
70 173700
70 173765
70 173828
70 173952
70 174064
70 174131
70 174227
70 174591
70 174815
70 175160
70 175211
70 175609
70 176001
70 176274
70 176471
70 176480
70 176851
70 177182
70 177833
70 177893
70 177941
70 177965
70 178144
70 178481
70 178503
70 179025
70 179366
70 179405
70 180141
70 180304
70 180370
70 180684
70 180789
70 180909
70 181260
70 181761
70 182447
70 182644
70 182665
70 182762
70 183050
70 183229
70 183546
70 183621
70 183768
70 184102
70 184201
70 184251
70 184475
70 184786
70 184809
70 184907
70 184916
70 185312
70 185352
70 185369
70 185450
70 185455
70 185595
70 185632
70 185913
70 186480
70 186624
70 187041
70 187268
70 187388
70 187556
70 187932
70 187967
70 187970
70 188067
70 188757
70 189018
70 189144
70 189190
70 189216
70 189312
70 189465
70 189741
70 189969
70 190064
70 190149
70 190303
70 190369
70 191091
70 191592
70 191617
70 192013
70 192021
70 192157
70 192213
70 192214
70 192324
70 192693
70 192792
70 192882
70 193080
70 193084
70 193124
70 193146
70 193292
70 193868
70 194311
70 194762
70 194919
70 194961
70 195117
70 195605
70 195943
70 196237
70 196447
70 196520
70 196527
70 196571
70 196688
70 196832
70 197333
70 197395
70 197600
70 197685
70 197803
70 198595
70 198706
70 198715
70 198725
70 198828
70 199630
70 199885
70 199964
70 200056
70 200199
70 200425
70 200435
70 200724
70 201323
70 201408
70 201926
70 202069
70 202197
70 202210
70 202255
70 202520
70 202610
70 202949
70 203207
70 203381
70 203395
70 203715
70 204211
70 204268
70 204670
70 205275
70 205362
70 205370
70 205667
70 205926
70 205996
70 206039
70 206642
70 206930
70 206987
70 207035
70 207090
70 208010
70 208270
70 208308
70 208398
70 208479
70 208525
70 208550
70 208751
70 209055
70 209124
70 209632
70 209668
70 209982
70 209992
70 210350
70 210578
70 210633
70 210766
70 210877
70 211017
70 211118
70 211209
70 211397
70 211435
70 211598
70 211814
70 212036
70 212106
70 212967
70 213019
70 213221
70 213739
70 213983
70 214077
70 214451
70 214751
70 214974
70 215272
70 215522
70 215665
70 215840
70 216266
70 216311
70 216705
70 216710
70 217187
70 217303
70 217484
70 217594
70 217626
70 217985
70 218156
70 218580
70 218596
70 218621
70 219649
70 219746
70 219822
70 220325
70 220503
70 220653
70 220870
70 221117
70 221122
70 221152
70 221253
70 221343
71 180360
71 180557
71 181069
71 181606
71 181746
71 182173
71 182199
71 182414
71 182799
71 182802
71 183293
71 183779
71 183879
71 184037
71 184358
71 184741
71 185392
71 185782
71 186122
71 186185
71 186361
71 186449
71 186850
71 186916
71 186953
71 187436
71 187617
71 187853
71 187855
71 188125
71 188184
71 188455
71 188603
71 188758
71 188922
71 188995
71 189082
71 189603
71 189771
71 189893
71 190022
71 190455
71 190481
71 190591
71 190609
71 190670
71 190796
71 190913
71 190959
71 191082
71 191843
71 192839
71 193529
71 193881
71 194220
71 194244
71 194248
71 194321
71 194419
71 194493
71 195004
71 195208
71 195308
71 195375
71 195454
71 196158
71 196263
71 196692
71 196702
71 196711
71 196875
71 197019
71 197537
71 198509
71 198737
71 199110
71 199182
71 199336
71 199416
71 199560
71 199799
71 199871
71 199958
71 200149
71 200203
71 200369
71 200744
71 200861
71 201057
71 201108
71 201760
71 201789
71 201821
71 201835
71 201872
71 201976
71 202247
71 202252
71 202352
71 202369
71 202487
71 203218
71 203401
71 203403
71 203484
71 203589
71 203643
71 203814
71 203848
71 203932
71 204202
71 204412
71 204594
71 204660
71 204729
71 204922
71 205033
71 205320
71 205499
71 205516
71 205793
71 205962
71 206016
71 206039
71 206131
71 206200
71 206409
71 207051
71 207326
71 207563
71 207718
71 207739
71 207988
71 208195
71 208260
71 208501
71 208824
71 208913
71 209316
71 209395
71 210518
71 210620
71 210777
71 211500
71 211816
71 212094
71 212302
71 212344
73 89774
73 89896
73 90051
73 90270
73 90582
73 91532
73 91847
73 92113
73 92296
73 92354
73 92395
73 92775
73 92899
73 92901
73 93093
73 93116
73 93325
73 93798
73 93955
73 94105
73 94181
73 94585
73 94800
73 95145
73 95248
73 95649
73 95740
73 95841
73 95981
73 96274
73 96678
73 96820
73 96834
73 97016
73 97043
73 97163
73 97569
73 97613
73 97770
73 97790
73 97835
73 98104
73 98394
73 98445
73 98478
73 98549
73 98681
73 98735
73 98794
73 98808
73 98833
73 99258
73 99423
73 99926
73 100177
73 100505
72 150897
72 151201
72 151268
72 151343
72 151599
72 151997
72 152351
72 152362
72 152745
72 152952
72 153002
72 153006
72 153086
72 153231
72 153272
72 153498
72 153595
72 153973
72 154281
72 154381
72 154469
72 154588
72 154969
72 155361
72 155369
72 155606
72 155634
72 155820
72 155860
72 155894
72 155914
72 155942
72 156077
72 156260
72 156264
72 156325
72 156708
72 157155
72 157570
72 157617
72 157674
72 158451
72 158568
72 158943
72 158983
72 159244
72 159461
72 159721
72 160488
72 160732
72 160787
72 160818
72 161771
72 161885
72 161919
72 161991
72 162057
72 163691
72 163746
72 163795
72 164297
72 164356
72 164474
72 165049
72 165054
72 165362
72 165456
72 165624
72 165681
72 166012
72 166158
72 166472
72 166742
72 166978
72 166982
72 167144
72 167352
72 167496
72 167602
72 167658
72 167905
72 168017
72 168294
72 168383
72 168450
72 169220
72 169465
72 169778
72 169990
72 170067
72 170206
72 170685
72 170873
72 170911
72 171112
72 171274
72 171788
72 172263
72 172327
72 172588
72 172706
72 172763
72 172790
72 172997
72 173132
72 173595
72 173976
72 174400
72 174442
72 174548
72 174607
72 174706
72 174764
72 174826
72 175336
72 175343
72 175377
72 175417
72 175455
72 175619
72 175680
72 176085
72 176274
72 176276
72 176319
72 176551
72 176815
72 176858
72 176916
72 176920
72 176937
72 177021
72 177068
72 177570
72 177611
72 177717
72 177885
72 177937
72 177941
72 178229
72 178254
72 178359
72 178588
72 179066
72 179138
72 179183
72 179640
72 179994
72 180274
72 180340
72 180362
72 180743
72 181021
72 181459
72 181519
72 181617
72 181655
72 181896
72 181909
72 181979
72 182012
72 182142
72 182243
72 182496
72 182765
72 183052
72 183304
72 183414
72 183565
72 183602
72 183721
72 184031
72 184084
82 54703
82 54956
82 55293
82 55335
82 55417
82 55754
82 56183
82 56230
82 56394
82 56509
82 56609
82 57212
82 57278
82 57619
82 58535
82 58658
82 58720
82 58828
82 58985
82 59141
82 59278
82 59539
82 59547
82 59629
82 59815
82 60042
82 60300
81 246
81 292
81 329
81 647
81 703
81 1375
81 1390
81 1708
81 1748
81 1918
81 2032
81 2096
81 2157
81 2386
81 2390
81 2550
81 2875
81 2882
81 3195
81 3209
81 3299
81 3307
81 3484
81 3621
81 4046
81 4377
81 4384
81 4479
81 4891
81 5096
81 5305
81 5351
81 5384
81 5420
81 5582
81 5655
81 6261
81 6266
81 6411
81 6450
81 6486
81 6779
81 7376
81 7783
81 8000
81 8019
81 8579
81 8702
81 9219
81 9311
81 9334
81 9793
81 10062
81 10678
81 10765
81 11175
81 11239
81 11373
81 11469
81 11528
81 11718
81 11809
81 11952
81 12204
81 12208
81 12255
81 12339
81 12595
81 12791
81 12974
81 13014
81 13056
81 13064
81 13504
81 13824
81 13897
81 13972
81 14077
81 14124
81 14169
81 14347
81 14402
81 14921
81 14990
81 15001
81 15476
81 15736
81 16036
81 16227
81 16465
81 16538
81 16667
81 17164
81 18000
81 18334
81 18496
81 18818
81 19001
81 19185
81 19282
81 19594
81 19650
81 20160
81 20563
81 20593
81 20884
81 21120
81 21597
81 21651
81 21979
81 22065
81 22083
81 22098
81 22247
81 22269
81 22519
81 22824
81 22977
81 23075
81 23248
81 23976
81 24424
81 24440
81 24483
81 24541
81 24617
81 24745
81 24859
81 24889
81 24983
81 24991
81 25127
81 25305
81 25440
81 25553
81 25786
81 26109
81 26118
81 26765
81 27035
81 27108
81 27392
81 27599
81 27832
81 27868
81 28078
81 28145
81 28707
81 28903
81 29044
81 29067
81 30014
81 30148
81 30179
81 30199
81 30366
81 30404
81 30478
81 30962
81 30996
81 31272
81 31283
81 31463
81 31475
81 31558
81 32013
81 32117
81 32291
81 32643
81 32751
81 32868
81 33144
81 33156
81 33205
81 33489
81 34169
81 34299
81 34721
81 34782
81 35103
81 35629
81 35798
81 35915
81 36274
81 36417
81 36463
81 36494
81 36618
81 36721
81 36841
81 37256
81 37288
81 37345
81 37833
81 38427
81 38552
81 38847
81 38854
81 38903
81 38921
81 39275
81 39276
81 39450
81 39525
81 39602
81 40034
81 40470
81 40780
81 40797
81 40863
81 40996
81 41005
81 41025
81 41124
81 41276
81 41638
81 41978
81 42333
81 42411
81 42601
81 42683
81 42720
81 43070
81 43518
81 43545
81 43776
81 43828
81 43925
81 44225
81 44677
81 44903
81 44982
81 45245
81 45385
81 45638
81 45744
81 46818
81 46870
81 47495
81 47513
81 47626
81 48006
81 48057
81 48222
81 48258
81 48349
81 48610
81 48613
81 49265
81 49281
81 49560
81 49941
81 50313
81 50444
81 50550
81 50629
81 50899
81 51109
81 51334
81 51446
81 52052
81 52217
81 52322
81 52365
81 52587
81 52656
81 52689
81 53332
81 53760
81 53988
81 54148
81 54873
81 54996
81 55249
81 55508
81 55989
81 56192
81 56429
81 56551
81 56691
81 56750
81 56932
81 57296
81 57479
81 57527
81 57567
81 57992
81 58129
81 58200
81 58346
81 58353
81 59036
81 59473
81 59870
81 59890
81 60022
81 60152
81 60448
81 60724
81 60822
81 60833
81 61079
81 61175
81 61176
81 61274
81 61419
81 61467
81 61494
81 61864
81 62270
81 62480
81 62670
81 63037
81 63523
81 63579
81 63920
81 63925
81 64979
81 65092
81 65192
81 65202
81 65314
81 65572
81 65605
81 65980
81 66007
81 66416
81 67152
81 67356
81 67567
81 67728
81 68083
81 68160
81 68477
81 68688
81 68808
81 68909
81 69207
81 69446
81 69804
81 69923
81 69956
81 69985
81 70150
81 70897
81 71383
81 71592
81 71612
81 71679
81 72319
81 72390
81 72434
81 72474
81 72543
81 72573
81 72625
81 72630
81 72829
81 73225
81 74079
81 74453
81 74532
81 74627
81 74654
81 75129
81 75370
81 75890
81 76189
81 76398
81 76470
70 221937
70 222212
70 222345
70 222615
70 222674
70 222725
70 223230
70 223480
70 223814
70 224100
70 224141
70 224276
70 224360
70 224663
70 224865
70 224905
70 225035
70 225708
70 225735
70 225751
69 3
69 183
69 364
69 568
69 918
69 1026
69 1122
69 1188
69 1422
69 2316
69 2528
69 2753
69 2856
69 2929
69 3151
69 3248
69 3505
69 3596
69 3836
69 4161
69 4572
69 4609
73 137
73 203
73 272
73 290
73 492
73 951
73 1039
73 1199
73 1613
73 2359
73 2366
73 2414
73 2518
73 2535
73 2777
73 2956
73 2963
73 3134
73 3158
73 3183
73 3262
73 3412
73 3680
73 3910
73 4012
73 4020
73 4029
73 4389
73 4577
73 4593
73 4718
73 4738
73 4852
73 4874
73 5001
73 5159
73 5424
73 5461
73 5500
73 5694
73 5719
73 5778
73 5888
73 6707
73 6721
73 6767
73 6995
73 7122
73 7273
73 7285
73 7326
73 7509
73 7767
73 7791
73 7838
73 8033
73 8042
73 8122
73 8271
73 8436
73 8450
73 8751
73 9527
73 9628
73 9664
73 10123
73 10599
73 11257
73 11802
73 11882
73 12213
73 12471
73 12976
73 13694
73 13820
73 13911
73 14209
73 14241
73 14619
73 14883
73 15676
73 15891
73 15940
73 15990
73 16075
73 16211
73 16261
73 16356
73 16406
73 16421
73 16442
73 16986
73 17001
73 17036
73 17187
73 17285
73 17447
73 17726
73 17754
73 17892
73 18088
73 18411
73 18442
73 18726
73 18841
73 19096
73 19107
73 19210
73 19293
73 19520
73 19618
73 19668
73 19860
73 20612
73 21105
73 21530
73 21750
73 22182
73 22641
73 22926
73 23055
73 23065
73 23141
73 23599
73 23610
73 23794
73 23900
73 23970
73 24635
73 24881
73 25277
73 25729
73 25882
73 25975
73 26205
73 26356
73 26410
73 26586
73 26642
73 26826
73 26905
73 27080
73 27138
73 27150
73 27574
73 28293
73 28657
73 28662
73 28781
73 28908
73 29069
73 29173
73 29810
73 29961
73 30048
73 30241
73 30247
73 30529
73 31205
73 31676
73 32090
73 32098
73 32100
73 32451
73 32534
73 32581
73 32669
73 32948
73 32988
73 33329
73 33425
73 33502
73 33626
73 33771
73 33796
73 33839
73 33948
73 34001
73 34423
73 34745
73 35419
73 35693
73 35722
73 36495
73 36714
73 37032
73 37401
73 37648
73 37820
73 37948
73 38219
73 38229
73 38460
73 39086
73 39386
73 39436
73 39592
73 39712
73 39849
73 39944
73 40013
73 40211
73 40242
73 40269
73 40526
73 40766
73 40778
73 40827
