# 178 angles,  1 tensor ranks for 0=projectile
@subtitle   "7Li + d g.s with Daehnick OMP;"                                                
@legend ON
@legend x1 0.2
@legend y1 0.8
@g0 type LOGY
@yaxis ticklabel format power
@legend string   0 "Lab energy =   14.5700"
#legend string   0 "Partition=  1 Excit=  1 near/far= 1"
#  Theta       sigma       iT11        T20         T21         T22         Kyy for projectile
   3.000      0.1707E+06
   4.000      0.5026E+05
   5.000      0.1925E+05
   6.000       8874.    
   7.000       4773.    
   8.000       2951.    
   9.000       2066.    
   10.00       1602.    
   11.00       1339.    
   12.00       1177.    
   13.00       1067.    
   14.00       984.4    
   15.00       916.8    
   16.00       857.0    
   17.00       801.6    
   18.00       748.7    
   19.00       697.4    
   20.00       647.3    
   21.00       598.3    
   22.00       550.5    
   23.00       504.2    
   24.00       459.5    
   25.00       416.5    
   26.00       375.6    
   27.00       336.8    
   28.00       300.2    
   29.00       266.0    
   30.00       234.2    
   31.00       204.8    
   32.00       177.8    
   33.00       153.2    
   34.00       131.0    
   35.00       111.0    
   36.00       93.21    
   37.00       77.46    
   38.00       63.65    
   39.00       51.65    
   40.00       41.33    
   41.00       32.55    
   42.00       25.17    
   43.00       19.05    
   44.00       14.06    
   45.00       10.07    
   46.00       6.952    
   47.00       4.584    
   48.00       2.857    
   49.00       1.669    
   50.00      0.9256    
   51.00      0.5403    
   52.00      0.4367    
   53.00      0.5468    
   54.00      0.8112    
   55.00       1.179    
   56.00       1.606    
   57.00       2.057    
   58.00       2.502    
   59.00       2.919    
   60.00       3.290    
   61.00       3.604    
   62.00       3.851    
   63.00       4.028    
   64.00       4.134    
   65.00       4.171    
   66.00       4.143    
   67.00       4.055    
   68.00       3.914    
   69.00       3.728    
   70.00       3.504    
   71.00       3.252    
   72.00       2.980    
   73.00       2.695    
   74.00       2.404    
   75.00       2.116    
   76.00       1.836    
   77.00       1.570    
   78.00       1.321    
   79.00       1.095    
   80.00      0.8932    
   81.00      0.7190    
   82.00      0.5733    
   83.00      0.4570    
   84.00      0.3703    
   85.00      0.3126    
   86.00      0.2831    
   87.00      0.2805    
   88.00      0.3030    
   89.00      0.3488    
   90.00      0.4158    
   91.00      0.5017    
   92.00      0.6043    
   93.00      0.7211    
   94.00      0.8500    
   95.00      0.9887    
   96.00       1.135    
   97.00       1.287    
   98.00       1.443    
   99.00       1.601    
   100.0       1.760    
   101.0       1.917    
   102.0       2.073    
   103.0       2.225    
   104.0       2.373    
   105.0       2.516    
   106.0       2.653    
   107.0       2.784    
   108.0       2.907    
   109.0       3.023    
   110.0       3.130    
   111.0       3.228    
   112.0       3.318    
   113.0       3.397    
   114.0       3.466    
   115.0       3.525    
   116.0       3.572    
   117.0       3.608    
   118.0       3.632    
   119.0       3.644    
   120.0       3.642    
   121.0       3.628    
   122.0       3.601    
   123.0       3.560    
   124.0       3.506    
   125.0       3.439    
   126.0       3.358    
   127.0       3.265    
   128.0       3.160    
   129.0       3.043    
   130.0       2.915    
   131.0       2.778    
   132.0       2.633    
   133.0       2.481    
   134.0       2.323    
   135.0       2.162    
   136.0       1.999    
   137.0       1.837    
   138.0       1.677    
   139.0       1.522    
   140.0       1.374    
   141.0       1.235    
   142.0       1.109    
   143.0      0.9961    
   144.0      0.9000    
   145.0      0.8224    
   146.0      0.7654    
   147.0      0.7308    
   148.0      0.7202    
   149.0      0.7351    
   150.0      0.7765    
   151.0      0.8453    
   152.0      0.9419    
   153.0       1.067    
   154.0       1.219    
   155.0       1.399    
   156.0       1.606    
   157.0       1.837    
   158.0       2.093    
   159.0       2.369    
   160.0       2.665    
   161.0       2.978    
   162.0       3.305    
   163.0       3.642    
   164.0       3.987    
   165.0       4.336    
   166.0       4.685    
   167.0       5.031    
   168.0       5.370    
   169.0       5.698    
   170.0       6.011    
   171.0       6.307    
   172.0       6.582    
   173.0       6.832    
   174.0       7.055    
   175.0       7.248    
   176.0       7.410    
   177.0       7.537    
   178.0       7.630    
   179.0       7.685    
   180.0       7.704    
 END
