# Fusion cross sections for ELAB=  14.531, ECM=  11.290
     0.5   16.87      1
     0.5   35.12     -1
     1.5   56.04      1
     1.5   113.4     -1
     2.5   86.65      1
     2.5   186.5     -1
     3.5   97.44      1
     3.5   202.5     -1
     4.5   72.77      1
     4.5   174.6     -1
     5.5   55.03      1
     5.5   116.2     -1
     6.5   18.55      1
     6.5   57.86     -1
     7.5   11.75      1
     7.5   15.98     -1
     8.5   1.024      1
     8.5   3.622     -1
     9.5  0.6165      1
     9.5  0.8708     -1
    10.5  0.6336E-01  1
    10.5  0.2144     -1
    11.5  0.3724E-01  1
    11.5  0.5294E-01 -1
    12.5  0.3862E-02  1
    12.5  0.1302E-01 -1
    13.5  0.2236E-02  1
    13.5  0.3179E-02 -1
    14.5  0.2283E-03  1
    14.5  0.7710E-03 -1
    15.5  0.1308E-03  1
    15.5  0.1858E-03 -1
    16.5  0.1315E-04  1
    16.5  0.4451E-04 -1
    17.5  0.7477E-05  1
    17.5  0.1061E-04 -1
    18.5  0.7418E-06  1
    18.5  0.2516E-05 -1
    19.5  0.4191E-06  1
    19.5  0.5942E-06 -1
    20.5  0.4114E-07  1
    20.5  0.1398E-06 -1
    21.5  0.2310E-07  1
    21.5  0.3274E-07 -1
    22.5  0.2214E-08  1
    22.5  0.7606E-08 -1
    23.5  0.1231E-08  1
    23.5  0.1743E-08 -1
    24.5  0.1047E-09  1
    24.5  0.3942E-09 -1
    25.5  0.5544E-10  1
    25.5  0.1067E-09 -1
    26.5 -0.1226E-11  1
    26.5  0.4792E-10 -1
    27.5 -0.1263E-10  1
    27.5  0.1510E-10 -1
    28.5 -0.2218E-10  1
    28.5  0.3591E-11 -1
    29.5 -0.7635E-11  1
    29.5  0.2394E-11 -1
    30.5 -0.1109E-10  1
    30.5 -0.8743E-11 -1
    31.5 -0.9817E-11  1
    31.5  0.5107E-11 -1
    32.5 -0.1821E-10  1
    32.5 -0.1762E-10 -1
    33.5 -0.2807E-10  1
    33.5 -0.3756E-10 -1
    34.5 -0.2648E-10  1
    34.5 -0.3000E-10 -1
    35.5 -0.2655E-10  1
    35.5 -0.4799E-10 -1
    36.5 -0.1863E-10  1
    36.5 -0.2932E-10 -1
    37.5 -0.1804E-10  1
    37.5 -0.2347E-10 -1
    38.5  0.1502E-11  1
    38.5 -0.4400E-11 -1
    39.5 -0.2972E-11  1
    39.5 -0.1541E-11 -1
    40.5 -0.2820E-12  1
    40.5  0.7897E-12 -1
    41.5 -0.8667E-12  1
    41.5  0.4449E-11 -1
    42.5  0.5147E-11  1
    42.5 -0.1716E-11 -1
    43.5  0.1435E-10  1
    43.5 -0.1090E-11 -1
    44.5  0.1350E-10  1
    44.5 -0.2353E-11 -1
    45.5  0.1506E-10  1
    45.5  0.1709E-11 -1
    46.5 -0.4720E-11  1
    46.5 -0.3750E-11 -1
    47.5 -0.7132E-11  1
    47.5 -0.9311E-11 -1
    48.5  0.3303E-11  1
    48.5  0.4786E-11 -1
    49.5  0.3715E-11  1
    49.5  0.7567E-11 -1
    50.5  0.1102E-10  1
    50.5  0.1003E-10 -1
 &
