           1           2           1
    0.5+     1 1   5.694       0.000    
    0.5+     1 2   5.695       0.000    
    0.5+     3 3   5.442       0.000    
    0.5-     0 1   5.933       0.000    
    0.5-     2 2   6.132       0.000    
    0.5-     2 3   6.128       0.000    
    1.5+     1 1   11.40       0.000    
    1.5+     1 2   11.39       0.000    
    1.5+     1 3   11.39       0.000    
    1.5+     3 4   10.88       0.000    
    1.5+     3 5   10.85       0.000    
    1.5-     0 1   11.87       0.000    
    1.5-     2 2   12.26       0.000    
    1.5-     2 3   12.26       0.000    
    1.5-     2 4   12.18       0.000    
    1.5-     4 5   8.663       0.000    
    2.5+     1 1   17.08       0.000    
    2.5+     1 2   17.08       0.000    
    2.5+     3 3   16.33       0.000    
    2.5+     3 4   16.27       0.000    
    2.5+     3 5   16.41       0.000    
    2.5+     5 6   3.315       0.000    
    2.5-     0 1   17.80       0.000    
    2.5-     2 2   18.39       0.000    
    2.5-     2 3   18.38       0.000    
    2.5-     2 4   18.27       0.000    
    2.5-     4 5   13.00       0.000    
    2.5-     4 6   13.81       0.000    
    3.5+     1 1   22.78       0.000    
    3.5+     3 2   21.77       0.000    
    3.5+     3 3   21.69       0.000    
    3.5+     3 4   21.88       0.000    
    3.5+     5 5   4.420       0.000    
    3.5+     5 6   4.765       0.000    
    3.5-     2 1   24.51       0.000    
    3.5-     2 2   24.36       0.000    
    3.5-     4 3   17.33       0.000    
    3.5-     4 4   18.41       0.000    
    3.5-     4 5   19.48       0.000    
    3.5-     6 6  0.9361       0.000    
    4.5+     3 1   27.12       0.000    
    4.5+     3 2   27.35       0.000    
    4.5+     5 3   5.525       0.000    
    4.5+     5 4   5.957       0.000    
    4.5+     5 5   6.572       0.000    
    4.5+     7 6  0.2593       0.000    
    4.5-     2 1   30.45       0.000    
    4.5-     4 2   21.66       0.000    
    4.5-     4 3   23.01       0.000    
    4.5-     4 4   24.35       0.000    
    4.5-     6 5   1.170       0.000    
    4.5-     6 6   1.214       0.000    
    5.5+     3 1   32.81       0.000    
    5.5+     5 2   6.630       0.000    
    5.5+     5 3   7.148       0.000    
    5.5+     5 4   7.887       0.000    
    5.5+     7 5  0.3112       0.000    
    5.5+     7 6  0.3167       0.000    
    5.5-     4 1   27.61       0.000    
    5.5-     4 2   29.22       0.000    
    5.5-     6 3   1.404       0.000    
    5.5-     6 4   1.457       0.000    
    5.5-     6 5   1.526       0.000    
    5.5-     8 6  0.7060E-01   0.000    
    6.5+     5 1   8.339       0.000    
    6.5+     5 2   9.201       0.000    
    6.5+     7 3  0.3630       0.000    
    6.5+     7 4  0.3695       0.000    
    6.5+     7 5  0.3773       0.000    
    6.5+     9 6  0.1881E-01   0.000    
    6.5-     4 1   34.09       0.000    
    6.5-     6 2   1.638       0.000    
    6.5-     6 3   1.700       0.000    
    6.5-     6 4   1.780       0.000    
    6.5-     8 5  0.8237E-01   0.000    
    6.5-     8 6  0.8307E-01   0.000    
    7.5+     5 1   10.52       0.000    
    7.5+     7 2  0.4149       0.000    
    7.5+     7 3  0.4223       0.000    
    7.5+     7 4  0.4312       0.000    
    7.5+     9 5  0.2150E-01   0.000    
    7.5+     9 6  0.2159E-01   0.000    
    7.5-     6 1   1.943       0.000    
    7.5-     6 2   2.035       0.000    
    7.5-     8 3  0.9414E-01   0.000    
    7.5-     8 4  0.9494E-01   0.000    
    7.5-     8 5  0.9587E-01   0.000    
    7.5-    10 6  0.4910E-02   0.000    
    8.5+     7 1  0.4751       0.000    
    8.5+     7 2  0.4851       0.000    
    8.5+     9 3  0.2419E-01   0.000    
    8.5+     9 4  0.2429E-01   0.000    
    8.5+     9 5  0.2440E-01   0.000    
    8.5+    11 6  0.1259E-02   0.000    
    8.5-     6 1   2.289       0.000    
    8.5-     8 2  0.1059       0.000    
    8.5-     8 3  0.1068       0.000    
    8.5-     8 4  0.1079       0.000    
    8.5-    10 5  0.5523E-02   0.000    
    8.5-    10 6  0.5534E-02   0.000    
    9.5+     7 1  0.5390       0.000    
    9.5+     9 2  0.2688E-01   0.000    
    9.5+     9 3  0.2698E-01   0.000    
    9.5+     9 4  0.2711E-01   0.000    
    9.5+    11 5  0.1398E-02   0.000    
    9.5+    11 6  0.1400E-02   0.000    
    9.5-     8 1  0.1187       0.000    
    9.5-     8 2  0.1198       0.000    
    9.5-    10 3  0.6137E-02   0.000    
    9.5-    10 4  0.6149E-02   0.000    
    9.5-    10 5  0.6163E-02   0.000    
    9.5-    12 6  0.3178E-03   0.000    
   10.5+     9 1  0.2968E-01   0.000    
   10.5+     9 2  0.2982E-01   0.000    
   10.5+    11 3  0.1538E-02   0.000    
   10.5+    11 4  0.1540E-02   0.000    
   10.5+    11 5  0.1541E-02   0.000    
   10.5+    13 6  0.7922E-04   0.000    
   10.5-     8 1  0.1318       0.000    
   10.5-    10 2  0.6751E-02   0.000    
   10.5-    10 3  0.6764E-02   0.000    
   10.5-    10 4  0.6779E-02   0.000    
   10.5-    12 5  0.3495E-03   0.000    
   10.5-    12 6  0.3497E-03   0.000    
   11.5+     9 1  0.3253E-01   0.000    
   11.5+    11 2  0.1678E-02   0.000    
   11.5+    11 3  0.1680E-02   0.000    
   11.5+    11 4  0.1681E-02   0.000    
   11.5+    13 5  0.8643E-04   0.000    
   11.5+    13 6  0.8644E-04   0.000    
   11.5-    10 1  0.7379E-02   0.000    
   11.5-    10 2  0.7395E-02   0.000    
   11.5-    12 3  0.3813E-03   0.000    
   11.5-    12 4  0.3815E-03   0.000    
   11.5-    12 5  0.3817E-03   0.000    
   11.5-    14 6  0.1954E-04   0.000    
   12.5+    11 1  0.1820E-02   0.000    
   12.5+    11 2  0.1821E-02   0.000    
   12.5+    13 3  0.9363E-04   0.000    
   12.5+    13 4  0.9365E-04   0.000    
   12.5+    13 5  0.9367E-04   0.000    
   12.5+    15 6  0.4778E-05   0.000    
   12.5-    10 1  0.8011E-02   0.000    
   12.5-    12 2  0.4131E-03   0.000    
   12.5-    12 3  0.4133E-03   0.000    
   12.5-    12 4  0.4135E-03   0.000    
   12.5-    14 5  0.2117E-04   0.000    
   12.5-    14 6  0.2117E-04   0.000    
   13.5+    11 1  0.1962E-02   0.000    
   13.5+    13 2  0.1008E-03   0.000    
   13.5+    13 3  0.1009E-03   0.000    
   13.5+    13 4  0.1009E-03   0.000    
   13.5+    15 5  0.5146E-05   0.000    
   13.5+    15 6  0.5146E-05   0.000    
   13.5-    12 1  0.4451E-03   0.000    
   13.5-    12 2  0.4453E-03   0.000    
   13.5-    14 3  0.2280E-04   0.000    
   13.5-    14 4  0.2280E-04   0.000    
   13.5-    14 5  0.2281E-04   0.000    
   13.5-    16 6  0.1159E-05   0.000    
   14.5+    13 1  0.1081E-03   0.000    
   14.5+    13 2  0.1081E-03   0.000    
   14.5+    15 3  0.5513E-05   0.000    
   14.5+    15 4  0.5513E-05   0.000    
   14.5+    15 5  0.5514E-05   0.000    
   14.5+    17 6  0.2793E-06   0.000    
   14.5-    12 1  0.4771E-03   0.000    
   14.5-    14 2  0.2443E-04   0.000    
   14.5-    14 3  0.2443E-04   0.000    
   14.5-    14 4  0.2444E-04   0.000    
   14.5-    16 5  0.1242E-05   0.000    
   14.5-    16 6  0.1242E-05   0.000    
   15.5+    13 1  0.1153E-03   0.000    
   15.5+    15 2  0.5881E-05   0.000    
   15.5+    15 3  0.5881E-05   0.000    
   15.5+    15 4  0.5881E-05   0.000    
   15.5+    17 5  0.2980E-06   0.000    
   15.5+    17 6  0.2980E-06   0.000    
   15.5-    14 1  0.2606E-04   0.000    
   15.5-    14 2  0.2606E-04   0.000    
   15.5-    16 3  0.1325E-05   0.000    
   15.5-    16 4  0.1325E-05   0.000    
   15.5-    16 5  0.1325E-05   0.000    
   15.5-    18 6  0.6693E-07   0.000    
   16.5+    15 1  0.6249E-05   0.000    
   16.5+    15 2  0.6249E-05   0.000    
   16.5+    17 3  0.3166E-06   0.000    
   16.5+    17 4  0.3166E-06   0.000    
   16.5+    17 5  0.3166E-06   0.000    
   16.5+    19 6  0.1595E-07   0.000    
   16.5-    14 1  0.2769E-04   0.000    
   16.5-    16 2  0.1408E-05   0.000    
   16.5-    16 3  0.1408E-05   0.000    
   16.5-    16 4  0.1408E-05   0.000    
   16.5-    18 5  0.7111E-07   0.000    
   16.5-    18 6  0.7111E-07   0.000    
   17.5+    15 1  0.6617E-05   0.000    
   17.5+    17 2  0.3352E-06   0.000    
   17.5+    17 3  0.3352E-06   0.000    
   17.5+    17 4  0.3352E-06   0.000    
   17.5+    19 5  0.1689E-07   0.000    
   17.5+    19 6  0.1690E-07   0.000    
   17.5-    16 1  0.1490E-05   0.000    
   17.5-    16 2  0.1490E-05   0.000    
   17.5-    18 3  0.7529E-07   0.000    
   17.5-    18 4  0.7529E-07   0.000    
   17.5-    18 5  0.7529E-07   0.000    
   17.5-    20 6  0.3792E-08   0.000    
   18.5+    17 1  0.3538E-06   0.000    
   18.5+    17 2  0.3538E-06   0.000    
   18.5+    19 3  0.1783E-07   0.000    
   18.5+    19 4  0.1783E-07   0.000    
   18.5+    19 5  0.1783E-07   0.000    
   18.5+    21 6  0.8941E-09   0.000    
   18.5-    16 1  0.1573E-05   0.000    
   18.5-    18 2  0.7947E-07   0.000    
   18.5-    18 3  0.7947E-07   0.000    
   18.5-    18 4  0.7947E-07   0.000    
   18.5-    20 5  0.4003E-08   0.000    
   18.5-    20 6  0.3990E-08   0.000    
   19.5+    17 1  0.3725E-06   0.000    
   19.5+    19 2  0.1876E-07   0.000    
   19.5+    19 3  0.1877E-07   0.000    
   19.5+    19 4  0.1877E-07   0.000    
   19.5+    21 5  0.9411E-09   0.000    
   19.5+    21 6  0.9402E-09   0.000    
   19.5-    18 1  0.8365E-07   0.000    
   19.5-    18 2  0.8365E-07   0.000    
   19.5-    20 3  0.4214E-08   0.000    
   19.5-    20 4  0.4200E-08   0.000    
   19.5-    20 5  0.4201E-08   0.000    
   19.5-    22 6  0.2205E-09   0.000    
   20.5+    19 1  0.1971E-07   0.000    
   20.5+    19 2  0.1970E-07   0.000    
   20.5+    21 3  0.9880E-09   0.000    
   20.5+    21 4  0.9873E-09   0.000    
   20.5+    21 5  0.9925E-09   0.000    
   20.5+    23 6  0.3605E-10   0.000    
   20.5-    18 1  0.8784E-07   0.000    
   20.5-    20 2  0.4424E-08   0.000    
   20.5-    20 3  0.4410E-08   0.000    
   20.5-    20 4  0.4411E-08   0.000    
   20.5-    22 5  0.2314E-09   0.000    
   20.5-    22 6  0.2138E-09   0.000    
   21.5+    19 1  0.2064E-07   0.000    
   21.5+    21 2  0.1035E-08   0.000    
   21.5+    21 3  0.1034E-08   0.000    
   21.5+    21 4  0.1040E-08   0.000    
   21.5+    23 5  0.3767E-10   0.000    
   21.5+    23 6  0.5557E-10   0.000    
   21.5-    20 1  0.4620E-08   0.000    
   21.5-    20 2  0.4622E-08   0.000    
   21.5-    22 3  0.2425E-09   0.000    
   21.5-    22 4  0.2240E-09   0.000    
   21.5-    22 5  0.2404E-09   0.000    
   21.5-    24 6  0.9569E-11   0.000    
   22.5+    21 1  0.1081E-08   0.000    
   22.5+    21 2  0.1087E-08   0.000    
   22.5+    23 3  0.3951E-10   0.000    
   22.5+    23 4  0.5810E-10   0.000    
   22.5+    23 5  0.5961E-10   0.000    
   22.5+    25 6  0.6343E-11   0.000    
   22.5-    20 1  0.4832E-08   0.000    
   22.5-    22 2  0.2535E-09   0.000    
   22.5-    22 3  0.2341E-09   0.000    
   22.5-    22 4  0.2513E-09   0.000    
   22.5-    24 5  0.9846E-11   0.000    
   22.5-    24 6  0.1234E-10   0.000    
   23.5+    21 1  0.1134E-08   0.000    
   23.5+    23 2  0.4123E-10   0.000    
   23.5+    23 3  0.6039E-10   0.000    
   23.5+    23 4  0.6220E-10   0.000    
   23.5+    25 5  0.6849E-11   0.000    
   23.5+    25 6 -0.1778E-11   0.000    
   23.5-    22 1  0.2443E-09   0.000    
   23.5-    22 2  0.2622E-09   0.000    
   23.5-    24 3  0.1041E-10   0.000    
   23.5-    24 4  0.1301E-10   0.000    
   23.5-    24 5  0.3820E-11   0.000    
   23.5-    26 6  0.4907E-11   0.000    
   24.5+    23 1  0.6301E-10   0.000    
   24.5+    23 2  0.6500E-10   0.000    
   24.5+    25 3  0.6895E-11   0.000    
   24.5+    25 4 -0.1715E-11   0.000    
   24.5+    25 5  0.4939E-11   0.000    
   24.5+    27 6  0.1475E-11   0.000    
   24.5-    22 1  0.2731E-09   0.000    
   24.5-    24 2  0.1084E-10   0.000    
   24.5-    24 3  0.1358E-10   0.000    
   24.5-    24 4  0.3979E-11   0.000    
   24.5-    26 5  0.5351E-11   0.000    
   24.5-    26 6 -0.3705E-11   0.000    
   25.5+    23 1  0.6750E-10   0.000    
   25.5+    25 2  0.7313E-11   0.000    
   25.5+    25 3 -0.1641E-11   0.000    
   25.5+    25 4  0.5137E-11   0.000    
   25.5+    27 5  0.2069E-11   0.000    
   25.5+    27 6  0.2925E-11   0.000    
   25.5-    24 1  0.1409E-10   0.000    
   25.5-    24 2  0.4495E-11   0.000    
   25.5-    26 3  0.5422E-11   0.000    
   25.5-    26 4 -0.3853E-11   0.000    
   25.5-    26 5 -0.5494E-11   0.000    
   25.5-    28 6  0.4673E-11   0.000    
   26.5+    25 1 -0.2000E-11   0.000    
   26.5+    25 2  0.5446E-11   0.000    
   26.5+    27 3  0.2075E-11   0.000    
   26.5+    27 4  0.3075E-11   0.000    
   26.5+    27 5  0.1445E-11   0.000    
   26.5+    29 6  0.5223E-11   0.000    
   26.5-    24 1  0.4483E-11   0.000    
   26.5-    26 2  0.5631E-11   0.000    
   26.5-    26 3 -0.4149E-11   0.000    
   26.5-    26 4 -0.5705E-11   0.000    
   26.5-    28 5  0.4853E-11   0.000    
   26.5-    28 6 -0.9262E-11   0.000    
   27.5+    25 1  0.5379E-11   0.000    
   27.5+    27 2  0.1998E-11   0.000    
   27.5+    27 3  0.3189E-11   0.000    
   27.5+    27 4  0.1537E-11   0.000    
   27.5+    29 5  0.5417E-11   0.000    
   27.5+    29 6  0.7722E-11   0.000    
   27.5-    26 1 -0.4303E-11   0.000    
   27.5-    26 2 -0.5840E-11   0.000    
   27.5-    28 3  0.5033E-11   0.000    
   27.5-    28 4 -0.9605E-11   0.000    
   27.5-    28 5  0.8298E-11   0.000    
   27.5-    30 6  0.8375E-11   0.000    
   28.5+    27 1  0.3143E-11   0.000    
   28.5+    27 2  0.1393E-11   0.000    
   28.5+    29 3  0.5849E-11   0.000    
   28.5+    29 4  0.7719E-11   0.000    
   28.5+    29 5  0.3462E-11   0.000    
   28.5+    31 6 -0.2308E-11   0.000    
   28.5-    26 1 -0.6287E-11   0.000    
   28.5-    28 2  0.5213E-11   0.000    
   28.5-    28 3 -0.9948E-11   0.000    
   28.5-    28 4  0.8595E-11   0.000    
   28.5-    30 5  0.8475E-11   0.000    
   28.5-    30 6 -0.7481E-11   0.000    
   29.5+    27 1  0.1400E-11   0.000    
   29.5+    29 2  0.5927E-11   0.000    
   29.5+    29 3  0.8397E-11   0.000    
   29.5+    29 4  0.3416E-11   0.000    
   29.5+    31 5 -0.2470E-11   0.000    
   29.5+    31 6  0.1511E-10   0.000    
   29.5-    28 1 -0.1054E-10   0.000    
   29.5-    28 2  0.8726E-11   0.000    
   29.5-    30 3  0.9179E-11   0.000    
   29.5-    30 4 -0.7738E-11   0.000    
   29.5-    30 5 -0.9879E-12   0.000    
   29.5-    32 6  0.4363E-11   0.000    
   30.5+    29 1  0.8294E-11   0.000    
   30.5+    29 2  0.3658E-11   0.000    
   30.5+    31 3 -0.2552E-11   0.000    
   30.5+    31 4  0.1561E-10   0.000    
   30.5+    31 5  0.2595E-11   0.000    
   30.5+    33 6 -0.4253E-12   0.000    
   30.5-    28 1  0.9017E-11   0.000    
   30.5-    30 2  0.9060E-11   0.000    
   30.5-    30 3 -0.7826E-11   0.000    
   30.5-    30 4 -0.1021E-11   0.000    
   30.5-    32 5  0.4509E-11   0.000    
   30.5-    32 6  0.5274E-11   0.000    
   31.5+    29 1  0.3776E-11   0.000    
   31.5+    31 2 -0.2547E-11   0.000    
   31.5+    31 3  0.1598E-10   0.000    
   31.5+    31 4  0.2810E-11   0.000    
   31.5+    33 5 -0.5269E-12   0.000    
   31.5+    33 6 -0.1493E-11   0.000    
   31.5-    30 1 -0.8254E-11   0.000    
   31.5-    30 2 -0.1054E-11   0.000    
   31.5-    32 3  0.4391E-11   0.000    
   31.5-    32 4  0.5752E-11   0.000    
   31.5-    32 5  0.4654E-11   0.000    
   31.5-    34 6 -0.1932E-11   0.000    
   32.5+    31 1  0.1662E-10   0.000    
   32.5+    31 2  0.2581E-11   0.000    
   32.5+    33 3 -0.5433E-12   0.000    
   32.5+    33 4 -0.1811E-11   0.000    
   32.5+    33 5   0.000       0.000    
   32.5+    35 6 -0.6339E-11   0.000    
   32.5-    30 1 -0.1087E-11   0.000    
   32.5-    32 2  0.4845E-11   0.000    
   32.5-    32 3  0.5931E-11   0.000    
   32.5-    32 4  0.4528E-11   0.000    
   32.5-    34 5 -0.1902E-11   0.000    
   32.5-    34 6  0.2626E-11   0.000    
   33.5+    31 1  0.2846E-11   0.000    
   33.5+    33 2 -0.7464E-12   0.000    
   33.5+    33 3 -0.1586E-11   0.000    
   33.5+    33 4 -0.4665E-12   0.000    
   33.5+    35 5 -0.6904E-11   0.000    
   33.5+    35 6 -0.7464E-12   0.000    
   33.5-    32 1  0.5831E-11   0.000    
   33.5-    32 2  0.4712E-11   0.000    
   33.5-    34 3 -0.2053E-11   0.000    
   33.5-    34 4  0.2799E-11   0.000    
   33.5-    34 5  0.1120E-11   0.000    
   33.5-    36 6 -0.6531E-11   0.000    
   34.5+    33 1 -0.1345E-11   0.000    
   34.5+    33 2  0.1441E-12   0.000    
   34.5+    35 3 -0.7107E-11   0.000    
   34.5+    35 4 -0.7684E-12   0.000    
   34.5+    35 5 -0.4322E-11   0.000    
   34.5+    37 6 -0.1249E-11   0.000    
   34.5-    32 1  0.4850E-11   0.000    
   34.5-    34 2 -0.2209E-11   0.000    
   34.5-    34 3  0.2785E-11   0.000    
   34.5-    34 4  0.1297E-11   0.000    
   34.5-    36 5 -0.6819E-11   0.000    
   34.5-    36 6 -0.9028E-11   0.000    
   35.5+    33 1 -0.9879E-13   0.000    
   35.5+    35 2 -0.7310E-11   0.000    
   35.5+    35 3 -0.7903E-12   0.000    
   35.5+    35 4 -0.4544E-11   0.000    
   35.5+    37 5 -0.1284E-11   0.000    
   35.5+    37 6 -0.7409E-11   0.000    
   35.5-    34 1  0.2914E-11   0.000    
   35.5-    34 2  0.1185E-11   0.000    
   35.5-    36 3 -0.7014E-11   0.000    
   35.5-    36 4 -0.9089E-11   0.000    
   35.5-    36 5  0.2717E-11   0.000    
   35.5-    38 6 -0.6224E-11   0.000    
   36.5+    35 1 -0.8123E-12   0.000    
   36.5+    35 2 -0.4671E-11   0.000    
   36.5+    37 3 -0.1625E-11   0.000    
   36.5+    37 4 -0.7615E-11   0.000    
   36.5+    37 5  0.4467E-11   0.000    
   36.5+    39 6 -0.5077E-11   0.000    
   36.5-    34 1  0.1269E-11   0.000    
   36.5-    36 2 -0.7107E-11   0.000    
   36.5-    36 3 -0.9443E-11   0.000    
   36.5-    36 4  0.2792E-11   0.000    
   36.5-    38 5 -0.6397E-11   0.000    
   36.5-    38 6 -0.1015E-12   0.000    
   37.5+    35 1 -0.4692E-11   0.000    
   37.5+    37 2 -0.1356E-11   0.000    
   37.5+    37 3 -0.7508E-11   0.000    
   37.5+    37 4  0.4067E-11   0.000    
   37.5+    39 5 -0.4484E-11   0.000    
   37.5+    39 6  0.6048E-11   0.000    
   37.5-    36 1 -0.9698E-11   0.000    
   37.5-    36 2  0.2868E-11   0.000    
   37.5-    38 3 -0.6465E-11   0.000    
   37.5-    38 4 -0.2086E-12   0.000    
   37.5-    38 5 -0.1773E-11   0.000    
   37.5-    40 6 -0.1773E-11   0.000    
   38.5+    37 1 -0.7813E-11   0.000    
   38.5+    37 2  0.4174E-11   0.000    
   38.5+    39 3 -0.4816E-11   0.000    
   38.5+    39 4  0.6475E-11   0.000    
   38.5+    39 5  0.8027E-12   0.000    
   38.5+    41 6  0.2783E-11   0.000    
   38.5-    36 1  0.2783E-11   0.000    
   38.5-    38 2 -0.6742E-11   0.000    
   38.5-    38 3 -0.2140E-12   0.000    
   38.5-    38 4 -0.1926E-11   0.000    
   38.5-    40 5 -0.1391E-11   0.000    
   38.5-    40 6 -0.6314E-11   0.000    
   39.5+    37 1  0.4281E-11   0.000    
   39.5+    39 2 -0.4939E-11   0.000    
   39.5+    39 3  0.6915E-11   0.000    
   39.5+    39 4  0.1153E-11   0.000    
   39.5+    41 5  0.2854E-11   0.000    
   39.5+    41 6 -0.6037E-11   0.000    
   39.5-    38 1 -0.1098E-12   0.000    
   39.5-    38 2 -0.1866E-11   0.000    
   39.5-    40 3 -0.1646E-11   0.000    
   39.5-    40 4 -0.6586E-11   0.000    
   39.5-    40 5 -0.4610E-11   0.000    
   39.5-    42 6 -0.5379E-11   0.000    
   40.5+    39 1  0.7032E-11   0.000    
   40.5+    39 2  0.1181E-11   0.000    
   40.5+    41 3  0.2982E-11   0.000    
   40.5+    41 4 -0.6526E-11   0.000    
   40.5+    41 5  0.3938E-11   0.000    
   40.5+    43 6  0.6469E-11   0.000    
   40.5-    38 1 -0.2025E-11   0.000    
   40.5-    40 2 -0.1350E-11   0.000    
   40.5-    40 3 -0.6638E-11   0.000    
   40.5-    40 4 -0.4388E-11   0.000    
   40.5-    42 5 -0.5513E-11   0.000    
   40.5-    42 6  0.2363E-11   0.000    
   41.5+    39 1  0.1210E-11   0.000    
   41.5+    41 2  0.2708E-11   0.000    
   41.5+    41 3 -0.7031E-11   0.000    
   41.5+    41 4  0.3688E-11   0.000    
   41.5+    43 5  0.6166E-11   0.000    
   41.5+    43 6  0.2881E-11   0.000    
   41.5-    40 1 -0.7146E-11   0.000    
   41.5-    40 2 -0.4610E-11   0.000    
   41.5-    42 3 -0.5647E-11   0.000    
   41.5-    42 4  0.2478E-11   0.000    
   41.5-    42 5  0.6281E-11   0.000    
   41.5-    44 6  0.5302E-11   0.000    
   42.5+    41 1 -0.6844E-11   0.000    
   42.5+    41 2  0.3422E-11   0.000    
   42.5+    43 3  0.7198E-11   0.000    
   42.5+    43 4  0.2950E-11   0.000    
   42.5+    43 5  0.1021E-10   0.000    
   42.5+    45 6  0.4720E-12   0.000    
   42.5-    40 1 -0.4956E-11   0.000    
   42.5-    42 2 -0.5782E-11   0.000    
   42.5-    42 3  0.2478E-11   0.000    
   42.5-    42 4  0.6431E-11   0.000    
   42.5-    44 5  0.5428E-11   0.000    
   42.5-    44 6  0.2537E-11   0.000    
   43.5+    41 1  0.3803E-11   0.000    
   43.5+    43 2  0.6943E-11   0.000    
   43.5+    43 3  0.3019E-11   0.000    
   43.5+    43 4  0.1087E-10   0.000    
   43.5+    45 5  0.3622E-12   0.000    
   43.5+    45 6  0.2415E-12   0.000    
   43.5-    42 1  0.2596E-11   0.000    
   43.5-    42 2  0.6701E-11   0.000    
   43.5-    44 3  0.5554E-11   0.000    
   43.5-    44 4  0.2536E-11   0.000    
   43.5-    44 5 -0.2536E-11   0.000    
   43.5-    46 6  0.4347E-11   0.000    
   44.5+    43 1  0.3087E-11   0.000    
   44.5+    43 2  0.1111E-10   0.000    
   44.5+    45 3  0.7409E-12   0.000    
   44.5+    45 4  0.4939E-12   0.000    
   44.5+    45 5  0.4322E-12   0.000    
   44.5+    47 6  0.5557E-11   0.000    
   44.5-    42 1  0.6854E-11   0.000    
   44.5-    44 2  0.5742E-11   0.000    
   44.5-    44 3  0.2655E-11   0.000    
   44.5-    44 4 -0.2593E-11   0.000    
   44.5-    46 5  0.4075E-11   0.000    
   44.5-    46 6 -0.7409E-12   0.000    
   45.5+    43 1  0.1136E-10   0.000    
   45.5+    45 2  0.5049E-12   0.000    
   45.5+    45 3  0.5049E-12   0.000    
   45.5+    45 4  0.2525E-12   0.000    
   45.5+    47 5  0.5996E-11   0.000    
   45.5+    47 6  0.1199E-11   0.000    
   45.5-    44 1  0.3156E-11   0.000    
   45.5-    44 2 -0.2651E-11   0.000    
   45.5-    46 3  0.4166E-11   0.000    
   45.5-    46 4 -0.7574E-12   0.000    
   45.5-    46 5 -0.6438E-11   0.000    
   45.5-    48 6 -0.5933E-11   0.000    
   46.5+    45 1  0.5159E-12   0.000    
   46.5+    45 2  0.2579E-12   0.000    
   46.5+    47 3  0.6191E-11   0.000    
   46.5+    47 4  0.1096E-11   0.000    
   46.5+    47 5 -0.9028E-12   0.000    
   46.5+    49 6  0.3160E-11   0.000    
   46.5-    44 1 -0.3224E-11   0.000    
   46.5-    46 2  0.4256E-11   0.000    
   46.5-    46 3 -0.7738E-12   0.000    
   46.5-    46 4 -0.6965E-11   0.000    
   46.5-    48 5 -0.6320E-11   0.000    
   46.5-    48 6  0.7223E-11   0.000    
   47.5+    45 1  0.3952E-12   0.000    
   47.5+    47 2  0.6059E-11   0.000    
   47.5+    47 3  0.1449E-11   0.000    
   47.5+    47 4 -0.9220E-12   0.000    
   47.5+    49 5  0.3161E-11   0.000    
   47.5+    49 6  0.4742E-11   0.000    
   47.5-    46 1 -0.7903E-12   0.000    
   47.5-    46 2 -0.7113E-11   0.000    
   47.5-    48 3 -0.6454E-11   0.000    
   47.5-    48 4  0.7310E-11   0.000    
   47.5-    48 5  0.2634E-12   0.000    
   47.5-    50 6 -0.6849E-11   0.000    
   48.5+    47 1  0.1277E-11   0.000    
   48.5+    47 2 -0.1076E-11   0.000    
   48.5+    49 3  0.3227E-11   0.000    
   48.5+    49 4  0.4034E-11   0.000    
   48.5+    49 5 -0.4841E-11   0.000    
   48.5+    51 6 -0.1345E-12   0.000    
   48.5-    46 1 -0.6454E-11   0.000    
   48.5-    48 2 -0.6589E-11   0.000    
   48.5-    48 3  0.7463E-11   0.000    
   48.5-    48 4  0.5379E-12   0.000    
   48.5-    50 5 -0.7530E-11   0.000    
   48.5-    50 6 -0.3496E-11   0.000    
   49.5+    47 1 -0.9605E-12   0.000    
   49.5+    49 2  0.4185E-11   0.000    
   49.5+    49 3  0.4116E-11   0.000    
   49.5+    49 4 -0.4116E-11   0.000    
   49.5+    51 5 -0.4116E-12   0.000    
   49.5+    51 6  0.6174E-12   0.000    
   49.5-    48 1  0.7272E-11   0.000    
   49.5-    48 2  0.5488E-12   0.000    
   49.5-    50 3 -0.7135E-11   0.000    
   49.5-    50 4 -0.4665E-11   0.000    
   49.5-    50 5  0.1852E-11   0.000    
   49.5-    52 6 -0.1372E-11   0.000    
   50.5+    49 1  0.5038E-11   0.000    
   50.5+    49 2 -0.5038E-11   0.000    
   50.5+    51 3 -0.4199E-12   0.000    
   50.5+    51 4  0.9097E-12   0.000    
   50.5+    51 5  0.6298E-12   0.000    
   50.5+    53 6   0.000       0.000    
   50.5-    48 1  0.6298E-12   0.000    
   50.5-    50 2 -0.7277E-11   0.000    
   50.5-    50 3 -0.4338E-11   0.000    
   50.5-    50 4  0.2449E-11   0.000    
   50.5-    52 5 -0.6998E-12   0.000    
   50.5-    52 6  0.7697E-12   0.000    
