           1           2           1
    0.5+     1 1   5.832       0.000    
    0.5+     1 2   5.832       0.000    
    0.5+     3 3   5.693       0.000    
    0.5-     0 1   5.838       0.000    
    0.5-     2 2   6.016       0.000    
    0.5-     2 3   6.016       0.000    
    1.5+     1 1   11.66       0.000    
    1.5+     1 2   11.66       0.000    
    1.5+     1 3   11.66       0.000    
    1.5+     3 4   11.39       0.000    
    1.5+     3 5   11.39       0.000    
    1.5-     0 1   11.68       0.000    
    1.5-     2 2   12.03       0.000    
    1.5-     2 3   12.03       0.000    
    1.5-     2 4   12.03       0.000    
    1.5-     4 5   11.25       0.000    
    2.5+     1 1   17.50       0.000    
    2.5+     1 2   17.50       0.000    
    2.5+     3 3   17.08       0.000    
    2.5+     3 4   17.08       0.000    
    2.5+     3 5   17.08       0.000    
    2.5+     5 6   9.531       0.000    
    2.5-     0 1   17.51       0.000    
    2.5-     2 2   18.05       0.000    
    2.5-     2 3   18.05       0.000    
    2.5-     2 4   18.05       0.000    
    2.5-     4 5   16.87       0.000    
    2.5-     4 6   16.87       0.000    
    3.5+     1 1   23.33       0.000    
    3.5+     3 2   22.77       0.000    
    3.5+     3 3   22.77       0.000    
    3.5+     3 4   22.77       0.000    
    3.5+     5 5   12.71       0.000    
    3.5+     5 6   12.71       0.000    
    3.5-     2 1   24.06       0.000    
    3.5-     2 2   24.06       0.000    
    3.5-     4 3   22.50       0.000    
    3.5-     4 4   22.50       0.000    
    3.5-     4 5   22.50       0.000    
    3.5-     6 6   4.767       0.000    
    4.5+     3 1   28.46       0.000    
    4.5+     3 2   28.46       0.000    
    4.5+     5 3   15.88       0.000    
    4.5+     5 4   15.88       0.000    
    4.5+     5 5   15.88       0.000    
    4.5+     7 6   1.829       0.000    
    4.5-     2 1   30.08       0.000    
    4.5-     4 2   28.12       0.000    
    4.5-     4 3   28.12       0.000    
    4.5-     4 4   28.12       0.000    
    4.5-     6 5   5.959       0.000    
    4.5-     6 6   5.959       0.000    
    5.5+     3 1   34.16       0.000    
    5.5+     5 2   19.06       0.000    
    5.5+     5 3   19.06       0.000    
    5.5+     5 4   19.06       0.000    
    5.5+     7 5   2.195       0.000    
    5.5+     7 6   2.195       0.000    
    5.5-     4 1   33.74       0.000    
    5.5-     4 2   33.74       0.000    
    5.5-     6 3   7.150       0.000    
    5.5-     6 4   7.150       0.000    
    5.5-     6 5   7.150       0.000    
    5.5-     8 6  0.6225       0.000    
    6.5+     5 1   22.24       0.000    
    6.5+     5 2   22.24       0.000    
    6.5+     7 3   2.561       0.000    
    6.5+     7 4   2.561       0.000    
    6.5+     7 5   2.561       0.000    
    6.5+     9 6  0.1997       0.000    
    6.5-     4 1   39.37       0.000    
    6.5-     6 2   8.342       0.000    
    6.5-     6 3   8.342       0.000    
    6.5-     6 4   8.342       0.000    
    6.5-     8 5  0.7263       0.000    
    6.5-     8 6  0.7263       0.000    
    7.5+     5 1   25.42       0.000    
    7.5+     7 2   2.927       0.000    
    7.5+     7 3   2.927       0.000    
    7.5+     7 4   2.927       0.000    
    7.5+     9 5  0.2283       0.000    
    7.5+     9 6  0.2283       0.000    
    7.5-     6 1   9.534       0.000    
    7.5-     6 2   9.534       0.000    
    7.5-     8 3  0.8300       0.000    
    7.5-     8 4  0.8300       0.000    
    7.5-     8 5  0.8300       0.000    
    7.5-    10 6  0.6195E-01   0.000    
    8.5+     7 1   3.293       0.000    
    8.5+     7 2   3.293       0.000    
    8.5+     9 3  0.2568       0.000    
    8.5+     9 4  0.2568       0.000    
    8.5+     9 5  0.2568       0.000    
    8.5+    11 6  0.1878E-01   0.000    
    8.5-     6 1   10.73       0.000    
    8.5-     8 2  0.9338       0.000    
    8.5-     8 3  0.9338       0.000    
    8.5-     8 4  0.9338       0.000    
    8.5-    10 5  0.6969E-01   0.000    
    8.5-    10 6  0.6969E-01   0.000    
    9.5+     7 1   3.658       0.000    
    9.5+     9 2  0.2853       0.000    
    9.5+     9 3  0.2853       0.000    
    9.5+     9 4  0.2853       0.000    
    9.5+    11 5  0.2087E-01   0.000    
    9.5+    11 6  0.2087E-01   0.000    
    9.5-     8 1   1.038       0.000    
    9.5-     8 2   1.038       0.000    
    9.5-    10 3  0.7743E-01   0.000    
    9.5-    10 4  0.7743E-01   0.000    
    9.5-    10 5  0.7743E-01   0.000    
    9.5-    12 6  0.5600E-02   0.000    
   10.5+     9 1  0.3139       0.000    
   10.5+     9 2  0.3139       0.000    
   10.5+    11 3  0.2295E-01   0.000    
   10.5+    11 4  0.2295E-01   0.000    
   10.5+    11 5  0.2295E-01   0.000    
   10.5+    13 6  0.1648E-02   0.000    
   10.5-     8 1   1.141       0.000    
   10.5-    10 2  0.8518E-01   0.000    
   10.5-    10 3  0.8518E-01   0.000    
   10.5-    10 4  0.8518E-01   0.000    
   10.5-    12 5  0.6160E-02   0.000    
   10.5-    12 6  0.6160E-02   0.000    
   11.5+     9 1  0.3424       0.000    
   11.5+    11 2  0.2504E-01   0.000    
   11.5+    11 3  0.2504E-01   0.000    
   11.5+    11 4  0.2504E-01   0.000    
   11.5+    13 5  0.1798E-02   0.000    
   11.5+    13 6  0.1798E-02   0.000    
   11.5-    10 1  0.9292E-01   0.000    
   11.5-    10 2  0.9292E-01   0.000    
   11.5-    12 3  0.6720E-02   0.000    
   11.5-    12 4  0.6720E-02   0.000    
   11.5-    12 5  0.6720E-02   0.000    
   11.5-    14 6  0.4797E-03   0.000    
   12.5+    11 1  0.2713E-01   0.000    
   12.5+    11 2  0.2713E-01   0.000    
   12.5+    13 3  0.1947E-02   0.000    
   12.5+    13 4  0.1947E-02   0.000    
   12.5+    13 5  0.1947E-02   0.000    
   12.5+    15 6  0.1384E-03   0.000    
   12.5-    10 1  0.1007       0.000    
   12.5-    12 2  0.7280E-02   0.000    
   12.5-    12 3  0.7280E-02   0.000    
   12.5-    12 4  0.7280E-02   0.000    
   12.5-    14 5  0.5197E-03   0.000    
   12.5-    14 6  0.5197E-03   0.000    
   13.5+    11 1  0.2922E-01   0.000    
   13.5+    13 2  0.2097E-02   0.000    
   13.5+    13 3  0.2097E-02   0.000    
   13.5+    13 4  0.2097E-02   0.000    
   13.5+    15 5  0.1490E-03   0.000    
   13.5+    15 6  0.1490E-03   0.000    
   13.5-    12 1  0.7840E-02   0.000    
   13.5-    12 2  0.7840E-02   0.000    
   13.5-    14 3  0.5596E-03   0.000    
   13.5-    14 4  0.5596E-03   0.000    
   13.5-    14 5  0.5596E-03   0.000    
   13.5-    16 6  0.3961E-04   0.000    
   14.5+    13 1  0.2247E-02   0.000    
   14.5+    13 2  0.2247E-02   0.000    
   14.5+    15 3  0.1597E-03   0.000    
   14.5+    15 4  0.1597E-03   0.000    
   14.5+    15 5  0.1597E-03   0.000    
   14.5+    17 6  0.1126E-04   0.000    
   14.5-    12 1  0.8400E-02   0.000    
   14.5-    14 2  0.5996E-03   0.000    
   14.5-    14 3  0.5996E-03   0.000    
   14.5-    14 4  0.5996E-03   0.000    
   14.5-    16 5  0.4244E-04   0.000    
   14.5-    16 6  0.4244E-04   0.000    
   15.5+    13 1  0.2397E-02   0.000    
   15.5+    15 2  0.1703E-03   0.000    
   15.5+    15 3  0.1703E-03   0.000    
   15.5+    15 4  0.1703E-03   0.000    
   15.5+    17 5  0.1201E-04   0.000    
   15.5+    17 6  0.1201E-04   0.000    
   15.5-    14 1  0.6396E-03   0.000    
   15.5-    14 2  0.6396E-03   0.000    
   15.5-    16 3  0.4527E-04   0.000    
   15.5-    16 4  0.4527E-04   0.000    
   15.5-    16 5  0.4527E-04   0.000    
   15.5-    18 6  0.3183E-05   0.000    
   16.5+    15 1  0.1810E-03   0.000    
   16.5+    15 2  0.1810E-03   0.000    
   16.5+    17 3  0.1276E-04   0.000    
   16.5+    17 4  0.1276E-04   0.000    
   16.5+    17 5  0.1276E-04   0.000    
   16.5+    19 6  0.8950E-06   0.000    
   16.5-    14 1  0.6796E-03   0.000    
   16.5-    16 2  0.4810E-04   0.000    
   16.5-    16 3  0.4810E-04   0.000    
   16.5-    16 4  0.4810E-04   0.000    
   16.5-    18 5  0.3382E-05   0.000    
   16.5-    18 6  0.3382E-05   0.000    
   17.5+    15 1  0.1916E-03   0.000    
   17.5+    17 2  0.1351E-04   0.000    
   17.5+    17 3  0.1351E-04   0.000    
   17.5+    17 4  0.1351E-04   0.000    
   17.5+    19 5  0.9477E-06   0.000    
   17.5+    19 6  0.9477E-06   0.000    
   17.5-    16 1  0.5093E-04   0.000    
   17.5-    16 2  0.5093E-04   0.000    
   17.5-    18 3  0.3581E-05   0.000    
   17.5-    18 4  0.3581E-05   0.000    
   17.5-    18 5  0.3581E-05   0.000    
   17.5-    20 6  0.2505E-06   0.000    
   18.5+    17 1  0.1427E-04   0.000    
   18.5+    17 2  0.1427E-04   0.000    
   18.5+    19 3  0.1000E-05   0.000    
   18.5+    19 4  0.1000E-05   0.000    
   18.5+    19 5  0.1000E-05   0.000    
   18.5+    21 6  0.6981E-07   0.000    
   18.5-    16 1  0.5376E-04   0.000    
   18.5-    18 2  0.3780E-05   0.000    
   18.5-    18 3  0.3780E-05   0.000    
   18.5-    18 4  0.3780E-05   0.000    
   18.5-    20 5  0.2644E-06   0.000    
   18.5-    20 6  0.2644E-06   0.000    
   19.5+    17 1  0.1502E-04   0.000    
   19.5+    19 2  0.1053E-05   0.000    
   19.5+    19 3  0.1053E-05   0.000    
   19.5+    19 4  0.1053E-05   0.000    
   19.5+    21 5  0.7348E-07   0.000    
   19.5+    21 6  0.7348E-07   0.000    
   19.5-    18 1  0.3979E-05   0.000    
   19.5-    18 2  0.3979E-05   0.000    
   19.5-    20 3  0.2783E-06   0.000    
   19.5-    20 4  0.2783E-06   0.000    
   19.5-    20 5  0.2783E-06   0.000    
   19.5-    22 6  0.1939E-07   0.000    
   20.5+    19 1  0.1106E-05   0.000    
   20.5+    19 2  0.1106E-05   0.000    
   20.5+    21 3  0.7716E-07   0.000    
   20.5+    21 4  0.7716E-07   0.000    
   20.5+    21 5  0.7716E-07   0.000    
   20.5+    23 6  0.5363E-08   0.000    
   20.5-    18 1  0.4178E-05   0.000    
   20.5-    20 2  0.2922E-06   0.000    
   20.5-    20 3  0.2922E-06   0.000    
   20.5-    20 4  0.2922E-06   0.000    
   20.5-    22 5  0.2036E-07   0.000    
   20.5-    22 6  0.2036E-07   0.000    
   21.5+    19 1  0.1158E-05   0.000    
   21.5+    21 2  0.8083E-07   0.000    
   21.5+    21 3  0.8083E-07   0.000    
   21.5+    21 4  0.8083E-07   0.000    
   21.5+    23 5  0.5618E-08   0.000    
   21.5+    23 6  0.5618E-08   0.000    
   21.5-    20 1  0.3062E-06   0.000    
   21.5-    20 2  0.3062E-06   0.000    
   21.5-    22 3  0.2133E-07   0.000    
   21.5-    22 4  0.2133E-07   0.000    
   21.5-    22 5  0.2133E-07   0.000    
   21.5-    24 6  0.1472E-08   0.000    
   22.5+    21 1  0.8450E-07   0.000    
   22.5+    21 2  0.8450E-07   0.000    
   22.5+    23 3  0.5873E-08   0.000    
   22.5+    23 4  0.5873E-08   0.000    
   22.5+    23 5  0.5873E-08   0.000    
   22.5+    25 6  0.4085E-09   0.000    
   22.5-    20 1  0.3201E-06   0.000    
   22.5-    22 2  0.2230E-07   0.000    
   22.5-    22 3  0.2230E-07   0.000    
   22.5-    22 4  0.2230E-07   0.000    
   22.5-    24 5  0.1539E-08   0.000    
   22.5-    24 6  0.1539E-08   0.000    
   23.5+    21 1  0.8818E-07   0.000    
   23.5+    23 2  0.6129E-08   0.000    
   23.5+    23 3  0.6129E-08   0.000    
   23.5+    23 4  0.6129E-08   0.000    
   23.5+    25 5  0.4263E-09   0.000    
   23.5+    25 6  0.4263E-09   0.000    
   23.5-    22 1  0.2327E-07   0.000    
   23.5-    22 2  0.2327E-07   0.000    
   23.5-    24 3  0.1606E-08   0.000    
   23.5-    24 4  0.1606E-08   0.000    
   23.5-    24 5  0.1606E-08   0.000    
   23.5-    26 6  0.1080E-09   0.000    
   24.5+    23 1  0.6384E-08   0.000    
   24.5+    23 2  0.6384E-08   0.000    
   24.5+    25 3  0.4441E-09   0.000    
   24.5+    25 4  0.4441E-09   0.000    
   24.5+    25 5  0.4441E-09   0.000    
   24.5+    27 6  0.2933E-10   0.000    
   24.5-    22 1  0.2424E-07   0.000    
   24.5-    24 2  0.1672E-08   0.000    
   24.5-    24 3  0.1672E-08   0.000    
   24.5-    24 4  0.1672E-08   0.000    
   24.5-    26 5  0.1124E-09   0.000    
   24.5-    26 6  0.1124E-09   0.000    
   25.5+    23 1  0.6639E-08   0.000    
   25.5+    25 2  0.4620E-09   0.000    
   25.5+    25 3  0.4620E-09   0.000    
   25.5+    25 4  0.4620E-09   0.000    
   25.5+    27 5  0.3064E-10   0.000    
   25.5+    27 6  0.3064E-10   0.000    
   25.5-    24 1  0.1739E-08   0.000    
   25.5-    24 2  0.1739E-08   0.000    
   25.5-    26 3  0.1171E-09   0.000    
   25.5-    26 4  0.1171E-09   0.000    
   25.5-    26 5  0.1171E-09   0.000    
   25.5-    28 6  0.5101E-11   0.000    
   26.5+    25 1  0.4794E-09   0.000    
   26.5+    25 2  0.4794E-09   0.000    
   26.5+    27 3  0.3167E-10   0.000    
   26.5+    27 4  0.3167E-10   0.000    
   26.5+    27 5  0.3167E-10   0.000    
   26.5+    29 6 -0.4964E-11   0.000    
   26.5-    24 1  0.1806E-08   0.000    
   26.5-    26 2  0.1214E-09   0.000    
   26.5-    26 3  0.1214E-09   0.000    
   26.5-    26 4  0.1214E-09   0.000    
   26.5-    28 5  0.5149E-11   0.000    
   26.5-    28 6  0.5149E-11   0.000    
   27.5+    25 1  0.4972E-09   0.000    
   27.5+    27 2  0.3304E-10   0.000    
   27.5+    27 3  0.3304E-10   0.000    
   27.5+    27 4  0.3304E-10   0.000    
   27.5+    29 5 -0.4918E-11   0.000    
   27.5+    29 6 -0.4918E-11   0.000    
   27.5-    26 1  0.1261E-09   0.000    
   27.5-    26 2  0.1261E-09   0.000    
   27.5-    28 3  0.5186E-11   0.000    
   27.5-    28 4  0.5186E-11   0.000    
   27.5-    28 5  0.5186E-11   0.000    
   27.5-    30 6  0.1114E-11   0.000    
   28.5+    27 1  0.3418E-10   0.000    
   28.5+    27 2  0.3418E-10   0.000    
   28.5+    29 3 -0.5173E-11   0.000    
   28.5+    29 4 -0.5173E-11   0.000    
   28.5+    29 5 -0.5173E-11   0.000    
   28.5+    31 6  0.6366E-12   0.000    
   28.5-    26 1  0.1306E-09   0.000    
   28.5-    28 2  0.5531E-11   0.000    
   28.5-    28 3  0.5531E-11   0.000    
   28.5-    28 4  0.5531E-11   0.000    
   28.5-    30 5  0.9948E-12   0.000    
   28.5-    30 6  0.9948E-12   0.000    
   29.5+    27 1  0.3556E-10   0.000    
   29.5+    29 2 -0.5516E-11   0.000    
   29.5+    29 3 -0.5516E-11   0.000    
   29.5+    29 4 -0.5516E-11   0.000    
   29.5+    31 5  0.8232E-12   0.000    
   29.5+    31 6  0.8232E-12   0.000    
   29.5-    28 1  0.5557E-11   0.000    
   29.5-    28 2  0.5557E-11   0.000    
   29.5-    30 3  0.1400E-11   0.000    
   29.5-    30 4  0.1400E-11   0.000    
   29.5-    30 5  0.1400E-11   0.000    
   29.5-    32 6 -0.4939E-12   0.000    
   30.5+    29 1 -0.5529E-11   0.000    
   30.5+    29 2 -0.5529E-11   0.000    
   30.5+    31 3  0.1021E-11   0.000    
   30.5+    31 4  0.1021E-11   0.000    
   30.5+    31 5  0.1021E-11   0.000    
   30.5+    33 6 -0.6210E-11   0.000    
   30.5-    28 1  0.5912E-11   0.000    
   30.5-    30 2  0.1446E-11   0.000    
   30.5-    30 3  0.1446E-11   0.000    
   30.5-    30 4  0.1446E-11   0.000    
   30.5-    32 5   0.000       0.000    
   30.5-    32 6   0.000       0.000    
   31.5+    29 1 -0.5444E-11   0.000    
   31.5+    31 2  0.8781E-12   0.000    
   31.5+    31 3  0.8781E-12   0.000    
   31.5+    31 4  0.8781E-12   0.000    
   31.5+    33 5 -0.6674E-11   0.000    
   31.5+    33 6 -0.6674E-11   0.000    
   31.5-    30 1  0.1273E-11   0.000    
   31.5-    30 2  0.1273E-11   0.000    
   31.5-    32 3 -0.2634E-12   0.000    
   31.5-    32 4 -0.2634E-12   0.000    
   31.5-    32 5 -0.2634E-12   0.000    
   31.5-    34 6 -0.1379E-10   0.000    
   32.5+    31 1  0.9056E-12   0.000    
   32.5+    31 2  0.9056E-12   0.000    
   32.5+    33 3 -0.6882E-11   0.000    
   32.5+    33 4 -0.6882E-11   0.000    
   32.5+    33 5 -0.6882E-11   0.000    
   32.5+    35 6  0.4075E-11   0.000    
   32.5-    30 1  0.1313E-11   0.000    
   32.5-    32 2 -0.2717E-12   0.000    
   32.5-    32 3 -0.2717E-12   0.000    
   32.5-    32 4 -0.2717E-12   0.000    
   32.5-    34 5 -0.1422E-10   0.000    
   32.5-    34 6 -0.1422E-10   0.000    
   33.5+    31 1  0.9330E-12   0.000    
   33.5+    33 2 -0.7091E-11   0.000    
   33.5+    33 3 -0.7091E-11   0.000    
   33.5+    33 4 -0.7091E-11   0.000    
   33.5+    35 5  0.4618E-11   0.000    
   33.5+    35 6  0.4618E-11   0.000    
   33.5-    32 1 -0.2799E-12   0.000    
   33.5-    32 2 -0.2799E-12   0.000    
   33.5-    34 3 -0.1455E-10   0.000    
   33.5-    34 4 -0.1455E-10   0.000    
   33.5-    34 5 -0.1455E-10   0.000    
   33.5-    36 6 -0.5691E-11   0.000    
   34.5+    33 1 -0.6819E-11   0.000    
   34.5+    33 2 -0.6819E-11   0.000    
   34.5+    35 3  0.4370E-11   0.000    
   34.5+    35 4  0.4370E-11   0.000    
   34.5+    35 5  0.4370E-11   0.000    
   34.5+    37 6  0.5475E-11   0.000    
   34.5-    32 1 -0.2881E-12   0.000    
   34.5-    34 2 -0.1508E-10   0.000    
   34.5-    34 3 -0.1508E-10   0.000    
   34.5-    34 4 -0.1508E-10   0.000    
   34.5-    36 5 -0.5763E-11   0.000    
   34.5-    36 6 -0.5763E-11   0.000    
   35.5+    33 1 -0.7607E-11   0.000    
   35.5+    35 2  0.4890E-11   0.000    
   35.5+    35 3  0.4890E-11   0.000    
   35.5+    35 4  0.4890E-11   0.000    
   35.5+    37 5  0.5631E-11   0.000    
   35.5+    37 6  0.5631E-11   0.000    
   35.5-    34 1 -0.1551E-10   0.000    
   35.5-    34 2 -0.1551E-10   0.000    
   35.5-    36 3 -0.5829E-11   0.000    
   35.5-    36 4 -0.5829E-11   0.000    
   35.5-    36 5 -0.5829E-11   0.000    
   35.5-    38 6 -0.6718E-11   0.000    
   36.5+    35 1  0.4569E-11   0.000    
   36.5+    35 2  0.4569E-11   0.000    
   36.5+    37 3  0.5787E-11   0.000    
   36.5+    37 4  0.5787E-11   0.000    
   36.5+    37 5  0.5787E-11   0.000    
   36.5+    39 6  0.6854E-11   0.000    
   36.5-    34 1 -0.1594E-10   0.000    
   36.5-    36 2 -0.5990E-11   0.000    
   36.5-    36 3 -0.5990E-11   0.000    
   36.5-    36 4 -0.5990E-11   0.000    
   36.5-    38 5 -0.6701E-11   0.000    
   36.5-    38 6 -0.6701E-11   0.000    
   37.5+    35 1  0.5162E-11   0.000    
   37.5+    37 2  0.5996E-11   0.000    
   37.5+    37 3  0.5996E-11   0.000    
   37.5+    37 4  0.5996E-11   0.000    
   37.5+    39 5  0.7352E-11   0.000    
   37.5+    39 6  0.7352E-11   0.000    
   37.5-    36 1 -0.6152E-11   0.000    
   37.5-    36 2 -0.6152E-11   0.000    
   37.5-    38 3 -0.7091E-11   0.000    
   37.5-    38 4 -0.7091E-11   0.000    
   37.5-    38 5 -0.7091E-11   0.000    
   37.5-    40 6 -0.1877E-11   0.000    
   38.5+    37 1  0.6368E-11   0.000    
   38.5+    37 2  0.6368E-11   0.000    
   38.5+    39 3  0.7813E-11   0.000    
   38.5+    39 4  0.7813E-11   0.000    
   38.5+    39 5  0.7813E-11   0.000    
   38.5+    41 6  0.5298E-11   0.000    
   38.5-    36 1 -0.6421E-11   0.000    
   38.5-    38 2 -0.7170E-11   0.000    
   38.5-    38 3 -0.7170E-11   0.000    
   38.5-    38 4 -0.7170E-11   0.000    
   38.5-    40 5 -0.1819E-11   0.000    
   38.5-    40 6 -0.1819E-11   0.000    
   39.5+    37 1  0.6531E-11   0.000    
   39.5+    39 2  0.7738E-11   0.000    
   39.5+    39 3  0.7738E-11   0.000    
   39.5+    39 4  0.7738E-11   0.000    
   39.5+    41 5  0.5049E-11   0.000    
   39.5+    41 6  0.5049E-11   0.000    
   39.5-    38 1 -0.7354E-11   0.000    
   39.5-    38 2 -0.7354E-11   0.000    
   39.5-    40 3 -0.1976E-11   0.000    
   39.5-    40 4 -0.1976E-11   0.000    
   39.5-    40 5 -0.1976E-11   0.000    
   39.5-    42 6 -0.1866E-11   0.000    
   40.5+    39 1  0.8213E-11   0.000    
   40.5+    39 2  0.8213E-11   0.000    
   40.5+    41 3  0.5232E-11   0.000    
   40.5+    41 4  0.5232E-11   0.000    
   40.5+    41 5  0.5232E-11   0.000    
   40.5+    43 6 -0.4500E-12   0.000    
   40.5-    38 1 -0.7538E-11   0.000    
   40.5-    40 2 -0.2138E-11   0.000    
   40.5-    40 3 -0.2138E-11   0.000    
   40.5-    40 4 -0.2138E-11   0.000    
   40.5-    42 5 -0.1913E-11   0.000    
   40.5-    42 6 -0.1913E-11   0.000    
   41.5+    39 1  0.8125E-11   0.000    
   41.5+    41 2  0.5705E-11   0.000    
   41.5+    41 3  0.5705E-11   0.000    
   41.5+    41 4  0.5705E-11   0.000    
   41.5+    43 5 -0.3458E-12   0.000    
   41.5+    43 6 -0.3458E-12   0.000    
   41.5-    40 1 -0.2190E-11   0.000    
   41.5-    40 2 -0.2190E-11   0.000    
   41.5-    42 3 -0.1959E-11   0.000    
   41.5-    42 4 -0.1959E-11   0.000    
   41.5-    42 5 -0.1959E-11   0.000    
   41.5-    44 6  0.3688E-11   0.000    
   42.5+    41 1  0.5841E-11   0.000    
   42.5+    41 2  0.5841E-11   0.000    
   42.5+    43 3 -0.4720E-12   0.000    
   42.5+    43 4 -0.4720E-12   0.000    
   42.5+    43 5 -0.4720E-12   0.000    
   42.5+    45 6 -0.1180E-12   0.000    
   42.5-    40 1 -0.2124E-11   0.000    
   42.5-    42 2 -0.1888E-11   0.000    
   42.5-    42 3 -0.1888E-11   0.000    
   42.5-    42 4 -0.1888E-11   0.000    
   42.5-    44 5  0.3304E-11   0.000    
   42.5-    44 6  0.3304E-11   0.000    
   43.5+    41 1  0.5977E-11   0.000    
   43.5+    43 2 -0.3622E-12   0.000    
   43.5+    43 3 -0.3622E-12   0.000    
   43.5+    43 4 -0.3622E-12   0.000    
   43.5+    45 5  0.1207E-12   0.000    
   43.5+    45 6  0.1207E-12   0.000    
   43.5-    42 1 -0.2053E-11   0.000    
   43.5-    42 2 -0.2053E-11   0.000    
   43.5-    44 3  0.3441E-11   0.000    
   43.5-    44 4  0.3441E-11   0.000    
   43.5-    44 5  0.3441E-11   0.000    
   43.5-    46 6 -0.1449E-11   0.000    
   44.5+    43 1 -0.1358E-11   0.000    
   44.5+    43 2 -0.1358E-11   0.000    
   44.5+    45 3   0.000       0.000    
   44.5+    45 4   0.000       0.000    
   44.5+    45 5   0.000       0.000    
   44.5+    47 6  0.7594E-11   0.000    
   44.5-    42 1 -0.2099E-11   0.000    
   44.5-    44 2  0.3952E-11   0.000    
   44.5-    44 3  0.3952E-11   0.000    
   44.5-    44 4  0.3952E-11   0.000    
   44.5-    46 5 -0.1111E-11   0.000    
   44.5-    46 6 -0.1111E-11   0.000    
   45.5+    43 1 -0.1389E-11   0.000    
   45.5+    45 2  0.2525E-12   0.000    
   45.5+    45 3  0.2525E-12   0.000    
   45.5+    45 4  0.2525E-12   0.000    
   45.5+    47 5  0.7889E-11   0.000    
   45.5+    47 6  0.7889E-11   0.000    
   45.5-    44 1  0.3598E-11   0.000    
   45.5-    44 2  0.3598E-11   0.000    
   45.5-    46 3 -0.1893E-11   0.000    
   45.5-    46 4 -0.1893E-11   0.000    
   45.5-    46 5 -0.1893E-11   0.000    
   45.5-    48 6  0.5049E-12   0.000    
   46.5+    45 1 -0.1290E-12   0.000    
   46.5+    45 2 -0.1290E-12   0.000    
   46.5+    47 3  0.7738E-11   0.000    
   46.5+    47 4  0.7738E-11   0.000    
   46.5+    47 5  0.7738E-11   0.000    
   46.5+    49 6 -0.2322E-11   0.000    
   46.5-    44 1  0.3611E-11   0.000    
   46.5-    46 2 -0.1548E-11   0.000    
   46.5-    46 3 -0.1548E-11   0.000    
   46.5-    46 4 -0.1548E-11   0.000    
   46.5-    48 5  0.5804E-12   0.000    
   46.5-    48 6  0.5804E-12   0.000    
   47.5+    45 1  0.2634E-12   0.000    
   47.5+    47 2  0.7969E-11   0.000    
   47.5+    47 3  0.7969E-11   0.000    
   47.5+    47 4  0.7969E-11   0.000    
   47.5+    49 5 -0.2371E-11   0.000    
   47.5+    49 6 -0.2371E-11   0.000    
   47.5-    46 1 -0.1581E-11   0.000    
   47.5-    46 2 -0.1581E-11   0.000    
   47.5-    48 3  0.5927E-12   0.000    
   47.5-    48 4  0.5927E-12   0.000    
   47.5-    48 5  0.5927E-12   0.000    
   47.5-    50 6  0.5269E-12   0.000    
   48.5+    47 1  0.8135E-11   0.000    
   48.5+    47 2  0.8135E-11   0.000    
   48.5+    49 3 -0.1614E-11   0.000    
   48.5+    49 4 -0.1614E-11   0.000    
   48.5+    49 5 -0.1614E-11   0.000    
   48.5+    51 6  0.2622E-11   0.000    
   48.5-    46 1 -0.1614E-11   0.000    
   48.5-    48 2  0.8740E-12   0.000    
   48.5-    48 3  0.8740E-12   0.000    
   48.5-    48 4  0.8740E-12   0.000    
   48.5-    50 5  0.5379E-12   0.000    
   48.5-    50 6  0.5379E-12   0.000    
   49.5+    47 1  0.8370E-11   0.000    
   49.5+    49 2 -0.1646E-11   0.000    
   49.5+    49 3 -0.1646E-11   0.000    
   49.5+    49 4 -0.1646E-11   0.000    
   49.5+    51 5  0.2401E-11   0.000    
   49.5+    51 6  0.2401E-11   0.000    
   49.5-    48 1  0.8918E-12   0.000    
   49.5-    48 2  0.8918E-12   0.000    
   49.5-    50 3  0.6174E-12   0.000    
   49.5-    50 4  0.6174E-12   0.000    
   49.5-    50 5  0.6174E-12   0.000    
   49.5-    52 6  0.6723E-11   0.000    
   50.5+    49 1 -0.2519E-11   0.000    
   50.5+    49 2 -0.2519E-11   0.000    
   50.5+    51 3  0.2659E-11   0.000    
   50.5+    51 4  0.2659E-11   0.000    
   50.5+    51 5  0.2659E-11   0.000    
   50.5+    53 6 -0.1260E-11   0.000    
   50.5-    48 1  0.1190E-11   0.000    
   50.5-    50 2  0.1190E-11   0.000    
   50.5-    50 3  0.1190E-11   0.000    
   50.5-    50 4  0.1190E-11   0.000    
   50.5-    52 5  0.7557E-11   0.000    
   50.5-    52 6  0.7557E-11   0.000    
