# Fusion cross sections for ELAB=  14.570, ECM=  11.320
     0.5   17.36      1
     0.5   35.23     -1
     1.5   57.76      1
     1.5   116.8     -1
     2.5   95.76      1
     2.5   201.2     -1
     3.5   117.1      1
     3.5   237.4     -1
     4.5   106.4      1
     4.5   232.8     -1
     5.5   95.73      1
     5.5   185.3     -1
     6.5   52.36      1
     6.5   118.2     -1
     7.5   34.65      1
     7.5   56.27     -1
     8.5   7.374      1
     8.5   21.04     -1
     9.5   4.556      1
     9.5   6.869     -1
    10.5  0.6983      1
    10.5   2.107     -1
    11.5  0.4211      1
    11.5  0.6276     -1
    12.5  0.6024E-01  1
    12.5  0.1838     -1
    13.5  0.3581E-01  1
    13.5  0.5320E-01 -1
    14.5  0.4984E-02  1
    14.5  0.1527E-01 -1
    15.5  0.2932E-02  1
    15.5  0.4350E-02 -1
    16.5  0.4011E-03  1
    16.5  0.1232E-02 -1
    17.5  0.2340E-03  1
    17.5  0.3469E-03 -1
    18.5  0.3160E-04  1
    18.5  0.9723E-04 -1
    19.5  0.1832E-04  1
    19.5  0.2713E-04 -1
    20.5  0.2448E-05  1
    20.5  0.7544E-05 -1
    21.5  0.1412E-05  1
    21.5  0.2090E-05 -1
    22.5  0.1870E-06  1
    22.5  0.5771E-06 -1
    23.5  0.1074E-06  1
    23.5  0.1589E-06 -1
    24.5  0.1413E-07  1
    24.5  0.4361E-07 -1
    25.5  0.8087E-08  1
    25.5  0.1192E-07 -1
    26.5  0.1049E-08  1
    26.5  0.3230E-08 -1
    27.5  0.5865E-09  1
    27.5  0.8554E-09 -1
    28.5  0.5348E-10  1
    28.5  0.2027E-09 -1
    29.5  0.2066E-10  1
    29.5  0.3548E-10 -1
    30.5 -0.1421E-10  1
    30.5 -0.3956E-11 -1
    31.5 -0.1616E-10  1
    31.5 -0.2819E-10 -1
    32.5 -0.1476E-10  1
    32.5 -0.4270E-10 -1
    33.5 -0.1110E-10  1
    33.5 -0.6102E-10 -1
    34.5  0.4946E-11  1
    34.5 -0.5210E-10 -1
    35.5  0.1833E-10  1
    35.5 -0.3690E-10 -1
    36.5  0.3335E-10  1
    36.5 -0.1396E-10 -1
    37.5  0.3785E-10  1
    37.5  0.2398E-11 -1
    38.5  0.4147E-10  1
    38.5  0.9900E-11 -1
    39.5  0.3985E-10  1
    39.5  0.1734E-10 -1
    40.5  0.3167E-10  1
    40.5  0.1389E-10 -1
    41.5  0.2455E-10  1
    41.5  0.1798E-10 -1
    42.5  0.1015E-10  1
    42.5  0.8968E-11 -1
    43.5  0.5132E-11  1
    43.5  0.9901E-11 -1
    44.5  0.4878E-11  1
    44.5  0.1241E-10 -1
    45.5  0.1515E-10  1
    45.5  0.1717E-10 -1
    46.5  0.2064E-10  1
    46.5  0.2076E-10 -1
    47.5  0.1943E-10  1
    47.5  0.1857E-10 -1
    48.5  0.1405E-10  1
    48.5  0.1614E-10 -1
    49.5  0.8232E-11  1
    49.5  0.1859E-10 -1
    50.5  0.1679E-11  1
    50.5  0.2155E-10 -1
 &
