# Fusion cross sections for ELAB=  14.531, ECM=  11.290
     0.5   35.39       35.79      0.3982    
     1.5   113.0       115.0       2.027    
     2.5   182.3       187.3       5.037    
     3.5   189.8       199.6       9.781    
     4.5   155.9       168.6       12.69    
     5.5   98.83       109.2       10.35    
     6.5   48.19       52.16       3.972    
     7.5   13.50       14.72       1.224    
     8.5   3.221       3.602      0.3809    
     9.5  0.7888      0.9089      0.1201    
    10.5  0.1940      0.2323      0.3826E-01
    11.5  0.4721E-01  0.5942E-01  0.1221E-01
    12.5  0.1126E-01  0.1515E-01  0.3893E-02
    13.5  0.2574E-02  0.3848E-02  0.1273E-02
    14.5  0.5668E-03  0.9718E-03  0.4050E-03
    15.5  0.1315E-03  0.2436E-03  0.1121E-03
    16.5  0.2591E-04  0.6032E-04  0.3441E-04
    17.5  0.1705E-05  0.1461E-04  0.1291E-04
    18.5 -0.2211E-05  0.3420E-05  0.5631E-05
    19.5 -0.3546E-05  0.7622E-06  0.4308E-05
    20.5 -0.2800E-05  0.1596E-06  0.2960E-05
    21.5 -0.1298E-05  0.3110E-07  0.1329E-05
    22.5 -0.3966E-06  0.5597E-08  0.4022E-06
    23.5 -0.8544E-07  0.9272E-09  0.8636E-07
    24.5 -0.1353E-07  0.1404E-09  0.1367E-07
    25.5 -0.1620E-08  0.1971E-10  0.1639E-08
    26.5 -0.1503E-09  0.1894E-11  0.1522E-09
    27.5 -0.1094E-10  0.1926E-12  0.1114E-10
    28.5 -0.4532E-12  0.1995E-12  0.6527E-12
    29.5  0.9274E-13  0.1238E-12  0.3107E-13
    30.5 -0.1216E-14   0.000      0.1216E-14
    31.5  0.2641E-12  0.2641E-12  0.3961E-16
    32.5 -0.1362E-12 -0.1362E-12  0.1083E-17
    33.5  0.2806E-12  0.2806E-12  0.2510E-19
    34.5  0.1926E-12  0.1926E-12  0.4967E-21
    35.5 -0.1486E-12 -0.1486E-12  0.8458E-23
    36.5  0.5090E-13  0.5090E-13  0.1247E-24
    37.5  0.5228E-13  0.5228E-13  0.1603E-26
    38.5  0.1073E-12  0.1073E-12  0.1262E-28
    39.5  0.1101E-12  0.1101E-12   0.000    
    40.5 -0.3002E-33   0.000      0.3002E-33
 &
