# 181 angles,  1 tensor ranks for 0=projectile
@subtitle   "7Li(d,p) @ 7.5AMeV ADWA (d) + KD (p)"                                          
@legend ON
@legend x1 0.2
@legend y1 0.8
@g0 type LOGY
@yaxis ticklabel format power
@legend string   0 "Lab energy =   14.5311"
#legend string   0 "Partition=  1 Excit=  1 near/far= 1"
#  Theta       sigma       iT11        T20         T21         T22         Kyy for projectile
  0.1000E-01  0.1578E+16
   1.000      0.1552E+08
   2.000      0.9318E+06
   3.000      0.1742E+06
   4.000      0.5191E+05
   5.000      0.2015E+05
   6.000       9409.    
   7.000       5101.    
   8.000       3154.    
   9.000       2188.    
   10.00       1670.    
   11.00       1371.    
   12.00       1184.    
   13.00       1057.    
   14.00       963.0    
   15.00       888.3    
   16.00       824.5    
   17.00       767.3    
   18.00       714.2    
   19.00       663.8    
   20.00       615.5    
   21.00       568.9    
   22.00       523.9    
   23.00       480.5    
   24.00       438.8    
   25.00       398.9    
   26.00       360.8    
   27.00       324.7    
   28.00       290.6    
   29.00       258.7    
   30.00       228.9    
   31.00       201.3    
   32.00       175.8    
   33.00       152.5    
   34.00       131.3    
   35.00       112.1    
   36.00       94.95    
   37.00       79.64    
   38.00       66.11    
   39.00       54.26    
   40.00       43.97    
   41.00       35.13    
   42.00       27.62    
   43.00       21.32    
   44.00       16.11    
   45.00       11.87    
   46.00       8.498    
   47.00       5.880    
   48.00       3.915    
   49.00       2.508    
   50.00       1.569    
   51.00       1.017    
   52.00      0.7773    
   53.00      0.7832    
   54.00      0.9750    
   55.00       1.300    
   56.00       1.714    
   57.00       2.177    
   58.00       2.658    
   59.00       3.129    
   60.00       3.570    
   61.00       3.965    
   62.00       4.301    
   63.00       4.571    
   64.00       4.771    
   65.00       4.899    
   66.00       4.956    
   67.00       4.946    
   68.00       4.872    
   69.00       4.741    
   70.00       4.559    
   71.00       4.334    
   72.00       4.074    
   73.00       3.786    
   74.00       3.478    
   75.00       3.157    
   76.00       2.831    
   77.00       2.505    
   78.00       2.186    
   79.00       1.878    
   80.00       1.586    
   81.00       1.314    
   82.00       1.065    
   83.00      0.8406    
   84.00      0.6428    
   85.00      0.4726    
   86.00      0.3307    
   87.00      0.2169    
   88.00      0.1309    
   89.00      0.7162E-01
   90.00      0.3800E-01
   91.00      0.2855E-01
   92.00      0.4158E-01
   93.00      0.7523E-01
   94.00      0.1275    
   95.00      0.1964    
   96.00      0.2799    
   97.00      0.3757    
   98.00      0.4820    
   99.00      0.5966    
   100.0      0.7176    
   101.0      0.8432    
   102.0      0.9717    
   103.0       1.101    
   104.0       1.231    
   105.0       1.359    
   106.0       1.483    
   107.0       1.604    
   108.0       1.719    
   109.0       1.829    
   110.0       1.931    
   111.0       2.025    
   112.0       2.111    
   113.0       2.188    
   114.0       2.255    
   115.0       2.312    
   116.0       2.359    
   117.0       2.395    
   118.0       2.420    
   119.0       2.434    
   120.0       2.437    
   121.0       2.429    
   122.0       2.409    
   123.0       2.379    
   124.0       2.338    
   125.0       2.287    
   126.0       2.226    
   127.0       2.155    
   128.0       2.076    
   129.0       1.988    
   130.0       1.893    
   131.0       1.791    
   132.0       1.684    
   133.0       1.572    
   134.0       1.457    
   135.0       1.339    
   136.0       1.221    
   137.0       1.102    
   138.0      0.9854    
   139.0      0.8713    
   140.0      0.7615    
   141.0      0.6573    
   142.0      0.5601    
   143.0      0.4710    
   144.0      0.3914    
   145.0      0.3224    
   146.0      0.2652    
   147.0      0.2205    
   148.0      0.1894    
   149.0      0.1725    
   150.0      0.1704    
   151.0      0.1834    
   152.0      0.2118    
   153.0      0.2557    
   154.0      0.3149    
   155.0      0.3891    
   156.0      0.4777    
   157.0      0.5801    
   158.0      0.6954    
   159.0      0.8225    
   160.0      0.9603    
   161.0       1.107    
   162.0       1.262    
   163.0       1.423    
   164.0       1.588    
   165.0       1.756    
   166.0       1.925    
   167.0       2.093    
   168.0       2.258    
   169.0       2.417    
   170.0       2.571    
   171.0       2.715    
   172.0       2.850    
   173.0       2.972    
   174.0       3.082    
   175.0       3.176    
   176.0       3.256    
   177.0       3.318    
   178.0       3.364    
   179.0       3.391    
   180.0       3.400    
 END
