# 181 angles,  1 tensor ranks for 0=projectile
@subtitle   "7Li(d,p) @ 7.5AMeV ADWA (d) + KD (p)"                                          
@legend ON
@legend x1 0.2
@legend y1 0.8
@g0 type LOGY
@yaxis ticklabel format power
@legend string   0 "Lab energy =   14.5311"
#legend string   0 "Partition=  2 Excit=  2 near/far= 1"
#  Theta       sigma       iT11        T20         T21         T22         Kyy for projectile
   0.000       21.44    
   1.000       21.42    
   2.000       21.34    
   3.000       21.20    
   4.000       21.02    
   5.000       20.77    
   6.000       20.48    
   7.000       20.12    
   8.000       19.71    
   9.000       19.25    
   10.00       18.73    
   11.00       18.16    
   12.00       17.55    
   13.00       16.89    
   14.00       16.20    
   15.00       15.47    
   16.00       14.72    
   17.00       13.95    
   18.00       13.16    
   19.00       12.37    
   20.00       11.58    
   21.00       10.80    
   22.00       10.03    
   23.00       9.279    
   24.00       8.551    
   25.00       7.850    
   26.00       7.181    
   27.00       6.546    
   28.00       5.948    
   29.00       5.388    
   30.00       4.868    
   31.00       4.388    
   32.00       3.947    
   33.00       3.546    
   34.00       3.184    
   35.00       2.859    
   36.00       2.570    
   37.00       2.314    
   38.00       2.091    
   39.00       1.898    
   40.00       1.732    
   41.00       1.592    
   42.00       1.475    
   43.00       1.379    
   44.00       1.301    
   45.00       1.240    
   46.00       1.193    
   47.00       1.158    
   48.00       1.134    
   49.00       1.118    
   50.00       1.110    
   51.00       1.107    
   52.00       1.107    
   53.00       1.111    
   54.00       1.117    
   55.00       1.123    
   56.00       1.130    
   57.00       1.135    
   58.00       1.140    
   59.00       1.142    
   60.00       1.143    
   61.00       1.141    
   62.00       1.136    
   63.00       1.128    
   64.00       1.118    
   65.00       1.104    
   66.00       1.088    
   67.00       1.069    
   68.00       1.048    
   69.00       1.024    
   70.00      0.9979    
   71.00      0.9699    
   72.00      0.9401    
   73.00      0.9089    
   74.00      0.8765    
   75.00      0.8431    
   76.00      0.8090    
   77.00      0.7744    
   78.00      0.7396    
   79.00      0.7048    
   80.00      0.6703    
   81.00      0.6362    
   82.00      0.6027    
   83.00      0.5700    
   84.00      0.5383    
   85.00      0.5076    
   86.00      0.4782    
   87.00      0.4500    
   88.00      0.4233    
   89.00      0.3980    
   90.00      0.3741    
   91.00      0.3519    
   92.00      0.3312    
   93.00      0.3120    
   94.00      0.2944    
   95.00      0.2784    
   96.00      0.2638    
   97.00      0.2507    
   98.00      0.2391    
   99.00      0.2288    
   100.0      0.2197    
   101.0      0.2120    
   102.0      0.2054    
   103.0      0.1998    
   104.0      0.1953    
   105.0      0.1917    
   106.0      0.1890    
   107.0      0.1871    
   108.0      0.1858    
   109.0      0.1851    
   110.0      0.1850    
   111.0      0.1854    
   112.0      0.1862    
   113.0      0.1872    
   114.0      0.1886    
   115.0      0.1902    
   116.0      0.1920    
   117.0      0.1938    
   118.0      0.1957    
   119.0      0.1977    
   120.0      0.1997    
   121.0      0.2016    
   122.0      0.2034    
   123.0      0.2052    
   124.0      0.2069    
   125.0      0.2085    
   126.0      0.2099    
   127.0      0.2112    
   128.0      0.2124    
   129.0      0.2134    
   130.0      0.2143    
   131.0      0.2151    
   132.0      0.2157    
   133.0      0.2163    
   134.0      0.2167    
   135.0      0.2171    
   136.0      0.2174    
   137.0      0.2176    
   138.0      0.2178    
   139.0      0.2180    
   140.0      0.2181    
   141.0      0.2182    
   142.0      0.2184    
   143.0      0.2185    
   144.0      0.2187    
   145.0      0.2190    
   146.0      0.2193    
   147.0      0.2197    
   148.0      0.2201    
   149.0      0.2206    
   150.0      0.2212    
   151.0      0.2219    
   152.0      0.2227    
   153.0      0.2236    
   154.0      0.2245    
   155.0      0.2256    
   156.0      0.2267    
   157.0      0.2279    
   158.0      0.2291    
   159.0      0.2304    
   160.0      0.2318    
   161.0      0.2332    
   162.0      0.2346    
   163.0      0.2360    
   164.0      0.2375    
   165.0      0.2389    
   166.0      0.2403    
   167.0      0.2417    
   168.0      0.2430    
   169.0      0.2443    
   170.0      0.2455    
   171.0      0.2467    
   172.0      0.2477    
   173.0      0.2487    
   174.0      0.2495    
   175.0      0.2502    
   176.0      0.2508    
   177.0      0.2513    
   178.0      0.2516    
   179.0      0.2518    
   180.0      0.2519    
 END
