# 181 angles,  1 tensor ranks for 0=projectile
@subtitle   "7Li(d,p) @ 7.5AMeV ADWA (d) + KD (p)"                                          
@legend ON
@legend x1 0.2
@legend y1 0.8
@g0 type LOGY
@yaxis ticklabel format power
@legend string   0 "Lab energy =   14.5311"
#legend string   0 "Partition=  2 Excit=  5 near/far= 1"
#  Theta       sigma       iT11        T20         T21         T22         Kyy for projectile
   0.000       132.9    
   1.000       132.4    
   2.000       130.8    
   3.000       127.9    
   4.000       123.6    
   5.000       118.0    
   6.000       111.2    
   7.000       103.6    
   8.000       95.77    
   9.000       88.13    
   10.00       81.13    
   11.00       75.02    
   12.00       69.84    
   13.00       65.44    
   14.00       61.57    
   15.00       57.93    
   16.00       54.24    
   17.00       50.37    
   18.00       46.30    
   19.00       42.13    
   20.00       38.03    
   21.00       34.18    
   22.00       30.69    
   23.00       27.64    
   24.00       25.00    
   25.00       22.69    
   26.00       20.64    
   27.00       18.78    
   28.00       17.07    
   29.00       15.50    
   30.00       14.11    
   31.00       12.91    
   32.00       11.92    
   33.00       11.13    
   34.00       10.51    
   35.00       10.01    
   36.00       9.594    
   37.00       9.225    
   38.00       8.889    
   39.00       8.584    
   40.00       8.323    
   41.00       8.114    
   42.00       7.964    
   43.00       7.867    
   44.00       7.807    
   45.00       7.763    
   46.00       7.717    
   47.00       7.654    
   48.00       7.568    
   49.00       7.463    
   50.00       7.346    
   51.00       7.227    
   52.00       7.109    
   53.00       6.994    
   54.00       6.877    
   55.00       6.750    
   56.00       6.609    
   57.00       6.450    
   58.00       6.273    
   59.00       6.083    
   60.00       5.885    
   61.00       5.686    
   62.00       5.489    
   63.00       5.293    
   64.00       5.097    
   65.00       4.897    
   66.00       4.691    
   67.00       4.479    
   68.00       4.263    
   69.00       4.046    
   70.00       3.833    
   71.00       3.628    
   72.00       3.433    
   73.00       3.247    
   74.00       3.068    
   75.00       2.893    
   76.00       2.721    
   77.00       2.550    
   78.00       2.382    
   79.00       2.219    
   80.00       2.063    
   81.00       1.916    
   82.00       1.781    
   83.00       1.655    
   84.00       1.539    
   85.00       1.429    
   86.00       1.325    
   87.00       1.225    
   88.00       1.130    
   89.00       1.040    
   90.00      0.9562    
   91.00      0.8800    
   92.00      0.8111    
   93.00      0.7491    
   94.00      0.6928    
   95.00      0.6412    
   96.00      0.5934    
   97.00      0.5491    
   98.00      0.5086    
   99.00      0.4725    
   100.0      0.4412    
   101.0      0.4148    
   102.0      0.3930    
   103.0      0.3748    
   104.0      0.3593    
   105.0      0.3454    
   106.0      0.3326    
   107.0      0.3210    
   108.0      0.3110    
   109.0      0.3035    
   110.0      0.2988    
   111.0      0.2971    
   112.0      0.2980    
   113.0      0.3009    
   114.0      0.3047    
   115.0      0.3088    
   116.0      0.3126    
   117.0      0.3163    
   118.0      0.3202    
   119.0      0.3252    
   120.0      0.3316    
   121.0      0.3395    
   122.0      0.3484    
   123.0      0.3576    
   124.0      0.3662    
   125.0      0.3736    
   126.0      0.3799    
   127.0      0.3856    
   128.0      0.3915    
   129.0      0.3987    
   130.0      0.4080    
   131.0      0.4196    
   132.0      0.4330    
   133.0      0.4465    
   134.0      0.4583    
   135.0      0.4667    
   136.0      0.4707    
   137.0      0.4707    
   138.0      0.4682    
   139.0      0.4655    
   140.0      0.4651    
   141.0      0.4692    
   142.0      0.4790    
   143.0      0.4946    
   144.0      0.5146    
   145.0      0.5359    
   146.0      0.5547    
   147.0      0.5669    
   148.0      0.5699    
   149.0      0.5631    
   150.0      0.5485    
   151.0      0.5299    
   152.0      0.5115    
   153.0      0.4974    
   154.0      0.4905    
   155.0      0.4922    
   156.0      0.5029    
   157.0      0.5216    
   158.0      0.5458    
   159.0      0.5722    
   160.0      0.5966    
   161.0      0.6150    
   162.0      0.6250    
   163.0      0.6258    
   164.0      0.6188    
   165.0      0.6070    
   166.0      0.5936    
   167.0      0.5817    
   168.0      0.5732    
   169.0      0.5686    
   170.0      0.5674    
   171.0      0.5682    
   172.0      0.5693    
   173.0      0.5690    
   174.0      0.5662    
   175.0      0.5605    
   176.0      0.5527    
   177.0      0.5440    
   178.0      0.5362    
   179.0      0.5308    
   180.0      0.5289    
 END
