# 181 angles,  1 tensor ranks for 0=projectile
@subtitle   "7Li(d,p) @ 7.5AMeV ADWA (d) + KD (p)"                                          
@legend ON
@legend x1 0.2
@legend y1 0.8
@g0 type LOGY
@yaxis ticklabel format power
@legend string   0 "Lab energy =   14.5311"
#legend string   0 "Partition=  2 Excit=  1 near/far= 1"
#  Theta       sigma       iT11        T20         T21         T22         Kyy for projectile
   0.000       27.36    
   1.000       27.36    
   2.000       27.37    
   3.000       27.37    
   4.000       27.36    
   5.000       27.34    
   6.000       27.28    
   7.000       27.19    
   8.000       27.04    
   9.000       26.82    
   10.00       26.53    
   11.00       26.16    
   12.00       25.70    
   13.00       25.15    
   14.00       24.50    
   15.00       23.77    
   16.00       22.95    
   17.00       22.05    
   18.00       21.09    
   19.00       20.07    
   20.00       19.00    
   21.00       17.90    
   22.00       16.78    
   23.00       15.65    
   24.00       14.52    
   25.00       13.40    
   26.00       12.31    
   27.00       11.25    
   28.00       10.24    
   29.00       9.272    
   30.00       8.358    
   31.00       7.503    
   32.00       6.709    
   33.00       5.978    
   34.00       5.311    
   35.00       4.708    
   36.00       4.167    
   37.00       3.688    
   38.00       3.268    
   39.00       2.904    
   40.00       2.592    
   41.00       2.330    
   42.00       2.112    
   43.00       1.936    
   44.00       1.798    
   45.00       1.692    
   46.00       1.616    
   47.00       1.565    
   48.00       1.535    
   49.00       1.524    
   50.00       1.527    
   51.00       1.543    
   52.00       1.566    
   53.00       1.597    
   54.00       1.631    
   55.00       1.667    
   56.00       1.703    
   57.00       1.737    
   58.00       1.769    
   59.00       1.797    
   60.00       1.820    
   61.00       1.837    
   62.00       1.849    
   63.00       1.854    
   64.00       1.854    
   65.00       1.846    
   66.00       1.833    
   67.00       1.813    
   68.00       1.788    
   69.00       1.757    
   70.00       1.721    
   71.00       1.680    
   72.00       1.636    
   73.00       1.588    
   74.00       1.537    
   75.00       1.484    
   76.00       1.429    
   77.00       1.372    
   78.00       1.315    
   79.00       1.257    
   80.00       1.200    
   81.00       1.143    
   82.00       1.087    
   83.00       1.032    
   84.00      0.9790    
   85.00      0.9278    
   86.00      0.8787    
   87.00      0.8320    
   88.00      0.7878    
   89.00      0.7462    
   90.00      0.7073    
   91.00      0.6713    
   92.00      0.6381    
   93.00      0.6077    
   94.00      0.5801    
   95.00      0.5553    
   96.00      0.5331    
   97.00      0.5136    
   98.00      0.4965    
   99.00      0.4818    
   100.0      0.4693    
   101.0      0.4589    
   102.0      0.4505    
   103.0      0.4438    
   104.0      0.4387    
   105.0      0.4351    
   106.0      0.4329    
   107.0      0.4317    
   108.0      0.4316    
   109.0      0.4323    
   110.0      0.4338    
   111.0      0.4358    
   112.0      0.4383    
   113.0      0.4411    
   114.0      0.4442    
   115.0      0.4474    
   116.0      0.4506    
   117.0      0.4538    
   118.0      0.4570    
   119.0      0.4599    
   120.0      0.4627    
   121.0      0.4653    
   122.0      0.4675    
   123.0      0.4695    
   124.0      0.4712    
   125.0      0.4726    
   126.0      0.4737    
   127.0      0.4745    
   128.0      0.4750    
   129.0      0.4752    
   130.0      0.4752    
   131.0      0.4750    
   132.0      0.4746    
   133.0      0.4740    
   134.0      0.4733    
   135.0      0.4725    
   136.0      0.4716    
   137.0      0.4707    
   138.0      0.4698    
   139.0      0.4689    
   140.0      0.4681    
   141.0      0.4674    
   142.0      0.4668    
   143.0      0.4663    
   144.0      0.4660    
   145.0      0.4659    
   146.0      0.4659    
   147.0      0.4661    
   148.0      0.4666    
   149.0      0.4672    
   150.0      0.4681    
   151.0      0.4692    
   152.0      0.4705    
   153.0      0.4720    
   154.0      0.4737    
   155.0      0.4756    
   156.0      0.4776    
   157.0      0.4798    
   158.0      0.4821    
   159.0      0.4846    
   160.0      0.4871    
   161.0      0.4897    
   162.0      0.4924    
   163.0      0.4950    
   164.0      0.4977    
   165.0      0.5004    
   166.0      0.5030    
   167.0      0.5056    
   168.0      0.5080    
   169.0      0.5104    
   170.0      0.5126    
   171.0      0.5147    
   172.0      0.5166    
   173.0      0.5183    
   174.0      0.5199    
   175.0      0.5212    
   176.0      0.5223    
   177.0      0.5231    
   178.0      0.5238    
   179.0      0.5241    
   180.0      0.5243    
 END
