# KN1=   7
  0.0094041   0.0132   0.0000    0.002100  -0.0245
  0.0108633   0.0188   0.0000    0.002802  -0.0301
  0.0123225   0.0303   0.0000    0.003606  -0.0429
  0.0137817   0.0400   0.0000    0.004510  -0.0506
  0.0152409   0.0558   0.0000    0.005516  -0.0639
  0.0167001   0.0743   0.0000    0.006623  -0.0776
  0.0181593   0.0958   0.0000    0.007830  -0.0921
  0.0196185   0.1211   0.0000    0.009139  -0.1078
  0.0210777   0.1513   0.0000    0.010550  -0.1253
  0.0225369   0.1856   0.0000    0.012061  -0.1437
  0.0239960   0.2267   0.0000    0.013673  -0.1649
  0.0254552   0.2728   0.0000    0.015387  -0.1871
  0.0269144   0.3256   0.0000    0.017201  -0.2111
  0.0283736   0.3850   0.0000    0.019117  -0.2368
  0.0298328   0.4521   0.0000    0.021134  -0.2645
  0.0312920   0.5272   0.0000    0.023252  -0.2941
  0.0327512   0.6115   0.0000    0.025471  -0.3259
  0.0342104   0.7047   0.0000    0.027791  -0.3595
  0.0356696   0.8097   0.0000    0.030212  -0.3962
  0.0371288   0.9249   0.0000    0.032735  -0.4348
  0.0385880   1.0525   0.0000    0.035358  -0.4761
  0.0400472   1.1954   0.0000    0.038083  -0.5210
  0.0415064   1.3509   0.0000    0.040909  -0.5681
  0.0429656   1.5236   0.0000    0.043836  -0.6191
  0.0444248   1.7135   0.0000    0.046864  -0.6734
  0.0458840   1.9223   0.0000    0.049993  -0.7315
  0.0473432   2.1521   0.0000    0.053223  -0.7938
  0.0488023   2.4048   0.0000    0.056555  -0.8605
  0.0502615   2.6826   0.0000    0.059987  -0.9322
  0.0517207   2.9880   0.0000    0.063521  -1.0092
  0.0531799   3.3239   0.0000    0.067156  -1.0921
  0.0546391   3.6942   0.0000    0.070892  -1.1817
  0.0560983   4.1013   0.0000    0.074729  -1.2782
  0.0575575   4.5506   0.0000    0.078667  -1.3828
  0.0590167   5.0457   0.0000    0.082706  -1.4961
  0.0604759   5.5927   0.0000    0.086847  -1.6192
  0.0619351   6.1974   0.0000    0.091088  -1.7533
  0.0633943   6.8685   0.0000    0.095431  -1.9001
  0.0648535   7.6137   0.0000    0.099875  -2.0611
  0.0663127   8.4425   0.0000    0.104420  -2.2383
  0.0677719   9.3674   0.0000    0.109066  -2.4341
  0.0692311  10.4018   0.0000    0.113813  -2.6515
  0.0706903  11.5621   0.0000    0.118661  -2.8941
  0.0721494  12.8679   0.0000    0.123610  -3.1662
  0.0736086  14.3426   0.0000    0.128661  -3.4736
  0.0750678  16.0133   0.0000    0.133813  -3.8232
  0.0765270  17.9135   0.0000    0.139065  -4.2240
  0.0779862  20.0817   0.0000    0.144419  -4.6878
  0.0794454  22.5657   0.0000    0.149874  -5.2307
  0.0809046  25.4194   0.0000    0.155430  -5.8742
  0.0823638  28.7051   0.0000    0.161088  -6.6486
  0.0838230  32.4920   0.0000    0.166846  -7.5978
  0.0852822  36.8503   0.0000    0.172705  -8.7881
  0.0867414  41.8435   0.0000    0.178666 -10.3235
  0.0882006  47.5120   0.0000    0.184728 -12.3782
  0.0896598  53.8523   0.0000    0.190891 -15.2682
  0.0911190  60.7912   0.0000    0.197155 -19.6298
  0.0925782  68.1708   0.0000    0.203520 -26.9663
  0.0940374  75.7547   0.0000    0.209986 -41.8862
  0.0954966  83.2658   0.0000    0.216553 -88.6829
  0.0969557 -89.5584   0.0000    0.2232221338.1512
  0.0984149 -82.9163   0.0000    0.229991  81.7678
  0.0998741 -76.9213   0.0000    0.236862  43.0991
  0.1013333 -71.6075   0.0000    0.243834  29.6785
  0.1027925 -66.9532   0.0000    0.250907  22.8665
  0.1042517 -62.9031   0.0000    0.258081  18.7472
  0.1057109 -59.3888   0.0000    0.265356  15.9885
  0.1071701 -56.3399   0.0000    0.272732  14.0123
  0.1086293 -53.6910   0.0000    0.280210  12.5278
  0.1100885 -51.3833   0.0000    0.287788  11.3720
  0.1115477 -49.3664   0.0000    0.295468  10.4470
  0.1130069 -47.5977   0.0000    0.303249   9.6901
  0.1144661 -46.0412   0.0000    0.311131   9.0596
  0.1159253 -44.6666   0.0000    0.319114   8.5264
  0.1173845 -43.4491   0.0000    0.327198   8.0699
  0.1188437 -42.3669   0.0000    0.335383   7.6745
  0.1203029 -41.4028   0.0000    0.343669   7.3290
  0.1217620 -40.5417   0.0000    0.352057   7.0247
  0.1232212 -39.7706   0.0000    0.360546   6.7545
  0.1246804 -39.0793   0.0000    0.369135   6.5133
  0.1261396 -38.4581   0.0000    0.377826   6.2965
  0.1275988 -37.8993   0.0000    0.386618   6.1008
  0.1290580 -37.3962   0.0000    0.395511   5.9233
  0.1305172 -36.9428   0.0000    0.404506   5.7616
  0.1319764 -36.5341   0.0000    0.413601   5.6138
  0.1334356 -36.1657   0.0000    0.422798   5.4781
  0.1348948 -35.8336   0.0000    0.432095   5.3532
  0.1363540 -35.5343   0.0000    0.441494   5.2378
  0.1378132 -35.2650   0.0000    0.450994   5.1310
  0.1392724 -35.0233   0.0000    0.460595   5.0320
  0.1407316 -34.8063   0.0000    0.470297   4.9398
  0.1421908 -34.6119   0.0000    0.480100   4.8538
  0.1436500 -34.4388   0.0000    0.490005   4.7735
  0.1451092 -34.2847   0.0000    0.500010   4.6983
 &
