# 181 angles,  1 tensor ranks for 0=projectile
@subtitle   "7Li(d,p) @ 7.5AMeV ADWA (d) + KD (p)"                                          
@legend ON
@legend x1 0.2
@legend y1 0.8
@g0 type LOGY
@yaxis ticklabel format power
@xaxis label "Scattering angle (degrees)"
@yaxis label "Cross section (mb/sr)"
@legend string   0 "Partition=  1 Excit=  1 near/far= 1"
#legend string   0 "Lab energy =   14.5311"
@s0 linestyle   1
#  Theta       sigma       iT11        T20         T21         T22         Kyy for projectile
  0.1000E-01  0.1578E+16
   1.000      0.1552E+08
   2.000      0.9318E+06
   3.000      0.1742E+06
   4.000      0.5190E+05
   5.000      0.2015E+05
   6.000       9409.    
   7.000       5102.    
   8.000       3155.    
   9.000       2190.    
   10.00       1672.    
   11.00       1373.    
   12.00       1186.    
   13.00       1059.    
   14.00       965.4    
   15.00       890.6    
   16.00       826.8    
   17.00       769.5    
   18.00       716.3    
   19.00       665.8    
   20.00       617.4    
   21.00       570.7    
   22.00       525.6    
   23.00       482.1    
   24.00       440.3    
   25.00       400.3    
   26.00       362.1    
   27.00       325.9    
   28.00       291.8    
   29.00       259.7    
   30.00       229.8    
   31.00       202.1    
   32.00       176.6    
   33.00       153.2    
   34.00       131.9    
   35.00       112.7    
   36.00       95.46    
   37.00       80.08    
   38.00       66.50    
   39.00       54.59    
   40.00       44.25    
   41.00       35.37    
   42.00       27.82    
   43.00       21.48    
   44.00       16.24    
   45.00       11.97    
   46.00       8.575    
   47.00       5.935    
   48.00       3.952    
   49.00       2.529    
   50.00       1.577    
   51.00       1.015    
   52.00      0.7669    
   53.00      0.7667    
   54.00      0.9543    
   55.00       1.277    
   56.00       1.690    
   57.00       2.153    
   58.00       2.635    
   59.00       3.108    
   60.00       3.551    
   61.00       3.949    
   62.00       4.289    
   63.00       4.563    
   64.00       4.767    
   65.00       4.899    
   66.00       4.960    
   67.00       4.953    
   68.00       4.882    
   69.00       4.754    
   70.00       4.575    
   71.00       4.353    
   72.00       4.094    
   73.00       3.808    
   74.00       3.501    
   75.00       3.181    
   76.00       2.855    
   77.00       2.530    
   78.00       2.210    
   79.00       1.901    
   80.00       1.609    
   81.00       1.335    
   82.00       1.084    
   83.00      0.8578    
   84.00      0.6579    
   85.00      0.4856    
   86.00      0.3414    
   87.00      0.2253    
   88.00      0.1368    
   89.00      0.7506E-01
   90.00      0.3902E-01
   91.00      0.2719E-01
   92.00      0.3789E-01
   93.00      0.6931E-01
   94.00      0.1195    
   95.00      0.1864    
   96.00      0.2679    
   97.00      0.3620    
   98.00      0.4666    
   99.00      0.5797    
   100.0      0.6994    
   101.0      0.8238    
   102.0      0.9513    
   103.0       1.080    
   104.0       1.209    
   105.0       1.336    
   106.0       1.460    
   107.0       1.580    
   108.0       1.695    
   109.0       1.804    
   110.0       1.906    
   111.0       2.000    
   112.0       2.085    
   113.0       2.162    
   114.0       2.229    
   115.0       2.286    
   116.0       2.333    
   117.0       2.368    
   118.0       2.393    
   119.0       2.407    
   120.0       2.410    
   121.0       2.401    
   122.0       2.382    
   123.0       2.351    
   124.0       2.310    
   125.0       2.259    
   126.0       2.197    
   127.0       2.126    
   128.0       2.047    
   129.0       1.959    
   130.0       1.863    
   131.0       1.762    
   132.0       1.654    
   133.0       1.542    
   134.0       1.427    
   135.0       1.310    
   136.0       1.191    
   137.0       1.073    
   138.0      0.9571    
   139.0      0.8438    
   140.0      0.7350    
   141.0      0.6318    
   142.0      0.5358    
   143.0      0.4482    
   144.0      0.3703    
   145.0      0.3031    
   146.0      0.2478    
   147.0      0.2054    
   148.0      0.1767    
   149.0      0.1624    
   150.0      0.1631    
   151.0      0.1790    
   152.0      0.2106    
   153.0      0.2578    
   154.0      0.3204    
   155.0      0.3981    
   156.0      0.4903    
   157.0      0.5965    
   158.0      0.7156    
   159.0      0.8466    
   160.0      0.9883    
   161.0       1.139    
   162.0       1.298    
   163.0       1.463    
   164.0       1.632    
   165.0       1.804    
   166.0       1.976    
   167.0       2.147    
   168.0       2.315    
   169.0       2.478    
   170.0       2.635    
   171.0       2.782    
   172.0       2.919    
   173.0       3.044    
   174.0       3.155    
   175.0       3.252    
   176.0       3.332    
   177.0       3.396    
   178.0       3.442    
   179.0       3.470    
   180.0       3.479    
 END
@legend string   1 "Partition=  2 Excit=  1 near/far= 1"
#legend string   0 "Lab energy =   14.5311"
@s1 linestyle   2
#  Theta       sigma       iT11        T20         T21         T22         Kyy for projectile
   0.000       27.31    
   1.000       27.32    
   2.000       27.32    
   3.000       27.33    
   4.000       27.32    
   5.000       27.30    
   6.000       27.25    
   7.000       27.16    
   8.000       27.01    
   9.000       26.80    
   10.00       26.52    
   11.00       26.15    
   12.00       25.69    
   13.00       25.15    
   14.00       24.51    
   15.00       23.78    
   16.00       22.96    
   17.00       22.06    
   18.00       21.10    
   19.00       20.08    
   20.00       19.01    
   21.00       17.90    
   22.00       16.77    
   23.00       15.64    
   24.00       14.50    
   25.00       13.38    
   26.00       12.29    
   27.00       11.23    
   28.00       10.22    
   29.00       9.248    
   30.00       8.336    
   31.00       7.483    
   32.00       6.692    
   33.00       5.964    
   34.00       5.299    
   35.00       4.698    
   36.00       4.160    
   37.00       3.682    
   38.00       3.263    
   39.00       2.899    
   40.00       2.588    
   41.00       2.326    
   42.00       2.109    
   43.00       1.933    
   44.00       1.795    
   45.00       1.690    
   46.00       1.615    
   47.00       1.565    
   48.00       1.536    
   49.00       1.525    
   50.00       1.529    
   51.00       1.545    
   52.00       1.569    
   53.00       1.599    
   54.00       1.633    
   55.00       1.669    
   56.00       1.704    
   57.00       1.738    
   58.00       1.769    
   59.00       1.797    
   60.00       1.820    
   61.00       1.838    
   62.00       1.850    
   63.00       1.855    
   64.00       1.855    
   65.00       1.848    
   66.00       1.835    
   67.00       1.816    
   68.00       1.790    
   69.00       1.760    
   70.00       1.724    
   71.00       1.683    
   72.00       1.638    
   73.00       1.590    
   74.00       1.538    
   75.00       1.485    
   76.00       1.429    
   77.00       1.372    
   78.00       1.314    
   79.00       1.256    
   80.00       1.198    
   81.00       1.141    
   82.00       1.085    
   83.00       1.030    
   84.00      0.9771    
   85.00      0.9259    
   86.00      0.8768    
   87.00      0.8300    
   88.00      0.7857    
   89.00      0.7440    
   90.00      0.7050    
   91.00      0.6688    
   92.00      0.6354    
   93.00      0.6049    
   94.00      0.5771    
   95.00      0.5521    
   96.00      0.5298    
   97.00      0.5101    
   98.00      0.4928    
   99.00      0.4780    
   100.0      0.4654    
   101.0      0.4549    
   102.0      0.4463    
   103.0      0.4395    
   104.0      0.4344    
   105.0      0.4307    
   106.0      0.4282    
   107.0      0.4270    
   108.0      0.4267    
   109.0      0.4272    
   110.0      0.4285    
   111.0      0.4303    
   112.0      0.4325    
   113.0      0.4351    
   114.0      0.4379    
   115.0      0.4409    
   116.0      0.4439    
   117.0      0.4469    
   118.0      0.4498    
   119.0      0.4526    
   120.0      0.4552    
   121.0      0.4575    
   122.0      0.4596    
   123.0      0.4614    
   124.0      0.4630    
   125.0      0.4642    
   126.0      0.4651    
   127.0      0.4658    
   128.0      0.4661    
   129.0      0.4663    
   130.0      0.4661    
   131.0      0.4658    
   132.0      0.4652    
   133.0      0.4646    
   134.0      0.4637    
   135.0      0.4628    
   136.0      0.4619    
   137.0      0.4609    
   138.0      0.4599    
   139.0      0.4590    
   140.0      0.4581    
   141.0      0.4574    
   142.0      0.4567    
   143.0      0.4562    
   144.0      0.4559    
   145.0      0.4558    
   146.0      0.4558    
   147.0      0.4561    
   148.0      0.4566    
   149.0      0.4574    
   150.0      0.4583    
   151.0      0.4595    
   152.0      0.4609    
   153.0      0.4625    
   154.0      0.4644    
   155.0      0.4664    
   156.0      0.4686    
   157.0      0.4709    
   158.0      0.4734    
   159.0      0.4760    
   160.0      0.4787    
   161.0      0.4815    
   162.0      0.4843    
   163.0      0.4872    
   164.0      0.4900    
   165.0      0.4929    
   166.0      0.4956    
   167.0      0.4984    
   168.0      0.5010    
   169.0      0.5035    
   170.0      0.5058    
   171.0      0.5080    
   172.0      0.5101    
   173.0      0.5119    
   174.0      0.5135    
   175.0      0.5149    
   176.0      0.5161    
   177.0      0.5170    
   178.0      0.5176    
   179.0      0.5180    
   180.0      0.5182    
 END
@legend string   2 "Partition=  2 Excit=  2 near/far= 1"
#legend string   0 "Lab energy =   14.5311"
@s2 linestyle   3
#  Theta       sigma       iT11        T20         T21         T22         Kyy for projectile
   0.000       21.43    
   1.000       21.40    
   2.000       21.33    
   3.000       21.20    
   4.000       21.03    
   5.000       20.80    
   6.000       20.51    
   7.000       20.18    
   8.000       19.78    
   9.000       19.33    
   10.00       18.83    
   11.00       18.28    
   12.00       17.67    
   13.00       17.01    
   14.00       16.32    
   15.00       15.58    
   16.00       14.82    
   17.00       14.03    
   18.00       13.23    
   19.00       12.42    
   20.00       11.60    
   21.00       10.80    
   22.00       10.01    
   23.00       9.241    
   24.00       8.501    
   25.00       7.793    
   26.00       7.121    
   27.00       6.487    
   28.00       5.894    
   29.00       5.342    
   30.00       4.831    
   31.00       4.361    
   32.00       3.930    
   33.00       3.538    
   34.00       3.182    
   35.00       2.862    
   36.00       2.576    
   37.00       2.322    
   38.00       2.099    
   39.00       1.904    
   40.00       1.737    
   41.00       1.595    
   42.00       1.477    
   43.00       1.381    
   44.00       1.304    
   45.00       1.244    
   46.00       1.199    
   47.00       1.166    
   48.00       1.144    
   49.00       1.130    
   50.00       1.122    
   51.00       1.119    
   52.00       1.119    
   53.00       1.121    
   54.00       1.124    
   55.00       1.128    
   56.00       1.132    
   57.00       1.135    
   58.00       1.137    
   59.00       1.138    
   60.00       1.138    
   61.00       1.136    
   62.00       1.133    
   63.00       1.127    
   64.00       1.118    
   65.00       1.107    
   66.00       1.093    
   67.00       1.076    
   68.00       1.056    
   69.00       1.034    
   70.00       1.008    
   71.00      0.9800    
   72.00      0.9496    
   73.00      0.9173    
   74.00      0.8834    
   75.00      0.8485    
   76.00      0.8127    
   77.00      0.7766    
   78.00      0.7405    
   79.00      0.7047    
   80.00      0.6693    
   81.00      0.6348    
   82.00      0.6012    
   83.00      0.5686    
   84.00      0.5371    
   85.00      0.5069    
   86.00      0.4779    
   87.00      0.4502    
   88.00      0.4238    
   89.00      0.3988    
   90.00      0.3752    
   91.00      0.3530    
   92.00      0.3323    
   93.00      0.3130    
   94.00      0.2952    
   95.00      0.2789    
   96.00      0.2641    
   97.00      0.2507    
   98.00      0.2388    
   99.00      0.2284    
   100.0      0.2192    
   101.0      0.2114    
   102.0      0.2048    
   103.0      0.1993    
   104.0      0.1948    
   105.0      0.1913    
   106.0      0.1886    
   107.0      0.1867    
   108.0      0.1855    
   109.0      0.1848    
   110.0      0.1846    
   111.0      0.1849    
   112.0      0.1855    
   113.0      0.1863    
   114.0      0.1875    
   115.0      0.1888    
   116.0      0.1903    
   117.0      0.1918    
   118.0      0.1935    
   119.0      0.1952    
   120.0      0.1969    
   121.0      0.1986    
   122.0      0.2002    
   123.0      0.2019    
   124.0      0.2034    
   125.0      0.2049    
   126.0      0.2062    
   127.0      0.2075    
   128.0      0.2086    
   129.0      0.2096    
   130.0      0.2105    
   131.0      0.2113    
   132.0      0.2119    
   133.0      0.2125    
   134.0      0.2129    
   135.0      0.2132    
   136.0      0.2135    
   137.0      0.2136    
   138.0      0.2137    
   139.0      0.2138    
   140.0      0.2139    
   141.0      0.2139    
   142.0      0.2139    
   143.0      0.2140    
   144.0      0.2141    
   145.0      0.2142    
   146.0      0.2144    
   147.0      0.2147    
   148.0      0.2150    
   149.0      0.2154    
   150.0      0.2160    
   151.0      0.2166    
   152.0      0.2173    
   153.0      0.2181    
   154.0      0.2190    
   155.0      0.2200    
   156.0      0.2211    
   157.0      0.2223    
   158.0      0.2236    
   159.0      0.2249    
   160.0      0.2263    
   161.0      0.2277    
   162.0      0.2292    
   163.0      0.2307    
   164.0      0.2322    
   165.0      0.2337    
   166.0      0.2352    
   167.0      0.2366    
   168.0      0.2380    
   169.0      0.2394    
   170.0      0.2406    
   171.0      0.2418    
   172.0      0.2429    
   173.0      0.2439    
   174.0      0.2448    
   175.0      0.2456    
   176.0      0.2462    
   177.0      0.2467    
   178.0      0.2471    
   179.0      0.2473    
   180.0      0.2474    
 END
@legend string   3 "Partition=  2 Excit=  3 near/far= 1"
#legend string   0 "Lab energy =   14.5311"
@s3 linestyle   4
#  Theta       sigma       iT11        T20         T21         T22         Kyy for projectile
   0.000      0.6475    
   1.000      0.6422    
   2.000      0.6264    
   3.000      0.5998    
   4.000      0.5625    
   5.000      0.5146    
   6.000      0.4568    
   7.000      0.3904    
   8.000      0.3178    
   9.000      0.2424    
   10.00      0.1688    
   11.00      0.1026    
   12.00      0.4992E-01
   13.00      0.1650E-01
   14.00      0.7072E-02
   15.00      0.2426E-01
   16.00      0.6764E-01
   17.00      0.1332    
   18.00      0.2134    
   19.00      0.2975    
   20.00      0.3734    
   21.00      0.4290    
   22.00      0.4548    
   23.00      0.4454    
   24.00      0.4015    
   25.00      0.3297    
   26.00      0.2414    
   27.00      0.1514    
   28.00      0.7447E-01
   29.00      0.2251E-01
   30.00      0.2057E-02
   31.00      0.1291E-01
   32.00      0.4832E-01
   33.00      0.9668E-01
   34.00      0.1443    
   35.00      0.1788    
   36.00      0.1919    
   37.00      0.1809    
   38.00      0.1496    
   39.00      0.1062    
   40.00      0.6144E-01
   41.00      0.2529E-01
   42.00      0.4644E-02
   43.00      0.1680E-02
   44.00      0.1373E-01
   45.00      0.3443E-01
   46.00      0.5586E-01
   47.00      0.7084E-01
   48.00      0.7489E-01
   49.00      0.6725E-01
   50.00      0.5075E-01
   51.00      0.3067E-01
   52.00      0.1301E-01
   53.00      0.2663E-02
   54.00      0.2091E-02
   55.00      0.1081E-01
   56.00      0.2574E-01
   57.00      0.4224E-01
   58.00      0.5557E-01
   59.00      0.6217E-01
   60.00      0.6053E-01
   61.00      0.5146E-01
   62.00      0.3760E-01
   63.00      0.2259E-01
   64.00      0.9977E-02
   65.00      0.2273E-02
   66.00      0.4345E-03
   67.00      0.3776E-02
   68.00      0.1035E-01
   69.00      0.1761E-01
   70.00      0.2318E-01
   71.00      0.2544E-01
   72.00      0.2392E-01
   73.00      0.1923E-01
   74.00      0.1284E-01
   75.00      0.6553E-02
   76.00      0.2005E-02
   77.00      0.2530E-03
   78.00      0.1552E-02
   79.00      0.5361E-02
   80.00      0.1056E-01
   81.00      0.1575E-01
   82.00      0.1967E-01
   83.00      0.2143E-01
   84.00      0.2072E-01
   85.00      0.1780E-01
   86.00      0.1342E-01
   87.00      0.8569E-02
   88.00      0.4260E-02
   89.00      0.1289E-02
   90.00      0.9645E-04
   91.00      0.7124E-03
   92.00      0.2793E-02
   93.00      0.5734E-02
   94.00      0.8819E-02
   95.00      0.1138E-01
   96.00      0.1292E-01
   97.00      0.1318E-01
   98.00      0.1219E-01
   99.00      0.1020E-01
   100.0      0.7620E-02
   101.0      0.4927E-02
   102.0      0.2574E-02
   103.0      0.9074E-03
   104.0      0.1235E-03
   105.0      0.2525E-03
   106.0      0.1172E-02
   107.0      0.2648E-02
   108.0      0.4381E-02
   109.0      0.6066E-02
   110.0      0.7437E-02
   111.0      0.8302E-02
   112.0      0.8563E-02
   113.0      0.8221E-02
   114.0      0.7358E-02
   115.0      0.6119E-02
   116.0      0.4686E-02
   117.0      0.3246E-02
   118.0      0.1968E-02
   119.0      0.9834E-03
   120.0      0.3766E-03
   121.0      0.1788E-03
   122.0      0.3727E-03
   123.0      0.9002E-03
   124.0      0.1675E-02
   125.0      0.2593E-02
   126.0      0.3550E-02
   127.0      0.4449E-02
   128.0      0.5207E-02
   129.0      0.5766E-02
   130.0      0.6091E-02
   131.0      0.6171E-02
   132.0      0.6017E-02
   133.0      0.5655E-02
   134.0      0.5126E-02
   135.0      0.4479E-02
   136.0      0.3763E-02
   137.0      0.3028E-02
   138.0      0.2317E-02
   139.0      0.1668E-02
   140.0      0.1108E-02
   141.0      0.6585E-03
   142.0      0.3287E-03
   143.0      0.1216E-03
   144.0      0.3279E-04
   145.0      0.5274E-04
   146.0      0.1678E-03
   147.0      0.3619E-03
   148.0      0.6176E-03
   149.0      0.9175E-03
   150.0      0.1245E-02
   151.0      0.1585E-02
   152.0      0.1924E-02
   153.0      0.2250E-02
   154.0      0.2556E-02
   155.0      0.2835E-02
   156.0      0.3082E-02
   157.0      0.3295E-02
   158.0      0.3472E-02
   159.0      0.3614E-02
   160.0      0.3724E-02
   161.0      0.3802E-02
   162.0      0.3852E-02
   163.0      0.3878E-02
   164.0      0.3882E-02
   165.0      0.3868E-02
   166.0      0.3841E-02
   167.0      0.3802E-02
   168.0      0.3755E-02
   169.0      0.3704E-02
   170.0      0.3649E-02
   171.0      0.3594E-02
   172.0      0.3540E-02
   173.0      0.3490E-02
   174.0      0.3443E-02
   175.0      0.3402E-02
   176.0      0.3368E-02
   177.0      0.3340E-02
   178.0      0.3320E-02
   179.0      0.3308E-02
   180.0      0.3304E-02
 END
