# 181 angles,  1 tensor ranks for 0=projectile
@subtitle   "7Li(d,p) @ 7.5AMeV ADWA (d) + KD (p)"                                          
@legend ON
@legend x1 0.2
@legend y1 0.8
@g0 type LOGY
@yaxis ticklabel format power
@legend string   0 "Lab energy =   14.5311"
#legend string   0 "Partition=  2 Excit=  4 near/far= 1"
#  Theta       sigma       iT11        T20         T21         T22         Kyy for projectile
   0.000       50.35    
   1.000       50.23    
   2.000       49.89    
   3.000       49.32    
   4.000       48.54    
   5.000       47.56    
   6.000       46.39    
   7.000       45.05    
   8.000       43.57    
   9.000       41.95    
   10.00       40.23    
   11.00       38.42    
   12.00       36.55    
   13.00       34.63    
   14.00       32.70    
   15.00       30.76    
   16.00       28.83    
   17.00       26.93    
   18.00       25.07    
   19.00       23.27    
   20.00       21.53    
   21.00       19.87    
   22.00       18.28    
   23.00       16.78    
   24.00       15.37    
   25.00       14.04    
   26.00       12.81    
   27.00       11.66    
   28.00       10.61    
   29.00       9.644    
   30.00       8.762    
   31.00       7.961    
   32.00       7.238    
   33.00       6.588    
   34.00       6.007    
   35.00       5.492    
   36.00       5.036    
   37.00       4.636    
   38.00       4.288    
   39.00       3.985    
   40.00       3.726    
   41.00       3.504    
   42.00       3.316    
   43.00       3.158    
   44.00       3.026    
   45.00       2.917    
   46.00       2.828    
   47.00       2.756    
   48.00       2.697    
   49.00       2.650    
   50.00       2.612    
   51.00       2.581    
   52.00       2.556    
   53.00       2.534    
   54.00       2.514    
   55.00       2.495    
   56.00       2.476    
   57.00       2.455    
   58.00       2.433    
   59.00       2.409    
   60.00       2.382    
   61.00       2.351    
   62.00       2.317    
   63.00       2.280    
   64.00       2.239    
   65.00       2.195    
   66.00       2.147    
   67.00       2.096    
   68.00       2.041    
   69.00       1.984    
   70.00       1.925    
   71.00       1.863    
   72.00       1.800    
   73.00       1.735    
   74.00       1.668    
   75.00       1.601    
   76.00       1.533    
   77.00       1.466    
   78.00       1.398    
   79.00       1.331    
   80.00       1.264    
   81.00       1.199    
   82.00       1.135    
   83.00       1.072    
   84.00       1.012    
   85.00      0.9528    
   86.00      0.8961    
   87.00      0.8416    
   88.00      0.7894    
   89.00      0.7398    
   90.00      0.6927    
   91.00      0.6482    
   92.00      0.6063    
   93.00      0.5671    
   94.00      0.5305    
   95.00      0.4966    
   96.00      0.4652    
   97.00      0.4364    
   98.00      0.4102    
   99.00      0.3863    
   100.0      0.3647    
   101.0      0.3455    
   102.0      0.3283    
   103.0      0.3132    
   104.0      0.3001    
   105.0      0.2888    
   106.0      0.2792    
   107.0      0.2711    
   108.0      0.2646    
   109.0      0.2594    
   110.0      0.2555    
   111.0      0.2527    
   112.0      0.2509    
   113.0      0.2501    
   114.0      0.2501    
   115.0      0.2508    
   116.0      0.2521    
   117.0      0.2539    
   118.0      0.2563    
   119.0      0.2589    
   120.0      0.2619    
   121.0      0.2652    
   122.0      0.2686    
   123.0      0.2722    
   124.0      0.2758    
   125.0      0.2795    
   126.0      0.2832    
   127.0      0.2868    
   128.0      0.2904    
   129.0      0.2939    
   130.0      0.2973    
   131.0      0.3007    
   132.0      0.3039    
   133.0      0.3070    
   134.0      0.3100    
   135.0      0.3128    
   136.0      0.3156    
   137.0      0.3182    
   138.0      0.3207    
   139.0      0.3232    
   140.0      0.3255    
   141.0      0.3278    
   142.0      0.3300    
   143.0      0.3322    
   144.0      0.3343    
   145.0      0.3364    
   146.0      0.3385    
   147.0      0.3406    
   148.0      0.3427    
   149.0      0.3448    
   150.0      0.3469    
   151.0      0.3491    
   152.0      0.3512    
   153.0      0.3534    
   154.0      0.3556    
   155.0      0.3579    
   156.0      0.3601    
   157.0      0.3624    
   158.0      0.3648    
   159.0      0.3671    
   160.0      0.3694    
   161.0      0.3717    
   162.0      0.3740    
   163.0      0.3763    
   164.0      0.3785    
   165.0      0.3807    
   166.0      0.3828    
   167.0      0.3848    
   168.0      0.3868    
   169.0      0.3886    
   170.0      0.3904    
   171.0      0.3920    
   172.0      0.3935    
   173.0      0.3948    
   174.0      0.3960    
   175.0      0.3970    
   176.0      0.3978    
   177.0      0.3985    
   178.0      0.3989    
   179.0      0.3992    
   180.0      0.3993    
 END
