 Overlap wf  3#  1/  1 of <Li7     |Li8     >: lsj,I;J =  1  0.5  1.5,  1.5;  2.0 @ -2.03270 MeV
         301  0.100000001               0
  2.1451E-03  2.7903E-02  5.3662E-02  7.9380E-02  1.0439E-01  1.2838E-01
  1.5109E-01  1.7231E-01  1.9185E-01  2.0955E-01  2.2529E-01  2.3897E-01
  2.5052E-01  2.5992E-01  2.6716E-01  2.7228E-01  2.7535E-01  2.7647E-01
  2.7575E-01  2.7334E-01  2.6941E-01  2.6412E-01  2.5767E-01  2.5023E-01
  2.4201E-01  2.3317E-01  2.2388E-01  2.1431E-01  2.0459E-01  1.9484E-01
  1.8517E-01  1.7567E-01  1.6640E-01  1.5743E-01  1.4879E-01  1.4051E-01
  1.3261E-01  1.2510E-01  1.1798E-01  1.1125E-01  1.0489E-01  9.8903E-02
  9.3268E-02  8.7971E-02  8.2995E-02  7.8324E-02  7.3940E-02  6.9826E-02
  6.5967E-02  6.2346E-02  5.8948E-02  5.5759E-02  5.2765E-02  4.9953E-02
  4.7312E-02  4.4829E-02  4.2495E-02  4.0299E-02  3.8233E-02  3.6287E-02
  3.4454E-02  3.2726E-02  3.1097E-02  2.9560E-02  2.8110E-02  2.6740E-02
  2.5445E-02  2.4222E-02  2.3065E-02  2.1970E-02  2.0934E-02  1.9953E-02
  1.9023E-02  1.8142E-02  1.7307E-02  1.6514E-02  1.5762E-02  1.5049E-02
  1.4371E-02  1.3727E-02  1.3115E-02  1.2533E-02  1.1980E-02  1.1454E-02
  1.0953E-02  1.0476E-02  1.0023E-02  9.5903E-03  9.1785E-03  8.7860E-03
  8.4119E-03  8.0552E-03  7.7149E-03  7.3903E-03  7.0806E-03  6.7850E-03
  6.5027E-03  6.2332E-03  5.9758E-03  5.7299E-03  5.4949E-03  5.2703E-03
  5.0556E-03  4.8503E-03  4.6540E-03  4.4662E-03  4.2865E-03  4.1146E-03
  3.9501E-03  3.7926E-03  3.6419E-03  3.4975E-03  3.3593E-03  3.2269E-03
  3.1000E-03  2.9784E-03  2.8620E-03  2.7503E-03  2.6433E-03  2.5407E-03
  2.4423E-03  2.3480E-03  2.2575E-03  2.1707E-03  2.0875E-03  2.0076E-03
  1.9309E-03  1.8574E-03  1.7868E-03  1.7190E-03  1.6539E-03  1.5914E-03
  1.5314E-03  1.4738E-03  1.4185E-03  1.3653E-03  1.3142E-03  1.2652E-03
  1.2180E-03  1.1727E-03  1.1292E-03  1.0873E-03  1.0471E-03  1.0084E-03
  9.7123E-04  9.3548E-04  9.0110E-04  8.6804E-04  8.3625E-04  8.0567E-04
  7.7626E-04  7.4796E-04  7.2074E-04  6.9455E-04  6.6935E-04  6.4510E-04
  6.2176E-04  5.9930E-04  5.7768E-04  5.5687E-04  5.3684E-04  5.1756E-04
  4.9899E-04  4.8112E-04  4.6390E-04  4.4733E-04  4.3137E-04  4.1600E-04
  4.0119E-04  3.8693E-04  3.7319E-04  3.5996E-04  3.4721E-04  3.3493E-04
  3.2310E-04  3.1169E-04  3.0071E-04  2.9012E-04  2.7992E-04  2.7008E-04
  2.6061E-04  2.5147E-04  2.4267E-04  2.3418E-04  2.2600E-04  2.1811E-04
  2.1051E-04  2.0317E-04  1.9611E-04  1.8929E-04  1.8272E-04  1.7638E-04
  1.7027E-04  1.6437E-04  1.5868E-04  1.5320E-04  1.4791E-04  1.4281E-04
  1.3789E-04  1.3314E-04  1.2856E-04  1.2414E-04  1.1988E-04  1.1577E-04
  1.1180E-04  1.0797E-04  1.0428E-04  1.0071E-04  9.7271E-05  9.3950E-05
  9.0746E-05  8.7654E-05  8.4669E-05  8.1788E-05  7.9008E-05  7.6324E-05
  7.3733E-05  7.1232E-05  6.8818E-05  6.6487E-05  6.4237E-05  6.2065E-05
  5.9968E-05  5.7943E-05  5.5988E-05  5.4100E-05  5.2277E-05  5.0517E-05
  4.8817E-05  4.7175E-05  4.5590E-05  4.4059E-05  4.2581E-05  4.1153E-05
  3.9774E-05  3.8442E-05  3.7155E-05  3.5912E-05  3.4712E-05  3.3552E-05
  3.2432E-05  3.1350E-05  3.0305E-05  2.9295E-05  2.8319E-05  2.7377E-05
  2.6466E-05  2.5586E-05  2.4736E-05  2.3915E-05  2.3121E-05  2.2354E-05
  2.1613E-05  2.0897E-05  2.0205E-05  1.9537E-05  1.8891E-05  1.8266E-05
  1.7663E-05  1.7079E-05  1.6516E-05  1.5971E-05  1.5444E-05  1.4936E-05
  1.4444E-05  1.3968E-05  1.3509E-05  1.3064E-05  1.2635E-05  1.2220E-05
  1.1819E-05  1.1431E-05  1.1056E-05  1.0693E-05  1.0343E-05  1.0004E-05
  9.6766E-06  9.3599E-06  9.0538E-06  8.7578E-06  8.4716E-06  8.1948E-06
  7.9273E-06  7.6686E-06  7.4184E-06  7.1765E-06  6.9426E-06  6.7165E-06
  6.4977E-06  6.2862E-06  6.0817E-06  5.8839E-06  5.6927E-06  5.5077E-06
  5.3288E-06  5.1558E-06  4.9884E-06  4.8266E-06  4.6701E-06  4.5187E-06
 -3.7099E-17
 -2.2760E-01 -1.3096E+00 -2.3916E+00 -3.4653E+00 -4.4973E+00 -5.4713E+00
 -6.3744E+00 -7.1950E+00 -7.9229E+00 -8.5491E+00 -9.0661E+00 -9.4683E+00
 -9.7518E+00 -9.9151E+00 -9.9587E+00 -9.8860E+00 -9.7025E+00 -9.4164E+00
 -9.0383E+00 -8.5810E+00 -8.0587E+00 -7.4872E+00 -6.8825E+00 -6.2607E+00
 -5.6371E+00 -5.0253E+00 -4.4372E+00 -3.8823E+00 -3.3675E+00 -2.8973E+00
 -2.4742E+00 -2.0983E+00 -1.7684E+00 -1.4820E+00 -1.2357E+00 -1.0257E+00
 -8.4815E-01 -6.9894E-01 -5.7430E-01 -4.7072E-01 -3.8502E-01 -3.1437E-01
 -2.5632E-01 -2.0875E-01 -1.6985E-01 -1.3810E-01 -1.1223E-01 -9.1165E-02
 -7.4037E-02 -6.0119E-02 -4.8815E-02 -3.9637E-02 -3.2188E-02 -2.6143E-02
 -2.1237E-02 -1.7256E-02 -1.4025E-02 -1.1402E-02 -9.2722E-03 -7.5427E-03
 -6.1377E-03 -4.9961E-03 -4.0682E-03 -3.3137E-03 -2.7001E-03 -2.2008E-03
 -1.7945E-03 -1.4636E-03 -1.1941E-03 -9.7459E-04 -7.9566E-04 -6.4978E-04
 -5.3080E-04 -4.3374E-04 -3.5453E-04 -2.8986E-04 -2.3706E-04 -1.9393E-04
 -1.5868E-04 -1.2988E-04 -1.0633E-04 -8.7071E-05 -7.1318E-05 -5.8428E-05
 -4.7879E-05 -3.9244E-05 -3.2172E-05 -2.6381E-05 -2.1636E-05 -1.7749E-05
 -1.4562E-05 -1.1951E-05 -9.8089E-06 -8.0525E-06 -6.6118E-06 -5.4298E-06
 -4.4599E-06 -3.6638E-06 -3.0103E-06 -2.4738E-06 -2.0332E-06 -1.6714E-06
 -1.3741E-06 -1.1299E-06 -9.2920E-07 -7.6426E-07 -6.2869E-07 -5.1724E-07
 -4.2560E-07 -3.5024E-07 -2.8826E-07 -2.3728E-07 -1.9534E-07 -1.6083E-07
 -1.3243E-07 -1.0906E-07 -8.9824E-08 -7.3989E-08 -6.0952E-08 -5.0217E-08
 -4.1377E-08 -3.4097E-08 -2.8100E-08 -2.3161E-08 -1.9091E-08 -1.5738E-08
 -1.2975E-08 -1.0699E-08 -8.8220E-09 -7.2752E-09 -6.0002E-09 -4.9490E-09
 -4.0823E-09 -3.3677E-09 -2.7784E-09 -2.2924E-09 -1.8916E-09 -1.5609E-09
 -1.2882E-09 -1.0632E-09 -8.7755E-10 -7.2437E-10 -5.9798E-10 -4.9367E-10
 -4.0759E-10 -3.3654E-10 -2.7789E-10 -2.2948E-10 -1.8951E-10 -1.5652E-10
 -1.2928E-10 -1.0678E-10 -8.8207E-11 -7.2867E-11 -6.0199E-11 -4.9736E-11
 -4.1094E-11 -3.3956E-11 -2.8059E-11 -2.3187E-11 -1.9163E-11 -1.5837E-11
 -1.3090E-11 -1.0819E-11 -8.9434E-12 -7.3930E-12 -6.1117E-12 -5.0527E-12
 -4.1774E-12 -3.4539E-12 -2.8558E-12 -2.3614E-12 -1.9527E-12 -1.6148E-12
 -1.3354E-12 -1.1045E-12 -9.1346E-13 -7.5553E-13 -6.2493E-13 -5.1692E-13
 -4.2760E-13 -3.5373E-13 -2.9264E-13 -2.4210E-13 -2.0030E-13 -1.6572E-13
 -1.3712E-13 -1.1346E-13 -9.3886E-14 -7.7691E-14 -6.4292E-14 -5.3206E-14
 -4.4033E-14 -3.6443E-14 -3.0162E-14 -2.4964E-14 -2.0663E-14 -1.7104E-14
 -1.4158E-14 -1.1720E-14 -9.7021E-15 -8.0319E-15 -6.6494E-15 -5.5051E-15
 -4.5578E-15 -3.7737E-15 -3.1245E-15 -2.5871E-15 -2.1422E-15 -1.7739E-15
 -1.4689E-15 -1.2164E-15 -1.0074E-15 -8.3425E-16 -6.9091E-16 -5.7221E-16
 -4.7392E-16 -3.9253E-16 -3.2512E-16 -2.6929E-16 -2.2306E-16 -1.8477E-16
 -1.5305E-16 -1.2679E-16 -1.0503E-16 -8.7010E-17 -7.2083E-17 -5.9719E-17
 -4.9476E-17 -4.0991E-17 -3.3962E-17 -2.8139E-17 -2.3315E-17 -1.9319E-17
 -1.6008E-17 -1.3264E-17 -1.0991E-17 -9.1082E-18 -7.5478E-18 -6.2548E-18
 -5.1835E-18 -4.2958E-18 -3.5601E-18 -2.9505E-18 -2.4454E-18 -2.0268E-18
 -1.6798E-18 -1.3923E-18 -1.1540E-18 -9.5655E-19 -7.9288E-19 -6.5723E-19
 -5.4479E-19 -4.5160E-19 -3.7436E-19 -3.1034E-19 -2.5727E-19 -2.1328E-19
 -1.7681E-19 -1.4658E-19 -1.2153E-19 -1.0075E-19 -8.3533E-20 -6.9258E-20
 -5.7423E-20 -4.7611E-20 -3.9476E-20 -3.2732E-20 -2.7141E-20 -2.2505E-20
 -1.8661E-20 -1.5474E-20 -1.2832E-20 -1.0640E-20 -8.8237E-21 -7.3173E-21
 -6.0681E-21 -5.0323E-21 -4.1733E-21 -3.4611E-21 -2.8704E-21 -2.3806E-21
 -1.9744E-21 -1.6375E-21 -1.3581E-21 -1.1264E-21 -9.3428E-22 -7.7492E-22
 -6.4275E-22 -5.3313E-22 -4.4221E-22 -3.6681E-22 -3.0426E-22 -2.5239E-22
 -3.0111E-24 -2.4894E-24 -2.0582E-24 -1.7017E-24 -1.4070E-24 -1.1633E-24
 -9.6192E-25
 Overlap wf  4#  1/  1 of <Li7     |Li8     >: lsj,I;J =  1  0.5  1.5,  1.5;  2.0 @ -1.05270 MeV
         301  0.100000001               0
  1.8934E-03  2.4798E-02  4.7703E-02  7.0596E-02  9.2898E-02  1.1433E-01
  1.3468E-01  1.5377E-01  1.7143E-01  1.8752E-01  2.0194E-01  2.1460E-01
  2.2542E-01  2.3440E-01  2.4150E-01  2.4677E-01  2.5025E-01  2.5201E-01
  2.5214E-01  2.5078E-01  2.4804E-01  2.4408E-01  2.3904E-01  2.3309E-01
  2.2638E-01  2.1908E-01  2.1132E-01  2.0324E-01  1.9496E-01  1.8660E-01
  1.7825E-01  1.7000E-01  1.6190E-01  1.5401E-01  1.4637E-01  1.3901E-01
  1.3195E-01  1.2520E-01  1.1878E-01  1.1267E-01  1.0688E-01  1.0139E-01
  9.6209E-02  9.1312E-02  8.6690E-02  8.2330E-02  7.8219E-02  7.4343E-02
  7.0690E-02  6.7246E-02  6.3999E-02  6.0937E-02  5.8048E-02  5.5322E-02
  5.2748E-02  5.0318E-02  4.8021E-02  4.5850E-02  4.3796E-02  4.1853E-02
  4.0013E-02  3.8269E-02  3.6617E-02  3.5050E-02  3.3563E-02  3.2152E-02
  3.0811E-02  2.9537E-02  2.8325E-02  2.7173E-02  2.6076E-02  2.5031E-02
  2.4036E-02  2.3088E-02  2.2183E-02  2.1320E-02  2.0497E-02  1.9711E-02
  1.8960E-02  1.8243E-02  1.7557E-02  1.6901E-02  1.6273E-02  1.5673E-02
  1.5098E-02  1.4548E-02  1.4020E-02  1.3515E-02  1.3031E-02  1.2566E-02
  1.2121E-02  1.1693E-02  1.1283E-02  1.0889E-02  1.0511E-02  1.0148E-02
  9.7985E-03  9.4630E-03  9.1406E-03  8.8305E-03  8.5323E-03  8.2455E-03
  7.9695E-03  7.7038E-03  7.4481E-03  7.2019E-03  6.9648E-03  6.7364E-03
  6.5164E-03  6.3044E-03  6.1000E-03  5.9030E-03  5.7131E-03  5.5300E-03
  5.3533E-03  5.1829E-03  5.0185E-03  4.8599E-03  4.7067E-03  4.5589E-03
  4.4162E-03  4.2784E-03  4.1453E-03  4.0168E-03  3.8926E-03  3.7726E-03
  3.6567E-03  3.5447E-03  3.4364E-03  3.3317E-03  3.2305E-03  3.1326E-03
  3.0380E-03  2.9464E-03  2.8579E-03  2.7722E-03  2.6894E-03  2.6092E-03
  2.5316E-03  2.4565E-03  2.3838E-03  2.3134E-03  2.2452E-03  2.1792E-03
  2.1154E-03  2.0535E-03  1.9935E-03  1.9355E-03  1.8793E-03  1.8248E-03
  1.7720E-03  1.7208E-03  1.6713E-03  1.6232E-03  1.5766E-03  1.5315E-03
  1.4877E-03  1.4453E-03  1.4042E-03  1.3643E-03  1.3256E-03  1.2881E-03
  1.2517E-03  1.2164E-03  1.1822E-03  1.1490E-03  1.1167E-03  1.0855E-03
  1.0551E-03  1.0257E-03  9.9714E-04  9.6941E-04  9.4250E-04  9.1639E-04
  8.9103E-04  8.6642E-04  8.4252E-04  8.1932E-04  7.9680E-04  7.7492E-04
  7.5368E-04  7.3306E-04  7.1303E-04  6.9357E-04  6.7467E-04  6.5632E-04
  6.3848E-04  6.2116E-04  6.0433E-04  5.8798E-04  5.7210E-04  5.5666E-04
  5.4166E-04  5.2709E-04  5.1292E-04  4.9915E-04  4.8577E-04  4.7277E-04
  4.6013E-04  4.4784E-04  4.3590E-04  4.2429E-04  4.1300E-04  4.0203E-04
  3.9136E-04  3.8098E-04  3.7089E-04  3.6109E-04  3.5155E-04  3.4227E-04
  3.3325E-04  3.2448E-04  3.1594E-04  3.0764E-04  2.9957E-04  2.9172E-04
  2.8408E-04  2.7665E-04  2.6942E-04  2.6239E-04  2.5555E-04  2.4889E-04
  2.4241E-04  2.3611E-04  2.2998E-04  2.2401E-04  2.1821E-04  2.1256E-04
  2.0706E-04  2.0171E-04  1.9650E-04  1.9143E-04  1.8649E-04  1.8169E-04
  1.7702E-04  1.7247E-04  1.6804E-04  1.6373E-04  1.5953E-04  1.5545E-04
  1.5147E-04  1.4760E-04  1.4383E-04  1.4016E-04  1.3658E-04  1.3310E-04
  1.2971E-04  1.2641E-04  1.2320E-04  1.2007E-04  1.1702E-04  1.1406E-04
  1.1117E-04  1.0835E-04  1.0561E-04  1.0294E-04  1.0034E-04  9.7809E-05
  9.5342E-05  9.2940E-05  9.0599E-05  8.8319E-05  8.6099E-05  8.3935E-05
  8.1828E-05  7.9774E-05  7.7774E-05  7.5826E-05  7.3927E-05  7.2077E-05
  7.0275E-05  6.8519E-05  6.6808E-05  6.5141E-05  6.3517E-05  6.1934E-05
  6.0392E-05  5.8889E-05  5.7424E-05  5.5997E-05  5.4606E-05  5.3250E-05
  5.1929E-05  5.0642E-05  4.9387E-05  4.8164E-05  4.6972E-05  4.5811E-05
  4.4679E-05  4.3575E-05  4.2499E-05  4.1451E-05  4.0429E-05  3.9432E-05
  3.8461E-05  3.7515E-05  3.6592E-05  3.5692E-05  3.4815E-05  3.3960E-05
 -3.2064E-26
 -1.9527E-01 -1.0888E+00 -1.9823E+00 -2.8704E+00 -3.7256E+00 -4.5349E+00
 -5.2878E+00 -5.9750E+00 -6.5882E+00 -7.1199E+00 -7.5638E+00 -7.9149E+00
 -8.1697E+00 -8.3263E+00 -8.3846E+00 -8.3467E+00 -8.2164E+00 -7.9997E+00
 -7.7046E+00 -7.3411E+00 -6.9204E+00 -6.4551E+00 -5.9583E+00 -5.4434E+00
 -4.9230E+00 -4.4090E+00 -3.9115E+00 -3.4390E+00 -2.9978E+00 -2.5925E+00
 -2.2254E+00 -1.8974E+00 -1.6077E+00 -1.3547E+00 -1.1359E+00 -9.4822E-01
 -7.8854E-01 -6.5358E-01 -5.4018E-01 -4.4538E-01 -3.6647E-01 -3.0104E-01
 -2.4695E-01 -2.0235E-01 -1.6566E-01 -1.3554E-01 -1.1084E-01 -9.0609E-02
 -7.4056E-02 -6.0521E-02 -4.9459E-02 -4.0422E-02 -3.3041E-02 -2.7012E-02
 -2.2089E-02 -1.8067E-02 -1.4783E-02 -1.2099E-02 -9.9053E-03 -8.1124E-03
 -6.6464E-03 -5.4472E-03 -4.4660E-03 -3.6628E-03 -3.0052E-03 -2.4666E-03
 -2.0252E-03 -1.6633E-03 -1.3666E-03 -1.1232E-03 -9.2349E-04 -7.5952E-04
 -6.2486E-04 -5.1424E-04 -4.2333E-04 -3.4860E-04 -2.8715E-04 -2.3659E-04
 -1.9499E-04 -1.6075E-04 -1.3256E-04 -1.0934E-04 -9.0213E-05 -7.4448E-05
 -6.1454E-05 -5.0739E-05 -4.1902E-05 -3.4612E-05 -2.8597E-05 -2.3632E-05
 -1.9533E-05 -1.6149E-05 -1.3353E-05 -1.1044E-05 -9.1355E-06 -7.5584E-06
 -6.2546E-06 -5.1767E-06 -4.2853E-06 -3.5480E-06 -2.9380E-06 -2.4333E-06
 -2.0156E-06 -1.6699E-06 -1.3837E-06 -1.1467E-06 -9.5044E-07 -7.8788E-07
 -6.5322E-07 -5.4165E-07 -4.4919E-07 -3.7257E-07 -3.0905E-07 -2.5640E-07
 -2.1274E-07 -1.7654E-07 -1.4651E-07 -1.2161E-07 -1.0095E-07 -8.3811E-08
 -6.9589E-08 -5.7786E-08 -4.7991E-08 -3.9860E-08 -3.3110E-08 -2.7505E-08
 -2.2852E-08 -1.8988E-08 -1.5779E-08 -1.3113E-08 -1.0899E-08 -9.0591E-09
 -7.5307E-09 -6.2607E-09 -5.2053E-09 -4.3282E-09 -3.5992E-09 -2.9932E-09
 -2.4895E-09 -2.0707E-09 -1.7225E-09 -1.4329E-09 -1.1921E-09 -9.9189E-10
 -8.2534E-10 -6.8680E-10 -5.7156E-10 -4.7569E-10 -3.9592E-10 -3.2956E-10
 -2.7433E-10 -2.2838E-10 -1.9014E-10 -1.5831E-10 -1.3181E-10 -1.0976E-10
 -9.1403E-11 -7.6120E-11 -6.3397E-11 -5.2803E-11 -4.3982E-11 -3.6637E-11
 -3.0520E-11 -2.5426E-11 -2.1183E-11 -1.7649E-11 -1.4706E-11 -1.2254E-11
 -1.0211E-11 -8.5095E-12 -7.0917E-12 -5.9105E-12 -4.9263E-12 -4.1061E-12
 -3.4227E-12 -2.8531E-12 -2.3785E-12 -1.9829E-12 -1.6532E-12 -1.3783E-12
 -1.1492E-12 -9.5825E-13 -7.9904E-13 -6.6632E-13 -5.5566E-13 -4.6340E-13
 -3.8648E-13 -3.2234E-13 -2.6885E-13 -2.2425E-13 -1.8705E-13 -1.5603E-13
 -1.3016E-13 -1.0859E-13 -9.0589E-14 -7.5577E-14 -6.3056E-14 -5.2611E-14
 -4.3898E-14 -3.6629E-14 -3.0565E-14 -2.5505E-14 -2.1284E-14 -1.7762E-14
 -1.4824E-14 -1.2372E-14 -1.0325E-14 -8.6181E-15 -7.1932E-15 -6.0041E-15
 -5.0117E-15 -4.1835E-15 -3.4923E-15 -2.9154E-15 -2.4338E-15 -2.0319E-15
 -1.6963E-15 -1.4163E-15 -1.1825E-15 -9.8730E-16 -8.2436E-16 -6.8833E-16
 -5.7477E-16 -4.7995E-16 -4.0079E-16 -3.3469E-16 -2.7951E-16 -2.3342E-16
 -1.9494E-16 -1.6281E-16 -1.3598E-16 -1.1357E-16 -9.4859E-17 -7.9232E-17
 -6.6180E-17 -5.5280E-17 -4.6177E-17 -3.8573E-17 -3.2222E-17 -2.6918E-17
 -2.2487E-17 -1.8786E-17 -1.5695E-17 -1.3112E-17 -1.0955E-17 -9.1528E-18
 -7.6473E-18 -6.3895E-18 -5.3388E-18 -4.4609E-18 -3.7275E-18 -3.1147E-18
 -2.6027E-18 -2.1749E-18 -1.8175E-18 -1.5188E-18 -1.2693E-18 -1.0607E-18
 -8.8647E-19 -7.4086E-19 -6.1918E-19 -5.1749E-19 -4.3251E-19 -3.6150E-19
 -3.0215E-19 -2.5254E-19 -2.1109E-19 -1.7644E-19 -1.4749E-19 -1.2328E-19
 -1.0305E-19 -8.6146E-20 -7.2013E-20 -6.0200E-20 -5.0325E-20 -4.2071E-20
 -3.5172E-20 -2.9404E-20 -2.4583E-20 -2.0552E-20 -1.7183E-20 -1.4366E-20
 -1.2011E-20 -1.0043E-20 -8.3968E-21 -7.0208E-21 -5.8704E-21 -4.9085E-21
 -4.1043E-21 -3.4320E-21 -2.8698E-21 -2.3997E-21 -2.0067E-21 -1.6781E-21
 -2.1733E-23 -1.8113E-23 -1.5097E-23 -1.2584E-23 -1.0489E-23 -8.7430E-24
 -7.2879E-24
 Overlap wf  5#  1/  1 of <Li7     |Li8     >: lsj,I;J =  1  0.5  1.5,  1.5;  2.0 @  0.22230 MeV
         301  0.100000001               0
 -5.2591E-05 -1.2052E-21 -6.6401E-04 -1.0922E-20 -1.2754E-03 -2.0638E-20
 -1.8830E-03 -2.8321E-20 -2.4697E-03 -3.9770E-20 -3.0267E-03 -5.1581E-20
 -3.5468E-03 -5.7446E-20 -4.0243E-03 -6.8866E-20 -4.4542E-03 -7.5021E-20
 -4.8321E-03 -7.3916E-20 -5.1551E-03 -8.8700E-20 -5.4209E-03 -7.8883E-20
 -5.6283E-03 -9.1190E-20 -5.7771E-03 -1.0383E-19 -5.8683E-03 -9.8479E-20
 -5.9035E-03 -8.8700E-20 -5.8855E-03 -9.5208E-20 -5.8177E-03 -9.8681E-20
 -5.7042E-03 -8.9985E-20 -5.5496E-03 -9.1338E-20 -5.3590E-03 -8.7253E-20
 -5.1376E-03 -8.5853E-20 -4.8909E-03 -8.0198E-20 -4.6239E-03 -7.3777E-20
 -4.3419E-03 -7.0703E-20 -4.0496E-03 -7.0188E-20 -3.7512E-03 -6.3410E-20
 -3.4506E-03 -5.9276E-20 -3.1511E-03 -5.2338E-20 -2.8555E-03 -4.3884E-20
 -2.5661E-03 -4.0172E-20 -2.2845E-03 -3.8721E-20 -2.0120E-03 -3.2087E-20
 -1.7497E-03 -2.4541E-20 -1.4980E-03 -2.4103E-20 -1.2572E-03 -1.9696E-20
 -1.0273E-03 -1.7408E-20 -8.0815E-04 -1.1726E-20 -5.9948E-04 -9.1338E-21
 -4.0087E-04 -6.0567E-21 -2.1186E-04 -3.0430E-21 -3.1931E-05 -1.5799E-22
  1.3945E-04  2.3099E-21  3.0282E-04  5.4092E-21  4.5871E-04  7.9431E-21
  6.0765E-04  1.0338E-20  7.5013E-04  1.2838E-20  8.8662E-04  1.3847E-20
  1.0176E-03  1.6571E-20  1.1434E-03  1.8889E-20  1.2645E-03  2.0922E-20
  1.3812E-03  2.3820E-20  1.4938E-03  2.6143E-20  1.6027E-03  2.6741E-20
  1.7080E-03  2.9638E-20  1.8102E-03  2.8223E-20  1.9094E-03  3.0645E-20
  2.0057E-03  3.4506E-20  2.0995E-03  3.5240E-20  2.1909E-03  3.6441E-20
  2.2800E-03  3.8726E-20  2.3670E-03  3.6985E-20  2.4520E-03  4.0120E-20
  2.5352E-03  4.7441E-20  2.6166E-03  4.0072E-20  2.6963E-03  4.4795E-20
  2.7746E-03  4.8206E-20  2.8513E-03  4.7775E-20  2.9267E-03  4.5938E-20
  3.0007E-03  4.5831E-20  3.0735E-03  5.1787E-20  3.1450E-03  4.9700E-20
  3.2155E-03  5.4902E-20  3.2848E-03  5.2829E-20  3.3531E-03  5.5242E-20
  3.4204E-03  5.6562E-20  3.4867E-03  5.5818E-20  3.5521E-03  5.7347E-20
  3.6166E-03  6.0320E-20  3.6803E-03  6.1509E-20  3.7431E-03  6.4114E-20
  3.8051E-03  5.7133E-20  3.8663E-03  6.2080E-20  3.9267E-03  6.5514E-20
  3.9865E-03  6.3357E-20  4.0454E-03  6.6241E-20  4.1037E-03  6.2332E-20
  4.1613E-03  6.5162E-20  4.2182E-03  7.0118E-20  4.2745E-03  6.8031E-20
  4.3301E-03  6.7275E-20  4.3851E-03  7.3316E-20  4.4395E-03  7.2938E-20
  4.4933E-03  7.0081E-20  4.5464E-03  7.9181E-20  4.5990E-03  7.9972E-20
  4.6510E-03  7.8737E-20  4.7025E-03  7.9913E-20  4.7533E-03  6.7686E-20
  4.8036E-03  8.1415E-20  4.8534E-03  7.9830E-20  4.9026E-03  7.7512E-20
  4.9513E-03  7.5996E-20  4.9995E-03  8.5367E-20  5.0471E-03  8.0838E-20
  5.0942E-03  8.8883E-20  5.1408E-03  8.2587E-20  5.1868E-03  7.8211E-20
  5.2324E-03  8.5343E-20  5.2775E-03  8.3852E-20  5.3220E-03  8.3441E-20
  5.3661E-03  7.7130E-20  5.4097E-03  8.4017E-20  5.4527E-03  9.5559E-20
  5.4953E-03  9.1338E-20  5.5374E-03  8.1154E-20  5.5790E-03  8.3114E-20
  5.6201E-03  9.4929E-20  5.6608E-03  9.6739E-20  5.7009E-03  9.3334E-20
  5.7406E-03  9.3199E-20  5.7798E-03  1.0072E-19  5.8186E-03  9.0407E-20
  5.8568E-03  1.0096E-19  5.8946E-03  8.6460E-20  5.9319E-03  1.0428E-19
  5.9688E-03  9.4882E-20  6.0051E-03  9.2921E-20  6.0411E-03  9.4002E-20
  6.0765E-03  8.9686E-20  6.1115E-03  9.6116E-20  6.1460E-03  9.5382E-20
  6.1800E-03  8.8232E-20  6.2136E-03  8.9889E-20  6.2467E-03  9.8427E-20
  6.2793E-03  9.5984E-20  6.3115E-03  9.6413E-20  6.3432E-03  1.0078E-19
  6.3745E-03  9.6692E-20  6.4053E-03  1.0654E-19  6.4356E-03  9.0352E-20
  6.4655E-03  1.0065E-19  6.4949E-03  9.5055E-20  6.5239E-03  1.0032E-19
  6.5523E-03  1.0177E-19  6.5804E-03  9.7875E-20  6.6079E-03  1.0566E-19
  6.6350E-03  1.0599E-19  6.6617E-03  1.0110E-19  6.6879E-03  1.0767E-19
  6.7136E-03  1.0027E-19  6.7389E-03  9.6030E-20  6.7637E-03  9.7428E-20
  6.7880E-03  9.9815E-20  6.8119E-03  1.0668E-19  6.8353E-03  9.9025E-20
  6.8583E-03  9.7896E-20  6.8808E-03  1.1054E-19  6.9029E-03  1.0154E-19
  6.9245E-03  1.1254E-19  6.9456E-03  1.1280E-19  6.9663E-03  9.9646E-20
  6.9865E-03  9.7127E-20  7.0063E-03  1.1167E-19  7.0256E-03  1.0441E-19
  7.0444E-03  1.1312E-19  7.0628E-03  1.1058E-19  7.0807E-03  1.0253E-19
  7.0982E-03  1.0559E-19  7.1152E-03  1.0953E-19  7.1318E-03  9.7093E-20
  7.1479E-03  1.1186E-19  7.1636E-03  1.1031E-19  7.1788E-03  1.0789E-19
  7.1935E-03  1.0816E-19  7.2078E-03  1.1107E-19  7.2216E-03  1.0605E-19
  7.2350E-03  1.0981E-19  7.2480E-03  1.1440E-19  7.2604E-03  1.1376E-19
  7.2725E-03  1.0455E-19  7.2840E-03  1.0568E-19  7.2951E-03  1.1442E-19
  7.3058E-03  1.0284E-19  7.3160E-03  1.0815E-19  7.3258E-03  1.1674E-19
  7.3351E-03  1.0699E-19  7.3440E-03  1.1054E-19  7.3524E-03  1.1816E-19
  7.3604E-03  1.1427E-19  7.3679E-03  1.1367E-19  7.3750E-03  1.0096E-19
  7.3817E-03  1.0445E-19  7.3879E-03  9.9910E-20  7.3936E-03  1.0973E-19
  7.3989E-03  1.0126E-19  7.4038E-03  1.0389E-19  7.4082E-03  9.9447E-20
  7.4122E-03  1.0206E-19  7.4157E-03  1.0387E-19  7.4189E-03  1.1415E-19
  7.4215E-03  1.0514E-19  7.4238E-03  1.0157E-19  7.4256E-03  1.1399E-19
  7.4269E-03  1.0889E-19  7.4278E-03  9.8576E-20  7.4283E-03  1.1233E-19
  7.4284E-03  1.1402E-19  7.4280E-03  1.0235E-19  7.4273E-03  1.0038E-19
  7.4260E-03  1.0431E-19  7.4244E-03  1.0381E-19  7.4223E-03  9.6776E-20
  7.4198E-03  1.0936E-19  7.4169E-03  1.0885E-19  7.4135E-03  1.0404E-19
  7.4098E-03  1.0284E-19  7.4056E-03  1.0094E-19  7.4010E-03  1.0756E-19
  7.3960E-03  8.8752E-20  7.3906E-03  1.1009E-19  7.3847E-03  1.1029E-19
  7.3785E-03  1.0701E-19  7.3718E-03  1.0169E-19  7.3647E-03  1.0812E-19
  7.3572E-03  9.5299E-20  7.3493E-03  1.0648E-19  7.3410E-03  9.7857E-20
  7.3323E-03  1.0555E-19  7.3233E-03  9.9697E-20  7.3138E-03  1.0060E-19
  7.3039E-03  9.0820E-20  7.2936E-03  9.0428E-20  7.2829E-03  9.0702E-20
  7.2718E-03  8.7678E-20  7.2603E-03  9.3869E-20  7.2485E-03  9.4125E-20
  7.2362E-03  1.0414E-19  7.2236E-03  9.4630E-20  7.2106E-03  8.5198E-20
  7.1972E-03  9.5127E-20  7.1834E-03  9.2172E-20  7.1693E-03  9.4341E-20
  7.1548E-03  9.7762E-20  7.1399E-03  9.9258E-20  7.1246E-03  9.4445E-20
  7.1090E-03  9.7824E-20  7.0930E-03  8.9309E-20  7.0766E-03  1.0761E-19
  7.0599E-03  9.7884E-20  7.0428E-03  1.0243E-19  7.0253E-03  9.5875E-20
  7.0075E-03  9.5494E-20  6.9893E-03  9.5117E-20  6.9708E-03  8.5025E-20
  6.9520E-03  8.9531E-20  6.9327E-03  9.2797E-20  6.9132E-03  8.4033E-20
  6.8933E-03  8.7295E-20  6.8730E-03  8.6958E-20  6.8525E-03  9.2556E-20
  6.8315E-03  8.0381E-20  6.8103E-03  8.1252E-20  6.7887E-03  8.2116E-20
  6.7668E-03  8.8817E-20  6.7446E-03  8.1496E-20  6.7220E-03  8.4669E-20
  6.6991E-03  8.5508E-20  6.6759E-03  7.7130E-20  6.6524E-03  7.4550E-20
  6.6286E-03  7.6559E-20  6.6045E-03  8.4245E-20  6.5800E-03  7.8264E-20
  6.5553E-03  7.3457E-20  6.5302E-03  8.1071E-20  6.5048E-03  7.8533E-20
  6.4792E-03  7.7130E-20  6.4532E-03  7.7965E-20  6.4270E-03  7.8795E-20
  6.4005E-03  7.2983E-20  6.3736E-03  7.1621E-20  6.3465E-03  7.9052E-20
  6.3192E-03  7.4395E-20  6.2915E-03  7.3042E-20  6.2635E-03  7.0612E-20
  6.2353E-03  7.0364E-20  6.2069E-03  7.1197E-20  6.1781E-03  6.9874E-20
  6.1491E-03  6.2133E-20  6.1198E-03  6.9390E-20  6.0903E-03  7.2343E-20
  6.0605E-03  7.4215E-20  6.0304E-03  6.6564E-20  6.0001E-03  6.9496E-20
  5.9696E-03  6.4013E-20  5.9388E-03  7.0071E-20  5.9078E-03  7.0876E-20
  5.8765E-03  6.2327E-20  5.8450E-03  6.3154E-20  5.8132E-03  6.3974E-20
  0.0000E+00  0.0000E+00
  5.8816E-03  1.1419E-19  3.5658E-02  5.8650E-19  6.5434E-02  1.0588E-18
  9.4817E-02  1.4261E-18  1.2284E-01  1.9780E-18  1.4899E-01  2.5391E-18
  1.7287E-01  2.8000E-18  1.9415E-01  3.3224E-18  2.1251E-01  3.5793E-18
  2.2772E-01  3.4834E-18  2.3959E-01  4.1224E-18  2.4800E-01  3.6088E-18
  2.5289E-01  4.0974E-18  2.5430E-01  4.5704E-18  2.5233E-01  4.2344E-18
  2.4715E-01  3.7134E-18  2.3902E-01  3.8666E-18  2.2828E-01  3.8721E-18
  2.1530E-01  3.3964E-18  2.0052E-01  3.3003E-18  1.8442E-01  3.0027E-18
  1.6748E-01  2.7987E-18  1.5016E-01  2.4623E-18  1.3293E-01  2.1209E-18
  1.1616E-01  1.8915E-18  1.0021E-01  1.7368E-18  8.5333E-02  1.4425E-18
  7.1726E-02  1.2321E-18  5.9502E-02  9.8828E-19  4.8704E-02  7.4850E-19
  3.9321E-02  6.1558E-19  3.1291E-02  5.3036E-19  2.4518E-02  3.9101E-19
  1.8886E-02  2.6489E-19  1.4265E-02  2.2953E-19  1.0524E-02  1.6487E-19
  7.5346E-03  1.2768E-19  5.1783E-03  7.5135E-20  3.3471E-03  5.0998E-20
  1.9458E-03  2.9399E-20  8.9223E-04  1.2816E-20  1.1647E-04  5.7627E-22
 -4.3983E-04 -7.2857E-21 -8.2483E-04 -1.4734E-20 -1.0778E-03 -1.8663E-20
 -1.2303E-03 -2.0930E-20 -1.3076E-03 -2.2379E-20 -1.3297E-03 -2.0766E-20
 -1.3121E-03 -2.1368E-20 -1.2670E-03 -2.0930E-20 -1.2035E-03 -1.9912E-20
 -1.1286E-03 -1.9464E-20 -1.0477E-03 -1.8335E-20 -9.6449E-04 -1.6093E-20
 -8.8179E-04 -1.5301E-20 -8.0152E-04 -1.2496E-20 -7.2498E-04 -1.1636E-20
 -6.5297E-04 -1.1233E-20 -5.8597E-04 -9.8355E-21 -5.2416E-04 -8.7183E-21
 -4.6756E-04 -7.9414E-21 -4.1603E-04 -6.5005E-21 -3.6936E-04 -6.0436E-21
 -3.2728E-04 -6.1245E-21 -2.8948E-04 -4.4332E-21 -2.5563E-04 -4.2469E-21
 -2.2542E-04 -3.9165E-21 -1.9851E-04 -3.3261E-21 -1.7460E-04 -2.7406E-21
 -1.5340E-04 -2.3430E-21 -1.3464E-04 -2.2686E-21 -1.1806E-04 -1.8657E-21
 -1.0343E-04 -1.7660E-21 -9.0543E-05 -1.4562E-21 -7.9201E-05 -1.3048E-21
 -6.9230E-05 -1.1448E-21 -6.0476E-05 -9.6814E-22 -5.2796E-05 -8.5235E-22
 -4.6064E-05 -7.6828E-22 -4.0169E-05 -6.7135E-22 -3.5010E-05 -5.9968E-22
 -3.0499E-05 -4.5795E-22 -2.6557E-05 -4.2643E-22 -2.3115E-05 -3.8565E-22
 -2.0110E-05 -3.1961E-22 -1.7489E-05 -2.8638E-22 -1.5204E-05 -2.3094E-22
 -1.3213E-05 -2.0690E-22 -1.1479E-05 -1.9081E-22 -9.9688E-06 -1.5866E-22
 -8.6547E-06 -1.3446E-22 -7.5116E-06 -1.2559E-22 -6.5176E-06 -1.0708E-22
 -5.6536E-06 -8.8178E-23 -4.9028E-06 -8.5388E-23 -4.2506E-06 -7.3913E-23
 -3.6843E-06 -6.2371E-23 -3.1926E-06 -5.4255E-23 -2.7660E-06 -3.9386E-23
 -2.3958E-06 -4.0605E-23 -2.0747E-06 -3.4125E-23 -1.7962E-06 -2.8399E-23
 -1.5549E-06 -2.3865E-23 -1.3457E-06 -2.2978E-23 -1.1644E-06 -1.8650E-23
 -1.0073E-06 -1.7576E-23 -8.7131E-07 -1.3998E-23 -7.5352E-07 -1.1362E-23
 -6.5155E-07 -1.0627E-23 -5.6328E-07 -8.9498E-24 -4.8689E-07 -7.6336E-24
 -4.2079E-07 -6.0483E-24 -3.6362E-07 -5.6473E-24 -3.1416E-07 -5.5057E-24
 -2.7139E-07 -4.5108E-24 -2.3441E-07 -3.4354E-24 -2.0244E-07 -3.0159E-24
 -1.7481E-07 -2.9526E-24 -1.5092E-07 -2.5792E-24 -1.3029E-07 -2.1330E-24
 -1.1246E-07 -1.8258E-24 -9.7057E-08 -1.6912E-24 -8.3754E-08 -1.3013E-24
 -7.2266E-08 -1.2457E-24 -6.2346E-08 -9.1448E-25 -5.3782E-08 -9.4546E-25
 -4.6389E-08 -7.3742E-25 -4.0007E-08 -6.1905E-25 -3.4500E-08 -5.3684E-25
 -2.9747E-08 -4.3906E-25 -2.5647E-08 -4.0335E-25 -2.2109E-08 -3.4312E-25
 -1.9058E-08 -2.7208E-25 -1.6425E-08 -2.3762E-25 -1.4155E-08 -2.2304E-25
 -1.2198E-08 -1.8645E-25 -1.0510E-08 -1.6055E-25 -9.0549E-09 -1.4386E-25
 -7.8005E-09 -1.1832E-25 -6.7192E-09 -1.1176E-25 -5.7873E-09 -8.1250E-26
 -4.9842E-09 -7.7592E-26 -4.2921E-09 -6.2816E-26 -3.6958E-09 -5.6834E-26
 -3.1821E-09 -4.9423E-26 -2.7395E-09 -4.0748E-26 -2.3583E-09 -3.7709E-26
 -2.0300E-09 -3.2427E-26 -1.7472E-09 -2.6517E-26 -1.5037E-09 -2.4209E-26
 -1.2940E-09 -1.9327E-26 -1.1135E-09 -1.5868E-26 -9.5810E-10 -1.3801E-26
 -8.2431E-10 -1.2121E-26 -7.0914E-10 -1.1106E-26 -6.1002E-10 -8.8375E-27
 -5.2472E-10 -7.4898E-27 -4.5130E-10 -7.2500E-27 -3.8813E-10 -5.7093E-27
 -3.3378E-10 -5.4249E-27 -2.8702E-10 -4.6614E-27 -2.4679E-10 -3.5301E-27
 -2.1218E-10 -2.9498E-27 -1.8241E-10 -2.9075E-27 -1.5681E-10 -2.3304E-27
 -1.3479E-10 -2.1646E-27 -1.1586E-10 -1.8140E-27 -9.9578E-11 -1.4419E-27
 -8.5578E-11 -1.2731E-27 -7.3542E-11 -1.1321E-27 -6.3194E-11 -8.6033E-28
 -5.4298E-11 -8.4974E-28 -4.6652E-11 -7.1841E-28 -4.0079E-11 -6.0237E-28
 -3.4431E-11 -5.1769E-28 -2.9576E-11 -4.5575E-28 -2.5404E-11 -3.7308E-28
 -2.1820E-11 -3.3118E-28 -1.8740E-11 -2.9577E-28 -1.6093E-11 -2.5215E-28
 -1.3820E-11 -1.9868E-28 -1.1867E-11 -1.7217E-28 -1.0189E-11 -1.5981E-28
 -8.7478E-12 -1.2314E-28 -7.5101E-12 -1.1102E-28 -6.4471E-12 -1.0274E-28
 -5.5342E-12 -8.0720E-29 -4.7503E-12 -7.1500E-29 -4.0772E-12 -6.5522E-29
 -3.4992E-12 -5.4324E-29 -3.0030E-12 -4.6328E-29 -2.5770E-12 -3.5276E-29
 -2.2113E-12 -3.1289E-29 -1.8974E-12 -2.5659E-29 -1.6279E-12 -2.4161E-29
 -1.3967E-12 -1.9114E-29 -1.1982E-12 -1.6813E-29 -1.0278E-12 -1.3798E-29
 -8.8167E-13 -1.2140E-29 -7.5624E-13 -1.0593E-29 -6.4862E-13 -9.9802E-30
 -5.5628E-13 -7.8809E-30 -4.7706E-13 -6.5268E-30 -4.0909E-13 -6.2797E-30
 -3.5079E-13 -5.1431E-30 -3.0078E-13 -3.9917E-30 -2.5789E-13 -3.8995E-30
 -2.2110E-13 -3.3936E-30 -1.8954E-13 -2.6116E-30 -1.6248E-13 -2.1960E-30
 -1.3928E-13 -1.9564E-30 -1.1938E-13 -1.6693E-30 -1.0232E-13 -1.3341E-30
 -8.7695E-14 -1.2925E-30 -7.5155E-14 -1.1029E-30 -6.4404E-14 -9.0379E-31
 -5.5188E-14 -7.6595E-31 -4.7288E-14 -6.4457E-31 -4.0516E-14 -5.8882E-31
 -3.4713E-14 -4.1656E-31 -2.9739E-14 -4.4297E-31 -2.5476E-14 -3.8047E-31
 -2.1823E-14 -3.1650E-31 -1.8693E-14 -2.5785E-31 -1.6011E-14 -2.3505E-31
 -1.3713E-14 -1.7762E-31 -1.1744E-14 -1.7015E-31 -1.0057E-14 -1.3406E-31
 -8.6123E-15 -1.2397E-31 -7.3746E-15 -1.0040E-31 -6.3143E-15 -8.6857E-32
 -5.4063E-15 -6.7224E-32 -4.6285E-15 -5.7386E-32 -3.9624E-15 -4.9349E-32
 -3.3920E-15 -4.0898E-32 -2.9035E-15 -3.7540E-32 -2.4853E-15 -3.2272E-32
 -2.1271E-15 -3.0613E-32 -1.8205E-15 -2.3849E-32 -1.5580E-15 -1.8409E-32
 -1.3333E-15 -1.7622E-32 -1.1409E-15 -1.4639E-32 -9.7622E-16 -1.2846E-32
 -8.3527E-16 -1.1413E-32 -7.1463E-16 -9.9347E-33 -6.1138E-16 -8.1046E-33
 -5.2302E-16 -7.1970E-33 -4.4740E-16 -5.6333E-33 -3.8269E-16 -5.8194E-33
 -3.2733E-16 -4.5384E-33 -2.7996E-16 -4.0716E-33 -2.3943E-16 -3.2675E-33
 -2.0475E-16 -2.7903E-33 -1.7509E-16 -2.3828E-33 -1.4972E-16 -1.8262E-33
 -1.2801E-16 -1.6486E-33 -1.0945E-16 -1.4650E-33 -9.3573E-17 -1.1374E-33
 -7.9995E-17 -1.0130E-33 -6.8383E-17 -8.6518E-34 -5.8453E-17 -7.8952E-34
 -4.9962E-17 -5.8786E-34 -4.2702E-17 -5.0947E-34 -3.6495E-17 -4.4144E-34
 -3.1188E-17 -4.0936E-34 -2.6652E-17 -3.2204E-34 -2.2774E-17 -2.8685E-34
 -1.9459E-17 -2.4837E-34 -1.6625E-17 -1.9208E-34 -1.4204E-17 -1.5917E-34
 -1.2134E-17 -1.4015E-34 -1.0365E-17 -1.3222E-34 -8.8541E-18 -1.0531E-34
 -7.5626E-18 -8.4745E-35 -6.4591E-18 -8.0188E-35 -5.5163E-18 -6.6598E-35
 -4.7108E-18 -5.6079E-35 -4.0227E-18 -4.8601E-35 -3.4349E-18 -4.2112E-35
 -2.9328E-18 -3.3442E-35 -2.5039E-18 -2.8137E-35 -2.1376E-18 -2.6626E-35
 -1.8248E-18 -2.1484E-35 -1.5577E-18 -1.8084E-35 -1.3296E-18 -1.4989E-35
 -1.1348E-18 -1.2806E-35 -9.6850E-19 -1.1109E-35 -8.2651E-19 -9.3478E-36
 -7.0530E-19 -7.1266E-36 -6.0182E-19 -6.8238E-36 -5.1349E-19 -6.0994E-36
 -4.3809E-19 -5.3648E-36 -3.7374E-19 -4.1254E-36 -3.1883E-19 -3.6928E-36
 -3.3731E-21 -3.6171E-38 -2.8675E-21 -3.3833E-38 -2.4375E-21 -2.9243E-38
 -2.0718E-21 -2.1974E-38 -1.7610E-21 -1.9027E-38 -1.4966E-21 -1.6470E-38
 -2.8351E-22 -2.9251E-39
