# KN1=   5   3
  0.1973000   -0.8773    0.000000    0.000  -86.306   85.429    0.997
  0.1977768   -0.8800  -20.745846    0.000  -86.472   85.592    0.997
  0.1982543   -0.8829  -18.752919    0.000  -86.639   85.756    0.997
  0.1987323   -0.8861  -17.116953    0.000  -86.805   85.919    0.997
  0.1992108   -0.8888  -20.375077    0.000  -86.971   86.083    0.998
  0.1996900   -0.8918  -18.444018    0.000  -87.138   86.246    0.998
  0.2001697   -0.8942  -22.231454    0.000  -87.304   86.410    0.998
  0.2006500   -0.8986  -12.685300    0.000  -87.471   86.572    0.998
  0.2011309   -0.9016  -18.088643    0.000  -87.637   86.736    0.998
  0.2016124   -0.9034  -31.336719    0.000  -87.804   86.901    0.999
  0.2020944   -0.9070  -15.233984    0.000  -87.971   87.064    0.999
  0.2025770   -0.9101  -17.671952    0.000  -88.137   87.227    0.999
  0.2030602   -0.9128  -21.006376    0.000  -88.304   87.391    0.999
  0.2035439   -0.9157  -18.924620    0.000  -88.471   87.555    0.999
  0.2040283   -0.9197  -13.855282    0.000  -88.638   87.718    0.999
  0.2045132   -0.9224  -20.322583    0.000  -88.805   87.882    0.999
  0.2049986   -0.9247  -24.730698    0.000  -88.972   88.047    0.999
  0.2054847   -0.9280  -16.737244    0.000  -89.139   88.211    1.000
  0.2059713   -0.9316  -15.386389    0.000  -89.306   88.374    1.000
  0.2064585   -0.9348  -17.761157    0.000  -89.473   88.538    1.000
  0.2069463   -0.9375  -20.967946    0.000  -89.640   88.702    1.000
  0.2074347   -0.9404  -18.860112    0.000  -89.807   88.866    1.000
  0.2079236   -0.9437  -17.140643    0.000  -89.974   89.030    1.000
  0.2084131   -0.9465  -20.055211    0.000  -90.141   89.195    1.000
  0.2089032   -0.9496  -18.110348    0.000  -90.309   89.359    1.000
  0.2093939   -0.9530  -16.510319    0.000  -90.476   89.523    1.000
  0.2098851   -0.9567  -15.172442    0.000  -90.643   89.687    1.000
  0.2103769   -0.9592  -22.765399    0.000  -90.811   89.852    1.000
  0.2108693   -0.9620  -20.263053    0.000  -90.978   90.016    1.000
  0.2113623   -0.9658  -14.627311    0.000  -91.146   90.180    1.000
  0.2118558   -0.9685  -21.454552    0.000  -91.313   90.345    1.000
  0.2123499   -0.9714  -19.206129    0.000  -91.481   90.510    1.000
  0.2128446   -0.9747  -17.385945    0.000  -91.649   90.674    1.000
  0.2133399   -0.9782  -15.884137    0.000  -91.816   90.838    1.000
  0.2138357   -0.9814  -18.191117    0.000  -91.984   91.003    1.000
  0.2143321   -0.9848  -16.546403    0.000  -92.152   91.167    1.000
  0.2148291   -0.9878  -19.028473    0.000  -92.320   91.332    1.000
  0.2153267   -0.9911  -17.222288    0.000  -92.488   91.496    1.000
  0.2158249   -0.9940  -19.894336    0.000  -92.655   91.661    1.000
  0.2163236   -0.9972  -17.913104    0.000  -92.823   91.826    0.999
  0.2168229   -1.0007  -16.295072    0.000  -92.991   91.991    0.999
  0.2173227   -1.0038  -18.626993    0.000  -93.159   92.156    0.999
  0.2178232   -1.0072  -16.872392    0.000  -93.327   92.320    0.999
  0.2183242   -1.0109  -15.424534    0.000  -93.496   92.485    0.999
  0.2188258   -1.0134  -22.617580    0.000  -93.664   92.650    0.999
  0.2193280   -1.0163  -20.061798    0.000  -93.832   92.816    0.999
  0.2198307   -1.0202  -14.593760    0.000  -94.000   92.980    0.999
  0.2203340   -1.0230  -20.781450    0.000  -94.168   93.145    0.998
  0.2208379   -1.0261  -18.591659    0.000  -94.337   93.311    0.998
  0.2213424   -1.0296  -16.823229    0.000  -94.505   93.476    0.998
  0.2218475   -1.0333  -15.357585    0.000  -94.674   93.640    0.998
  0.2223531   -1.0367  -17.274466    0.000  -94.842   93.805    0.998
  0.2228593   -1.0396  -19.697770    0.000  -95.010   93.971    0.998
  0.2233661   -1.0429  -17.699793    0.000  -95.179   94.136    0.997
  0.2238734   -1.0458  -20.224823    0.000  -95.348   94.302    0.997
  0.2243814   -1.0497  -14.720611    0.000  -95.516   94.466    0.997
  0.2248899   -1.0525  -20.721844    0.000  -95.685   94.632    0.997
  0.2253989   -1.0557  -18.501634    0.000  -95.854   94.798    0.996
  0.2259086   -1.0592  -16.710200    0.000  -96.022   94.963    0.996
  0.2264188   -1.0623  -18.861085    0.000  -96.191   95.129    0.996
  0.2269296   -1.0657  -16.994394    0.000  -96.360   95.294    0.996
  0.2274410   -1.0695  -15.477181    0.000  -96.529   95.459    0.995
  0.2279530   -1.0729  -17.257058    0.000  -96.698   95.625    0.995
  0.2284655   -1.0759  -19.476672    0.000  -96.867   95.791    0.995
  0.2289786   -1.0793  -17.488284    0.000  -97.035   95.956    0.995
  0.2294923   -1.0830  -15.864450    0.000  -97.204   96.121    0.994
  0.2300066   -1.0863  -17.675528    0.000  -97.374   96.287    0.994
  0.2305214   -1.0893  -19.958970    0.000  -97.543   96.453    0.994
  0.2310368   -1.0926  -17.840546    0.000  -97.712   96.619    0.993
  0.2315528   -1.0963  -16.122989    0.000  -97.881   96.785    0.993
  0.2320693   -1.0996  -17.970240    0.000  -98.050   96.951    0.993
  0.2325865   -1.1032  -16.226307    0.000  -98.219   97.116    0.992
  0.2331042   -1.1065  -18.049380    0.000  -98.389   97.282    0.992
  0.2336225   -1.1102  -16.294440    0.000  -98.558   97.448    0.992
  0.2341414   -1.1134  -18.103435    0.000  -98.727   97.614    0.991
  0.2346608   -1.1171  -16.320818    0.000  -98.897   97.780    0.991
  0.2351808   -1.1197  -23.138492    0.000  -99.066   97.947    0.990
  0.2357014   -1.1233  -16.313482    0.000  -99.236   98.112    0.990
  0.2362226   -1.1266  -18.076793    0.000  -99.405   98.279    0.990
  0.2367443   -1.1310  -13.635779    0.000  -99.575   98.444    0.989
  0.2372666   -1.1336  -22.912710    0.000  -99.744   98.611    0.989
  0.2377895   -1.1373  -16.222430    0.000  -99.914   98.777    0.988
  0.2383130   -1.1407  -17.890946    0.000 -100.084   98.943    0.988
  0.2388370   -1.1444  -16.127607    0.000 -100.253   99.109    0.987
  0.2393616   -1.1478  -17.747496    0.000 -100.423   99.275    0.987
  0.2398868   -1.1508  -19.701439    0.000 -100.593   99.442    0.986
  0.2404126   -1.1550  -14.570124    0.000 -100.763   99.608    0.986
  0.2409390   -1.1581  -19.473837    0.000 -100.932   99.774    0.985
  0.2414659   -1.1622  -14.443442    0.000 -101.102   99.940    0.985
  0.2419934   -1.1654  -19.158952    0.000 -101.272  100.107    0.984
  0.2425214   -1.1682  -21.367004    0.000 -101.442  100.274    0.984
  0.2430501   -1.1721  -15.475587    0.000 -101.612  100.440    0.983
  0.2435793   -1.1757  -16.867003    0.000 -101.782  100.606    0.983
  0.2441091   -1.1790  -18.501304    0.000 -101.952  100.773    0.982
  0.2446395   -1.1827  -16.566997    0.000 -102.122  100.940    0.982
  0.2451704   -1.1860  -18.130348    0.000 -102.293  101.107    0.981
  0.2457020   -1.1898  -16.271408    0.000 -102.463  101.273    0.981
  0.2462341   -1.1932  -17.732977    0.000 -102.633  101.440    0.980
  0.2467667   -1.1971  -15.951995    0.000 -102.803  101.606    0.980
  0.2473000   -1.2006  -17.319974    0.000 -102.973  101.773    0.979
 &
