         7  1.3201E-02
         8  1.8756E-02
         9  3.0295E-02
        10  3.9977E-02
        11  5.5790E-02
        12  7.4259E-02
        13  9.5802E-02
        14  1.2114E-01
        15  1.5132E-01
        16  1.8557E-01
        17  2.2669E-01
        18  2.7284E-01
        19  3.2555E-01
        20  3.8502E-01
        21  4.5212E-01
        22  5.2720E-01
        23  6.1155E-01
        24  7.0465E-01
        25  8.0965E-01
        26  9.2494E-01
        27  1.0525E+00
        28  1.1954E+00
        29  1.3509E+00
        30  1.5236E+00
        31  1.7135E+00
        32  1.9223E+00
        33  2.1521E+00
        34  2.4048E+00
        35  2.6826E+00
        36  2.9880E+00
        37  3.3239E+00
        38  3.6942E+00
        39  4.1013E+00
        40  4.5506E+00
        41  5.0457E+00
        42  5.5927E+00
        43  6.1974E+00
        44  6.8685E+00
        45  7.6137E+00
        46  8.4425E+00
        47  9.3674E+00
        48  1.0402E+01
        49  1.1562E+01
        50  1.2868E+01
        51  1.4343E+01
        52  1.6013E+01
        53  1.7914E+01
        54  2.0082E+01
        55  2.2566E+01
        56  2.5419E+01
        57  2.8705E+01
        58  3.2492E+01
        59  3.6850E+01
        60  4.1844E+01
        61  4.7512E+01
        62  5.3852E+01
        63  6.0791E+01
        64  6.8171E+01
        65  7.5755E+01
        66  8.3266E+01
        67  9.0442E+01
        68  9.7084E+01
        69  1.0308E+02
        70  1.0839E+02
        71  1.1305E+02
        72  1.1710E+02
        73  1.2061E+02
        74  1.2366E+02
        75  1.2631E+02
        76  1.2862E+02
        77  1.3063E+02
        78  1.3240E+02
        79  1.3396E+02
        80  1.3533E+02
        81  1.3655E+02
        82  1.3763E+02
        83  1.3860E+02
        84  1.3946E+02
        85  1.4023E+02
        86  1.4092E+02
        87  1.4154E+02
        88  1.4210E+02
        89  1.4260E+02
        90  1.4306E+02
        91  1.4347E+02
        92  1.4383E+02
        93  1.4417E+02
        94  1.4447E+02
        95  1.4473E+02
        96  1.4498E+02
        97  1.4519E+02
        98  1.4539E+02
        99  1.4556E+02
       100  1.4572E+02
