# KN1,E,l,j,2j+1,N =   5   0.22230   1  1.5   4 301
   9.99999931E-04   0.0000000000000000        0.0000000000000000     
  0.100000001       2.9419067299170171E-005  -9.1232997410795544E-021
  0.200000003       1.1301667712110741E-004  -3.5098928342315323E-020
  0.300000012       2.5028972052479494E-004  -7.7712241510583108E-020
  0.400000006       4.3769961675874564E-004  -1.3579706640546220E-019
  0.500000000       6.7050617004887187E-004  -2.0806431422380234E-019
  0.600000024       9.4290631442934159E-004  -2.9255222173955746E-019
  0.699999988       1.2481820998697071E-003  -3.8742133016720798E-019
  0.800000012       1.5788812046659871E-003  -4.9023533505146454E-019
  0.899999976       1.9270209083068878E-003  -5.9786324271484676E-019
   1.00000000       2.2843082099717766E-003  -7.0815249500408755E-019
   1.10000002       2.6423691288188678E-003  -8.1953759508044612E-019
   1.20000005       2.9929799245447526E-003  -9.2904409895031652E-019
   1.29999995       3.3282925208110753E-003  -1.0321320657813526E-018
   1.39999998       3.6410461412209735E-003  -1.1306800917800426E-018
   1.50000000       3.9247571055971717E-003  -1.2188175638011101E-018
   1.60000002       4.1738790589728970E-003  -1.2956834585832495E-018
   1.70000005       4.3839266318387400E-003  -1.3617474251780821E-018
   1.79999995       4.5515568854309716E-003  -1.4136436453823165E-018
   1.89999998       4.6746047182768405E-003  -1.4500414468830239E-018
   2.00000000       4.7520707829166453E-003  -1.4747762969351179E-018
   2.09999990       4.7840632452576656E-003  -1.4839344534417477E-018
   2.20000005       4.7716976057630674E-003  -1.4803338107126454E-018
   2.29999995       4.7169616266169185E-003  -1.4633481700123152E-018
   2.40000010       4.6225546990254695E-003  -1.4344647533375603E-018
   2.50000000       4.4917124773187376E-003  -1.3937618355303174E-018
   2.59999990       4.3280281162491633E-003  -1.3432745624809491E-018
   2.70000005       4.1352807978279589E-003  -1.2815157121926514E-018
   2.79999995       3.9172806223489887E-003  -1.2150603713881338E-018
   2.90000010       3.6777365697460060E-003  -1.1424213180705934E-018
   3.00000000       3.4201515249979312E-003  -1.0598413598270522E-018
   3.09999990       3.1477456394881707E-003  -9.7546108021896067E-019
   3.20000005       2.8634069374842345E-003  -8.8736274561886113E-019
   3.29999995       2.5696662997608368E-003  -7.9640737928806070E-019
   3.40000010       2.2686928158461963E-003  -7.0286894317333980E-019
   3.50000000       1.9623050124796433E-003  -6.0799983474568913E-019
   3.59999990       1.6519934961631876E-003  -5.1101730558573955E-019
   3.70000005       1.3389509609547292E-003  -4.1421089482014807E-019
   3.79999995       1.0241061396606640E-003  -3.1619122400453306E-019
   3.90000010       7.0815900134793249E-004  -2.1825961238609727E-019
   4.00000000       3.9161520568530255E-004  -1.1991705784749216E-019
   4.09999990       7.4818459067856727E-005  -2.1606302463424004E-020
   4.19999981      -2.4202005258750010E-004   7.6890355670244579E-020
   4.30000019      -5.5879556845547112E-004   1.7529650851792346E-019
   4.40000010      -8.7548710516169325E-004   2.7362927870128641E-019
   4.50000000      -1.1921381589324817E-003   3.7190334275319661E-019
   4.59999990      -1.5088405275857767E-003   4.7025568164704399E-019
   4.69999981      -1.8257209485009725E-003   5.6862758925137524E-019
   4.80000019      -2.1429302172545320E-003   6.6819318819524606E-019
   4.90000010      -2.4606344495808003E-003   7.6509744251325889E-019
   5.00000000      -2.7790081645069757E-003   8.6431080466841284E-019
   5.09999990      -3.0982288941202008E-003   9.6411122813809477E-019
   5.19999981      -3.4184730569544104E-003   1.0625027044529106E-018
   5.30000019      -3.7399128654376037E-003   1.1637903499193951E-018
   5.40000010      -4.0627140707289802E-003   1.2639821475987619E-018
   5.50000000      -4.3870343788192188E-003   1.3646435943297510E-018
   5.59999990      -4.7130223985083590E-003   1.4648353920091184E-018
   5.69999981      -5.0408170062459451E-003   1.5669057858949735E-018
   5.80000019      -5.3705470335393222E-003   1.6688979049388910E-018
   5.90000010      -5.7023312002119761E-003   1.7722206962957381E-018
   6.00000000      -6.0362782315168491E-003   1.8757000373364596E-018
   6.09999990      -6.3724871095105608E-003   1.9794142029029914E-018
   6.19999981      -6.7110474199985294E-003   2.0855548885695706E-018
   6.30000019      -7.0520397634113762E-003   2.1920086736038976E-018
   6.40000010      -7.3955362058931995E-003   2.2984624586382254E-018
   6.50000000      -7.7416007518641937E-003   2.4064817405112932E-018
   6.59999990      -8.0902898244669588E-003   2.5116831280746276E-018
   6.69999981      -8.4416527424184141E-003   2.6207982577348140E-018
   6.80000019      -8.7957321862700555E-003   2.7325747320208566E-018
   6.90000010      -9.1525646484890005E-003   2.8401243648423017E-018
   7.00000000      -9.5121808628618274E-003   2.9573800780639363E-018
   7.09999990      -9.8746062118828127E-003   3.0647731612015075E-018
   7.19999981      -1.0239861110451134E-002   3.1823419737908887E-018
   7.30000019      -1.0607961364982453E-002   3.2945880971285547E-018
   7.40000010      -1.0978918508112225E-002   3.4104348631953237E-018
   7.50000000      -1.1352740110149003E-002   3.5231506355846100E-018
   7.59999990      -1.1729430066516130E-002   3.6477641839483229E-018
   7.69999981      -1.2108988864039480E-002   3.7560965651891369E-018
   7.80000019      -1.2491413826391981E-002   3.8780487689269920E-018
   7.90000010      -1.2876699339650199E-002   3.9967134293034929E-018
   8.00000000      -1.3264837059116460E-002   4.1200745801962131E-018
   8.10000038      -1.3655816099971749E-002   4.2356082468952340E-018
   8.19999981      -1.4049623211677353E-002   4.3595955965234505E-018
   8.30000019      -1.4446242937879727E-002   4.4826436480484218E-018
   8.39999962      -1.4845657762832601E-002   4.6013083084249227E-018
   8.50000000      -1.5247848245422996E-002   4.7309314466726038E-018
   8.60000038      -1.5652793141863790E-002   4.8546056969330714E-018
   8.69999981      -1.6060469518533842E-002   4.9814109408710213E-018
   8.80000019      -1.6470852854833400E-002   5.1094685822799616E-018
   8.89999962      -1.6883917137948470E-002   5.2409703167341308E-018
   9.00000000      -1.7299634949479132E-002   5.3633921695236081E-018
   9.10000038      -1.7717977544999021E-002   5.4961463014487676E-018
   9.19999981      -1.8138914927144693E-002   5.6307790295804185E-018
   9.30000019      -1.8562415912987136E-002   5.7588366709893603E-018
   9.39999962      -1.8988448195735110E-002   5.8897122067080301E-018
   9.50000000      -1.9416978402328158E-002   6.0193353449557135E-018
   9.60000038      -1.9847972145978304E-002   6.1608562591778153E-018
   9.69999981      -2.0281394074910534E-002   6.2917317948964905E-018
   9.80000019      -2.0717207917631299E-002   6.4266776223958887E-018
   9.89999962      -2.1155376524709914E-002   6.5588055555855527E-018
   10.0000000      -2.1595861907845265E-002   6.6906203894074678E-018
   10.1000004      -2.2038625276134361E-002   6.8249400181713704E-018
   10.1999998      -2.2483627069995859E-002   6.9677133298644710E-018
   10.3000002      -2.2930826992775065E-002   7.1070425485123365E-018
   10.3999996      -2.3380184040401802E-002   7.2457455684247103E-018
   10.5000000      -2.3831656528830521E-002   7.3875795820145687E-018
   10.6000004      -2.4285202120373047E-002   7.5225254095139630E-018
   10.6999998      -2.4740777848517054E-002   7.6659249199425576E-018
   10.8000002      -2.5198340140790705E-002   7.8061934366936676E-018
   10.8999996      -2.5657844841209983E-002   7.9533501395352401E-018
   11.0000000      -2.6119247230806185E-002   8.0854780727249056E-018
   11.1000004      -2.6582502047251769E-002   8.2238679932695297E-018
   11.1999998      -2.7047563504126841E-002   8.3866796644985024E-018
   11.3000002      -2.7514385308431435E-002   8.5156766040106894E-018
   11.3999996      -2.7982920678137711E-002   8.6622071081167610E-018
   11.5000000      -2.8453122358378692E-002   8.8068590160163436E-018
   11.6000004      -2.8924942637255282E-002   8.9490061289739456E-018
   11.6999998      -2.9398333361195180E-002   9.0961628318155150E-018
   11.8000002      -2.9873245949378801E-002   9.2433195346570875E-018
   11.8999996      -3.0349631407658777E-002   9.3979906223246111E-018
   12.0000000      -3.0827440341946018E-002   9.5432687289596900E-018
   12.1000004      -3.1306622972020880E-002   9.6860420406527899E-018
   12.1999998      -3.1787129143469886E-002   9.8382083333783236E-018
   12.3000002      -3.2268908340876507E-002   9.9809816450714250E-018
   12.3999996      -3.2751909698753343E-002   1.0123128758029027E-017
   12.5000000      -3.3236082014345407E-002   1.0284688031787009E-017
   12.6000004      -3.3721373757974550E-002   1.0428713740951095E-017
   12.6999998      -3.4207733084823638E-002   1.0576496642528164E-017
   12.8000002      -3.4695107845093491E-002   1.0723027146634240E-017
   12.8999996      -3.5183445595204713E-002   1.0867679054533824E-017
   13.0000000      -3.5672693607796735E-002   1.1024228738407832E-017
   13.1000004      -3.6162798882079135E-002   1.1163871056423453E-017
   13.1999998      -3.6653708153602797E-002   1.1330439920065398E-017
   13.3000002      -3.7145367903881420E-002   1.1474465629229489E-017
   13.3999996      -3.7637724370296180E-002   1.1626005723219531E-017
   13.5000000      -3.8130723555060662E-002   1.1786312599506517E-017
   13.6000004      -3.8624311234990799E-002   1.1921571526373665E-017
   13.6999998      -3.9118432970397660E-002   1.2083130800131644E-017
   13.8000002      -3.9613034113754775E-002   1.2235923291592680E-017
   13.8999996      -4.0108059819215676E-002   1.2376818007079286E-017
   14.0000000      -4.0603455050782312E-002   1.2520217517507879E-017
   14.1000004      -4.1099164590990687E-002   1.2686160182414327E-017
   14.1999998      -4.1595133049643150E-002   1.2848971853643299E-017
   14.3000002      -4.2091304872133195E-002   1.2986735575452432E-017
   14.3999996      -4.2587624347813206E-002   1.3145163855532936E-017
   14.5000000      -4.3084035618059409E-002   1.3287937167226032E-017
   14.6000004      -4.3580482684496796E-002   1.3436972466274083E-017
   14.6999998      -4.4076909417029360E-002   1.3598531740032069E-017
   14.8000002      -4.4573259562095631E-002   1.3755081423906080E-017
   14.8999996      -4.5069476750270399E-002   1.3911631107780091E-017
   15.0000000      -4.5565504503968547E-002   1.4050021028324709E-017
   15.1000004      -4.6061286245552696E-002   1.4199682526108261E-017
   15.1999998      -4.6556765304883611E-002   1.4338698645388384E-017
   15.3000002      -4.7051884926838074E-002   1.4498379322939877E-017
   15.3999996      -4.7546588279292035E-002   1.4661817192904341E-017
   15.5000000      -4.8040818460167417E-002   1.4798328517242489E-017
   15.6000004      -4.8534518505253914E-002   1.4962392585942440E-017
   15.6999998      -4.9027631395617964E-002   1.5110175487519512E-017
   15.8000002      -4.9520100064589338E-002   1.5252948799212610E-017
   15.8999996      -5.0011867405419519E-002   1.5398226905847697E-017
   16.0000000      -5.0502876278589869E-002   1.5542252615011779E-017
   16.1000004      -5.0993069518756186E-002   1.5692540311530830E-017
   16.2000008      -5.1482389942179400E-002   1.5836566020694924E-017
   16.2999992      -5.1970780353885512E-002   1.5995620499510917E-017
   16.3999996      -5.2458183554761534E-002   1.6145908196029977E-017
   16.5000000      -5.2944542348424418E-002   1.6292438700136041E-017
   16.6000004      -5.3429799548616048E-002   1.6432707216887151E-017
   16.7000008      -5.3913897985592395E-002   1.6572975733638276E-017
   16.7999992      -5.4396780513642051E-002   1.6719506237744334E-017
   16.8999996      -5.4878390017635260E-002   1.6863531946908431E-017
   17.0000000      -5.5358669420148048E-002   1.7006305258601529E-017
   17.1000004      -5.5837561687936091E-002   1.7176631314656459E-017
   17.2000008      -5.6315009839342962E-002   1.7311890241523605E-017
   17.2999992      -5.6790956950452436E-002   1.7432120398738842E-017
   17.3999996      -5.7265346162225492E-002   1.7593679672496824E-017
   17.5000000      -5.7738120687017523E-002   1.7727686201892970E-017
   17.6000004      -5.8209223815519635E-002   1.7871711911057061E-017
   17.7000008      -5.8678598923068044E-002   1.8013232825279167E-017
   17.7999992      -5.9146189476700521E-002   1.8144734559733341E-017
   17.8999996      -5.9611939041001726E-002   1.8293769858781402E-017
   18.0000000      -6.0075791285380119E-002   1.8435290773003489E-017
   18.1000004      -6.0537689990118340E-002   1.8568044904928665E-017
   18.2000008      -6.0997579052983468E-002   1.8688275062143902E-017
   18.2999992      -6.1455402496007984E-002   1.8849834335901881E-017
   18.3999996      -6.1911104471588395E-002   1.8998869634949939E-017
   18.5000000      -6.2364629268867017E-002   1.9107828214926255E-017
   18.6000004      -6.2815921320025031E-002   1.9245591936735389E-017
   18.7000008      -6.3264925206915845E-002   1.9378346068660546E-017
   18.7999992      -6.3711585667240569E-002   1.9516109790469664E-017
   18.8999996      -6.4155847600880458E-002   1.9638844742626893E-017
   19.0000000      -6.4597656075976562E-002   1.9782870451790978E-017
   19.1000004      -6.5036956335386753E-002   1.9910614993832174E-017
   19.2000008      -6.5473693802697852E-002   2.0048378715641311E-017
   19.2999992      -6.5907814088304734E-002   2.0172366065269526E-017
   19.3999996      -6.6339262995751158E-002   2.0303867799723696E-017
   19.5000000      -6.6767986527645928E-002   2.0446641111416789E-017
   19.6000004      -6.7193930891821740E-002   2.0549337704038138E-017
   19.7000008      -6.7617042507263567E-002   2.0685849028376282E-017
   19.7999992      -6.8037268010160135E-002   2.0796060005823575E-017
   19.8999996      -6.8454554260069189E-002   2.0923804547864774E-017
   20.0000000      -6.8868848345650643E-002   2.1037772717725058E-017
   20.1000004      -6.9280097590527445E-002   2.1174284042063190E-017
   20.2000008      -6.9688249559306928E-002   2.1285747416981491E-017
   20.2999992      -7.0093252063375314E-002   2.1395958394428796E-017
   20.3999996      -7.0495053166658952E-002   2.1506169371876095E-017
   20.5000000      -7.0893601191529307E-002   2.1612623156910419E-017
   20.6000004      -7.1288844724348890E-002   2.1759153661016493E-017
   20.7000008      -7.1680732621498308E-002   2.1898169780296610E-017
   20.7999992      -7.2069214014514479E-002   2.1977070820969115E-017
   20.8999996      -7.2454238316311814E-002   2.2114834542778249E-017
   21.0000000      -7.2835755226478893E-002   2.2201249968276697E-017
   21.1000004      -7.3213714736738045E-002   2.2325237317904915E-017
   21.2000008      -7.3588067136822866E-002   2.2419167128229319E-017
   21.2999992      -7.3958763019786239E-002   2.2534387695560601E-017
   21.3999996      -7.4325753287471902E-002   2.2642093878065918E-017
   21.5000000      -7.4688989155865942E-002   2.2737276085861321E-017
   21.6000004      -7.5048422160830186E-002   2.2827448703772751E-017
   21.7000008      -7.5404004163094535E-002   2.2983998387646752E-017
   21.7999992      -7.5755687353822168E-002   2.3080432992913142E-017
   21.8999996      -7.6103424259641575E-002   2.3145557661404737E-017
   22.0000000      -7.6447167747923456E-002   2.3236982676787153E-017
   22.1000004      -7.6786871032311479E-002   2.3358465231473389E-017
   22.2000008      -7.7122487677682358E-002   2.3444880656971840E-017
   22.2999992      -7.7453971605320054E-002   2.3565110814187084E-017
   22.3999996      -7.7781277097939652E-002   2.3639002264975606E-017
   22.5000000      -7.8104358804585536E-002   2.3710388920822170E-017
   22.6000004      -7.8423171745997694E-002   2.3814337910914500E-017
   22.7000008      -7.8737671319413852E-002   2.3905762926296931E-017
   22.7999992      -7.9047813303422407E-002   2.3970887594788514E-017
   22.8999996      -7.9353553863109355E-002   2.4107398919126646E-017
   23.0000000      -7.9654849554812265E-002   2.4171271190147249E-017
   23.1000004      -7.9951657330551040E-002   2.4277724975181579E-017
   23.2000008      -8.0243934543367937E-002   2.4325316079079275E-017
   23.2999992      -8.0531638951725465E-002   2.4390440747570861E-017
   23.3999996      -8.0814728724340118E-002   2.4489380147779229E-017
   23.5000000      -8.1093162444703618E-002   2.4562019201096780E-017
   23.6000004      -8.1366899115683886E-002   2.4648434626595241E-017
   23.7000008      -8.1635898164209353E-002   2.4728588064738729E-017
   23.7999992      -8.1900119445597150E-002   2.4802479515527257E-017
   23.8999996      -8.2159523247993471E-002   2.4850070619424965E-017
   24.0000000      -8.2414070297131686E-002   2.4938990839865405E-017
   24.1000004      -8.2663721760514508E-002   2.4986581943763103E-017
   24.2000008      -8.2908439251643512E-002   2.5056716202138666E-017
   24.2999992      -8.3148184834197628E-002   2.5114326485804293E-017
   24.3999996      -8.3382921026742982E-002   2.5191975129005805E-017
   24.5000000      -8.3612610806644436E-002   2.5255847400026399E-017
   24.6000004      -8.3837217614032844E-002   2.5297176516569143E-017
   24.7000008      -8.4056705355957814E-002   2.5359796390118741E-017
   24.7999992      -8.4271038410859547E-002   2.5411144686429414E-017
   24.8999996      -8.4480181632215059E-002   2.5482531342275972E-017
   25.0000000      -8.4684100352300201E-002   2.5543898818354577E-017
   25.1000004      -8.4882760386532363E-002   2.5616537871672122E-017
   25.2000008      -8.5076128037065324E-002   2.5646595410975930E-017
   25.2999992      -8.5264170096868222E-002   2.5636576231207995E-017
   25.3999996      -8.5446853853054228E-002   2.5734263233945377E-017
   25.5000000      -8.5624147090775912E-002   2.5770582760604136E-017
   25.6000004      -8.5796018097044971E-002   2.5833202634153749E-017
   25.7000008      -8.5962435664192191E-002   2.5865764968399529E-017
   25.7999992      -8.6123369093434654E-002   2.5903336892529305E-017
   25.8999996      -8.6278788198371134E-002   2.5922122854594192E-017
   26.0000000      -8.6428663308575598E-002   2.5970966355962880E-017
   26.1000004      -8.6572965272756028E-002   2.6006033485150655E-017
   26.2000008      -8.6711665462262583E-002   2.6029829037099515E-017
   26.2999992      -8.6844735774384951E-002   2.6037343421925458E-017
   26.3999996      -8.6972148635439686E-002   2.6067400961229272E-017
   26.5000000      -8.7093877004212561E-002   2.6108730077772011E-017
   26.6000004      -8.7209894374970245E-002   2.6163835566495668E-017
   26.7000008      -8.7320174780566695E-002   2.6162583169024672E-017
   26.7999992      -8.7424692795356251E-002   2.6170097553850625E-017
   26.8999996      -8.7523423538257608E-002   2.6203912285567407E-017
   27.0000000      -8.7616342675825937E-002   2.6227707837516264E-017
   27.1000004      -8.7703426424881228E-002   2.6220193452690308E-017
   27.2000008      -8.7784651555491602E-002   2.6292832506007844E-017
   27.2999992      -8.7859995393647250E-002   2.6261522569233047E-017
   27.3999996      -8.7929435823932894E-002   2.6276551338884949E-017
   27.5000000      -8.7992951292144739E-002   2.6277803736355945E-017
   27.6000004      -8.8050520808148333E-002   2.6270289351529986E-017
   27.7000008      -8.8102123948162969E-002   2.6302851685775785E-017
   27.7999992      -8.8147740857194706E-002   2.6312870865543729E-017
   27.8999996      -8.8187352251725429E-002   2.6302851685775782E-017
   28.0000000      -8.8220939421750286E-002   2.6335414020021578E-017
   28.1000004      -8.8248484233394764E-002   2.6290327711065853E-017
   28.2000008      -8.8269969131000631E-002   2.6305356480717761E-017
   28.2999992      -8.8285377139325535E-002   2.6292832506007847E-017
   28.3999996      -8.8294691865681452E-002   2.6265279761646018E-017
   28.5000000      -8.8297897502093922E-002   2.6250250991994119E-017
   28.6000004      -8.8294978827254927E-002   2.6245241402110139E-017
   28.7000008      -8.8285921208497306E-002   2.6220193452690302E-017
   28.7999992      -8.8270710603685118E-002   2.6217688657748326E-017
   28.8999996      -8.8249333563019672E-002   2.6190135913386501E-017
   29.0000000      -8.8221777230882953E-002   2.6155068784198713E-017
   29.1000004      -8.8188029347598312E-002   2.6150059194314749E-017
   29.2000008      -8.8148078251082174E-002   2.6162583169024666E-017
   29.2999992      -8.8101912878321240E-002   2.6087439320765145E-017
   29.3999996      -8.8049522767208954E-002   2.6064896166287275E-017
   29.5000000      -8.7990898057728237E-002   2.6039848216867444E-017
   29.6000004      -8.7926029493507668E-002   2.5987247523085784E-017
   29.7000008      -8.7854908423298919E-002   2.5972218753433875E-017
   29.7999992      -8.7777526802028882E-002   2.5949675598956014E-017
   29.8999996      -8.7693877192332695E-002   2.5899579700116331E-017
 &
