           4           1           1
    0.5+     1 1   5.881       0.000      0.2478E-01  0.2165E-01  0.3835E-04   5.834    
    0.5+     1 2   5.879       0.000      0.1878E-02  0.2518E-01  0.2907E-04   5.852    
    0.5+     3 3   5.539       0.000      0.1258E-01  0.5338E-01  0.1636E-04   5.473    
    0.5-     0 1   6.102       0.000      0.1000      0.3992E-01  0.4380E-04   5.962    
    0.5-     2 2   6.194       0.000      0.4252E-01  0.1529E-01  0.5925E-05   6.136    
    0.5-     2 3   6.195       0.000      0.4056E-01  0.2051E-01  0.8750E-05   6.133    
    1.5+     1 1   11.77       0.000      0.3509E-01  0.3177E-01  0.8531E-04   11.70    
    1.5+     1 2   11.76       0.000      0.2311E-01  0.3738E-01  0.8597E-04   11.70    
    1.5+     1 3   11.76       0.000      0.2360E-01  0.7886E-01  0.8439E-04   11.66    
    1.5+     3 4   11.08       0.000      0.8032E-01  0.7173E-02  0.2829E-05   10.99    
    1.5+     3 5   11.02       0.000      0.5235E-01  0.2080      0.6611E-04   10.76    
    1.5-     0 1   12.20       0.000      0.6048E-01  0.7141E-01  0.8040E-04   12.07    
    1.5-     2 2   12.39       0.000      0.1145      0.3952E-01  0.1449E-03   12.23    
    1.5-     2 3   12.39       0.000      0.8288E-01  0.1049      0.2559E-03   12.20    
    1.5-     2 4   12.36       0.000      0.1251      0.2547      0.1428E-03   11.98    
    1.5-     4 5   8.289       0.000      0.2720      0.3235      0.2997E-03   7.693    
    2.5+     1 1   17.64       0.000      0.3985E-01  0.1464E-01  0.5724E-04   17.59    
    2.5+     1 2   17.64       0.000      0.9173E-01  0.1144E-01  0.4350E-04   17.53    
    2.5+     3 3   16.62       0.000      0.1040      0.8968E-01  0.2042E-03   16.42    
    2.5+     3 4   16.54       0.000      0.2007      0.3776      0.2677E-03   15.96    
    2.5+     3 5   16.51       0.000      0.6428E-01  0.1786      0.1128E-03   16.27    
    2.5+     5 6   3.332       0.000      0.1767      0.1834      0.4293E-04   2.972    
    2.5-     0 1   18.31       0.000      0.1526      0.2632E-01  0.3024E-04   18.13    
    2.5-     2 2   18.58       0.000      0.1730      0.8810E-01  0.7155E-03   18.32    
    2.5-     2 3   18.58       0.000      0.2552      0.3301E-01  0.3153E-03   18.30    
    2.5-     2 4   18.55       0.000      0.4018      0.4827      0.5729E-03   17.66    
    2.5-     4 5   12.43       0.000      0.4641      0.3186E-01  0.2814E-04   11.94    
    2.5-     4 6   12.61       0.000      0.3564       1.039      0.9656E-03   11.21    
    3.5+     1 1   23.52       0.000      0.6753E-02  0.2404E-02  0.2143E-04   23.51    
    3.5+     3 2   22.15       0.000      0.1201      0.4661E-01  0.6093E-03   21.99    
    3.5+     3 3   22.05       0.000      0.4751      0.1866E-01  0.2058E-03   21.55    
    3.5+     3 4   22.01       0.000      0.8900E-01  0.2561      0.3712E-03   21.67    
    3.5+     5 5   4.443       0.000      0.2317      0.1078E-01  0.2490E-05   4.201    
    3.5+     5 6   4.507       0.000      0.2303      0.5732      0.1349E-03   3.704    
    3.5-     2 1   24.78       0.000      0.1393      0.6348E-01  0.6018E-03   24.57    
    3.5-     2 2   24.73       0.000      0.9590      0.2421E-01  0.2587E-03   23.74    
    3.5-     4 3   16.58       0.000      0.1824      0.4562      0.4628E-03   15.94    
    3.5-     4 4   16.81       0.000       1.296       1.272      0.1214E-02   14.24    
    3.5-     4 5   17.04       0.000      0.8066       2.386      0.2150E-02   13.84    
    3.5-     6 6  0.9639       0.000      0.6812E-01  0.6781E-01  0.1859E-03  0.8278    
    4.5+     3 1   27.56       0.000      0.7834E-01  0.3450E-01  0.4463E-03   27.45    
    4.5+     3 2   27.51       0.000      0.1646      0.9385E-02  0.1160E-03   27.34    
    4.5+     5 3   5.554       0.000      0.6336E-01  0.2515      0.8087E-03   5.238    
    4.5+     5 4   5.634       0.000      0.6730      0.5893      0.5444E-03   4.371    
    4.5+     5 5   5.737       0.000      0.4428       1.218      0.2999E-03   4.076    
    4.5+     7 6  0.2717       0.000      0.2433E-01  0.2394E-01  0.3706E-05  0.2234    
    4.5-     2 1   30.91       0.000      0.1080      0.2774E-01  0.2965E-03   30.77    
    4.5-     4 2   20.72       0.000      0.5420      0.4028E-01  0.1489E-03   20.14    
    4.5-     4 3   21.01       0.000       2.301      0.1235      0.1481E-03   18.58    
    4.5-     4 4   21.30       0.000       2.870       2.733      0.2509E-02   15.69    
    4.5-     6 5   1.205       0.000      0.7602E-01  0.3541E-02  0.9683E-05   1.125    
    4.5-     6 6   1.210       0.000      0.8743E-01  0.2061      0.5653E-03  0.9159    
    5.5+     3 1   33.02       0.000      0.6378E-01  0.1465E-01  0.1806E-03   32.94    
    5.5+     5 2   6.665       0.000      0.2863      0.1526E-01  0.1831E-02   6.362    
    5.5+     5 3   6.761       0.000       1.021      0.8174E-01  0.5965E-03   5.658    
    5.5+     5 4   6.884       0.000       1.407       1.265      0.9740E-03   4.211    
    5.5+     7 5  0.3260       0.000      0.2428E-01  0.1320E-02  0.2042E-06  0.3004    
    5.5+     7 6  0.3264       0.000      0.3100E-01  0.7154E-01  0.1105E-04  0.2238    
    5.5-     4 1   25.21       0.000      0.1573      0.1216E-01  0.9639E-04   25.04    
    5.5-     4 2   25.56       0.000       4.798      0.2599E-02  0.2160E-04   20.76    
    5.5-     6 3   1.446       0.000      0.1611E-01  0.9213E-01  0.9501E-03   1.337    
    5.5-     6 4   1.452       0.000      0.2236      0.1900      0.8542E-03   1.038    
    5.5-     6 5   1.460       0.000      0.1499      0.4112      0.1134E-02  0.8973    
    5.5-     8 6  0.7543E-01   0.000      0.8436E-02  0.8396E-02  0.5294E-04  0.5854E-01
    6.5+     5 1   7.888       0.000      0.9766E-01  0.5204E-02  0.1284E-02   7.784    
    6.5+     5 2   8.032       0.000       2.150      0.9372E-03  0.2304E-03   5.880    
    6.5+     7 3  0.3803       0.000      0.4200E-02  0.3240E-01  0.1090E-02  0.3426    
    6.5+     7 4  0.3808       0.000      0.7232E-01  0.6113E-01  0.4804E-03  0.2468    
    6.5+     7 5  0.3813       0.000      0.4967E-01  0.1377      0.3089E-04  0.1939    
    6.5+     9 6  0.2060E-01   0.000      0.2861E-02  0.2882E-02  0.3099E-05  0.1485E-01
    6.5-     4 1   29.82       0.000      0.2331E-01  0.4982E-02  0.4130E-04   29.79    
    6.5-     6 2   1.687       0.000      0.9901E-01  0.4327E-02  0.1581E-02   1.582    
    6.5-     6 3   1.694       0.000      0.3066      0.3274E-01  0.5851E-03   1.354    
    6.5-     6 4   1.703       0.000      0.4410      0.3996      0.1661E-02  0.8606    
    6.5-     8 5  0.8800E-01   0.000      0.7750E-02  0.5102E-03  0.3217E-05  0.7974E-01
    6.5-     8 6  0.8802E-01   0.000      0.1070E-01  0.2480E-01  0.1563E-03  0.5237E-01
    7.5+     5 1   9.179       0.000      0.9462E-02  0.2086E-02  0.5125E-03   9.167    
    7.5+     7 2  0.4346       0.000      0.3305E-01  0.1253E-02  0.2306E-02  0.3980    
    7.5+     7 3  0.4351       0.000      0.9240E-01  0.1225E-01  0.7316E-03  0.3298    
    7.5+     7 4  0.4357       0.000      0.1383      0.1274      0.8346E-03  0.1692    
    7.5+     9 5  0.2354E-01   0.000      0.2467E-02  0.1932E-03  0.2077E-06  0.2088E-01
    7.5+     9 6  0.2354E-01   0.000      0.3620E-02  0.8439E-02  0.9071E-05  0.1147E-01
    7.5-     6 1   1.936       0.000      0.3659E-01  0.1640E-02  0.1089E-02   1.897    
    7.5-     6 2   1.946       0.000      0.6334      0.2595E-03  0.1723E-03   1.312    
    7.5-     8 3  0.1006       0.000      0.1133E-02  0.1132E-01  0.4623E-02  0.8349E-01
    7.5-     8 4  0.1006       0.000      0.2335E-01  0.2004E-01  0.1961E-02  0.5524E-01
    7.5-     8 5  0.1006       0.000      0.1639E-01  0.4658E-01  0.3237E-03  0.3734E-01
    7.5-    10 6  0.5536E-02   0.000      0.9573E-03  0.1012E-02  0.8770E-03  0.2690E-02
    8.5+     7 1  0.4895       0.000      0.1289E-01  0.5127E-03  0.1571E-02  0.4746    
    8.5+     7 2  0.4902       0.000      0.1897      0.7325E-04  0.2244E-03  0.3002    
    8.5+     9 3  0.2648E-01   0.000      0.3148E-03  0.3885E-02  0.1849E-02  0.2043E-01
    8.5+     9 4  0.2648E-01   0.000      0.7504E-02  0.6544E-02  0.7079E-03  0.1172E-01
    8.5+     9 5  0.2648E-01   0.000      0.5362E-02  0.1558E-01  0.2612E-04  0.5516E-02
    8.5+    11 6  0.1468E-02   0.000      0.3187E-03  0.3588E-03  0.1019E-02 -0.2284E-03
    8.5-     6 1   2.189       0.000      0.2827E-02  0.6479E-03  0.4301E-03   2.186    
    8.5-     8 2  0.1131       0.000      0.1093E-01  0.3448E-03  0.9268E-02  0.9259E-01
    8.5-     8 3  0.1132       0.000      0.2832E-01  0.4466E-02  0.2972E-02  0.7742E-01
    8.5-     8 4  0.1132       0.000      0.4380E-01  0.4148E-01  0.3475E-02  0.2445E-01
    8.5-    10 5  0.6228E-02   0.000      0.7869E-03  0.7400E-04  0.6413E-04  0.5303E-02
    8.5-    10 6  0.6228E-02   0.000      0.1210E-02  0.2943E-02  0.2550E-02 -0.4755E-03
    9.5+     7 1  0.5447       0.000      0.8184E-03  0.2003E-03  0.6137E-03  0.5430    
    9.5+     9 2  0.2942E-01   0.000      0.3585E-02  0.1097E-03  0.3631E-02  0.2210E-01
    9.5+     9 3  0.2942E-01   0.000      0.8742E-02  0.1584E-02  0.1161E-02  0.1794E-01
    9.5+     9 4  0.2942E-01   0.000      0.1388E-01  0.1346E-01  0.1255E-02  0.8204E-03
    9.5+    11 5  0.1631E-02   0.000      0.2516E-03  0.2828E-04  0.8032E-04  0.1271E-02
    9.5+    11 6  0.1631E-02   0.000      0.4024E-03  0.1038E-02  0.2948E-02 -0.2757E-02
    9.5-     8 1  0.1257       0.000      0.4433E-02  0.1423E-03  0.6242E-02  0.1149    
    9.5-     8 2  0.1258       0.000      0.5798E-01  0.1872E-04  0.8209E-03  0.6697E-01
    9.5-    10 3  0.6920E-02   0.000      0.9214E-04  0.1369E-02  0.2774E-02  0.2686E-02
    9.5-    10 4  0.6920E-02   0.000      0.2409E-02  0.2210E-02  0.2490E-02 -0.1898E-03
    9.5-    10 5  0.6920E-02   0.000      0.1748E-02  0.5359E-02  0.4650E-02 -0.4838E-02
    9.5-    12 6  0.3849E-03   0.000      0.1034E-03  0.1152E-03  0.5063E-03 -0.3400E-03
   10.5+     9 1  0.3236E-01   0.000      0.1496E-02  0.4917E-04  0.2424E-02  0.2840E-01
   10.5+     9 2  0.3237E-01   0.000      0.1786E-01  0.6042E-05  0.2978E-03  0.1420E-01
   10.5+    11 3  0.1794E-02   0.000      0.2703E-04  0.4844E-03  0.5458E-02 -0.4175E-02
   10.5+    11 4  0.1794E-02   0.000      0.7753E-03  0.7590E-03  0.3575E-02 -0.3315E-02
   10.5+    11 5  0.1794E-02   0.000      0.5700E-03  0.1870E-02  0.5323E-02 -0.5968E-02
   10.5+    13 6  0.9988E-04   0.000      0.3311E-04  0.4027E-04  0.2512E-02 -0.2486E-02
   10.5-     8 1  0.1384       0.000      0.2380E-03  0.5514E-04  0.2418E-02  0.1357    
   10.5-    10 2  0.7612E-02   0.000      0.1171E-02  0.4584E-04  0.3082E-02  0.3313E-02
   10.5-    10 3  0.7612E-02   0.000      0.2719E-02  0.5730E-03  0.1473E-02  0.2847E-02
   10.5-    10 4  0.7611E-02   0.000      0.4408E-02  0.4525E-02  0.4948E-02 -0.6269E-02
   10.5-    12 5  0.4234E-03   0.000      0.7907E-04  0.9683E-05  0.4254E-04  0.2921E-03
   10.5-    12 6  0.4234E-03   0.000      0.1304E-03  0.3319E-03  0.1458E-02 -0.1497E-02
   11.5+     9 1  0.3531E-01   0.000      0.7084E-04  0.1892E-04  0.9326E-03  0.3429E-01
   11.5+    11 2  0.1958E-02   0.000      0.3822E-03  0.1393E-04  0.7693E-02 -0.6131E-02
   11.5+    11 3  0.1957E-02   0.000      0.8528E-03  0.2066E-03  0.3055E-02 -0.2157E-02
   11.5+    11 4  0.1957E-02   0.000      0.1407E-02  0.1547E-02  0.6948E-02 -0.7945E-02
   11.5+    13 5  0.1090E-03   0.000      0.2515E-04  0.3575E-05  0.2230E-03 -0.1428E-03
   11.5+    13 6  0.1090E-03   0.000      0.4189E-04  0.1156E-03  0.7209E-02 -0.7257E-02
   11.5-    10 1  0.8304E-02   0.000      0.5006E-03  0.2359E-04  0.2036E-02  0.5744E-02
   11.5-    10 2  0.8303E-02   0.000      0.5544E-02  0.2738E-05  0.2363E-03  0.2521E-02
   11.5-    12 3  0.4619E-03   0.000      0.8069E-05  0.1580E-03  0.8263E-03 -0.5305E-03
   11.5-    12 4  0.4619E-03   0.000      0.2446E-03  0.2383E-03  0.1092E-02 -0.1113E-02
   11.5-    12 5  0.4619E-03   0.000      0.1819E-03  0.5925E-03  0.2604E-02 -0.2916E-02
   11.5-    14 6  0.2561E-04   0.000      0.1088E-04  0.1575E-04  0.4010E-02 -0.4011E-02
   12.5+    11 1  0.2121E-02   0.000      0.1663E-03  0.7200E-05  0.5058E-02 -0.3111E-02
   12.5+    11 2  0.2120E-02   0.000      0.1736E-02  0.7961E-06  0.5592E-03 -0.1758E-03
   12.5+    13 3  0.1180E-03   0.000      0.3005E-05  0.6218E-04  0.8124E-02 -0.8071E-02
   12.5+    13 4  0.1180E-03   0.000      0.7683E-04  0.8378E-04  0.6612E-02 -0.6655E-02
   12.5+    13 5  0.1180E-03   0.000      0.5771E-04  0.2048E-03  0.1279E-01 -0.1293E-01
   12.5+    15 6  0.6448E-05   0.000      0.3217E-05  0.2717E-05  0.5642E-03 -0.5636E-03
   12.5-    10 1  0.8995E-02   0.000      0.2257E-04  0.9030E-05  0.7791E-03  0.8185E-02
   12.5-    12 2  0.5004E-03   0.000      0.1221E-03  0.8784E-05  0.2817E-03  0.8782E-04
   12.5-    12 3  0.5004E-03   0.000      0.2634E-03  0.6885E-04  0.3813E-03 -0.2131E-03
   12.5-    12 4  0.5003E-03   0.000      0.4409E-03  0.4835E-03  0.2205E-02 -0.2629E-02
   12.5-    14 5  0.2774E-04   0.000      0.8180E-05  0.1466E-05  0.3731E-03 -0.3550E-03
   12.5-    14 6  0.2774E-04   0.000      0.1378E-04  0.4506E-04  0.1147E-01 -0.1150E-01
   13.5+    11 1  0.2284E-02   0.000      0.6970E-05  0.2743E-05  0.1927E-02  0.3467E-03
   13.5+    13 2  0.1271E-03   0.000      0.3898E-04  0.1561E-04  0.8667E-02 -0.8594E-02
   13.5+    13 3  0.1271E-03   0.000      0.8134E-04  0.2846E-04  0.4279E-02 -0.4262E-02
   13.5+    13 4  0.1271E-03   0.000      0.1372E-03  0.1689E-03  0.1306E-01 -0.1324E-01
   13.5+    15 5  0.6945E-05   0.000      0.2234E-05  0.2633E-06  0.5468E-04 -0.5023E-04
   13.5+    15 6  0.6944E-05   0.000      0.4040E-05  0.7750E-05  0.1609E-02 -0.1614E-02
   13.5-    12 1  0.5389E-03   0.000      0.5395E-04  0.5223E-05  0.1821E-03  0.2976E-03
   13.5-    12 2  0.5388E-03   0.000      0.5353E-03  0.5538E-06  0.1931E-04 -0.1636E-04
   13.5-    14 3  0.2988E-04   0.000      0.1062E-05  0.2624E-04  0.1155E-01 -0.1155E-01
   13.5-    14 4  0.2988E-04   0.000      0.2480E-04  0.3278E-04  0.9895E-02 -0.9923E-02
   13.5-    14 5  0.2988E-04   0.000      0.1880E-04  0.7938E-04  0.2022E-01 -0.2028E-01
   13.5-    16 6  0.1576E-05   0.000      0.6968E-06  0.5319E-07  0.5608E-03 -0.5600E-03
   14.5+    13 1  0.1362E-03   0.000      0.1761E-04  0.1001E-04  0.5638E-02 -0.5529E-02
   14.5+    13 2  0.1362E-03   0.000      0.1644E-03  0.1024E-05  0.5765E-03 -0.6058E-03
   14.5+    15 3  0.7441E-05   0.000      0.1376E-06  0.3720E-05  0.1669E-02 -0.1666E-02
   14.5+    15 4  0.7440E-05   0.000      0.7141E-05  0.5311E-05  0.1382E-02 -0.1387E-02
   14.5+    15 5  0.7440E-05   0.000      0.5442E-05  0.1358E-04  0.2821E-02 -0.2833E-02
   14.5+    17 6  0.3678E-06   0.000      0.1396E-06  0.5368E-06  0.1336E-02 -0.1336E-02
   14.5-    12 1  0.5773E-03   0.000      0.2204E-05  0.1983E-05  0.6913E-04  0.5040E-03
   14.5-    14 2  0.3201E-04   0.000      0.1274E-04  0.9455E-05  0.1112E-01 -0.1111E-01
   14.5-    14 3  0.3201E-04   0.000      0.2588E-04  0.1234E-04  0.5989E-02 -0.5995E-02
   14.5-    14 4  0.3201E-04   0.000      0.4400E-04  0.6577E-04  0.1959E-01 -0.1966E-01
   14.5-    16 5  0.1688E-05   0.000      0.4752E-06  0.5343E-08  0.5633E-04 -0.5512E-04
   14.5-    16 6  0.1688E-05   0.000      0.8748E-06  0.1514E-06  0.1596E-02 -0.1595E-02
   15.5+    13 1  0.1453E-03   0.000      0.9498E-06  0.3789E-05  0.2133E-02 -0.1993E-02
   15.5+    15 2  0.7937E-05   0.000      0.3638E-05  0.1855E-06  0.1624E-02 -0.1620E-02
   15.5+    15 3  0.7936E-05   0.000      0.7331E-05  0.1672E-05  0.8671E-03 -0.8682E-03
   15.5+    15 4  0.7936E-05   0.000      0.1275E-04  0.1067E-04  0.2730E-02 -0.2745E-02
   15.5+    17 5  0.3924E-06   0.000      0.1180E-06  0.5564E-07  0.1385E-03 -0.1383E-03
   15.5+    17 6  0.3924E-06   0.000      0.1811E-06  0.1525E-05  0.3794E-02 -0.3796E-02
   15.5-    14 1  0.3415E-04   0.000      0.5847E-05  0.6083E-05  0.7204E-02 -0.7182E-02
   15.5-    14 2  0.3414E-04   0.000      0.5212E-04  0.6026E-06  0.7136E-03 -0.7322E-03
   15.5-    16 3  0.1801E-05   0.000      0.2792E-07  0.1111E-05  0.8395E-03 -0.8388E-03
   15.5-    16 4  0.1801E-05   0.000      0.1524E-05  0.4195E-06  0.1103E-02 -0.1103E-02
   15.5-    16 5  0.1801E-05   0.000      0.1169E-05  0.2655E-06  0.2784E-02 -0.2784E-02
   15.5-    18 6  0.8081E-07   0.000      0.6896E-07  0.5624E-07  0.5112E-03 -0.5112E-03
   16.5+    15 1  0.8432E-05   0.000      0.1640E-05  0.1121E-06  0.1049E-02 -0.1042E-02
   16.5+    15 2  0.8432E-05   0.000      0.1491E-04  0.1080E-07  0.1010E-03 -0.1075E-03
   16.5+    17 3  0.4169E-06   0.000      0.3341E-07  0.1769E-05  0.2100E-02 -0.2101E-02
   16.5+    17 4  0.4169E-06   0.000      0.3140E-06  0.1333E-05  0.2627E-02 -0.2628E-02
   16.5+    17 5  0.4169E-06   0.000      0.2434E-06  0.2650E-05  0.6592E-02 -0.6594E-02
   16.5+    19 6  0.1650E-07   0.000      0.6632E-07  0.9289E-07  0.4057E-04 -0.4071E-04
   16.5-    14 1  0.3628E-04   0.000      0.3572E-06  0.2296E-05  0.2719E-02 -0.2685E-02
   16.5-    16 2  0.1913E-05   0.000      0.7817E-06  0.1820E-05  0.1628E-03 -0.1635E-03
   16.5-    16 3  0.1913E-05   0.000      0.1546E-05  0.6304E-06  0.3890E-03 -0.3892E-03
   16.5-    16 4  0.1913E-05   0.000      0.2711E-05  0.7915E-06  0.2207E-02 -0.2209E-02
   16.5-    18 5  0.8586E-07   0.000      0.4654E-07  0.5994E-08  0.5448E-04 -0.5445E-04
   16.5-    18 6  0.8586E-07   0.000      0.8676E-07  0.1594E-06  0.1449E-02 -0.1449E-02
   17.5+    15 1  0.8928E-05   0.000      0.3300E-07  0.4221E-07  0.3948E-03 -0.3859E-03
   17.5+    17 2  0.4414E-06   0.000      0.1718E-06  0.1828E-05  0.5569E-03 -0.5585E-03
   17.5+    17 3  0.4414E-06   0.000      0.3196E-06  0.9265E-06  0.9886E-03 -0.9894E-03
   17.5+    17 4  0.4414E-06   0.000      0.5347E-06  0.2620E-05  0.5238E-02 -0.5240E-02
   17.5+    19 5  0.1747E-07   0.000      0.4400E-07  0.1015E-07  0.4432E-05 -0.4469E-05
   17.5+    19 6  0.1747E-07   0.000      0.8338E-07  0.2629E-06  0.1148E-03 -0.1151E-03
   17.5-    16 1  0.2026E-05   0.000      0.3552E-06  0.1173E-05  0.1035E-03 -0.1030E-03
   17.5-    16 2  0.2026E-05   0.000      0.3143E-05  0.1101E-06  0.9723E-05 -0.1095E-04
   17.5-    18 3  0.9091E-07   0.000      0.3526E-08  0.2797E-06  0.7868E-03 -0.7870E-03
   17.5-    18 4  0.9091E-07   0.000      0.1476E-06  0.1659E-06  0.9894E-03 -0.9896E-03
   17.5-    18 5  0.9090E-07   0.000      0.1146E-06  0.2762E-06  0.2509E-02 -0.2509E-02
   17.5-    20 6  0.3103E-08   0.000      0.4854E-07  0.2169E-06  0.2007E-05 -0.2270E-05
   18.5+    17 1  0.4659E-06   0.000      0.8575E-07  0.1174E-05  0.3550E-03 -0.3558E-03
   18.5+    17 2  0.4659E-06   0.000      0.6192E-06  0.1078E-06  0.3259E-04 -0.3285E-04
   18.5+    19 3  0.1844E-07   0.000      0.3047E-08  0.1243E-06  0.6232E-04 -0.6243E-04
   18.5+    19 4  0.1844E-07   0.000      0.1404E-06  0.1726E-06  0.7773E-04 -0.7803E-04
   18.5+    19 5  0.1844E-07   0.000      0.1095E-06  0.4537E-06  0.1981E-03 -0.1987E-03
   18.5+    21 6  0.5355E-09   0.000      0.2185E-07  0.1280E-06  0.7166E-05 -0.7315E-05
   18.5-    16 1  0.2138E-05   0.000      0.6982E-08  0.4406E-06  0.3890E-04 -0.3721E-04
   18.5-    18 2  0.9596E-07   0.000      0.7699E-07  0.3524E-06  0.1828E-03 -0.1831E-03
   18.5-    18 3  0.9596E-07   0.000      0.1471E-06  0.1507E-06  0.3704E-03 -0.3706E-03
   18.5-    18 4  0.9595E-07   0.000      0.2603E-06  0.3229E-06  0.1969E-02 -0.1970E-02
   18.5-    20 5  0.3276E-08   0.000      0.3468E-07  0.2423E-07  0.2243E-06 -0.2799E-06
   18.5-    20 6  0.3276E-08   0.000      0.6166E-07  0.6130E-06  0.5674E-05 -0.6345E-05
   19.5+    17 1  0.4904E-06   0.000      0.1302E-07  0.4401E-06  0.1331E-03 -0.1331E-03
   19.5+    19 2  0.1941E-07   0.000      0.7351E-07  0.1042E-08  0.1419E-04 -0.1425E-04
   19.5+    19 3  0.1941E-07   0.000      0.1388E-06  0.5698E-07  0.2944E-04 -0.2961E-04
   19.5+    19 4  0.1941E-07   0.000      0.2472E-06  0.3436E-06  0.1544E-03 -0.1550E-03
   19.5+    21 5  0.5637E-09   0.000      0.1575E-07  0.1459E-07  0.8167E-06 -0.8465E-06
   19.5+    21 6  0.5635E-09   0.000      0.2782E-07  0.3612E-06  0.2022E-04 -0.2061E-04
   19.5-    18 1  0.1010E-06   0.000      0.3569E-07  0.2258E-06  0.1162E-03 -0.1164E-03
   19.5-    18 2  0.1010E-06   0.000      0.2973E-06  0.2032E-07  0.1045E-04 -0.1067E-04
   19.5-    20 3  0.3448E-08   0.000      0.5379E-08  0.3029E-06  0.2717E-05 -0.3021E-05
   19.5-    20 4  0.3448E-08   0.000      0.1033E-06  0.4033E-06  0.3708E-05 -0.4211E-05
   19.5-    20 5  0.3448E-08   0.000      0.8094E-07  0.1055E-05  0.9763E-05 -0.1090E-04
   19.5-    22 6  0.8430E-10   0.000      0.6290E-08  0.3877E-07  0.2976E-05 -0.3021E-05
   20.5+    19 1  0.2038E-07   0.000      0.3420E-07  0.5018E-09  0.9005E-05 -0.9019E-05
   20.5+    19 2  0.2038E-07   0.000      0.2805E-06  0.4431E-10  0.7953E-06 -0.1055E-05
   20.5+    21 3  0.5918E-09   0.000      0.2712E-08  0.1806E-06  0.1000E-04 -0.1018E-04
   20.5+    21 4  0.5917E-09   0.000      0.4625E-07  0.2367E-06  0.1322E-04 -0.1350E-04
   20.5+    21 5  0.5919E-09   0.000      0.3639E-07  0.6200E-06  0.3472E-04 -0.3537E-04
   20.5+    23 6  0.1242E-10   0.000      0.1232E-08  0.7376E-08  0.6016E-06 -0.6102E-06
   20.5-    18 1  0.1061E-06   0.000      0.1090E-08  0.8455E-07  0.4350E-04 -0.4348E-04
   20.5-    20 2  0.3621E-08   0.000      0.5536E-07  0.2380E-07  0.7340E-07 -0.1489E-06
   20.5-    20 3  0.3621E-08   0.000      0.1018E-06  0.1408E-06  0.1254E-05 -0.1493E-05
   20.5-    20 4  0.3620E-08   0.000      0.1789E-06  0.8008E-06  0.7365E-05 -0.8341E-05
   20.5-    22 5  0.8864E-10   0.000      0.4454E-08  0.4500E-08  0.3454E-06 -0.3543E-06
   20.5-    22 6  0.8901E-10   0.000      0.7995E-08  0.1093E-06  0.8391E-05 -0.8508E-05
   21.5+    19 1  0.2135E-07   0.000      0.9354E-09  0.1876E-09  0.3366E-05 -0.3346E-05
   21.5+    21 2  0.6200E-09   0.000      0.2499E-07  0.1717E-07  0.7706E-06 -0.8122E-06
   21.5+    21 3  0.6198E-09   0.000      0.4537E-07  0.8448E-07  0.4667E-05 -0.4796E-05
   21.5+    21 4  0.6201E-09   0.000      0.7974E-07  0.4691E-06  0.2620E-04 -0.2675E-04
   21.5+    23 5  0.1307E-10   0.000      0.8507E-09  0.8704E-09  0.7099E-07 -0.7270E-07
   21.5+    23 6  0.1295E-10   0.000      0.1563E-08  0.2077E-07  0.1694E-05 -0.1717E-05
   21.5-    20 1  0.3793E-08   0.000      0.2664E-07  0.1485E-07  0.4364E-07 -0.8134E-07
   21.5-    20 2  0.3792E-08   0.000      0.2023E-06  0.1289E-08  0.3790E-08 -0.2036E-06
   21.5-    22 3  0.9267E-10   0.000      0.7222E-09  0.5450E-07  0.4136E-05 -0.4192E-05
   21.5-    22 4  0.9313E-10   0.000      0.1319E-07  0.7116E-07  0.5450E-05 -0.5534E-05
   21.5-    22 5  0.9283E-10   0.000      0.1042E-07  0.1872E-06  0.1437E-04 -0.1457E-04
   21.5-    24 6  0.1423E-11   0.000      0.1728E-09  0.9699E-09  0.7667E-07 -0.7781E-07
   22.5+    21 1  0.6480E-09   0.000      0.1214E-07  0.1075E-07  0.4806E-06 -0.5028E-06
   22.5+    21 2  0.6483E-09   0.000      0.8973E-07  0.9197E-09  0.4110E-07 -0.1311E-06
   22.5+    23 3  0.1367E-10   0.000      0.1231E-09  0.1030E-07  0.8310E-06 -0.8414E-06
   22.5+    23 4  0.1342E-10   0.000      0.2559E-08  0.1343E-07  0.1093E-05 -0.1109E-05
   22.5+    23 5  0.1342E-10   0.000      0.2026E-08  0.3550E-07  0.2895E-05 -0.2933E-05
   22.5+    25 6  0.3797E-12   0.000      0.1804E-10  0.9332E-10  0.6847E-08 -0.6958E-08
   22.5-    20 1  0.3965E-08   0.000      0.1966E-08  0.5542E-08  0.1629E-07 -0.1984E-07
   22.5-    22 2  0.9701E-10   0.000      0.7138E-08  0.4799E-08  0.2887E-06 -0.3005E-06
   22.5-    22 3  0.9730E-10   0.000      0.1286E-07  0.2556E-07  0.1936E-05 -0.1974E-05
   22.5-    22 4  0.9692E-10   0.000      0.2274E-07  0.1408E-06  0.1078E-04 -0.1095E-04
   22.5-    24 5  0.1487E-11   0.000      0.1163E-09  0.1162E-09  0.9184E-08 -0.9415E-08
   22.5-    24 6  0.1677E-11   0.000      0.2187E-09  0.2729E-08  0.2157E-06 -0.2186E-06
   23.5+    21 1  0.6765E-09   0.000      0.1002E-08  0.4010E-08  0.1792E-06 -0.1835E-06
   23.5+    23 2  0.1420E-10   0.000      0.1384E-08  0.7891E-09  0.4944E-07 -0.5160E-07
   23.5+    23 3  0.1403E-10   0.000      0.2478E-08  0.4838E-08  0.3897E-06 -0.3970E-06
   23.5+    23 4  0.1390E-10   0.000      0.4418E-08  0.2654E-07  0.2160E-05 -0.2191E-05
   23.5+    25 5  0.2972E-12   0.000      0.1187E-10  0.1133E-10  0.8317E-09 -0.8546E-09
   23.5+    25 6  0.2972E-12   0.000      0.2279E-10  0.2623E-09  0.1925E-07 -0.1953E-07
   23.5-    22 1  0.1017E-09   0.000      0.3467E-08  0.3001E-08  0.1797E-06 -0.1861E-06
   23.5-    22 2  0.1011E-09   0.000      0.2546E-07  0.2531E-09  0.1515E-07 -0.4076E-07
   23.5-    24 3  0.1552E-11   0.000      0.1472E-10  0.1345E-08  0.1053E-06 -0.1067E-06
   23.5-    24 4  0.1783E-11   0.000      0.3556E-09  0.1754E-08  0.1384E-06 -0.1405E-06
   23.5-    24 5  0.1618E-11   0.000      0.2824E-09  0.4654E-08  0.3679E-06 -0.3728E-06
   23.5-    26 6   0.000       0.000      0.1446E-11  0.6826E-11  0.4543E-09 -0.4626E-09
   24.5+    23 1  0.1475E-10   0.000      0.6703E-09  0.4922E-09  0.3067E-07 -0.3182E-07
   24.5+    23 2  0.1441E-10   0.000      0.4921E-08  0.4097E-10  0.2552E-08 -0.7500E-08
   24.5+    25 3  0.3095E-12   0.000      0.1305E-11  0.1286E-09  0.9361E-08 -0.9491E-08
   24.5+    25 4  0.3095E-12   0.000      0.3682E-10  0.1677E-09  0.1228E-07 -0.1248E-07
   24.5+    25 5  0.2064E-12   0.000      0.2932E-10  0.4466E-09  0.3277E-07 -0.3325E-07
   24.5+    27 6   0.000       0.000      0.9106E-13  0.3905E-12  0.2325E-10 -0.2374E-10
   24.5-    22 1  0.1053E-09   0.000      0.2653E-09  0.1118E-08  0.6693E-07 -0.6820E-07
   24.5-    24 2  0.1616E-11   0.000      0.1921E-09  0.8803E-10  0.5285E-08 -0.5564E-08
   24.5-    24 3  0.1857E-11   0.000      0.3424E-09  0.6330E-09  0.4947E-07 -0.5045E-07
   24.5-    24 4  0.1616E-11   0.000      0.6149E-09  0.3460E-08  0.2730E-06 -0.2771E-06
   24.5-    26 5   0.000       0.000      0.9322E-12  0.8397E-12  0.5589E-10 -0.5766E-10
   24.5-    26 6 -0.1376E-12   0.000      0.1823E-11  0.1917E-10  0.1276E-08 -0.1297E-08
   25.5+    23 1  0.1506E-10   0.000      0.4475E-10  0.1831E-09  0.1141E-07 -0.1162E-07
   25.5+    25 2  0.3219E-12   0.000      0.1988E-10  0.7158E-11  0.3967E-09 -0.4234E-09
   25.5+    25 3  0.3219E-12   0.000      0.3526E-10  0.6064E-10  0.4406E-08 -0.4502E-08
   25.5+    25 4  0.2504E-12   0.000      0.6376E-10  0.3303E-09  0.2420E-07 -0.2459E-07
   25.5+    27 5   0.000       0.000      0.5767E-13  0.4860E-13  0.2894E-11 -0.3001E-11
   25.5+    27 6 -0.1431E-12   0.000      0.1147E-12  0.1096E-11  0.6525E-10 -0.6661E-10
   25.5-    24 1  0.1932E-11   0.000      0.9279E-10  0.5474E-10  0.3267E-08 -0.3412E-08
   25.5-    24 2  0.1753E-11   0.000      0.6817E-09  0.4502E-11  0.2686E-09 -0.9531E-09
   25.5-    26 3  0.1788E-12   0.000      0.8885E-13  0.9363E-11  0.6188E-09 -0.6280E-09
   25.5-    26 4   0.000       0.000      0.2928E-11  0.1219E-10  0.8103E-09 -0.8254E-09
   25.5-    26 5  0.1431E-12   0.000      0.2338E-11  0.3259E-10  0.2169E-08 -0.2204E-08
   25.5-    28 6 -0.7154E-13   0.000      0.4596E-14  0.1785E-13  0.9430E-12 -0.1037E-11
   26.5+    25 1  0.3343E-12   0.000      0.9579E-11  0.4438E-11  0.2442E-09 -0.2579E-09
   26.5+    25 2  0.2229E-12   0.000      0.7038E-10  0.3609E-12  0.1986E-10 -0.9038E-10
   26.5+    27 3   0.000       0.000      0.4776E-14  0.5334E-12  0.3157E-10 -0.3211E-10
   26.5+    27 4 -0.1486E-12   0.000      0.1831E-12  0.6937E-12  0.4126E-10 -0.4229E-10
   26.5+    27 5 -0.7429E-13   0.000      0.1466E-12  0.1860E-11  0.1108E-09 -0.1129E-09
   26.5+    29 6  0.7429E-13   0.000      0.1889E-15  0.6632E-15  0.3092E-13  0.4252E-13
   26.5-    24 1  0.1820E-11   0.000      0.5287E-11  0.2035E-10  0.1214E-08 -0.1238E-08
   26.5-    26 2   0.000       0.000      0.1581E-11  0.4435E-12  0.2223E-10 -0.2426E-10
   26.5-    26 3 -0.1486E-12   0.000      0.2790E-11  0.4421E-11  0.2918E-09 -0.2992E-09
   26.5-    26 4  0.3343E-12   0.000      0.5076E-11  0.2399E-10  0.1595E-08 -0.1623E-08
   26.5-    28 5 -0.7429E-13   0.000      0.2866E-14  0.2246E-14  0.1187E-12 -0.1981E-12
   26.5-    28 6  0.7429E-13   0.000      0.5781E-14  0.5005E-13  0.2644E-11 -0.2626E-11
   27.5+    25 1  0.2696E-12   0.000      0.4624E-12  0.1648E-11  0.9071E-10 -0.9255E-10
   27.5+    27 2   0.000       0.000      0.9889E-13  0.2158E-13  0.9671E-12 -0.1088E-11
   27.5+    27 3 -0.2311E-12   0.000      0.1737E-12  0.2523E-12  0.1492E-10 -0.1557E-10
   27.5+    27 4 -0.1541E-12   0.000      0.3178E-12  0.1364E-11  0.8111E-10 -0.8294E-10
   27.5+    29 5   0.000       0.000      0.1162E-15  0.8431E-16  0.3930E-14 -0.4130E-14
   27.5+    29 6  0.7704E-13   0.000      0.2374E-15  0.1859E-14  0.8663E-13 -0.1169E-13
   27.5-    26 1   0.000       0.000      0.7603E-12  0.2740E-12  0.1363E-10 -0.1467E-10
   27.5-    26 2  0.1926E-12   0.000      0.5582E-11  0.2206E-13  0.1097E-11 -0.6508E-11
   27.5-    28 3  0.7704E-13   0.000      0.2068E-15  0.2430E-13  0.1277E-11 -0.1224E-11
   27.5-    28 4   0.000       0.000      0.9186E-14  0.3156E-13  0.1665E-11 -0.1706E-11
   27.5-    28 5 -0.7704E-13   0.000      0.7369E-14  0.8484E-13  0.4483E-11 -0.4652E-11
   27.5-    30 6  0.7704E-13   0.000      0.6409E-17  0.2033E-16  0.8328E-15  0.7618E-13
   28.5+    27 1   0.000       0.000      0.4750E-13  0.1329E-13  0.5906E-12 -0.6514E-12
   28.5+    27 2  0.3990E-13   0.000      0.3482E-12  0.1059E-14  0.4708E-13 -0.3564E-12
   28.5+    29 3   0.000       0.000      0.7337E-17  0.9003E-15  0.4177E-13 -0.4268E-13
   28.5+    29 4  0.7979E-13   0.000      0.3754E-15  0.1168E-14  0.5437E-13  0.2388E-13
   28.5+    29 5 -0.1596E-12   0.000      0.3018E-15  0.3147E-14  0.1467E-12 -0.3097E-12
   28.5+    31 6   0.000       0.000      0.1816E-18  0.5201E-18  0.1868E-16 -0.1938E-16
   28.5-    26 1  0.1995E-12   0.000      0.3107E-13  0.1017E-12  0.5060E-11 -0.4993E-11
   28.5-    28 2  0.7979E-13   0.000      0.4963E-14  0.8432E-15  0.3354E-13  0.4045E-13
   28.5-    28 3 -0.1596E-12   0.000      0.8679E-14  0.1151E-13  0.6043E-12 -0.7841E-12
   28.5-    28 4 -0.7979E-13   0.000      0.1595E-13  0.6196E-13  0.3270E-11 -0.3428E-11
   28.5-    30 5  0.7979E-13   0.000      0.3895E-17  0.2608E-17  0.1069E-15  0.7968E-13
   28.5-    30 6  0.7979E-13   0.000      0.8047E-17  0.5693E-16  0.2332E-14  0.7739E-13
   29.5+    27 1 -0.8254E-13   0.000      0.1648E-14  0.4928E-14  0.2190E-12 -0.3081E-12
   29.5+    29 2  0.8254E-13   0.000      0.2029E-15  0.2694E-16  0.9460E-15  0.8137E-13
   29.5+    29 3 -0.1651E-12   0.000      0.3534E-15  0.4271E-15  0.1980E-13 -0.1857E-12
   29.5+    29 4  0.1238E-12   0.000      0.6523E-15  0.2290E-14  0.1066E-12  0.1422E-13
   29.5+    31 5   0.000       0.000      0.1092E-18  0.6732E-19  0.2418E-17 -0.2594E-17
   29.5+    31 6   0.000       0.000      0.2278E-18  0.1456E-17  0.5228E-16 -0.5396E-16
   29.5-    28 1 -0.1651E-12   0.000      0.2382E-14  0.5176E-15  0.2040E-13 -0.1884E-12
   29.5-    28 2  0.1238E-12   0.000      0.1742E-13  0.4089E-16  0.1611E-14  0.1047E-12
   29.5-    30 3  0.1651E-12   0.000      0.2161E-18  0.2753E-16  0.1123E-14  0.1639E-12
   29.5-    30 4 -0.8254E-13   0.000      0.1267E-16  0.3564E-16  0.1459E-14 -0.8405E-13
   29.5-    30 5  0.1238E-12   0.000      0.1021E-16  0.9627E-16  0.3944E-14  0.1198E-12
   29.5-    32 6  0.4127E-13   0.000      0.4339E-20  0.1122E-19  0.3527E-18  0.4127E-13
   30.5+    29 1   0.000       0.000      0.9737E-16  0.1648E-16  0.5731E-15 -0.6869E-15
   30.5+    29 2   0.000       0.000      0.7100E-15  0.1291E-17  0.4489E-16 -0.7562E-15
   30.5+    31 3   0.000       0.000      0.5344E-20  0.7028E-18  0.2516E-16 -0.2586E-16
   30.5+    31 4 -0.8530E-13   0.000      0.3573E-18  0.9084E-18  0.3260E-16 -0.8533E-13
   30.5+    31 5   0.000       0.000      0.2884E-18  0.2459E-17  0.8832E-16 -0.9106E-16
   30.5+    33 6   0.000       0.000      0.8824E-22  0.2061E-21  0.5661E-20 -0.5955E-20
   30.5-    28 1  0.4265E-13   0.000      0.7038E-16  0.1918E-15  0.7559E-14  0.3483E-13
   30.5-    30 2   0.000       0.000      0.6855E-17  0.7138E-18  0.2206E-16 -0.2963E-16
   30.5-    30 3   0.000       0.000      0.1189E-16  0.1308E-16  0.5334E-15 -0.5584E-15
   30.5-    30 4   0.000       0.000      0.2202E-16  0.6983E-16  0.2859E-14 -0.2951E-14
   30.5-    32 5 -0.8530E-13   0.000      0.2585E-20  0.1465E-20  0.4603E-19 -0.8530E-13
   30.5-    32 6  0.4265E-13   0.000      0.5442E-20  0.3139E-19  0.9866E-18  0.4265E-13
   31.5+    29 1   0.000       0.000      0.2462E-17  0.6104E-17  0.2122E-15 -0.2208E-15
   31.5+    31 2  0.4402E-13   0.000      0.1935E-18  0.1587E-19  0.4305E-18  0.4402E-13
   31.5+    31 3   0.000       0.000      0.3341E-18  0.3344E-18  0.1196E-16 -0.1263E-16
   31.5+    31 4   0.000       0.000      0.6212E-18  0.1778E-17  0.6383E-16 -0.6623E-16
   31.5+    33 5  0.8805E-13   0.000      0.5212E-22  0.2710E-22  0.7445E-21  0.8805E-13
   31.5+    33 6  0.8805E-13   0.000      0.1106E-21  0.5762E-21  0.1583E-19  0.8805E-13
   31.5-    30 1 -0.8805E-13   0.000      0.3289E-17  0.4352E-18  0.1330E-16 -0.8806E-13
   31.5-    30 2  0.8805E-13   0.000      0.2390E-16  0.3382E-19  0.1034E-17  0.8802E-13
   31.5-    32 3   0.000       0.000      0.1121E-21  0.1514E-19  0.4744E-18 -0.4897E-18
   31.5-    32 4   0.000       0.000      0.8503E-20  0.1953E-19  0.6136E-18 -0.6416E-18
   31.5-    32 5  0.4402E-13   0.000      0.6876E-20  0.5297E-19  0.1665E-17  0.4402E-13
   31.5-    34 6  0.4402E-13   0.000      0.1539E-23  0.3247E-23  0.7786E-22  0.4402E-13
   32.5+    31 1   0.000       0.000      0.9282E-19  0.9643E-20  0.2586E-18 -0.3611E-18
   32.5+    31 2   0.000       0.000      0.6724E-18  0.7438E-21  0.1995E-19 -0.6930E-18
   32.5+    33 3   0.000       0.000      0.2011E-23  0.2776E-21  0.7606E-20 -0.7885E-20
   32.5+    33 4  0.4540E-13   0.000      0.1722E-21  0.3576E-21  0.9817E-20  0.4540E-13
   32.5+    33 5   0.000       0.000      0.1395E-21  0.9714E-21  0.2668E-19 -0.2779E-19
   32.5+    35 6 -0.9080E-13   0.000      0.2319E-25  0.4419E-25  0.9247E-24 -0.9080E-13
   32.5-    30 1  0.9080E-13   0.000      0.7151E-19  0.1611E-18  0.4925E-17  0.9079E-13
   32.5-    32 2   0.000       0.000      0.4608E-20  0.2991E-21  0.7111E-20 -0.1202E-19
   32.5-    32 3  0.1362E-12   0.000      0.7927E-20  0.7214E-20  0.2260E-18  0.1362E-12
   32.5-    32 4   0.000       0.000      0.1478E-19  0.3821E-19  0.1200E-17 -0.1253E-17
   32.5-    34 5 -0.9080E-13   0.000      0.9023E-24  0.4301E-24  0.1031E-22 -0.9080E-13
   32.5-    34 6 -0.9080E-13   0.000      0.1929E-23  0.9073E-23  0.2176E-21 -0.9080E-13
   33.5+    31 1   0.000       0.000      0.1744E-20  0.3567E-20  0.9566E-19 -0.1010E-18
   33.5+    33 2  0.4677E-13   0.000      0.9343E-22  0.4820E-23  0.1003E-21  0.4677E-13
   33.5+    33 3   0.000       0.000      0.1601E-21  0.1325E-21  0.3628E-20 -0.3920E-20
   33.5+    33 4  0.4677E-13   0.000      0.2994E-21  0.6988E-21  0.1919E-19  0.4677E-13
   33.5+    35 5  0.4677E-13   0.000      0.1350E-25  0.5894E-26  0.1233E-24  0.4677E-13
   33.5+    35 6   0.000       0.000      0.2905E-25  0.1234E-24  0.2583E-23 -0.2735E-23
   33.5-    32 1  0.9355E-13   0.000      0.2211E-20  0.1811E-21  0.4253E-20  0.9355E-13
   33.5-    32 2  0.4677E-13   0.000      0.1596E-19  0.1387E-22  0.3258E-21  0.4677E-13
   33.5-    34 3 -0.9355E-13   0.000      0.3109E-25  0.4368E-23  0.1045E-21 -0.9355E-13
   33.5-    34 4 -0.9355E-13   0.000      0.2994E-23  0.5617E-23  0.1346E-21 -0.9355E-13
   33.5-    34 5  0.4677E-13   0.000      0.2429E-23  0.1528E-22  0.3665E-21  0.4677E-13
   33.5-    36 6  0.9355E-13   0.000      0.3037E-27  0.5230E-27  0.9543E-26  0.9355E-13
   34.5+    33 1 -0.9630E-13   0.000      0.4486E-22  0.2908E-23  0.5974E-22 -0.9630E-13
   34.5+    33 2   0.000       0.000      0.3226E-21  0.2213E-24  0.4546E-23 -0.3273E-21
   34.5+    35 3   0.000       0.000      0.4172E-27  0.5940E-25  0.1240E-23 -0.1300E-23
   34.5+    35 4   0.000       0.000      0.4495E-25  0.7624E-25  0.1595E-23 -0.1716E-23
   34.5+    35 5   0.000       0.000      0.3652E-25  0.2077E-24  0.4347E-23 -0.4591E-23
   34.5+    37 6 -0.9630E-13   0.000      0.3477E-29  0.5412E-29  0.8609E-28 -0.9630E-13
   34.5-    32 1   0.000       0.000      0.3607E-22  0.6696E-22  0.1572E-20 -0.1675E-20
   34.5-    34 2 -0.9630E-13   0.000      0.1625E-23  0.6695E-25  0.1219E-23 -0.9630E-13
   34.5-    34 3 -0.9630E-13   0.000      0.2776E-23  0.2087E-23  0.4992E-22 -0.9630E-13
   34.5-    34 4  0.4815E-13   0.000      0.5204E-23  0.1097E-22  0.2629E-21  0.4815E-13
   34.5-    36 5   0.000       0.000      0.1757E-27  0.7020E-28  0.1281E-26 -0.1527E-26
   34.5-    36 6 -0.9630E-13   0.000      0.3804E-27  0.1460E-26  0.2664E-25 -0.9630E-13
   35.5+    33 1  0.4953E-13   0.000      0.6380E-24  0.1075E-23  0.2208E-22  0.4953E-13
   35.5+    35 2 -0.9905E-13   0.000      0.2443E-25  0.8067E-27  0.1283E-25 -0.9905E-13
   35.5+    35 3  0.4953E-13   0.000      0.4158E-25  0.2841E-25  0.5932E-24  0.4953E-13
   35.5+    35 4  0.4953E-13   0.000      0.7814E-25  0.1488E-24  0.3112E-23  0.4953E-13
   35.5+    37 5 -0.9905E-13   0.000      0.2001E-29  0.7309E-30  0.1163E-28 -0.9905E-13
   35.5+    37 6 -0.9905E-13   0.000      0.4354E-29  0.1510E-28  0.2403E-27 -0.9905E-13
   35.5-    34 1 -0.9905E-13   0.000      0.7808E-24  0.4025E-25  0.7224E-24 -0.9905E-13
   35.5-    34 2   0.000       0.000      0.5593E-23  0.3044E-26  0.5463E-25 -0.5651E-23
   35.5-    36 3  0.9905E-13   0.000      0.4886E-29  0.7023E-27  0.1279E-25  0.9905E-13
   35.5-    36 4   0.000       0.000      0.5868E-27  0.8998E-27  0.1641E-25 -0.1790E-25
   35.5-    36 5   0.000       0.000      0.4775E-27  0.2455E-26  0.4480E-25 -0.4774E-25
   35.5-    38 6   0.000       0.000      0.3498E-31  0.4923E-31  0.6826E-30 -0.7668E-30
   36.5+    35 1   0.000       0.000      0.1174E-25  0.4832E-27  0.7574E-26 -0.1980E-25
   36.5+    35 2   0.000       0.000      0.8381E-25  0.3633E-28  0.5694E-27 -0.8441E-25
   36.5+    37 3   0.000       0.000      0.5022E-31  0.7261E-29  0.1153E-27 -0.1226E-27
   36.5+    37 4 -0.1018E-12   0.000      0.6698E-29  0.9289E-29  0.1477E-27 -0.1018E-12
   36.5+    37 5   0.000       0.000      0.5457E-29  0.2538E-28  0.4037E-27 -0.4346E-27
   36.5+    39 6   0.000       0.000      0.3107E-33  0.3955E-33  0.4779E-32 -0.5485E-32
   36.5-    34 1   0.000       0.000      0.9726E-26  0.1487E-25  0.2668E-24 -0.2914E-24
   36.5-    36 2  0.1018E-12   0.000      0.3193E-27  0.8485E-29  0.1179E-27  0.1018E-12
   36.5-    36 3   0.000       0.000      0.5416E-27  0.3363E-27  0.6125E-26 -0.7003E-26
   36.5-    36 4   0.000       0.000      0.1020E-26  0.1755E-26  0.3201E-25 -0.3478E-25
   36.5-    38 5   0.000       0.000      0.2002E-31  0.6686E-32  0.9271E-31 -0.1194E-30
   36.5-    38 6   0.000       0.000      0.4379E-31  0.1373E-30  0.1904E-29 -0.2085E-29
   37.5+    35 1   0.000       0.000      0.1286E-27  0.1784E-27  0.2796E-26 -0.3103E-26
   37.5+    37 2   0.000       0.000      0.3648E-29  0.7834E-31  0.9507E-30 -0.4677E-29
   37.5+    37 3 -0.1046E-12   0.000      0.6169E-29  0.3482E-29  0.5529E-28 -0.1046E-12
   37.5+    37 4   0.000       0.000      0.1164E-28  0.1810E-28  0.2879E-27 -0.3176E-27
   37.5+    39 5 -0.1046E-12   0.000      0.1770E-33  0.5401E-34  0.6526E-33 -0.1046E-12
   37.5+    39 6 -0.1046E-12   0.000      0.3889E-33  0.1103E-32  0.1333E-31 -0.1046E-12
   37.5-    36 1   0.000       0.000      0.1535E-27  0.5064E-29  0.6928E-28 -0.2279E-27
   37.5-    36 2 -0.1046E-12   0.000      0.1092E-26  0.3786E-30  0.5179E-29 -0.1046E-12
   37.5-    38 3   0.000       0.000      0.4554E-33  0.6601E-31  0.9140E-30 -0.9804E-30
   37.5-    38 4   0.000       0.000      0.6719E-31  0.8430E-31  0.1169E-29 -0.1320E-29
   37.5-    38 5   0.000       0.000      0.5482E-31  0.2306E-30  0.3197E-29 -0.3483E-29
   37.5-    40 6   0.000       0.000      0.2447E-35  0.2819E-35  0.2968E-34 -0.3494E-34
   38.5+    37 1 -0.1073E-12   0.000      0.1755E-29  0.4659E-31  0.5560E-30 -0.1073E-12
   38.5+    37 2   0.000       0.000      0.1244E-28  0.3464E-32  0.4134E-31 -0.1248E-28
   38.5+    39 3 -0.1073E-12   0.000      0.3659E-35  0.5300E-33  0.6396E-32 -0.1073E-12
   38.5+    39 4   0.000       0.000      0.5953E-33  0.6758E-33  0.8164E-32 -0.9436E-32
   38.5+    39 5   0.000       0.000      0.4863E-33  0.1851E-32  0.2236E-31 -0.2470E-31
   38.5+    41 6  0.5365E-13   0.000      0.1717E-37  0.1789E-37  0.1642E-36  0.5365E-13
   38.5-    36 1   0.000       0.000      0.1485E-29  0.1869E-29  0.2557E-28 -0.2892E-28
   38.5-    38 2   0.000       0.000      0.3663E-31  0.6381E-33  0.6760E-32 -0.4403E-31
   38.5-    38 3   0.000       0.000      0.6176E-31  0.3168E-31  0.4386E-30 -0.5321E-30
   38.5-    38 4   0.000       0.000      0.1168E-30  0.1642E-30  0.2276E-29 -0.2557E-29
   38.5-    40 5   0.000       0.000      0.1388E-35  0.3869E-36  0.4074E-35 -0.5849E-35
   38.5-    40 6   0.000       0.000      0.3063E-35  0.7858E-35  0.8274E-34 -0.9366E-34
   39.5+    37 1   0.000       0.000      0.1505E-31  0.1719E-31  0.2051E-30 -0.2374E-30
   39.5+    39 2   0.000       0.000      0.3248E-33  0.4605E-35  0.4259E-34 -0.3720E-33
   39.5+    39 3   0.000       0.000      0.5461E-33  0.2547E-33  0.3073E-32 -0.3874E-32
   39.5+    39 4   0.000       0.000      0.1034E-32  0.1315E-32  0.1589E-31 -0.1824E-31
   39.5+    41 5  0.5503E-13   0.000      0.9698E-38  0.2468E-38  0.2264E-37  0.5503E-13
   39.5+    41 6   0.000       0.000      0.2148E-37  0.4987E-37  0.4575E-36 -0.5288E-36
   39.5-    38 1   0.000       0.000      0.1764E-31  0.3780E-33  0.3935E-32 -0.2195E-31
   39.5-    38 2   0.000       0.000      0.1245E-30  0.2796E-34  0.2911E-33 -0.1249E-30
   39.5-    40 3   0.000       0.000      0.2616E-37  0.3775E-35  0.3971E-34 -0.4351E-34
   39.5-    40 4   0.000       0.000      0.4678E-35  0.4807E-35  0.5060E-34 -0.6009E-34
   39.5-    40 5   0.000       0.000      0.3826E-35  0.1318E-34  0.1387E-33 -0.1557E-33
   39.5-    42 6   0.000       0.000      0.1076E-39  0.1016E-39  0.8118E-39 -0.1021E-38
   40.5+    39 1   0.000       0.000      0.1565E-33  0.2718E-35  0.2468E-34 -0.1839E-33
   40.5+    39 2   0.000       0.000      0.1101E-32  0.2001E-36  0.1817E-35 -0.1103E-32
   40.5+    41 3  0.5640E-13   0.000      0.1671E-39  0.2396E-37  0.2196E-36  0.5640E-13
   40.5+    41 4   0.000       0.000      0.3274E-37  0.3046E-37  0.2794E-36 -0.3425E-36
   40.5+    41 5   0.000       0.000      0.2680E-37  0.8357E-37  0.7667E-36 -0.8771E-36
   40.5+    43 6   0.000       0.000      0.6052E-42  0.5172E-42  0.3602E-41 -0.4724E-41
   40.5-    38 1   0.000       0.000      0.1345E-33  0.1394E-33  0.1451E-32 -0.1725E-32
   40.5-    40 2  0.1128E-12   0.000      0.2555E-35  0.2958E-37  0.2388E-36  0.1128E-12
   40.5-    40 3   0.000       0.000      0.4284E-35  0.1816E-35  0.1909E-34 -0.2519E-34
   40.5-    40 4   0.000       0.000      0.8125E-35  0.9349E-35  0.9842E-34 -0.1159E-33
   40.5-    42 5   0.000       0.000      0.6057E-40  0.1407E-40  0.1125E-39 -0.1871E-39
   40.5-    42 6   0.000       0.000      0.1347E-39  0.2829E-39  0.2262E-38 -0.2679E-38
   41.5+    39 1   0.000       0.000      0.1065E-35  0.1002E-35  0.9097E-35 -0.1116E-34
   41.5+    41 2  0.5778E-13   0.000      0.1790E-37  0.1697E-39  0.1196E-38  0.5778E-13
   41.5+    41 3   0.000       0.000      0.2993E-37  0.1153E-37  0.1057E-36 -0.1471E-36
   41.5+    41 4   0.000       0.000      0.5685E-37  0.5920E-37  0.5430E-36 -0.6591E-36
   41.5+    43 5   0.000       0.000      0.3394E-42  0.7199E-43  0.5013E-42 -0.9127E-42
   41.5+    43 6   0.000       0.000      0.7572E-42  0.1440E-41  0.1003E-40 -0.1223E-40
   41.5-    40 1   0.000       0.000      0.1232E-35  0.1739E-37  0.1377E-36 -0.1387E-35
   41.5-    40 2   0.000       0.000      0.8639E-35  0.1275E-38  0.1009E-37 -0.8651E-35
   41.5-    42 3   0.000       0.000      0.9565E-42  0.1359E-39  0.1085E-38 -0.1222E-38
   41.5-    42 4   0.000       0.000      0.2048E-39  0.1725E-39  0.1379E-38 -0.1756E-38
   41.5-    42 5   0.000       0.000      0.1679E-39  0.4739E-39  0.3788E-38 -0.4430E-38
   41.5-    44 6   0.000       0.000      0.3063E-44  0.2370E-44  0.1438E-43 -0.1982E-43
   42.5+    41 1   0.000       0.000      0.8635E-38  0.9941E-40  0.6861E-39 -0.9421E-38
   42.5+    41 2   0.000       0.000      0.6036E-37  0.7253E-41  0.5006E-40 -0.6042E-37
   42.5+    43 3   0.000       0.000      0.4926E-44  0.6919E-42  0.4814E-41 -0.5511E-41
   42.5+    43 4   0.000       0.000      0.1149E-41  0.8771E-42  0.6107E-41 -0.8134E-41
   42.5+    43 5   0.000       0.000      0.9429E-42  0.2411E-41  0.1679E-40 -0.2015E-40
   42.5+    45 6   0.000       0.000      0.1399E-46  0.9809E-47  0.5186E-46 -0.7566E-46
   42.5-    40 1   0.000       0.000      0.7506E-38  0.6409E-38  0.5073E-37 -0.6465E-37
   42.5-    42 2   0.000       0.000      0.1121E-39  0.8733E-42  0.5369E-41 -0.1183E-39
   42.5-    42 3 -0.1183E-12   0.000      0.1869E-39  0.6549E-40  0.5229E-39 -0.1183E-12
   42.5-    42 4  0.1183E-12   0.000      0.3556E-39  0.3352E-39  0.2679E-38  0.1183E-12
   42.5-    44 5   0.000       0.000      0.1712E-44  0.3313E-45  0.2011E-44 -0.4054E-44
   42.5-    44 6   0.000       0.000      0.3831E-44  0.6600E-44  0.4005E-43 -0.5048E-43
   43.5+    41 1   0.000       0.000      0.4725E-40  0.3662E-40  0.2528E-39 -0.3366E-39
   43.5+    43 2   0.000       0.000      0.6294E-42  0.4042E-44  0.2168E-43 -0.6551E-42
   43.5+    43 3  0.1211E-12   0.000      0.1047E-41  0.3337E-42  0.2322E-41  0.1211E-12
   43.5+    43 4   0.000       0.000      0.1995E-41  0.1703E-41  0.1186E-40 -0.1556E-40
   43.5+    45 5   0.000       0.000      0.7795E-47  0.1377E-47  0.7279E-47 -0.1645E-46
   43.5+    45 6 -0.1211E-12   0.000      0.1750E-46  0.2730E-46  0.1444E-45 -0.1211E-12
   43.5-    42 1   0.000       0.000      0.5410E-40  0.5094E-42  0.3065E-41 -0.5768E-40
   43.5-    42 2   0.000       0.000      0.3770E-39  0.3702E-43  0.2227E-42 -0.3772E-39
   43.5-    44 3   0.000       0.000      0.2289E-46  0.3170E-44  0.1922E-43 -0.2241E-43
   43.5-    44 4   0.000       0.000      0.5804E-44  0.4014E-44  0.2435E-43 -0.3417E-43
   43.5-    44 5   0.000       0.000      0.4767E-44  0.1104E-43  0.6700E-43 -0.8281E-43
   43.5-    46 6   0.000       0.000      0.5784E-49  0.3675E-49  0.1693E-48 -0.2639E-48
   44.5+    43 1  0.1238E-12   0.000      0.3041E-42  0.2348E-44  0.1232E-43  0.1238E-12
   44.5+    43 2   0.000       0.000      0.2112E-41  0.1700E-45  0.8916E-45 -0.2113E-41
   44.5+    45 3   0.000       0.000      0.9626E-49  0.1312E-46  0.6929E-46 -0.8251E-46
   44.5+    45 4   0.000       0.000      0.2646E-46  0.1658E-46  0.8766E-46 -0.1307E-45
   44.5+    45 5   0.000       0.000      0.2175E-46  0.4566E-46  0.2414E-45 -0.3088E-45
   44.5+    47 6   0.000       0.000      0.2170E-51  0.1250E-51  0.5019E-51 -0.8440E-51
   44.5-    42 1   0.000       0.000      0.2666E-42  0.1876E-42  0.1129E-41 -0.1583E-41
   44.5-    44 2 -0.1238E-12   0.000      0.3181E-44  0.1688E-46  0.7904E-46 -0.1238E-12
   44.5-    44 3   0.000       0.000      0.5282E-44  0.1530E-44  0.9277E-44 -0.1609E-43
   44.5-    44 4   0.000       0.000      0.1007E-43  0.7789E-44  0.4726E-43 -0.6512E-43
   44.5-    46 5   0.000       0.000      0.3213E-49  0.5178E-50  0.2386E-49 -0.6117E-49
   44.5-    46 6   0.000       0.000      0.7234E-49  0.1023E-48  0.4712E-48 -0.6458E-48
   45.5+    43 1  0.6328E-13   0.000      0.1353E-44  0.8647E-45  0.4536E-44  0.6328E-13
   45.5+    45 2   0.000       0.000      0.1451E-46  0.6382E-49  0.2607E-48 -0.1484E-46
   45.5+    45 3   0.000       0.000      0.2405E-46  0.6335E-47  0.3347E-46 -0.6385E-46
   45.5+    45 4   0.000       0.000      0.4592E-46  0.3217E-46  0.1700E-45 -0.2481E-45
   45.5+    47 5   0.000       0.000      0.1203E-51  0.1768E-52  0.7097E-52 -0.2089E-51
   45.5+    47 6   0.000       0.000      0.2715E-51  0.3478E-51  0.1396E-50 -0.2016E-50
   45.5-    44 1  0.1266E-12   0.000      0.1538E-44  0.9769E-47  0.4468E-46  0.1266E-12
   45.5-    44 2   0.000       0.000      0.1065E-43  0.7043E-48  0.3221E-47 -0.1066E-43
   45.5-    46 3   0.000       0.000      0.3673E-51  0.4913E-49  0.2262E-48 -0.2757E-48
   45.5-    46 4   0.000       0.000      0.1092E-48  0.6204E-49  0.2858E-48 -0.4570E-48
   45.5-    46 5   0.000       0.000      0.8985E-49  0.1709E-48  0.7876E-48 -0.1048E-47
   45.5-    48 6   0.000       0.000      0.7412E-54  0.3871E-54  0.1354E-53 -0.2482E-53
   46.5+    45 1   0.000       0.000      0.7021E-47  0.3678E-49  0.1466E-48 -0.7205E-47
   46.5+    45 2   0.000       0.000      0.4849E-46  0.2642E-50  0.1053E-49 -0.4850E-46
   46.5+    47 3   0.000       0.000      0.1275E-53  0.1671E-51  0.6704E-51 -0.8387E-51
   46.5+    47 4   0.000       0.000      0.4091E-51  0.2107E-51  0.8459E-51 -0.1466E-50
   46.5+    47 5   0.000       0.000      0.3369E-51  0.5811E-51  0.2333E-50 -0.3251E-50
   46.5+    49 6   0.000       0.000      0.2309E-56  0.1093E-56  0.3333E-56 -0.6735E-56
   46.5-    44 1   0.000       0.000      0.6196E-47  0.3596E-47  0.1644E-46 -0.2624E-46
   46.5-    46 2   0.000       0.000      0.5995E-49  0.2189E-51  0.7806E-51 -0.6095E-49
   46.5-    46 3   0.000       0.000      0.9912E-49  0.2375E-49  0.1093E-48 -0.2322E-48
   46.5-    46 4   0.000       0.000      0.1895E-48  0.1203E-48  0.5541E-48 -0.8638E-48
   46.5-    48 5   0.000       0.000      0.4096E-54  0.5493E-55  0.1922E-54 -0.6567E-54
   46.5-    48 6   0.000       0.000      0.9270E-54  0.1077E-53  0.3766E-53 -0.5770E-53
   47.5+    45 1   0.000       0.000      0.2567E-49  0.1353E-49  0.5396E-49 -0.9316E-49
   47.5+    47 2   0.000       0.000      0.2248E-51  0.6833E-54  0.2126E-53 -0.2276E-51
   47.5+    47 3   0.000       0.000      0.3709E-51  0.8083E-52  0.3243E-51 -0.7760E-51
   47.5+    47 4   0.000       0.000      0.7097E-51  0.4084E-51  0.1639E-50 -0.2757E-50
   47.5+    49 5   0.000       0.000      0.1273E-56  0.1557E-57  0.4746E-57 -0.1903E-56
   47.5+    49 6   0.000       0.000      0.2887E-56  0.3040E-56  0.9269E-56 -0.1520E-55
   47.5-    46 1   0.000       0.000      0.2902E-49  0.1256E-51  0.4367E-51 -0.2958E-49
   47.5-    46 2 -0.1321E-12   0.000      0.1999E-48  0.8994E-53  0.3126E-52 -0.1321E-12
   47.5-    48 3   0.000       0.000      0.4037E-56  0.5172E-54  0.1808E-53 -0.2330E-53
   47.5-    48 4   0.000       0.000      0.1395E-53  0.6515E-54  0.2279E-53 -0.4326E-53
   47.5-    48 5   0.000       0.000      0.1150E-53  0.1798E-53  0.6290E-53 -0.9237E-53
   47.5-    50 6   0.000       0.000      0.6578E-59  0.2825E-59  0.7508E-59 -0.1691E-58
   48.5+    47 1   0.000       0.000      0.1089E-51  0.3905E-54  0.1183E-53 -0.1104E-51
   48.5+    47 2   0.000       0.000      0.7477E-51  0.2786E-55  0.8443E-55 -0.7479E-51
   48.5+    49 3   0.000       0.000      0.1168E-58  0.1461E-56  0.4451E-56 -0.5924E-56
   48.5+    49 4   0.000       0.000      0.4338E-56  0.1838E-56  0.5604E-56 -0.1178E-55
   48.5+    49 5   0.000       0.000      0.3578E-56  0.5075E-56  0.1547E-55 -0.2413E-55
   48.5+    51 6   0.000       0.000      0.1719E-61  0.6698E-62  0.1552E-61 -0.3940E-61
   48.5-    46 1 -0.1348E-12   0.000      0.9652E-52  0.4622E-52  0.1607E-51 -0.1348E-12
   48.5-    48 2   0.000       0.000      0.7669E-54  0.1946E-56  0.5284E-56 -0.7741E-54
   48.5-    48 3   0.000       0.000      0.1263E-53  0.2504E-54  0.8754E-54 -0.2389E-53
   48.5-    48 4  0.6741E-13   0.000      0.2428E-53  0.1267E-53  0.4432E-53  0.6741E-13
   48.5-    50 5   0.000       0.000      0.3619E-59  0.4037E-60  0.1073E-59 -0.5096E-59
   48.5-    50 6  0.6741E-13   0.000      0.4596E-57  0.4389E-57  0.1166E-56  0.6741E-13
   49.5+    47 1   0.000       0.000      0.3302E-54  0.1436E-54  0.4353E-54 -0.9091E-54
   49.5+    49 2   0.000       0.000      0.2387E-56  0.5064E-59  0.1200E-58 -0.2404E-56
   49.5+    49 3   0.000       0.000      0.3923E-56  0.7076E-57  0.2156E-56 -0.6787E-56
   49.5+    49 4   0.000       0.000      0.7522E-56  0.3559E-56  0.1085E-55 -0.2193E-55
   49.5+    51 5   0.000       0.000      0.9447E-62  0.9610E-63  0.2226E-62 -0.1263E-61
   49.5+    51 6   0.000       0.000      0.2152E-61  0.1864E-61  0.4318E-61 -0.8334E-61
   49.5-    48 1   0.000       0.000      0.3716E-54  0.1107E-56  0.2925E-56 -0.3757E-54
   49.5-    48 2   0.000       0.000      0.2546E-53  0.7873E-58  0.2080E-57 -0.2546E-53
   49.5-    50 3   0.000       0.000      0.3098E-61  0.3773E-59  0.1002E-58 -0.1383E-58
   49.5-    50 4  0.6879E-13   0.000      0.4465E-57  0.1716E-57  0.4561E-57  0.6879E-13
   49.5-    50 5   0.000       0.000      0.1018E-58  0.1310E-58  0.3482E-58 -0.5811E-58
   49.5-    52 6  0.6879E-13   0.000      0.7607E-58  0.2689E-58  0.5430E-58  0.6879E-13
   50.5+    49 1   0.000       0.000      0.1157E-56  0.2869E-59  0.6608E-59 -0.1167E-56
   50.5+    49 2   0.000       0.000      0.7910E-56  0.2034E-60  0.4685E-60 -0.7910E-56
   50.5+    51 3   0.000       0.000      0.7542E-64  0.8932E-62  0.2068E-61 -0.2969E-61
   50.5+    51 4   0.000       0.000      0.3216E-61  0.1121E-61  0.2598E-61 -0.6935E-61
   50.5+    51 5   0.000       0.000      0.2656E-61  0.3100E-61  0.7181E-61 -0.1294E-60
   50.5+    53 6   0.000       0.000      0.1558E-66  0.4998E-67  0.8797E-67 -0.2937E-66
   50.5-    48 1   0.000       0.000      0.1030E-56  0.4071E-57  0.1076E-56 -0.2513E-56
   50.5-    50 2   0.000       0.000      0.6789E-59  0.1207E-61  0.2497E-61 -0.6826E-59
   50.5-    50 3  0.7016E-13   0.000      0.3313E-57  0.5436E-58  0.1444E-57  0.7016E-13
   50.5-    50 4   0.000       0.000      0.2138E-58  0.9174E-59  0.2438E-58 -0.5493E-58
   50.5-    52 5   0.000       0.000      0.2141E-64  0.1986E-65  0.4011E-65 -0.2741E-64
   50.5-    52 6   0.000       0.000      0.4889E-64  0.3841E-64  0.7755E-64 -0.1648E-63
   51.5+    49 1   0.000       0.000      0.2936E-59  0.1055E-59  0.2430E-59 -0.6421E-59
   51.5+    51 2   0.000       0.000      0.1765E-61  0.2634E-64  0.4758E-64 -0.1772E-61
   51.5+    51 3   0.000       0.000      0.2891E-61  0.4315E-62  0.9991E-62 -0.4321E-61
   51.5+    51 4   0.000       0.000      0.5552E-61  0.2162E-61  0.5007E-61 -0.1272E-60
   51.5+    53 5   0.000       0.000      0.3267E-67  0.2764E-68  0.4864E-68 -0.4030E-67
   51.5+    53 6   0.000       0.000      0.7473E-67  0.5327E-67  0.9377E-67 -0.2218E-66
   51.5-    50 1  0.7154E-13   0.000      0.2282E-57  0.4718E-60  0.9475E-60  0.7154E-13
   51.5-    50 2   0.000       0.000      0.2248E-58  0.4819E-63  0.9678E-63 -0.2248E-58
   51.5-    52 3  0.7154E-13   0.000      0.1514E-60  0.1741E-58  0.3514E-58  0.7154E-13
   51.5-    52 4   0.000       0.000      0.7429E-64  0.2351E-64  0.4747E-64 -0.1453E-63
   51.5-    52 5   0.000       0.000      0.6141E-64  0.6504E-64  0.1313E-63 -0.2578E-63
   51.5-    54 6   0.000       0.000       0.000       0.000       0.000       0.000    
   52.5+    51 1   0.000       0.000      0.8619E-62  0.1489E-64  0.2607E-64 -0.8660E-62
   52.5+    51 2   0.000       0.000      0.5862E-61  0.1049E-65  0.1837E-65 -0.5862E-61
   52.5+    53 3   0.000       0.000      0.2940E-69  0.3277E-67  0.5766E-67 -0.9073E-67
   52.5+    53 4   0.000       0.000      0.1430E-66  0.4107E-67  0.7228E-67 -0.2563E-66
   52.5+    53 5   0.000       0.000      0.1182E-66  0.1137E-66  0.2001E-66 -0.4320E-66
   52.5+    55 6   0.000       0.000       0.000       0.000       0.000       0.000    
   52.5-    50 1   0.000       0.000      0.7667E-62  0.2503E-62  0.5027E-62 -0.1520E-61
   52.5-    52 2  0.7291E-13   0.000      0.6194E-58  0.7777E-61  0.1226E-60  0.7291E-13
   52.5-    52 3   0.000       0.000      0.7395E-64  0.1005E-64  0.2027E-64 -0.1043E-63
   52.5-    52 4   0.000       0.000      0.1422E-63  0.5022E-64  0.1014E-63 -0.2938E-63
   52.5-    54 5   0.000       0.000       0.000       0.000       0.000       0.000    
   52.5-    54 6   0.000       0.000       0.000       0.000       0.000       0.000    
   53.5+    51 1   0.000       0.000      0.1825E-64  0.5415E-65  0.9483E-65 -0.3315E-64
   53.5+    53 2   0.000       0.000      0.8470E-67  0.8964E-70  0.1234E-69 -0.8491E-67
   53.5+    53 3   0.000       0.000      0.1383E-66  0.1709E-67  0.3007E-67 -0.1854E-66
   53.5+    53 4   0.000       0.000      0.2660E-66  0.8529E-67  0.1501E-66 -0.5014E-66
   53.5+    55 5   0.000       0.000       0.000       0.000       0.000       0.000    
   53.5+    55 6  0.7429E-13   0.000      0.1573E-59  0.9237E-60  0.1236E-59  0.7429E-13
   53.5-    52 1   0.000       0.000      0.1962E-64  0.2836E-67  0.4331E-67 -0.1969E-64
   53.5-    52 2   0.000       0.000      0.1331E-63  0.1993E-68  0.3044E-68 -0.1331E-63
   53.5-    54 3   0.000       0.000       0.000       0.000       0.000       0.000    
   53.5-    54 4   0.000       0.000       0.000       0.000       0.000       0.000    
   53.5-    54 5   0.000       0.000       0.000       0.000       0.000       0.000    
   53.5-    56 6   0.000       0.000       0.000       0.000       0.000       0.000    
   54.5+    53 1   0.000       0.000      0.3739E-67  0.4533E-70  0.6037E-70 -0.3749E-67
   54.5+    53 2   0.000       0.000      0.2532E-66  0.3177E-71  0.4231E-71 -0.2532E-66
   54.5+    55 3   0.000       0.000       0.000       0.000       0.000       0.000    
   54.5+    55 4  0.7566E-13   0.000      0.2131E-59  0.5045E-60  0.6749E-60  0.7566E-13
   54.5+    55 5   0.000       0.000       0.000       0.000       0.000       0.000    
   54.5+    57 6   0.000       0.000       0.000       0.000       0.000       0.000    
   54.5-    52 1   0.000       0.000      0.3943E-67  0.1064E-67  0.1624E-67 -0.6630E-67
   54.5-    54 2   0.000       0.000       0.000       0.000       0.000       0.000    
   54.5-    54 3   0.000       0.000       0.000       0.000       0.000       0.000    
   54.5-    54 4   0.000       0.000       0.000       0.000       0.000       0.000    
   54.5-    56 5   0.000       0.000       0.000       0.000       0.000       0.000    
   54.5-    56 6   0.000       0.000       0.000       0.000       0.000       0.000    
   55.5+    53 1   0.000       0.000      0.1085E-69  0.2661E-70  0.3544E-70 -0.1706E-69
   55.5+    55 2   0.000       0.000       0.000       0.000       0.000       0.000    
   55.5+    55 3  0.7704E-13   0.000      0.3061E-59  0.3134E-60  0.4191E-60  0.7704E-13
   55.5+    55 4   0.000       0.000       0.000       0.000       0.000       0.000    
   55.5+    57 5   0.000       0.000       0.000       0.000       0.000       0.000    
   55.5+    57 6   0.000       0.000       0.000       0.000       0.000       0.000    
   55.5-    54 1   0.000       0.000       0.000       0.000       0.000       0.000    
   55.5-    54 2   0.000       0.000       0.000       0.000       0.000       0.000    
   55.5-    56 3   0.000       0.000       0.000       0.000       0.000       0.000    
   55.5-    56 4   0.000       0.000       0.000       0.000       0.000       0.000    
   55.5-    56 5   0.000       0.000       0.000       0.000       0.000       0.000    
   55.5-    58 6   0.000       0.000       0.000       0.000       0.000       0.000    
   56.5+    55 1  0.7842E-13   0.000      0.1148E-59  0.9840E-63  0.9966E-63  0.7842E-13
   56.5+    55 2   0.000       0.000       0.000       0.000       0.000       0.000    
   56.5+    57 3   0.000       0.000       0.000       0.000       0.000       0.000    
   56.5+    57 4   0.000       0.000       0.000       0.000       0.000       0.000    
   56.5+    57 5   0.000       0.000       0.000       0.000       0.000       0.000    
   56.5+    59 6   0.000       0.000       0.000       0.000       0.000       0.000    
   56.5-    54 1   0.000       0.000       0.000       0.000       0.000       0.000    
   56.5-    56 2   0.000       0.000       0.000       0.000       0.000       0.000    
   56.5-    56 3   0.000       0.000       0.000       0.000       0.000       0.000    
   56.5-    56 4   0.000       0.000       0.000       0.000       0.000       0.000    
   56.5-    58 5   0.000       0.000       0.000       0.000       0.000       0.000    
   56.5-    58 6   0.000       0.000       0.000       0.000       0.000       0.000    
   57.5+    55 1   0.000       0.000       0.000       0.000       0.000       0.000    
   57.5+    57 2   0.000       0.000       0.000       0.000       0.000       0.000    
   57.5+    57 3   0.000       0.000       0.000       0.000       0.000       0.000    
   57.5+    57 4   0.000       0.000       0.000       0.000       0.000       0.000    
   57.5+    59 5   0.000       0.000       0.000       0.000       0.000       0.000    
   57.5+    59 6   0.000       0.000       0.000       0.000       0.000       0.000    
   57.5-    56 1   0.000       0.000       0.000       0.000       0.000       0.000    
   57.5-    56 2   0.000       0.000       0.000       0.000       0.000       0.000    
   57.5-    58 3   0.000       0.000       0.000       0.000       0.000       0.000    
   57.5-    58 4   0.000       0.000       0.000       0.000       0.000       0.000    
   57.5-    58 5   0.000       0.000       0.000       0.000       0.000       0.000    
   57.5-    60 6   0.000       0.000       0.000       0.000       0.000       0.000    
   58.5+    57 1   0.000       0.000       0.000       0.000       0.000       0.000    
   58.5+    57 2   0.000       0.000       0.000       0.000       0.000       0.000    
   58.5+    59 3   0.000       0.000       0.000       0.000       0.000       0.000    
   58.5+    59 4   0.000       0.000       0.000       0.000       0.000       0.000    
   58.5+    59 5   0.000       0.000       0.000       0.000       0.000       0.000    
   58.5+    61 6   0.000       0.000       0.000       0.000       0.000       0.000    
   58.5-    56 1   0.000       0.000       0.000       0.000       0.000       0.000    
   58.5-    58 2   0.000       0.000       0.000       0.000       0.000       0.000    
   58.5-    58 3   0.000       0.000       0.000       0.000       0.000       0.000    
   58.5-    58 4   0.000       0.000       0.000       0.000       0.000       0.000    
   58.5-    60 5   0.000       0.000       0.000       0.000       0.000       0.000    
   58.5-    60 6  0.8117E-13   0.000      0.1499E-61  0.5433E-62  0.3665E-62  0.8117E-13
   59.5+    57 1   0.000       0.000       0.000       0.000       0.000       0.000    
   59.5+    59 2   0.000       0.000       0.000       0.000       0.000       0.000    
   59.5+    59 3   0.000       0.000       0.000       0.000       0.000       0.000    
   59.5+    59 4   0.000       0.000       0.000       0.000       0.000       0.000    
   59.5+    61 5   0.000       0.000       0.000       0.000       0.000       0.000    
   59.5+    61 6   0.000       0.000       0.000       0.000       0.000       0.000    
   59.5-    58 1   0.000       0.000       0.000       0.000       0.000       0.000    
   59.5-    58 2   0.000       0.000       0.000       0.000       0.000       0.000    
   59.5-    60 3   0.000       0.000       0.000       0.000       0.000       0.000    
   59.5-    60 4  0.8254E-13   0.000      0.3317E-61  0.4855E-62  0.3275E-62  0.8254E-13
   59.5-    60 5  0.8254E-13   0.000      0.2754E-61  0.1348E-61  0.9094E-62  0.8254E-13
   59.5-    62 6   0.000       0.000       0.000       0.000       0.000       0.000    
   60.5+    59 1   0.000       0.000       0.000       0.000       0.000       0.000    
   60.5+    59 2   0.000       0.000       0.000       0.000       0.000       0.000    
   60.5+    61 3   0.000       0.000       0.000       0.000       0.000       0.000    
   60.5+    61 4   0.000       0.000       0.000       0.000       0.000       0.000    
   60.5+    61 5   0.000       0.000       0.000       0.000       0.000       0.000    
   60.5+    63 6   0.000       0.000       0.000       0.000       0.000       0.000    
   60.5-    58 1   0.000       0.000       0.000       0.000       0.000       0.000    
   60.5-    60 2   0.000       0.000       0.000       0.000       0.000       0.000    
   60.5-    60 3  0.8392E-13   0.000      0.3292E-61  0.2106E-62  0.1420E-62  0.8392E-13
   60.5-    60 4  0.8392E-13   0.000      0.6365E-61  0.1039E-61  0.7006E-62  0.8392E-13
   60.5-    62 5   0.000       0.000       0.000       0.000       0.000       0.000    
   60.5-    62 6   0.000       0.000       0.000       0.000       0.000       0.000    
   61.5+    59 1   0.000       0.000       0.000       0.000       0.000       0.000    
   61.5+    61 2   0.000       0.000       0.000       0.000       0.000       0.000    
   61.5+    61 3   0.000       0.000       0.000       0.000       0.000       0.000    
   61.5+    61 4   0.000       0.000       0.000       0.000       0.000       0.000    
   61.5+    63 5   0.000       0.000       0.000       0.000       0.000       0.000    
   61.5+    63 6   0.000       0.000       0.000       0.000       0.000       0.000    
   61.5-    60 1  0.8530E-13   0.000      0.3879E-62  0.1434E-65  0.7335E-66  0.8530E-13
   61.5-    60 2  0.8530E-13   0.000      0.2591E-61  0.9889E-67  0.5058E-67  0.8530E-13
   61.5-    62 3   0.000       0.000       0.000       0.000       0.000       0.000    
   61.5-    62 4   0.000       0.000       0.000       0.000       0.000       0.000    
   61.5-    62 5   0.000       0.000       0.000       0.000       0.000       0.000    
   61.5-    64 6   0.000       0.000       0.000       0.000       0.000       0.000    
   62.5+    61 1   0.000       0.000       0.000       0.000       0.000       0.000    
   62.5+    61 2   0.000       0.000       0.000       0.000       0.000       0.000    
   62.5+    63 3   0.000       0.000       0.000       0.000       0.000       0.000    
   62.5+    63 4   0.000       0.000       0.000       0.000       0.000       0.000    
   62.5+    63 5   0.000       0.000       0.000       0.000       0.000       0.000    
   62.5+    65 6   0.000       0.000       0.000       0.000       0.000       0.000    
   62.5-    60 1  0.8667E-13   0.000      0.5480E-65  0.6911E-66  0.3535E-66  0.8667E-13
   62.5-    62 2   0.000       0.000       0.000       0.000       0.000       0.000    
   62.5-    62 3   0.000       0.000       0.000       0.000       0.000       0.000    
   62.5-    62 4   0.000       0.000       0.000       0.000       0.000       0.000    
   62.5-    64 5   0.000       0.000       0.000       0.000       0.000       0.000    
   62.5-    64 6   0.000       0.000       0.000       0.000       0.000       0.000    
   63.5+    61 1   0.000       0.000       0.000       0.000       0.000       0.000    
   63.5+    63 2   0.000       0.000       0.000       0.000       0.000       0.000    
   63.5+    63 3   0.000       0.000       0.000       0.000       0.000       0.000    
   63.5+    63 4   0.000       0.000       0.000       0.000       0.000       0.000    
   63.5+    65 5   0.000       0.000       0.000       0.000       0.000       0.000    
   63.5+    65 6   0.000       0.000       0.000       0.000       0.000       0.000    
   63.5-    62 1   0.000       0.000       0.000       0.000       0.000       0.000    
   63.5-    62 2   0.000       0.000       0.000       0.000       0.000       0.000    
   63.5-    64 3   0.000       0.000       0.000       0.000       0.000       0.000    
   63.5-    64 4   0.000       0.000       0.000       0.000       0.000       0.000    
   63.5-    64 5   0.000       0.000       0.000       0.000       0.000       0.000    
   63.5-    66 6   0.000       0.000       0.000       0.000       0.000       0.000    
   64.5+    63 1   0.000       0.000       0.000       0.000       0.000       0.000    
   64.5+    63 2   0.000       0.000       0.000       0.000       0.000       0.000    
   64.5+    65 3   0.000       0.000       0.000       0.000       0.000       0.000    
   64.5+    65 4   0.000       0.000       0.000       0.000       0.000       0.000    
   64.5+    65 5   0.000       0.000       0.000       0.000       0.000       0.000    
   64.5+    67 6  0.8942E-13   0.000      0.9014E-65  0.7533E-66  0.1953E-66  0.8942E-13
   64.5-    62 1   0.000       0.000       0.000       0.000       0.000       0.000    
   64.5-    64 2   0.000       0.000       0.000       0.000       0.000       0.000    
   64.5-    64 3   0.000       0.000       0.000       0.000       0.000       0.000    
   64.5-    64 4   0.000       0.000       0.000       0.000       0.000       0.000    
   64.5-    66 5   0.000       0.000       0.000       0.000       0.000       0.000    
   64.5-    66 6   0.000       0.000       0.000       0.000       0.000       0.000    
   65.5+    63 1   0.000       0.000       0.000       0.000       0.000       0.000    
   65.5+    65 2   0.000       0.000       0.000       0.000       0.000       0.000    
   65.5+    65 3   0.000       0.000       0.000       0.000       0.000       0.000    
   65.5+    65 4   0.000       0.000       0.000       0.000       0.000       0.000    
   65.5+    67 5  0.9080E-13   0.000      0.9084E-65  0.2107E-66  0.5464E-67  0.9080E-13
   65.5+    67 6  0.9080E-13   0.000      0.2120E-64  0.3930E-65  0.1019E-65  0.9080E-13
   65.5-    64 1   0.000       0.000       0.000       0.000       0.000       0.000    
   65.5-    64 2   0.000       0.000       0.000       0.000       0.000       0.000    
   65.5-    66 3   0.000       0.000       0.000       0.000       0.000       0.000    
   65.5-    66 4   0.000       0.000       0.000       0.000       0.000       0.000    
   65.5-    66 5   0.000       0.000       0.000       0.000       0.000       0.000    
   65.5-    68 6   0.000       0.000       0.000       0.000       0.000       0.000    
   66.5+    65 1   0.000       0.000       0.000       0.000       0.000       0.000    
   66.5+    65 2   0.000       0.000       0.000       0.000       0.000       0.000    
   66.5+    67 3  0.9217E-13   0.000      0.2348E-67  0.1480E-65  0.3837E-66  0.9217E-13
   66.5+    67 4  0.9217E-13   0.000      0.2446E-64  0.1834E-65  0.4756E-66  0.9217E-13
   66.5+    67 5   0.000       0.000       0.000       0.000       0.000       0.000    
   66.5+    69 6   0.000       0.000       0.000       0.000       0.000       0.000    
   66.5-    64 1   0.000       0.000       0.000       0.000       0.000       0.000    
   66.5-    66 2   0.000       0.000       0.000       0.000       0.000       0.000    
   66.5-    66 3   0.000       0.000       0.000       0.000       0.000       0.000    
   66.5-    66 4   0.000       0.000       0.000       0.000       0.000       0.000    
   66.5-    68 5   0.000       0.000       0.000       0.000       0.000       0.000    
   66.5-    68 6   0.000       0.000       0.000       0.000       0.000       0.000    
   67.5+    65 1   0.000       0.000       0.000       0.000       0.000       0.000    
   67.5+    67 2  0.9355E-13   0.000      0.2211E-64  0.2499E-68  0.5171E-69  0.9355E-13
   67.5+    67 3  0.9355E-13   0.000      0.3547E-64  0.1177E-65  0.3051E-66  0.9355E-13
   67.5+    67 4   0.000       0.000       0.000       0.000       0.000       0.000    
   67.5+    69 5   0.000       0.000       0.000       0.000       0.000       0.000    
   67.5+    69 6   0.000       0.000       0.000       0.000       0.000       0.000    
   67.5-    66 1   0.000       0.000       0.000       0.000       0.000       0.000    
   67.5-    66 2   0.000       0.000       0.000       0.000       0.000       0.000    
   67.5-    68 3   0.000       0.000       0.000       0.000       0.000       0.000    
   67.5-    68 4   0.000       0.000       0.000       0.000       0.000       0.000    
   67.5-    68 5   0.000       0.000       0.000       0.000       0.000       0.000    
   67.5-    70 6  0.9355E-13   0.000      0.1109E-65  0.6968E-67  0.1200E-67  0.9355E-13
   68.5+    67 1  0.9493E-13   0.000      0.3674E-65  0.4419E-69  0.8699E-70  0.9493E-13
   68.5+    67 2  0.9493E-13   0.000      0.2428E-64  0.3008E-70  0.5921E-71  0.9493E-13
   68.5+    69 3   0.000       0.000       0.000       0.000       0.000       0.000    
   68.5+    69 4   0.000       0.000       0.000       0.000       0.000       0.000    
   68.5+    69 5   0.000       0.000       0.000       0.000       0.000       0.000    
   68.5+    71 6   0.000       0.000       0.000       0.000       0.000       0.000    
   68.5-    66 1   0.000       0.000       0.000       0.000       0.000       0.000    
   68.5-    68 2   0.000       0.000       0.000       0.000       0.000       0.000    
   68.5-    68 3   0.000       0.000       0.000       0.000       0.000       0.000    
   68.5-    68 4   0.000       0.000       0.000       0.000       0.000       0.000    
   68.5-    70 5   0.000       0.000       0.000       0.000       0.000       0.000    
   68.5-    70 6   0.000       0.000       0.000       0.000       0.000       0.000    
   69.5+    67 1  0.9630E-13   0.000      0.4005E-68  0.2607E-69  0.5132E-70  0.9630E-13
   69.5+    69 2   0.000       0.000       0.000       0.000       0.000       0.000    
   69.5+    69 3   0.000       0.000       0.000       0.000       0.000       0.000    
   69.5+    69 4  0.9630E-13   0.000      0.4248E-65  0.2933E-66  0.5789E-67  0.9630E-13
   69.5+    71 5   0.000       0.000       0.000       0.000       0.000       0.000    
   69.5+    71 6   0.000       0.000       0.000       0.000       0.000       0.000    
   69.5-    68 1   0.000       0.000       0.000       0.000       0.000       0.000    
   69.5-    68 2   0.000       0.000       0.000       0.000       0.000       0.000    
   69.5-    70 3   0.000       0.000       0.000       0.000       0.000       0.000    
   69.5-    70 4   0.000       0.000       0.000       0.000       0.000       0.000    
   69.5-    70 5  0.9630E-13   0.000      0.7811E-66  0.1471E-66  0.2534E-67  0.9630E-13
   69.5-    72 6   0.000       0.000       0.000       0.000       0.000       0.000    
   70.5+    69 1   0.000       0.000       0.000       0.000       0.000       0.000    
   70.5+    69 2   0.000       0.000       0.000       0.000       0.000       0.000    
   70.5+    71 3   0.000       0.000       0.000       0.000       0.000       0.000    
   70.5+    71 4   0.000       0.000       0.000       0.000       0.000       0.000    
   70.5+    71 5   0.000       0.000       0.000       0.000       0.000       0.000    
   70.5+    73 6  0.9768E-13   0.000      0.1745E-67  0.8241E-69  0.9433E-70  0.9768E-13
   70.5-    68 1   0.000       0.000       0.000       0.000       0.000       0.000    
   70.5-    70 2  0.9768E-13   0.000      0.4359E-66  0.3147E-70  0.4344E-71  0.9768E-13
   70.5-    70 3   0.000       0.000       0.000       0.000       0.000       0.000    
   70.5-    70 4  0.9768E-13   0.000      0.1355E-65  0.8503E-67  0.1465E-67  0.9768E-13
   70.5-    72 5   0.000       0.000       0.000       0.000       0.000       0.000    
   70.5-    72 6   0.000       0.000       0.000       0.000       0.000       0.000    
