# Fusion cross sections for ELAB=  14.531, ECM=  11.290
     0.5   17.08      1
     0.5   35.10     -1
     1.5   55.98      1
     1.5   111.3     -1
     2.5   84.69      1
     2.5   177.9     -1
     3.5   90.99      1
     3.5   179.8     -1
     4.5   59.28      1
     4.5   134.4     -1
     5.5   38.05      1
     5.5   66.72     -1
     6.5   2.961      1
     6.5   9.289     -1
     7.5  -4.225      1
     7.5  -5.222     -1
     8.5 -0.7780      1
     8.5  -3.605     -1
     9.5  -1.254      1
     9.5  -1.622     -1
    10.5 -0.1572      1
    10.5 -0.6497     -1
    11.5 -0.1903      1
    11.5 -0.2534     -1
    12.5 -0.2522E-01  1
    12.5 -0.9748E-01 -1
    13.5 -0.2778E-01  1
    13.5 -0.3917E-01 -1
    14.5 -0.4482E-02  1
    14.5 -0.1686E-01 -1
    15.5 -0.4797E-02  1
    15.5 -0.8132E-02 -1
    16.5 -0.1303E-02  1
    16.5 -0.4894E-02 -1
    17.5 -0.1415E-02  1
    17.5 -0.3104E-02 -1
    18.5 -0.8475E-03  1
    18.5 -0.2654E-02 -1
    19.5 -0.9474E-03  1
    19.5 -0.1953E-02 -1
    20.5 -0.8146E-03  1
    20.5 -0.1892E-02 -1
    21.5 -0.9237E-03  1
    21.5 -0.1476E-02 -1
    22.5 -0.7791E-03  1
    22.5 -0.1380E-02 -1
    23.5 -0.8899E-03  1
    23.5 -0.1149E-02 -1
    24.5 -0.8073E-03  1
    24.5 -0.1097E-02 -1
    25.5 -0.9076E-03  1
    25.5 -0.1055E-02 -1
    26.5 -0.8901E-03  1
    26.5 -0.1069E-02 -1
    27.5 -0.9253E-03  1
    27.5 -0.1237E-02 -1
    28.5 -0.8070E-03  1
    28.5 -0.1169E-02 -1
    29.5 -0.7347E-03  1
    29.5 -0.1733E-02 -1
    30.5 -0.7379E-03  1
    30.5 -0.1796E-02 -1
 &
