# 181 angles,  1 tensor ranks for 0=projectile
@subtitle   "7Li(d,p) @ 7.5AMeV ADWA (d) + KD (p)"                                          
@legend ON
@legend x1 0.2
@legend y1 0.8
@g0 type LOGY
@yaxis ticklabel format power
@legend string   0 "Lab energy =   14.5311"
#legend string   0 "Partition=  2 Excit=  3 near/far= 1"
#  Theta       sigma       iT11        T20         T21         T22         Kyy for projectile
   0.000      0.6475    
   1.000      0.6422    
   2.000      0.6264    
   3.000      0.5998    
   4.000      0.5625    
   5.000      0.5146    
   6.000      0.4568    
   7.000      0.3904    
   8.000      0.3178    
   9.000      0.2424    
   10.00      0.1688    
   11.00      0.1026    
   12.00      0.4992E-01
   13.00      0.1650E-01
   14.00      0.7072E-02
   15.00      0.2426E-01
   16.00      0.6764E-01
   17.00      0.1332    
   18.00      0.2134    
   19.00      0.2975    
   20.00      0.3734    
   21.00      0.4290    
   22.00      0.4548    
   23.00      0.4454    
   24.00      0.4015    
   25.00      0.3297    
   26.00      0.2414    
   27.00      0.1514    
   28.00      0.7447E-01
   29.00      0.2251E-01
   30.00      0.2057E-02
   31.00      0.1291E-01
   32.00      0.4832E-01
   33.00      0.9668E-01
   34.00      0.1443    
   35.00      0.1788    
   36.00      0.1919    
   37.00      0.1809    
   38.00      0.1496    
   39.00      0.1062    
   40.00      0.6144E-01
   41.00      0.2529E-01
   42.00      0.4644E-02
   43.00      0.1680E-02
   44.00      0.1373E-01
   45.00      0.3443E-01
   46.00      0.5586E-01
   47.00      0.7084E-01
   48.00      0.7489E-01
   49.00      0.6725E-01
   50.00      0.5075E-01
   51.00      0.3067E-01
   52.00      0.1301E-01
   53.00      0.2663E-02
   54.00      0.2091E-02
   55.00      0.1081E-01
   56.00      0.2574E-01
   57.00      0.4224E-01
   58.00      0.5557E-01
   59.00      0.6217E-01
   60.00      0.6053E-01
   61.00      0.5146E-01
   62.00      0.3760E-01
   63.00      0.2259E-01
   64.00      0.9977E-02
   65.00      0.2273E-02
   66.00      0.4345E-03
   67.00      0.3776E-02
   68.00      0.1035E-01
   69.00      0.1761E-01
   70.00      0.2318E-01
   71.00      0.2544E-01
   72.00      0.2392E-01
   73.00      0.1923E-01
   74.00      0.1284E-01
   75.00      0.6553E-02
   76.00      0.2005E-02
   77.00      0.2530E-03
   78.00      0.1552E-02
   79.00      0.5361E-02
   80.00      0.1056E-01
   81.00      0.1575E-01
   82.00      0.1967E-01
   83.00      0.2143E-01
   84.00      0.2072E-01
   85.00      0.1780E-01
   86.00      0.1342E-01
   87.00      0.8569E-02
   88.00      0.4260E-02
   89.00      0.1289E-02
   90.00      0.9645E-04
   91.00      0.7124E-03
   92.00      0.2793E-02
   93.00      0.5734E-02
   94.00      0.8819E-02
   95.00      0.1138E-01
   96.00      0.1292E-01
   97.00      0.1318E-01
   98.00      0.1219E-01
   99.00      0.1020E-01
   100.0      0.7620E-02
   101.0      0.4927E-02
   102.0      0.2574E-02
   103.0      0.9074E-03
   104.0      0.1235E-03
   105.0      0.2525E-03
   106.0      0.1172E-02
   107.0      0.2648E-02
   108.0      0.4381E-02
   109.0      0.6066E-02
   110.0      0.7437E-02
   111.0      0.8302E-02
   112.0      0.8563E-02
   113.0      0.8221E-02
   114.0      0.7358E-02
   115.0      0.6119E-02
   116.0      0.4686E-02
   117.0      0.3246E-02
   118.0      0.1968E-02
   119.0      0.9834E-03
   120.0      0.3766E-03
   121.0      0.1788E-03
   122.0      0.3727E-03
   123.0      0.9002E-03
   124.0      0.1675E-02
   125.0      0.2593E-02
   126.0      0.3550E-02
   127.0      0.4449E-02
   128.0      0.5207E-02
   129.0      0.5766E-02
   130.0      0.6091E-02
   131.0      0.6171E-02
   132.0      0.6017E-02
   133.0      0.5655E-02
   134.0      0.5126E-02
   135.0      0.4479E-02
   136.0      0.3763E-02
   137.0      0.3028E-02
   138.0      0.2317E-02
   139.0      0.1668E-02
   140.0      0.1108E-02
   141.0      0.6585E-03
   142.0      0.3287E-03
   143.0      0.1216E-03
   144.0      0.3279E-04
   145.0      0.5274E-04
   146.0      0.1678E-03
   147.0      0.3619E-03
   148.0      0.6176E-03
   149.0      0.9175E-03
   150.0      0.1245E-02
   151.0      0.1585E-02
   152.0      0.1924E-02
   153.0      0.2250E-02
   154.0      0.2556E-02
   155.0      0.2835E-02
   156.0      0.3082E-02
   157.0      0.3295E-02
   158.0      0.3472E-02
   159.0      0.3614E-02
   160.0      0.3724E-02
   161.0      0.3802E-02
   162.0      0.3852E-02
   163.0      0.3878E-02
   164.0      0.3882E-02
   165.0      0.3868E-02
   166.0      0.3841E-02
   167.0      0.3802E-02
   168.0      0.3755E-02
   169.0      0.3704E-02
   170.0      0.3649E-02
   171.0      0.3594E-02
   172.0      0.3540E-02
   173.0      0.3490E-02
   174.0      0.3443E-02
   175.0      0.3402E-02
   176.0      0.3368E-02
   177.0      0.3340E-02
   178.0      0.3320E-02
   179.0      0.3308E-02
   180.0      0.3304E-02
 END
