# Fusion cross sections for ELAB=  15.000, ECM=  11.654
     0.5   16.77      1
     0.5   34.39     -1
     1.5   55.58      1
     1.5   110.8     -1
     2.5   86.21      1
     2.5   182.7     -1
     3.5   97.50      1
     3.5   199.3     -1
     4.5   73.36      1
     4.5   172.2     -1
     5.5   56.00      1
     5.5   116.3     -1
     6.5   19.77      1
     6.5   58.45     -1
     7.5   12.75      1
     7.5   17.38     -1
     8.5   1.166      1
     8.5   4.014     -1
     9.5  0.7036      1
     9.5   1.007     -1
    10.5  0.7902E-01  1
    10.5  0.2596     -1
    11.5  0.4668E-01  1
    11.5  0.6718E-01 -1
    12.5  0.5276E-02  1
    12.5  0.1729E-01 -1
    13.5  0.3074E-02  1
    13.5  0.4421E-02 -1
    14.5  0.3414E-03  1
    14.5  0.1122E-02 -1
    15.5  0.1969E-03  1
    15.5  0.2828E-03 -1
    16.5  0.2151E-04  1
    16.5  0.7087E-04 -1
    17.5  0.1231E-04  1
    17.5  0.1766E-04 -1
    18.5  0.1328E-05  1
    18.5  0.4382E-05 -1
    19.5  0.7547E-06  1
    19.5  0.1082E-05 -1
    20.5  0.8055E-07  1
    20.5  0.2663E-06 -1
    21.5  0.4557E-07  1
    21.5  0.6531E-07 -1
    22.5  0.4816E-08  1
    22.5  0.1595E-07 -1
    23.5  0.2718E-08  1
    23.5  0.3904E-08 -1
    24.5  0.2833E-09  1
    24.5  0.9563E-09 -1
    25.5  0.1536E-09  1
    25.5  0.2139E-09 -1
    26.5  0.3886E-11  1
    26.5  0.3303E-10 -1
    27.5  0.5374E-11  1
    27.5 -0.1903E-11 -1
    28.5 -0.1241E-10  1
    28.5 -0.1415E-10 -1
    29.5  0.7996E-13  1
    29.5  0.1100E-10 -1
    30.5 -0.1636E-10  1
    30.5 -0.1062E-10 -1
    31.5 -0.1817E-10  1
    31.5 -0.3083E-10 -1
    32.5 -0.2991E-11  1
    32.5 -0.1381E-10 -1
    33.5  0.2402E-11  1
    33.5 -0.1060E-10 -1
    34.5  0.1516E-10  1
    34.5  0.9189E-11 -1
    35.5  0.9260E-11  1
    35.5  0.1895E-10 -1
    36.5 -0.6509E-11  1
    36.5  0.9862E-13 -1
    37.5  0.4052E-12  1
    37.5  0.5925E-11 -1
    38.5  0.9876E-11  1
    38.5  0.1585E-10 -1
    39.5  0.1658E-10  1
    39.5  0.1557E-10 -1
    40.5  0.2552E-10  1
    40.5  0.2858E-10 -1
    41.5  0.1259E-10  1
    41.5  0.1030E-10 -1
    42.5  0.1324E-10  1
    42.5  0.1037E-10 -1
    43.5  0.1138E-10  1
    43.5  0.1126E-10 -1
    44.5  0.1739E-10  1
    44.5  0.1241E-10 -1
    45.5  0.2029E-10  1
    45.5  0.2838E-10 -1
    46.5  0.1723E-10  1
    46.5  0.2543E-10 -1
    47.5  0.8764E-11  1
    47.5  0.1491E-10 -1
    48.5  0.6857E-11  1
    48.5  0.1091E-10 -1
    49.5  0.1106E-10  1
    49.5  0.6797E-11 -1
    50.5  0.6729E-11  1
    50.5  0.7477E-11 -1
 &
