# Fusion cross sections for ELAB=  25.000, ECM=  19.424
     0.5   10.23      1
     0.5   20.48     -1
     1.5   34.14      1
     1.5   68.67     -1
     2.5   60.37      1
     2.5   122.9     -1
     3.5   78.95      1
     3.5   156.2     -1
     4.5   83.29      1
     4.5   171.1     -1
     5.5   83.81      1
     5.5   159.0     -1
     6.5   58.65      1
     6.5   123.3     -1
     7.5   43.84      1
     7.5   78.26     -1
     8.5   16.63      1
     8.5   40.54     -1
     9.5   11.13      1
     9.5   18.33     -1
    10.5   2.952      1
    10.5   7.672     -1
    11.5   1.909      1
    11.5   3.083     -1
    12.5  0.4591      1
    12.5   1.211     -1
    13.5  0.2920      1
    13.5  0.4694     -1
    14.5  0.6796E-01  1
    14.5  0.1801     -1
    15.5  0.4273E-01  1
    15.5  0.6858E-01 -1
    16.5  0.9771E-02  1
    16.5  0.2595E-01 -1
    17.5  0.6093E-02  1
    17.5  0.9767E-02 -1
    18.5  0.1375E-02  1
    18.5  0.3658E-02 -1
    19.5  0.8519E-03  1
    19.5  0.1365E-02 -1
    20.5  0.1904E-03  1
    20.5  0.5070E-03 -1
    21.5  0.1173E-03  1
    21.5  0.1877E-03 -1
    22.5  0.2599E-04  1
    22.5  0.6930E-04 -1
    23.5  0.1594E-04  1
    23.5  0.2550E-04 -1
    24.5  0.3509E-05  1
    24.5  0.9362E-05 -1
    25.5  0.2144E-05  1
    25.5  0.3428E-05 -1
    26.5  0.4691E-06  1
    26.5  0.1253E-05 -1
    27.5  0.2857E-06  1
    27.5  0.4567E-06 -1
    28.5  0.6220E-07  1
    28.5  0.1662E-06 -1
    29.5  0.3777E-07  1
    29.5  0.6037E-07 -1
    30.5  0.8194E-08  1
    30.5  0.2190E-07 -1
    31.5  0.4968E-08  1
    31.5  0.7940E-08 -1
    32.5  0.1079E-08  1
    32.5  0.2878E-08 -1
    33.5  0.6524E-09  1
    33.5  0.1041E-08 -1
    34.5  0.1374E-09  1
    34.5  0.3706E-09 -1
    35.5  0.7865E-10  1
    35.5  0.1273E-09 -1
    36.5  0.1142E-10  1
    36.5  0.4139E-10 -1
    37.5  0.6898E-11  1
    37.5  0.1601E-10 -1
    38.5  0.1372E-11  1
    38.5  0.8950E-11 -1
    39.5 -0.2559E-12  1
    39.5  0.6397E-13 -1
    40.5 -0.4459E-11  1
    40.5 -0.8918E-11 -1
    41.5 -0.6516E-11  1
    41.5 -0.1612E-10 -1
    42.5 -0.3954E-11  1
    42.5 -0.1358E-10 -1
    43.5  0.1830E-11  1
    43.5 -0.4820E-11 -1
    44.5  0.6369E-11  1
    44.5  0.2195E-11 -1
    45.5  0.7173E-11  1
    45.5  0.6474E-11 -1
    46.5  0.5450E-11  1
    46.5  0.4472E-11 -1
    47.5  0.1958E-11  1
    47.5  0.2188E-11 -1
    48.5 -0.5877E-12  1
    48.5  0.1802E-11 -1
    49.5 -0.2799E-12  1
    49.5  0.3998E-11 -1
    50.5  0.2855E-11  1
    50.5  0.7952E-11 -1
 &
