           1           2           1
    0.5+     1 1   3.397       0.000    
    0.5+     1 2   3.397       0.000    
    0.5+     3 3   3.441       0.000    
    0.5-     0 1   3.383       0.000    
    0.5-     2 2   3.431       0.000    
    0.5-     2 3   3.431       0.000    
    1.5+     1 1   6.794       0.000    
    1.5+     1 2   6.794       0.000    
    1.5+     1 3   6.794       0.000    
    1.5+     3 4   6.881       0.000    
    1.5+     3 5   6.881       0.000    
    1.5-     0 1   6.767       0.000    
    1.5-     2 2   6.861       0.000    
    1.5-     2 3   6.861       0.000    
    1.5-     2 4   6.861       0.000    
    1.5-     4 5   7.174       0.000    
    2.5+     1 1   10.19       0.000    
    2.5+     1 2   10.19       0.000    
    2.5+     3 3   10.32       0.000    
    2.5+     3 4   10.32       0.000    
    2.5+     3 5   10.32       0.000    
    2.5+     5 6   9.028       0.000    
    2.5-     0 1   10.15       0.000    
    2.5-     2 2   10.29       0.000    
    2.5-     2 3   10.29       0.000    
    2.5-     2 4   10.29       0.000    
    2.5-     4 5   10.76       0.000    
    2.5-     4 6   10.76       0.000    
    3.5+     1 1   13.59       0.000    
    3.5+     3 2   13.76       0.000    
    3.5+     3 3   13.76       0.000    
    3.5+     3 4   13.76       0.000    
    3.5+     5 5   12.04       0.000    
    3.5+     5 6   12.04       0.000    
    3.5-     2 1   13.72       0.000    
    3.5-     2 2   13.72       0.000    
    3.5-     4 3   14.35       0.000    
    3.5-     4 4   14.35       0.000    
    3.5-     4 5   14.35       0.000    
    3.5-     6 6   6.744       0.000    
    4.5+     3 1   17.20       0.000    
    4.5+     3 2   17.20       0.000    
    4.5+     5 3   15.05       0.000    
    4.5+     5 4   15.05       0.000    
    4.5+     5 5   15.05       0.000    
    4.5+     7 6   3.748       0.000    
    4.5-     2 1   17.15       0.000    
    4.5-     4 2   17.93       0.000    
    4.5-     4 3   17.93       0.000    
    4.5-     4 4   17.93       0.000    
    4.5-     6 5   8.431       0.000    
    4.5-     6 6   8.431       0.000    
    5.5+     3 1   20.64       0.000    
    5.5+     5 2   18.06       0.000    
    5.5+     5 3   18.06       0.000    
    5.5+     5 4   18.06       0.000    
    5.5+     7 5   4.497       0.000    
    5.5+     7 6   4.497       0.000    
    5.5-     4 1   21.52       0.000    
    5.5-     4 2   21.52       0.000    
    5.5-     6 3   10.12       0.000    
    5.5-     6 4   10.12       0.000    
    5.5-     6 5   10.12       0.000    
    5.5-     8 6   1.779       0.000    
    6.5+     5 1   21.06       0.000    
    6.5+     5 2   21.06       0.000    
    6.5+     7 3   5.247       0.000    
    6.5+     7 4   5.247       0.000    
    6.5+     7 5   5.247       0.000    
    6.5+     9 6  0.7782       0.000    
    6.5-     4 1   25.11       0.000    
    6.5-     6 2   11.80       0.000    
    6.5-     6 3   11.80       0.000    
    6.5-     6 4   11.80       0.000    
    6.5-     8 5   2.076       0.000    
    6.5-     8 6   2.076       0.000    
    7.5+     5 1   24.07       0.000    
    7.5+     7 2   5.997       0.000    
    7.5+     7 3   5.997       0.000    
    7.5+     7 4   5.997       0.000    
    7.5+     9 5  0.8894       0.000    
    7.5+     9 6  0.8894       0.000    
    7.5-     6 1   13.49       0.000    
    7.5-     6 2   13.49       0.000    
    7.5-     8 3   2.372       0.000    
    7.5-     8 4   2.372       0.000    
    7.5-     8 5   2.372       0.000    
    7.5-    10 6  0.3254       0.000    
    8.5+     7 1   6.746       0.000    
    8.5+     7 2   6.746       0.000    
    8.5+     9 3   1.001       0.000    
    8.5+     9 4   1.001       0.000    
    8.5+     9 5   1.001       0.000    
    8.5+    11 6  0.1323       0.000    
    8.5-     6 1   15.18       0.000    
    8.5-     8 2   2.669       0.000    
    8.5-     8 3   2.669       0.000    
    8.5-     8 4   2.669       0.000    
    8.5-    10 5  0.3660       0.000    
    8.5-    10 6  0.3660       0.000    
    9.5+     7 1   7.496       0.000    
    9.5+     9 2   1.112       0.000    
    9.5+     9 3   1.112       0.000    
    9.5+     9 4   1.112       0.000    
    9.5+    11 5  0.1470       0.000    
    9.5+    11 6  0.1470       0.000    
    9.5-     8 1   2.966       0.000    
    9.5-     8 2   2.966       0.000    
    9.5-    10 3  0.4067       0.000    
    9.5-    10 4  0.4067       0.000    
    9.5-    10 5  0.4067       0.000    
    9.5-    12 6  0.5282E-01   0.000    
   10.5+     9 1   1.223       0.000    
   10.5+     9 2   1.223       0.000    
   10.5+    11 3  0.1617       0.000    
   10.5+    11 4  0.1617       0.000    
   10.5+    11 5  0.1617       0.000    
   10.5+    13 6  0.2079E-01   0.000    
   10.5-     8 1   3.262       0.000    
   10.5-    10 2  0.4474       0.000    
   10.5-    10 3  0.4474       0.000    
   10.5-    10 4  0.4474       0.000    
   10.5-    12 5  0.5810E-01   0.000    
   10.5-    12 6  0.5810E-01   0.000    
   11.5+     9 1   1.334       0.000    
   11.5+    11 2  0.1764       0.000    
   11.5+    11 3  0.1764       0.000    
   11.5+    11 4  0.1764       0.000    
   11.5+    13 5  0.2268E-01   0.000    
   11.5+    13 6  0.2268E-01   0.000    
   11.5-    10 1  0.4881       0.000    
   11.5-    10 2  0.4881       0.000    
   11.5-    12 3  0.6338E-01   0.000    
   11.5-    12 4  0.6338E-01   0.000    
   11.5-    12 5  0.6338E-01   0.000    
   11.5-    14 6  0.8092E-02   0.000    
   12.5+    11 1  0.1911       0.000    
   12.5+    11 2  0.1911       0.000    
   12.5+    13 3  0.2457E-01   0.000    
   12.5+    13 4  0.2457E-01   0.000    
   12.5+    13 5  0.2457E-01   0.000    
   12.5+    15 6  0.3121E-02   0.000    
   12.5-    10 1  0.5287       0.000    
   12.5-    12 2  0.6867E-01   0.000    
   12.5-    12 3  0.6867E-01   0.000    
   12.5-    12 4  0.6867E-01   0.000    
   12.5-    14 5  0.8767E-02   0.000    
   12.5-    14 6  0.8767E-02   0.000    
   13.5+    11 1  0.2059       0.000    
   13.5+    13 2  0.2646E-01   0.000    
   13.5+    13 3  0.2646E-01   0.000    
   13.5+    13 4  0.2646E-01   0.000    
   13.5+    15 5  0.3361E-02   0.000    
   13.5+    15 6  0.3361E-02   0.000    
   13.5-    12 1  0.7395E-01   0.000    
   13.5-    12 2  0.7395E-01   0.000    
   13.5-    14 3  0.9441E-02   0.000    
   13.5-    14 4  0.9441E-02   0.000    
   13.5-    14 5  0.9441E-02   0.000    
   13.5-    16 6  0.1194E-02   0.000    
   14.5+    13 1  0.2835E-01   0.000    
   14.5+    13 2  0.2835E-01   0.000    
   14.5+    15 3  0.3601E-02   0.000    
   14.5+    15 4  0.3601E-02   0.000    
   14.5+    15 5  0.3601E-02   0.000    
   14.5+    17 6  0.4540E-03   0.000    
   14.5-    12 1  0.7923E-01   0.000    
   14.5-    14 2  0.1012E-01   0.000    
   14.5-    14 3  0.1012E-01   0.000    
   14.5-    14 4  0.1012E-01   0.000    
   14.5-    16 5  0.1280E-02   0.000    
   14.5-    16 6  0.1280E-02   0.000    
   15.5+    13 1  0.3024E-01   0.000    
   15.5+    15 2  0.3841E-02   0.000    
   15.5+    15 3  0.3841E-02   0.000    
   15.5+    15 4  0.3841E-02   0.000    
   15.5+    17 5  0.4843E-03   0.000    
   15.5+    17 6  0.4843E-03   0.000    
   15.5-    14 1  0.1079E-01   0.000    
   15.5-    14 2  0.1079E-01   0.000    
   15.5-    16 3  0.1365E-02   0.000    
   15.5-    16 4  0.1365E-02   0.000    
   15.5-    16 5  0.1365E-02   0.000    
   15.5-    18 6  0.1716E-03   0.000    
   16.5+    15 1  0.4081E-02   0.000    
   16.5+    15 2  0.4081E-02   0.000    
   16.5+    17 3  0.5145E-03   0.000    
   16.5+    17 4  0.5145E-03   0.000    
   16.5+    17 5  0.5145E-03   0.000    
   16.5+    19 6  0.6449E-04   0.000    
   16.5-    14 1  0.1146E-01   0.000    
   16.5-    16 2  0.1450E-02   0.000    
   16.5-    16 3  0.1450E-02   0.000    
   16.5-    16 4  0.1450E-02   0.000    
   16.5-    18 5  0.1823E-03   0.000    
   16.5-    18 6  0.1823E-03   0.000    
   17.5+    15 1  0.4322E-02   0.000    
   17.5+    17 2  0.5448E-03   0.000    
   17.5+    17 3  0.5448E-03   0.000    
   17.5+    17 4  0.5448E-03   0.000    
   17.5+    19 5  0.6828E-04   0.000    
   17.5+    19 6  0.6828E-04   0.000    
   17.5-    16 1  0.1536E-02   0.000    
   17.5-    16 2  0.1536E-02   0.000    
   17.5-    18 3  0.1930E-03   0.000    
   17.5-    18 4  0.1930E-03   0.000    
   17.5-    18 5  0.1930E-03   0.000    
   17.5-    20 6  0.2413E-04   0.000    
   18.5+    17 1  0.5751E-03   0.000    
   18.5+    17 2  0.5751E-03   0.000    
   18.5+    19 3  0.7208E-04   0.000    
   18.5+    19 4  0.7208E-04   0.000    
   18.5+    19 5  0.7208E-04   0.000    
   18.5+    21 6  0.8991E-05   0.000    
   18.5-    16 1  0.1621E-02   0.000    
   18.5-    18 2  0.2037E-03   0.000    
   18.5-    18 3  0.2037E-03   0.000    
   18.5-    18 4  0.2037E-03   0.000    
   18.5-    20 5  0.2547E-04   0.000    
   18.5-    20 6  0.2547E-04   0.000    
   19.5+    17 1  0.6053E-03   0.000    
   19.5+    19 2  0.7587E-04   0.000    
   19.5+    19 3  0.7587E-04   0.000    
   19.5+    19 4  0.7587E-04   0.000    
   19.5+    21 5  0.9465E-05   0.000    
   19.5+    21 6  0.9465E-05   0.000    
   19.5-    18 1  0.2144E-03   0.000    
   19.5-    18 2  0.2144E-03   0.000    
   19.5-    20 3  0.2681E-04   0.000    
   19.5-    20 4  0.2681E-04   0.000    
   19.5-    20 5  0.2681E-04   0.000    
   19.5-    22 6  0.3338E-05   0.000    
   20.5+    19 1  0.7966E-04   0.000    
   20.5+    19 2  0.7966E-04   0.000    
   20.5+    21 3  0.9938E-05   0.000    
   20.5+    21 4  0.9938E-05   0.000    
   20.5+    21 5  0.9938E-05   0.000    
   20.5+    23 6  0.1235E-05   0.000    
   20.5-    18 1  0.2252E-03   0.000    
   20.5-    20 2  0.2815E-04   0.000    
   20.5-    20 3  0.2815E-04   0.000    
   20.5-    20 4  0.2815E-04   0.000    
   20.5-    22 5  0.3505E-05   0.000    
   20.5-    22 6  0.3505E-05   0.000    
   21.5+    19 1  0.8346E-04   0.000    
   21.5+    21 2  0.1041E-04   0.000    
   21.5+    21 3  0.1041E-04   0.000    
   21.5+    21 4  0.1041E-04   0.000    
   21.5+    23 5  0.1294E-05   0.000    
   21.5+    23 6  0.1294E-05   0.000    
   21.5-    20 1  0.2949E-04   0.000    
   21.5-    20 2  0.2949E-04   0.000    
   21.5-    22 3  0.3672E-05   0.000    
   21.5-    22 4  0.3672E-05   0.000    
   21.5-    22 5  0.3672E-05   0.000    
   21.5-    24 6  0.4555E-06   0.000    
   22.5+    21 1  0.1088E-04   0.000    
   22.5+    21 2  0.1088E-04   0.000    
   22.5+    23 3  0.1353E-05   0.000    
   22.5+    23 4  0.1353E-05   0.000    
   22.5+    23 5  0.1353E-05   0.000    
   22.5+    25 6  0.1675E-06   0.000    
   22.5-    20 1  0.3083E-04   0.000    
   22.5-    22 2  0.3839E-05   0.000    
   22.5-    22 3  0.3839E-05   0.000    
   22.5-    22 4  0.3839E-05   0.000    
   22.5-    24 5  0.4762E-06   0.000    
   22.5-    24 6  0.4762E-06   0.000    
   23.5+    21 1  0.1136E-04   0.000    
   23.5+    23 2  0.1411E-05   0.000    
   23.5+    23 3  0.1411E-05   0.000    
   23.5+    23 4  0.1411E-05   0.000    
   23.5+    25 5  0.1748E-06   0.000    
   23.5+    25 6  0.1748E-06   0.000    
   23.5-    22 1  0.4005E-05   0.000    
   23.5-    22 2  0.4005E-05   0.000    
   23.5-    24 3  0.4969E-06   0.000    
   23.5-    24 4  0.4969E-06   0.000    
   23.5-    24 5  0.4969E-06   0.000    
   23.5-    26 6  0.6145E-07   0.000    
   24.5+    23 1  0.1470E-05   0.000    
   24.5+    23 2  0.1470E-05   0.000    
   24.5+    25 3  0.1821E-06   0.000    
   24.5+    25 4  0.1821E-06   0.000    
   24.5+    25 5  0.1821E-06   0.000    
   24.5+    27 6  0.2249E-07   0.000    
   24.5-    22 1  0.4172E-05   0.000    
   24.5-    24 2  0.5176E-06   0.000    
   24.5-    24 3  0.5176E-06   0.000    
   24.5-    24 4  0.5176E-06   0.000    
   24.5-    26 5  0.6401E-07   0.000    
   24.5-    26 6  0.6401E-07   0.000    
   25.5+    23 1  0.1529E-05   0.000    
   25.5+    25 2  0.1894E-06   0.000    
   25.5+    25 3  0.1894E-06   0.000    
   25.5+    25 4  0.1894E-06   0.000    
   25.5+    27 5  0.2338E-07   0.000    
   25.5+    27 6  0.2338E-07   0.000    
   25.5-    24 1  0.5383E-06   0.000    
   25.5-    24 2  0.5383E-06   0.000    
   25.5-    26 3  0.6657E-07   0.000    
   25.5-    26 4  0.6657E-07   0.000    
   25.5-    26 5  0.6657E-07   0.000    
   25.5-    28 6  0.8212E-08   0.000    
   26.5+    25 1  0.1966E-06   0.000    
   26.5+    25 2  0.1966E-06   0.000    
   26.5+    27 3  0.2428E-07   0.000    
   26.5+    27 4  0.2428E-07   0.000    
   26.5+    27 5  0.2428E-07   0.000    
   26.5+    29 6  0.2992E-08   0.000    
   26.5-    24 1  0.5590E-06   0.000    
   26.5-    26 2  0.6913E-07   0.000    
   26.5-    26 3  0.6913E-07   0.000    
   26.5-    26 4  0.6913E-07   0.000    
   26.5-    28 5  0.8528E-08   0.000    
   26.5-    28 6  0.8528E-08   0.000    
   27.5+    25 1  0.2039E-06   0.000    
   27.5+    27 2  0.2518E-07   0.000    
   27.5+    27 3  0.2518E-07   0.000    
   27.5+    27 4  0.2518E-07   0.000    
   27.5+    29 5  0.3102E-08   0.000    
   27.5+    29 6  0.3102E-08   0.000    
   27.5-    26 1  0.7169E-07   0.000    
   27.5-    26 2  0.7169E-07   0.000    
   27.5-    28 3  0.8844E-08   0.000    
   27.5-    28 4  0.8844E-08   0.000    
   27.5-    28 5  0.8844E-08   0.000    
   27.5-    30 6  0.1090E-08   0.000    
   28.5+    27 1  0.2608E-07   0.000    
   28.5+    27 2  0.2608E-07   0.000    
   28.5+    29 3  0.3213E-08   0.000    
   28.5+    29 4  0.3213E-08   0.000    
   28.5+    29 5  0.3213E-08   0.000    
   28.5+    31 6  0.3962E-09   0.000    
   28.5-    26 1  0.7425E-07   0.000    
   28.5-    28 2  0.9160E-08   0.000    
   28.5-    28 3  0.9160E-08   0.000    
   28.5-    28 4  0.9160E-08   0.000    
   28.5-    30 5  0.1129E-08   0.000    
   28.5-    30 6  0.1129E-08   0.000    
   29.5+    27 1  0.2698E-07   0.000    
   29.5+    29 2  0.3324E-08   0.000    
   29.5+    29 3  0.3324E-08   0.000    
   29.5+    29 4  0.3324E-08   0.000    
   29.5+    31 5  0.4098E-09   0.000    
   29.5+    31 6  0.4098E-09   0.000    
   29.5-    28 1  0.9476E-08   0.000    
   29.5-    28 2  0.9476E-08   0.000    
   29.5-    30 3  0.1168E-08   0.000    
   29.5-    30 4  0.1168E-08   0.000    
   29.5-    30 5  0.1168E-08   0.000    
   29.5-    32 6  0.1439E-09   0.000    
   30.5+    29 1  0.3435E-08   0.000    
   30.5+    29 2  0.3435E-08   0.000    
   30.5+    31 3  0.4235E-09   0.000    
   30.5+    31 4  0.4235E-09   0.000    
   30.5+    31 5  0.4235E-09   0.000    
   30.5+    33 6  0.5387E-10   0.000    
   30.5-    28 1  0.9792E-08   0.000    
   30.5-    30 2  0.1207E-08   0.000    
   30.5-    30 3  0.1207E-08   0.000    
   30.5-    30 4  0.1207E-08   0.000    
   30.5-    32 5  0.1486E-09   0.000    
   30.5-    32 6  0.1486E-09   0.000    
   31.5+    29 1  0.3546E-08   0.000    
   31.5+    31 2  0.4372E-09   0.000    
   31.5+    31 3  0.4372E-09   0.000    
   31.5+    31 4  0.4372E-09   0.000    
   31.5+    33 5  0.5566E-10   0.000    
   31.5+    33 6  0.5566E-10   0.000    
   31.5-    30 1  0.1246E-08   0.000    
   31.5-    30 2  0.1246E-08   0.000    
   31.5-    32 3  0.1535E-09   0.000    
   31.5-    32 4  0.1535E-09   0.000    
   31.5-    32 5  0.1535E-09   0.000    
   31.5-    34 6  0.1947E-10   0.000    
   32.5+    31 1  0.4508E-09   0.000    
   32.5+    31 2  0.4508E-09   0.000    
   32.5+    33 3  0.5729E-10   0.000    
   32.5+    33 4  0.5729E-10   0.000    
   32.5+    33 5  0.5729E-10   0.000    
   32.5+    35 6  0.5040E-11   0.000    
   32.5-    30 1  0.1285E-08   0.000    
   32.5-    32 2  0.1582E-09   0.000    
   32.5-    32 3  0.1582E-09   0.000    
   32.5-    32 4  0.1582E-09   0.000    
   32.5-    34 5  0.2011E-10   0.000    
   32.5-    34 6  0.2011E-10   0.000    
   33.5+    31 1  0.4646E-09   0.000    
   33.5+    33 2  0.5913E-10   0.000    
   33.5+    33 3  0.5913E-10   0.000    
   33.5+    33 4  0.5913E-10   0.000    
   33.5+    35 5  0.5193E-11   0.000    
   33.5+    35 6  0.5193E-11   0.000    
   33.5-    32 1  0.1632E-09   0.000    
   33.5-    32 2  0.1632E-09   0.000    
   33.5-    34 3  0.2066E-10   0.000    
   33.5-    34 4  0.2066E-10   0.000    
   33.5-    34 5  0.2066E-10   0.000    
   33.5-    36 6  0.7341E-12   0.000    
   34.5+    33 1  0.6087E-10   0.000    
   34.5+    33 2  0.6087E-10   0.000    
   34.5+    35 3  0.5346E-11   0.000    
   34.5+    35 4  0.5346E-11   0.000    
   34.5+    35 5  0.5346E-11   0.000    
   34.5+    37 6 -0.3918E-12   0.000    
   34.5-    32 1  0.1678E-09   0.000    
   34.5-    34 2  0.2127E-10   0.000    
   34.5-    34 3  0.2127E-10   0.000    
   34.5-    34 4  0.2127E-10   0.000    
   34.5-    36 5  0.8116E-12   0.000    
   34.5-    36 6  0.8116E-12   0.000    
   35.5+    33 1  0.6261E-10   0.000    
   35.5+    35 2  0.5614E-11   0.000    
   35.5+    35 3  0.5614E-11   0.000    
   35.5+    35 4  0.5614E-11   0.000    
   35.5+    37 5 -0.4030E-12   0.000    
   35.5+    37 6 -0.4030E-12   0.000    
   35.5-    34 1  0.2194E-10   0.000    
   35.5-    34 2  0.2194E-10   0.000    
   35.5-    36 3  0.7773E-12   0.000    
   35.5-    36 4  0.7773E-12   0.000    
   35.5-    36 5  0.7773E-12   0.000    
   35.5-    38 6  0.2476E-11   0.000    
   36.5+    35 1  0.5651E-11   0.000    
   36.5+    35 2  0.5651E-11   0.000    
   36.5+    37 3 -0.4142E-12   0.000    
   36.5+    37 4 -0.4142E-12   0.000    
   36.5+    37 5 -0.4142E-12   0.000    
   36.5+    39 6  0.1361E-11   0.000    
   36.5-    34 1  0.2249E-10   0.000    
   36.5-    36 2  0.7988E-12   0.000    
   36.5-    36 3  0.7988E-12   0.000    
   36.5-    36 4  0.7988E-12   0.000    
   36.5-    38 5  0.2544E-11   0.000    
   36.5-    38 6  0.2544E-11   0.000    
   37.5+    35 1  0.5804E-11   0.000    
   37.5+    37 2 -0.5470E-12   0.000    
   37.5+    37 3 -0.5470E-12   0.000    
   37.5+    37 4 -0.5470E-12   0.000    
   37.5+    39 5  0.1367E-11   0.000    
   37.5+    39 6  0.1367E-11   0.000    
   37.5-    36 1  0.9116E-12   0.000    
   37.5-    36 2  0.9116E-12   0.000    
   37.5-    38 3  0.2735E-11   0.000    
   37.5-    38 4  0.2735E-11   0.000    
   37.5-    38 5  0.2735E-11   0.000    
   37.5-    40 6 -0.9116E-12   0.000    
   38.5+    37 1 -0.4366E-12   0.000    
   38.5+    37 2 -0.4366E-12   0.000    
   38.5+    39 3  0.1435E-11   0.000    
   38.5+    39 4  0.1435E-11   0.000    
   38.5+    39 5  0.1435E-11   0.000    
   38.5+    41 6 -0.2058E-11   0.000    
   38.5-    36 1  0.9044E-12   0.000    
   38.5-    38 2  0.2807E-11   0.000    
   38.5-    38 3  0.2807E-11   0.000    
   38.5-    38 4  0.2807E-11   0.000    
   38.5-    40 5 -0.8732E-12   0.000    
   38.5-    40 6 -0.8732E-12   0.000    
   39.5+    37 1 -0.4478E-12   0.000    
   39.5+    39 2  0.1471E-11   0.000    
   39.5+    39 3  0.1471E-11   0.000    
   39.5+    39 4  0.1471E-11   0.000    
   39.5+    41 5 -0.2111E-11   0.000    
   39.5+    41 6 -0.2111E-11   0.000    
   39.5-    38 1  0.2879E-11   0.000    
   39.5-    38 2  0.2879E-11   0.000    
   39.5-    40 3 -0.1088E-11   0.000    
   39.5-    40 4 -0.1088E-11   0.000    
   39.5-    40 5 -0.1088E-11   0.000    
   39.5-    42 6 -0.2175E-11   0.000    
   40.5+    39 1  0.1508E-11   0.000    
   40.5+    39 2  0.1508E-11   0.000    
   40.5+    41 3 -0.2361E-11   0.000    
   40.5+    41 4 -0.2361E-11   0.000    
   40.5+    41 5 -0.2361E-11   0.000    
   40.5+    43 6 -0.3934E-12   0.000    
   40.5-    38 1  0.2820E-11   0.000    
   40.5-    40 2 -0.9836E-12   0.000    
   40.5-    40 3 -0.9836E-12   0.000    
   40.5-    40 4 -0.9836E-12   0.000    
   40.5-    42 5 -0.2164E-11   0.000    
   40.5-    42 6 -0.2164E-11   0.000    
   41.5+    39 1  0.1545E-11   0.000    
   41.5+    41 2 -0.2418E-11   0.000    
   41.5+    41 3 -0.2418E-11   0.000    
   41.5+    41 4 -0.2418E-11   0.000    
   41.5+    43 5 -0.4030E-12   0.000    
   41.5+    43 6 -0.4030E-12   0.000    
   41.5-    40 1 -0.9404E-12   0.000    
   41.5-    40 2 -0.9404E-12   0.000    
   41.5-    42 3 -0.2284E-11   0.000    
   41.5-    42 4 -0.2284E-11   0.000    
   41.5-    42 5 -0.2284E-11   0.000    
   41.5-    44 6 -0.8732E-12   0.000    
   42.5+    41 1 -0.2476E-11   0.000    
   42.5+    41 2 -0.2476E-11   0.000    
   42.5+    43 3 -0.4814E-12   0.000    
   42.5+    43 4 -0.4814E-12   0.000    
   42.5+    43 5 -0.4814E-12   0.000    
   42.5+    45 6  0.2441E-11   0.000    
   42.5-    40 1 -0.9628E-12   0.000    
   42.5-    42 2 -0.2338E-11   0.000    
   42.5-    42 3 -0.2338E-11   0.000    
   42.5-    42 4 -0.2338E-11   0.000    
   42.5-    44 5 -0.8252E-12   0.000    
   42.5-    44 6 -0.8252E-12   0.000    
   43.5+    41 1 -0.2252E-11   0.000    
   43.5+    43 2 -0.2111E-12   0.000    
   43.5+    43 3 -0.2111E-12   0.000    
   43.5+    43 4 -0.2111E-12   0.000    
   43.5+    45 5  0.2357E-11   0.000    
   43.5+    45 6  0.2357E-11   0.000    
   43.5-    42 1 -0.2252E-11   0.000    
   43.5-    42 2 -0.2252E-11   0.000    
   43.5-    44 3 -0.9148E-12   0.000    
   43.5-    44 4 -0.9148E-12   0.000    
   43.5-    44 5 -0.9148E-12   0.000    
   43.5-    46 6  0.5981E-12   0.000    
   44.5+    43 1 -0.4318E-12   0.000    
   44.5+    43 2 -0.4318E-12   0.000    
   44.5+    45 3  0.2411E-11   0.000    
   44.5+    45 4  0.2411E-11   0.000    
   44.5+    45 5  0.2411E-11   0.000    
   44.5+    47 6   0.000       0.000    
   44.5-    42 1 -0.2447E-11   0.000    
   44.5-    44 2 -0.9356E-12   0.000    
   44.5-    44 3 -0.9356E-12   0.000    
   44.5-    44 4 -0.9356E-12   0.000    
   44.5-    46 5  0.5398E-12   0.000    
   44.5-    46 6  0.5398E-12   0.000    
   45.5+    43 1 -0.2207E-12   0.000    
   45.5+    45 2  0.2465E-11   0.000    
   45.5+    45 3  0.2465E-11   0.000    
   45.5+    45 4  0.2465E-11   0.000    
   45.5+    47 5   0.000       0.000    
   45.5+    47 6   0.000       0.000    
   45.5-    44 1 -0.9564E-12   0.000    
   45.5-    44 2 -0.9564E-12   0.000    
   45.5-    46 3  0.6253E-12   0.000    
   45.5-    46 4  0.6253E-12   0.000    
   45.5-    46 5  0.6253E-12   0.000    
   45.5-    48 6 -0.6621E-12   0.000    
   46.5+    45 1  0.2405E-11   0.000    
   46.5+    45 2  0.2405E-11   0.000    
   46.5+    47 3  0.3382E-12   0.000    
   46.5+    47 4  0.3382E-12   0.000    
   46.5+    47 5  0.3382E-12   0.000    
   46.5+    49 6 -0.3758E-12   0.000    
   46.5-    44 1 -0.9772E-12   0.000    
   46.5-    46 2  0.6013E-12   0.000    
   46.5-    46 3  0.6013E-12   0.000    
   46.5-    46 4  0.6013E-12   0.000    
   46.5-    48 5 -0.9020E-12   0.000    
   46.5-    48 6 -0.9020E-12   0.000    
   47.5+    45 1  0.2725E-11   0.000    
   47.5+    47 2   0.000       0.000    
   47.5+    47 3   0.000       0.000    
   47.5+    47 4   0.000       0.000    
   47.5+    49 5 -0.3838E-12   0.000    
   47.5+    49 6 -0.3838E-12   0.000    
   47.5-    46 1  0.5757E-12   0.000    
   47.5-    46 2  0.5757E-12   0.000    
   47.5-    48 3 -0.9212E-12   0.000    
   47.5-    48 4 -0.9212E-12   0.000    
   47.5-    48 5 -0.9212E-12   0.000    
   47.5-    50 6  0.1842E-11   0.000    
   48.5+    47 1  0.1959E-12   0.000    
   48.5+    47 2  0.1959E-12   0.000    
   48.5+    49 3 -0.3918E-12   0.000    
   48.5+    49 4 -0.3918E-12   0.000    
   48.5+    49 5 -0.3918E-12   0.000    
   48.5+    51 6  0.1959E-12   0.000    
   48.5-    46 1  0.5877E-12   0.000    
   48.5-    48 2 -0.8620E-12   0.000    
   48.5-    48 3 -0.8620E-12   0.000    
   48.5-    48 4 -0.8620E-12   0.000    
   48.5-    50 5  0.2194E-11   0.000    
   48.5-    50 6  0.2194E-11   0.000    
   49.5+    47 1  0.1999E-12   0.000    
   49.5+    49 2 -0.3199E-12   0.000    
   49.5+    49 3 -0.3199E-12   0.000    
   49.5+    49 4 -0.3199E-12   0.000    
   49.5+    51 5  0.2399E-12   0.000    
   49.5+    51 6  0.2399E-12   0.000    
   49.5-    48 1 -0.7996E-12   0.000    
   49.5-    48 2 -0.7996E-12   0.000    
   49.5-    50 3  0.2119E-11   0.000    
   49.5-    50 4  0.2119E-11   0.000    
   49.5-    50 5  0.2119E-11   0.000    
   49.5-    52 6 -0.4798E-12   0.000    
   50.5+    49 1 -0.4078E-12   0.000    
   50.5+    49 2 -0.4078E-12   0.000    
   50.5+    51 3  0.2447E-12   0.000    
   50.5+    51 4  0.2447E-12   0.000    
   50.5+    51 5  0.2447E-12   0.000    
   50.5+    53 6  0.2936E-11   0.000    
   50.5-    48 1 -0.7341E-12   0.000    
   50.5-    50 2  0.2161E-11   0.000    
   50.5-    50 3  0.2161E-11   0.000    
   50.5-    50 4  0.2161E-11   0.000    
   50.5-    52 5 -0.3263E-12   0.000    
   50.5-    52 6 -0.3263E-12   0.000    
