# 178 angles,  1 tensor ranks for 0=projectile
@subtitle   "11Li + d g.s with Daehnick OMP;"                                               
@legend ON
@legend x1 0.2
@legend y1 0.8
@g0 type LOGY
@yaxis ticklabel format power
@legend string   0 "Lab energy =   14.7438"
#legend string   0 "Partition=  1 Excit=  1 near/far= 1"
#  Theta       sigma       iT11        T20         T21         T22         Kyy for projectile
   3.000      0.1375E+06
   4.000      0.4067E+05
   5.000      0.1601E+05
   6.000       7842.    
   7.000       4634.    
   8.000       3204.    
   9.000       2491.    
   10.00       2094.    
   11.00       1846.    
   12.00       1669.    
   13.00       1529.    
   14.00       1409.    
   15.00       1298.    
   16.00       1194.    
   17.00       1094.    
   18.00       997.7    
   19.00       904.9    
   20.00       815.8    
   21.00       730.8    
   22.00       650.1    
   23.00       574.2    
   24.00       503.3    
   25.00       437.5    
   26.00       377.1    
   27.00       322.1    
   28.00       272.3    
   29.00       227.8    
   30.00       188.4    
   31.00       153.8    
   32.00       123.7    
   33.00       97.99    
   34.00       76.21    
   35.00       58.05    
   36.00       43.18    
   37.00       31.23    
   38.00       21.87    
   39.00       14.75    
   40.00       9.563    
   41.00       5.993    
   42.00       3.763    
   43.00       2.613    
   44.00       2.309    
   45.00       2.644    
   46.00       3.434    
   47.00       4.524    
   48.00       5.780    
   49.00       7.093    
   50.00       8.375    
   51.00       9.559    
   52.00       10.59    
   53.00       11.45    
   54.00       12.10    
   55.00       12.54    
   56.00       12.77    
   57.00       12.80    
   58.00       12.64    
   59.00       12.32    
   60.00       11.85    
   61.00       11.27    
   62.00       10.59    
   63.00       9.840    
   64.00       9.046    
   65.00       8.228    
   66.00       7.407    
   67.00       6.600    
   68.00       5.822    
   69.00       5.085    
   70.00       4.400    
   71.00       3.774    
   72.00       3.210    
   73.00       2.713    
   74.00       2.282    
   75.00       1.918    
   76.00       1.616    
   77.00       1.374    
   78.00       1.187    
   79.00       1.051    
   80.00      0.9578    
   81.00      0.9034    
   82.00      0.8813    
   83.00      0.8857    
   84.00      0.9110    
   85.00      0.9520    
   86.00       1.004    
   87.00       1.062    
   88.00       1.123    
   89.00       1.183    
   90.00       1.241    
   91.00       1.292    
   92.00       1.337    
   93.00       1.374    
   94.00       1.401    
   95.00       1.419    
   96.00       1.427    
   97.00       1.426    
   98.00       1.417    
   99.00       1.399    
   100.0       1.374    
   101.0       1.342    
   102.0       1.305    
   103.0       1.264    
   104.0       1.219    
   105.0       1.172    
   106.0       1.123    
   107.0       1.074    
   108.0       1.026    
   109.0      0.9783    
   110.0      0.9328    
   111.0      0.8898    
   112.0      0.8501    
   113.0      0.8140    
   114.0      0.7821    
   115.0      0.7548    
   116.0      0.7324    
   117.0      0.7151    
   118.0      0.7031    
   119.0      0.6965    
   120.0      0.6955    
   121.0      0.6999    
   122.0      0.7098    
   123.0      0.7250    
   124.0      0.7453    
   125.0      0.7706    
   126.0      0.8004    
   127.0      0.8345    
   128.0      0.8724    
   129.0      0.9137    
   130.0      0.9579    
   131.0       1.005    
   132.0       1.053    
   133.0       1.103    
   134.0       1.153    
   135.0       1.203    
   136.0       1.253    
   137.0       1.302    
   138.0       1.349    
   139.0       1.393    
   140.0       1.436    
   141.0       1.475    
   142.0       1.511    
   143.0       1.543    
   144.0       1.571    
   145.0       1.595    
   146.0       1.616    
   147.0       1.632    
   148.0       1.645    
   149.0       1.654    
   150.0       1.659    
   151.0       1.662    
   152.0       1.661    
   153.0       1.658    
   154.0       1.654    
   155.0       1.647    
   156.0       1.640    
   157.0       1.632    
   158.0       1.624    
   159.0       1.615    
   160.0       1.608    
   161.0       1.600    
   162.0       1.594    
   163.0       1.590    
   164.0       1.586    
   165.0       1.584    
   166.0       1.583    
   167.0       1.583    
   168.0       1.585    
   169.0       1.588    
   170.0       1.591    
   171.0       1.595    
   172.0       1.600    
   173.0       1.605    
   174.0       1.610    
   175.0       1.615    
   176.0       1.619    
   177.0       1.622    
   178.0       1.625    
   179.0       1.626    
   180.0       1.627    
 END
