# Fusion cross sections for ELAB=  14.744, ECM=  12.470
     0.5   14.99      1
     0.5   29.50     -1
     1.5   50.23      1
     1.5   98.19     -1
     2.5   83.81      1
     2.5   169.1     -1
     3.5   104.2      1
     3.5   200.4     -1
     4.5   97.62      1
     4.5   197.6     -1
     5.5   87.35      1
     5.5   156.2     -1
     6.5   48.68      1
     6.5   98.18     -1
     7.5   30.82      1
     7.5   45.33     -1
     8.5   3.561      1
     8.5   12.82     -1
     9.5   2.185      1
     9.5   3.129     -1
    10.5  0.2577      1
    10.5  0.8271     -1
    11.5  0.1537      1
    11.5  0.2243     -1
    12.5  0.1926E-01  1
    12.5  0.6105E-01 -1
    13.5  0.1133E-01  1
    13.5  0.1655E-01 -1
    14.5  0.1407E-02  1
    14.5  0.4462E-02 -1
    15.5  0.8188E-03  1
    15.5  0.1195E-02 -1
    16.5  0.1001E-03  1
    16.5  0.3183E-03 -1
    17.5  0.5783E-04  1
    17.5  0.8434E-04 -1
    18.5  0.6983E-05  1
    18.5  0.2224E-04 -1
    19.5  0.4007E-05  1
    19.5  0.5839E-05 -1
    20.5  0.4788E-06  1
    20.5  0.1527E-05 -1
    21.5  0.2733E-06  1
    21.5  0.3980E-06 -1
    22.5  0.3237E-07  1
    22.5  0.1034E-06 -1
    23.5  0.1838E-07  1
    23.5  0.2676E-07 -1
    24.5  0.2148E-08  1
    24.5  0.6902E-08 -1
    25.5  0.1204E-08  1
    25.5  0.1761E-08 -1
    26.5  0.1300E-09  1
    26.5  0.4531E-09 -1
    27.5  0.8247E-10  1
    27.5  0.1302E-09 -1
    28.5  0.1672E-10  1
    28.5  0.4994E-10 -1
    29.5  0.1665E-10  1
    29.5  0.2087E-10 -1
    30.5  0.1238E-10  1
    30.5  0.7094E-11 -1
    31.5  0.1618E-10  1
    31.5  0.1926E-10 -1
    32.5  0.1612E-10  1
    32.5  0.1129E-10 -1
    33.5  0.2358E-10  1
    33.5  0.1190E-10 -1
    34.5  0.2047E-10  1
    34.5  0.9852E-11 -1
    35.5  0.2653E-10  1
    35.5  0.5396E-11 -1
    36.5  0.2756E-10  1
    36.5  0.1698E-10 -1
    37.5  0.2648E-10  1
    37.5  0.1713E-10 -1
    38.5  0.1848E-10  1
    38.5  0.1410E-10 -1
    39.5  0.1877E-11  1
    39.5 -0.8193E-11 -1
    40.5  0.1093E-10  1
    40.5  0.8078E-27 -1
    41.5 -0.1442E-12  1
    41.5  0.3508E-11 -1
    42.5  0.1146E-10  1
    42.5  0.1250E-10 -1
    43.5  0.1868E-10  1
    43.5  0.3434E-10 -1
    44.5 -0.1648E-11  1
    44.5  0.1910E-10 -1
    45.5  0.1232E-10  1
    45.5  0.2621E-10 -1
    46.5 -0.5486E-11  1
    46.5  0.8659E-11 -1
    47.5 -0.1401E-10  1
    47.5 -0.6426E-11 -1
    48.5 -0.8242E-11  1
    48.5 -0.6840E-11 -1
    49.5 -0.1539E-10  1
    49.5 -0.8181E-11 -1
    50.5 -0.1506E-10  1
    50.5 -0.4143E-11 -1
 &
