           1           2           1
    0.5+     1 1   4.899       0.000    
    0.5+     1 2   4.894       0.000    
    0.5+     3 3   4.943       0.000    
    0.5-     0 1   4.728       0.000    
    0.5-     2 2   4.837       0.000    
    0.5-     2 3   4.773       0.000    
    1.5+     1 1   9.784       0.000    
    1.5+     1 2   9.797       0.000    
    1.5+     1 3   9.788       0.000    
    1.5+     3 4   9.886       0.000    
    1.5+     3 5   10.09       0.000    
    1.5-     0 1   9.457       0.000    
    1.5-     2 2   9.673       0.000    
    1.5-     2 3   9.546       0.000    
    1.5-     2 4   9.478       0.000    
    1.5-     4 5   9.296       0.000    
    2.5+     1 1   14.70       0.000    
    2.5+     1 2   14.68       0.000    
    2.5+     3 3   14.83       0.000    
    2.5+     3 4   15.14       0.000    
    2.5+     3 5   14.98       0.000    
    2.5+     5 6   8.572       0.000    
    2.5-     0 1   14.18       0.000    
    2.5-     2 2   14.51       0.000    
    2.5-     2 3   14.32       0.000    
    2.5-     2 4   14.22       0.000    
    2.5-     4 5   13.94       0.000    
    2.5-     4 6   13.34       0.000    
    3.5+     1 1   19.58       0.000    
    3.5+     3 2   19.77       0.000    
    3.5+     3 3   20.19       0.000    
    3.5+     3 4   19.97       0.000    
    3.5+     5 5   11.43       0.000    
    3.5+     5 6   12.86       0.000    
    3.5-     2 1   19.09       0.000    
    3.5-     2 2   18.96       0.000    
    3.5-     4 3   18.59       0.000    
    3.5-     4 4   17.79       0.000    
    3.5-     4 5   18.10       0.000    
    3.5-     6 6   3.091       0.000    
    4.5+     3 1   25.23       0.000    
    4.5+     3 2   24.97       0.000    
    4.5+     5 3   14.29       0.000    
    4.5+     5 4   16.07       0.000    
    4.5+     5 5   17.02       0.000    
    4.5+     7 6  0.9265       0.000    
    4.5-     2 1   23.69       0.000    
    4.5-     4 2   23.24       0.000    
    4.5-     4 3   22.23       0.000    
    4.5-     4 4   22.63       0.000    
    4.5-     6 5   3.864       0.000    
    4.5-     6 6   4.207       0.000    
    5.5+     3 1   29.96       0.000    
    5.5+     5 2   17.14       0.000    
    5.5+     5 3   19.28       0.000    
    5.5+     5 4   20.43       0.000    
    5.5+     7 5   1.112       0.000    
    5.5+     7 6   1.146       0.000    
    5.5-     4 1   26.68       0.000    
    5.5-     4 2   27.16       0.000    
    5.5-     6 3   4.636       0.000    
    5.5-     6 4   5.049       0.000    
    5.5-     6 5   5.735       0.000    
    5.5-     8 6  0.2746       0.000    
    6.5+     5 1   22.50       0.000    
    6.5+     5 2   23.83       0.000    
    6.5+     7 3   1.297       0.000    
    6.5+     7 4   1.337       0.000    
    6.5+     7 5   1.393       0.000    
    6.5+     9 6  0.8080E-01   0.000    
    6.5-     4 1   31.68       0.000    
    6.5-     6 2   5.409       0.000    
    6.5-     6 3   5.890       0.000    
    6.5-     6 4   6.690       0.000    
    6.5-     8 5  0.3203       0.000    
    6.5-     8 6  0.3237       0.000    
    7.5+     5 1   27.24       0.000    
    7.5+     7 2   1.482       0.000    
    7.5+     7 3   1.528       0.000    
    7.5+     7 4   1.592       0.000    
    7.5+     9 5  0.9234E-01   0.000    
    7.5+     9 6  0.9268E-01   0.000    
    7.5-     6 1   6.732       0.000    
    7.5-     6 2   7.646       0.000    
    7.5-     8 3  0.3661       0.000    
    7.5-     8 4  0.3700       0.000    
    7.5-     8 5  0.3747       0.000    
    7.5-    10 6  0.2348E-01   0.000    
    8.5+     7 1   1.719       0.000    
    8.5+     7 2   1.791       0.000    
    8.5+     9 3  0.1039       0.000    
    8.5+     9 4  0.1043       0.000    
    8.5+     9 5  0.1047       0.000    
    8.5+    11 6  0.6730E-02   0.000    
    8.5-     6 1   8.602       0.000    
    8.5-     8 2  0.4119       0.000    
    8.5-     8 3  0.4162       0.000    
    8.5-     8 4  0.4216       0.000    
    8.5-    10 5  0.2642E-01   0.000    
    8.5-    10 6  0.2645E-01   0.000    
    9.5+     7 1   1.990       0.000    
    9.5+     9 2  0.1154       0.000    
    9.5+     9 3  0.1158       0.000    
    9.5+     9 4  0.1163       0.000    
    9.5+    11 5  0.7478E-02   0.000    
    9.5+    11 6  0.7481E-02   0.000    
    9.5-     8 1  0.4625       0.000    
    9.5-     8 2  0.4684       0.000    
    9.5-    10 3  0.2935E-01   0.000    
    9.5-    10 4  0.2939E-01   0.000    
    9.5-    10 5  0.2943E-01   0.000    
    9.5-    12 6  0.1903E-02   0.000    
   10.5+     9 1  0.1274       0.000    
   10.5+     9 2  0.1280       0.000    
   10.5+    11 3  0.8225E-02   0.000    
   10.5+    11 4  0.8229E-02   0.000    
   10.5+    11 5  0.8234E-02   0.000    
   10.5+    13 6  0.5320E-03   0.000    
   10.5-     8 1  0.5152       0.000    
   10.5-    10 2  0.3229E-01   0.000    
   10.5-    10 3  0.3233E-01   0.000    
   10.5-    10 4  0.3238E-01   0.000    
   10.5-    12 5  0.2094E-02   0.000    
   10.5-    12 6  0.2094E-02   0.000    
   11.5+     9 1  0.1396       0.000    
   11.5+    11 2  0.8973E-02   0.000    
   11.5+    11 3  0.8977E-02   0.000    
   11.5+    11 4  0.8982E-02   0.000    
   11.5+    13 5  0.5804E-03   0.000    
   11.5+    13 6  0.5804E-03   0.000    
   11.5-    10 1  0.3527E-01   0.000    
   11.5-    10 2  0.3532E-01   0.000    
   11.5-    12 3  0.2284E-02   0.000    
   11.5-    12 4  0.2284E-02   0.000    
   11.5-    12 5  0.2285E-02   0.000    
   11.5-    14 6  0.1472E-03   0.000    
   12.5+    11 1  0.9725E-02   0.000    
   12.5+    11 2  0.9731E-02   0.000    
   12.5+    13 3  0.6288E-03   0.000    
   12.5+    13 4  0.6288E-03   0.000    
   12.5+    13 5  0.6288E-03   0.000    
   12.5+    15 6  0.4036E-04   0.000    
   12.5-    10 1  0.3826E-01   0.000    
   12.5-    12 2  0.2474E-02   0.000    
   12.5-    12 3  0.2475E-02   0.000    
   12.5-    12 4  0.2475E-02   0.000    
   12.5-    14 5  0.1595E-03   0.000    
   12.5-    14 6  0.1595E-03   0.000    
   13.5+    11 1  0.1048E-01   0.000    
   13.5+    13 2  0.6771E-03   0.000    
   13.5+    13 3  0.6772E-03   0.000    
   13.5+    13 4  0.6772E-03   0.000    
   13.5+    15 5  0.4347E-04   0.000    
   13.5+    15 6  0.4347E-04   0.000    
   13.5-    12 1  0.2665E-02   0.000    
   13.5-    12 2  0.2666E-02   0.000    
   13.5-    14 3  0.1717E-03   0.000    
   13.5-    14 4  0.1717E-03   0.000    
   13.5-    14 5  0.1717E-03   0.000    
   13.5-    16 6  0.1098E-04   0.000    
   14.5+    13 1  0.7255E-03   0.000    
   14.5+    13 2  0.7256E-03   0.000    
   14.5+    15 3  0.4657E-04   0.000    
   14.5+    15 4  0.4657E-04   0.000    
   14.5+    15 5  0.4657E-04   0.000    
   14.5+    17 6  0.2969E-05   0.000    
   14.5-    12 1  0.2856E-02   0.000    
   14.5-    14 2  0.1840E-03   0.000    
   14.5-    14 3  0.1840E-03   0.000    
   14.5-    14 4  0.1840E-03   0.000    
   14.5-    16 5  0.1177E-04   0.000    
   14.5-    16 6  0.1177E-04   0.000    
   15.5+    13 1  0.7740E-03   0.000    
   15.5+    15 2  0.4968E-04   0.000    
   15.5+    15 3  0.4968E-04   0.000    
   15.5+    15 4  0.4968E-04   0.000    
   15.5+    17 5  0.3167E-05   0.000    
   15.5+    17 6  0.3167E-05   0.000    
   15.5-    14 1  0.1963E-03   0.000    
   15.5-    14 2  0.1963E-03   0.000    
   15.5-    16 3  0.1255E-04   0.000    
   15.5-    16 4  0.1255E-04   0.000    
   15.5-    16 5  0.1255E-04   0.000    
   15.5-    18 6  0.7977E-06   0.000    
   16.5+    15 1  0.5278E-04   0.000    
   16.5+    15 2  0.5278E-04   0.000    
   16.5+    17 3  0.3365E-05   0.000    
   16.5+    17 4  0.3365E-05   0.000    
   16.5+    17 5  0.3365E-05   0.000    
   16.5+    19 6  0.2132E-06   0.000    
   16.5-    14 1  0.2085E-03   0.000    
   16.5-    16 2  0.1334E-04   0.000    
   16.5-    16 3  0.1334E-04   0.000    
   16.5-    16 4  0.1334E-04   0.000    
   16.5-    18 5  0.8476E-06   0.000    
   16.5-    18 6  0.8476E-06   0.000    
   17.5+    15 1  0.5589E-04   0.000    
   17.5+    17 2  0.3563E-05   0.000    
   17.5+    17 3  0.3563E-05   0.000    
   17.5+    17 4  0.3563E-05   0.000    
   17.5+    19 5  0.2258E-06   0.000    
   17.5+    19 6  0.2258E-06   0.000    
   17.5-    16 1  0.1412E-04   0.000    
   17.5-    16 2  0.1412E-04   0.000    
   17.5-    18 3  0.8975E-06   0.000    
   17.5-    18 4  0.8975E-06   0.000    
   17.5-    18 5  0.8975E-06   0.000    
   17.5-    20 6  0.5674E-07   0.000    
   18.5+    17 1  0.3760E-05   0.000    
   18.5+    17 2  0.3760E-05   0.000    
   18.5+    19 3  0.2383E-06   0.000    
   18.5+    19 4  0.2383E-06   0.000    
   18.5+    19 5  0.2383E-06   0.000    
   18.5+    21 6  0.1504E-07   0.000    
   18.5-    16 1  0.1491E-04   0.000    
   18.5-    18 2  0.9473E-06   0.000    
   18.5-    18 3  0.9473E-06   0.000    
   18.5-    18 4  0.9473E-06   0.000    
   18.5-    20 5  0.5989E-07   0.000    
   18.5-    20 6  0.5990E-07   0.000    
   19.5+    17 1  0.3958E-05   0.000    
   19.5+    19 2  0.2509E-06   0.000    
   19.5+    19 3  0.2509E-06   0.000    
   19.5+    19 4  0.2509E-06   0.000    
   19.5+    21 5  0.1583E-07   0.000    
   19.5+    21 6  0.1582E-07   0.000    
   19.5-    18 1  0.9972E-06   0.000    
   19.5-    18 2  0.9972E-06   0.000    
   19.5-    20 3  0.6304E-07   0.000    
   19.5-    20 4  0.6305E-07   0.000    
   19.5-    20 5  0.6304E-07   0.000    
   19.5-    22 6  0.3967E-08   0.000    
   20.5+    19 1  0.2634E-06   0.000    
   20.5+    19 2  0.2634E-06   0.000    
   20.5+    21 3  0.1662E-07   0.000    
   20.5+    21 4  0.1661E-07   0.000    
   20.5+    21 5  0.1661E-07   0.000    
   20.5+    23 6  0.1034E-08   0.000    
   20.5-    18 1  0.1047E-05   0.000    
   20.5-    20 2  0.6620E-07   0.000    
   20.5-    20 3  0.6620E-07   0.000    
   20.5-    20 4  0.6619E-07   0.000    
   20.5-    22 5  0.4165E-08   0.000    
   20.5-    22 6  0.4156E-08   0.000    
   21.5+    19 1  0.2760E-06   0.000    
   21.5+    21 2  0.1742E-07   0.000    
   21.5+    21 3  0.1740E-07   0.000    
   21.5+    21 4  0.1740E-07   0.000    
   21.5+    23 5  0.1083E-08   0.000    
   21.5+    23 6  0.1097E-08   0.000    
   21.5-    20 1  0.6935E-07   0.000    
   21.5-    20 2  0.6934E-07   0.000    
   21.5-    22 3  0.4364E-08   0.000    
   21.5-    22 4  0.4353E-08   0.000    
   21.5-    22 5  0.4361E-08   0.000    
   21.5-    24 6  0.2737E-09   0.000    
   22.5+    21 1  0.1819E-07   0.000    
   22.5+    21 2  0.1819E-07   0.000    
   22.5+    23 3  0.1132E-08   0.000    
   22.5+    23 4  0.1147E-08   0.000    
   22.5+    23 5  0.1148E-08   0.000    
   22.5+    25 6  0.7297E-10   0.000    
   22.5-    20 1  0.7250E-07   0.000    
   22.5-    22 2  0.4562E-08   0.000    
   22.5-    22 3  0.4551E-08   0.000    
   22.5-    22 4  0.4559E-08   0.000    
   22.5-    24 5  0.2860E-09   0.000    
   22.5-    24 6  0.2875E-09   0.000    
   23.5+    21 1  0.1898E-07   0.000    
   23.5+    23 2  0.1181E-08   0.000    
   23.5+    23 3  0.1197E-08   0.000    
   23.5+    23 4  0.1197E-08   0.000    
   23.5+    25 5  0.7604E-10   0.000    
   23.5+    25 6  0.7091E-10   0.000    
   23.5-    22 1  0.4749E-08   0.000    
   23.5-    22 2  0.4757E-08   0.000    
   23.5-    24 3  0.2984E-09   0.000    
   23.5-    24 4  0.3002E-09   0.000    
   23.5-    24 5  0.3012E-09   0.000    
   23.5-    26 6  0.1369E-10   0.000    
   24.5+    23 1  0.1246E-08   0.000    
   24.5+    23 2  0.1247E-08   0.000    
   24.5+    25 3  0.7912E-10   0.000    
   24.5+    25 4  0.7398E-10   0.000    
   24.5+    25 5  0.7803E-10   0.000    
   24.5+    27 6  0.4105E-11   0.000    
   24.5-    22 1  0.4955E-08   0.000    
   24.5-    24 2  0.3110E-09   0.000    
   24.5-    24 3  0.3126E-09   0.000    
   24.5-    24 4  0.3137E-09   0.000    
   24.5-    26 5  0.1417E-10   0.000    
   24.5-    26 6  0.2472E-10   0.000    
   25.5+    23 1  0.1297E-08   0.000    
   25.5+    25 2  0.8241E-10   0.000    
   25.5+    25 3  0.7664E-10   0.000    
   25.5+    25 4  0.8103E-10   0.000    
   25.5+    27 5  0.4269E-11   0.000    
   25.5+    27 6  0.9445E-11   0.000    
   25.5-    24 1  0.3251E-09   0.000    
   25.5-    24 2  0.3264E-09   0.000    
   25.5-    26 3  0.1483E-10   0.000    
   25.5-    26 4  0.2570E-10   0.000    
   25.5-    26 5  0.1643E-10   0.000    
   25.5-    28 6  0.1313E-10   0.000    
   26.5+    25 1  0.7962E-10   0.000    
   26.5+    25 2  0.8427E-10   0.000    
   26.5+    27 3  0.4616E-11   0.000    
   26.5+    27 4  0.9991E-11   0.000    
   26.5+    27 5  0.1789E-10   0.000    
   26.5+    29 6 -0.3705E-11   0.000    
   26.5-    24 1  0.3389E-09   0.000    
   26.5-    26 2  0.1540E-10   0.000    
   26.5-    26 3  0.2660E-10   0.000    
   26.5-    26 4  0.1725E-10   0.000    
   26.5-    28 5  0.1357E-10   0.000    
   26.5-    28 6  0.5770E-11   0.000    
   27.5+    25 1  0.8733E-10   0.000    
   27.5+    27 2  0.4566E-11   0.000    
   27.5+    27 3  0.1017E-10   0.000    
   27.5+    27 4  0.1820E-10   0.000    
   27.5+    29 5 -0.3653E-11   0.000    
   27.5+    29 6 -0.1342E-10   0.000    
   27.5-    26 1  0.2768E-10   0.000    
   27.5-    26 2  0.1770E-10   0.000    
   27.5-    28 3  0.1414E-10   0.000    
   27.5-    28 4  0.5952E-11   0.000    
   27.5-    28 5  0.4503E-11   0.000    
   27.5-    30 6 -0.6613E-11   0.000    
   28.5+    27 1  0.1057E-10   0.000    
   28.5+    27 2  0.1898E-10   0.000    
   28.5+    29 3 -0.3979E-11   0.000    
   28.5+    29 4 -0.1376E-10   0.000    
   28.5+    29 5  0.2218E-11   0.000    
   28.5+    31 6  0.1403E-11   0.000    
   28.5-    26 1  0.1840E-10   0.000    
   28.5-    28 2  0.1455E-10   0.000    
   28.5-    28 3  0.6262E-11   0.000    
   28.5-    28 4  0.4632E-11   0.000    
   28.5-    30 5 -0.6849E-11   0.000    
   28.5-    30 6 -0.6197E-11   0.000    
   29.5+    27 1  0.1967E-10   0.000    
   29.5+    29 2 -0.4049E-11   0.000    
   29.5+    29 3 -0.1417E-10   0.000    
   29.5+    29 4  0.2294E-11   0.000    
   29.5+    31 5  0.1586E-11   0.000    
   29.5+    31 6 -0.4049E-12   0.000    
   29.5-    28 1  0.6377E-11   0.000    
   29.5-    28 2  0.4892E-11   0.000    
   29.5-    30 3 -0.7221E-11   0.000    
   29.5-    30 4 -0.6613E-11   0.000    
   29.5-    30 5  0.7254E-11   0.000    
   29.5-    32 6 -0.1417E-11   0.000    
   30.5+    29 1 -0.1471E-10   0.000    
   30.5+    29 2  0.2301E-11   0.000    
   30.5+    31 3  0.1499E-11   0.000    
   30.5+    31 4 -0.4184E-12   0.000    
   30.5+    31 5 -0.3417E-11   0.000    
   30.5+    33 6 -0.6136E-11   0.000    
   30.5-    28 1  0.4986E-11   0.000    
   30.5-    30 2 -0.7671E-11   0.000    
   30.5-    30 3 -0.6415E-11   0.000    
   30.5-    30 4  0.7287E-11   0.000    
   30.5-    32 5 -0.1325E-11   0.000    
   30.5-    32 6  0.7845E-11   0.000    
   31.5+    29 1  0.2447E-11   0.000    
   31.5+    31 2  0.1548E-11   0.000    
   31.5+    31 3 -0.5759E-12   0.000    
   31.5+    31 4 -0.3455E-11   0.000    
   31.5+    33 5 -0.6262E-11   0.000    
   31.5+    33 6  0.8350E-11   0.000    
   31.5-    30 1 -0.6838E-11   0.000    
   31.5-    30 2  0.7522E-11   0.000    
   31.5-    32 3 -0.1512E-11   0.000    
   31.5-    32 4  0.8098E-11   0.000    
   31.5-    32 5  0.5291E-11   0.000    
   31.5-    34 6  0.5219E-11   0.000    
   32.5+    31 1 -0.2227E-12   0.000    
   32.5+    31 2 -0.3637E-11   0.000    
   32.5+    33 3 -0.6458E-11   0.000    
   32.5+    33 4  0.8388E-11   0.000    
   32.5+    33 5  0.1373E-11   0.000    
   32.5+    35 6  0.4268E-11   0.000    
   32.5-    30 1  0.7757E-11   0.000    
   32.5-    32 2 -0.1559E-11   0.000    
   32.5-    32 3  0.8351E-11   0.000    
   32.5-    32 4  0.5604E-11   0.000    
   32.5-    34 5  0.5419E-11   0.000    
   32.5-    34 6  0.7794E-11   0.000    
   33.5+    31 1 -0.3901E-11   0.000    
   33.5+    33 2 -0.6501E-11   0.000    
   33.5+    33 3  0.8642E-11   0.000    
   33.5+    33 4  0.1568E-11   0.000    
   33.5+    35 5  0.4398E-11   0.000    
   33.5+    35 6  0.4857E-11   0.000    
   33.5-    32 1  0.8604E-11   0.000    
   33.5-    32 2  0.5774E-11   0.000    
   33.5-    34 3  0.5660E-11   0.000    
   33.5-    34 4  0.7992E-11   0.000    
   33.5-    34 5 -0.2830E-11   0.000    
   33.5-    36 6 -0.1071E-10   0.000    
   34.5+    33 1  0.8896E-11   0.000    
   34.5+    33 2  0.1417E-11   0.000    
   34.5+    35 3  0.4724E-11   0.000    
   34.5+    35 4  0.5039E-11   0.000    
   34.5+    35 5  0.4370E-11   0.000    
   34.5+    37 6 -0.8660E-12   0.000    
   34.5-    32 1  0.5826E-11   0.000    
   34.5-    34 2  0.5669E-11   0.000    
   34.5-    34 3  0.8306E-11   0.000    
   34.5-    34 4 -0.3070E-11   0.000    
   34.5-    36 5 -0.1094E-10   0.000    
   34.5-    36 6 -0.4724E-12   0.000    
   35.5+    33 1  0.1458E-11   0.000    
   35.5+    35 2  0.4332E-11   0.000    
   35.5+    35 3  0.4980E-11   0.000    
   35.5+    35 4  0.4494E-11   0.000    
   35.5+    37 5 -0.6478E-12   0.000    
   35.5+    37 6  0.1782E-11   0.000    
   35.5-    34 1  0.8300E-11   0.000    
   35.5-    34 2 -0.3158E-11   0.000    
   35.5-    36 3 -0.1134E-10   0.000    
   35.5-    36 4 -0.6478E-12   0.000    
   35.5-    36 5  0.4008E-11   0.000    
   35.5-    38 6  0.5142E-11   0.000    
   36.5+    35 1  0.5493E-11   0.000    
   36.5+    35 2  0.4786E-11   0.000    
   36.5+    37 3 -0.9155E-12   0.000    
   36.5+    37 4  0.1831E-11   0.000    
   36.5+    37 5  0.3662E-11   0.000    
   36.5+    39 6 -0.4744E-11   0.000    
   36.5-    34 1 -0.3496E-11   0.000    
   36.5-    36 2 -0.1165E-10   0.000    
   36.5-    36 3 -0.6658E-12   0.000    
   36.5-    36 4  0.3953E-11   0.000    
   36.5-    38 5  0.5368E-11   0.000    
   36.5-    38 6 -0.2497E-11   0.000    
   37.5+    35 1  0.4915E-11   0.000    
   37.5+    37 2 -0.9403E-12   0.000    
   37.5+    37 3  0.2094E-11   0.000    
   37.5+    37 4  0.3505E-11   0.000    
   37.5+    39 5 -0.4872E-11   0.000    
   37.5+    39 6  0.1581E-11   0.000    
   37.5-    36 1 -0.6838E-12   0.000    
   37.5-    36 2  0.4402E-11   0.000    
   37.5-    38 3  0.5513E-11   0.000    
   37.5-    38 4 -0.2821E-11   0.000    
   37.5-    38 5 -0.3932E-11   0.000    
   37.5-    40 6  0.1154E-11   0.000    
   38.5+    37 1  0.2149E-11   0.000    
   38.5+    37 2  0.3597E-11   0.000    
   38.5+    39 3 -0.4913E-11   0.000    
   38.5+    39 4  0.1623E-11   0.000    
   38.5+    39 5  0.2632E-12   0.000    
   38.5+    41 6  0.1667E-11   0.000    
   38.5-    36 1  0.4518E-11   0.000    
   38.5-    38 2  0.5658E-11   0.000    
   38.5-    38 3 -0.2807E-11   0.000    
   38.5-    38 4 -0.3948E-11   0.000    
   38.5-    40 5  0.1491E-11   0.000    
   38.5-    40 6   0.000       0.000    
   39.5+    37 1  0.3689E-11   0.000    
   39.5+    39 2 -0.5129E-11   0.000    
   39.5+    39 3  0.1710E-11   0.000    
   39.5+    39 4  0.1800E-12   0.000    
   39.5+    41 5  0.1575E-11   0.000    
   39.5+    41 6  0.1120E-10   0.000    
   39.5-    38 1 -0.2789E-11   0.000    
   39.5-    38 2 -0.4139E-11   0.000    
   39.5-    40 3  0.1215E-11   0.000    
   39.5-    40 4 -0.3599E-12   0.000    
   39.5-    40 5 -0.2069E-11   0.000    
   39.5-    42 6 -0.5219E-11   0.000    
   40.5+    39 1  0.1845E-11   0.000    
   40.5+    39 2  0.1845E-12   0.000    
   40.5+    41 3  0.1614E-11   0.000    
   40.5+    41 4  0.1121E-10   0.000    
   40.5+    41 5 -0.5534E-11   0.000    
   40.5+    43 6 -0.1845E-12   0.000    
   40.5-    38 1 -0.4427E-11   0.000    
   40.5-    40 2  0.1568E-11   0.000    
   40.5-    40 3   0.000       0.000    
   40.5-    40 4 -0.2767E-11   0.000    
   40.5-    42 5 -0.5072E-11   0.000    
   40.5-    42 6 -0.2213E-11   0.000    
   41.5+    39 1  0.9448E-13   0.000    
   41.5+    41 2  0.1464E-11   0.000    
   41.5+    41 3  0.1157E-10   0.000    
   41.5+    41 4 -0.5952E-11   0.000    
   41.5+    43 5 -0.9448E-13   0.000    
   41.5+    43 6  0.2173E-11   0.000    
   41.5-    40 1   0.000       0.000    
   41.5-    40 2 -0.2551E-11   0.000    
   41.5-    42 3 -0.5480E-11   0.000    
   41.5-    42 4 -0.2267E-11   0.000    
   41.5-    42 5 -0.3023E-11   0.000    
   41.5-    44 6  0.1417E-11   0.000    
   42.5+    41 1  0.1170E-10   0.000    
   42.5+    41 2 -0.6287E-11   0.000    
   42.5+    43 3 -0.1935E-12   0.000    
   42.5+    43 4  0.2176E-11   0.000    
   42.5+    43 5  0.2853E-11   0.000    
   42.5+    45 6  0.2805E-11   0.000    
   42.5-    40 1 -0.2612E-11   0.000    
   42.5-    42 2 -0.5417E-11   0.000    
   42.5-    42 3 -0.2612E-11   0.000    
   42.5-    42 4 -0.3095E-11   0.000    
   42.5-    44 5  0.1403E-11   0.000    
   42.5-    44 6  0.6384E-11   0.000    
   43.5+    41 1 -0.6235E-11   0.000    
   43.5+    43 2 -0.9897E-13   0.000    
   43.5+    43 3  0.2177E-11   0.000    
   43.5+    43 4  0.2920E-11   0.000    
   43.5+    45 5  0.2722E-11   0.000    
   43.5+    45 6  0.4008E-11   0.000    
   43.5-    42 1 -0.2573E-11   0.000    
   43.5-    42 2 -0.3167E-11   0.000    
   43.5-    44 3  0.1435E-11   0.000    
   43.5-    44 4  0.6879E-11   0.000    
   43.5-    44 5 -0.1277E-10   0.000    
   43.5-    46 6  0.4850E-11   0.000    
   44.5+    43 1  0.2328E-11   0.000    
   44.5+    43 2  0.2986E-11   0.000    
   44.5+    45 3  0.3138E-11   0.000    
   44.5+    45 4  0.4100E-11   0.000    
   44.5+    45 5 -0.3644E-11   0.000    
   44.5+    47 6  0.8149E-11   0.000    
   44.5-    42 1 -0.3239E-11   0.000    
   44.5-    44 2  0.1113E-11   0.000    
   44.5-    44 3  0.7035E-11   0.000    
   44.5-    44 4 -0.1336E-10   0.000    
   44.5-    46 5  0.4909E-11   0.000    
   44.5-    46 6 -0.6073E-12   0.000    
   45.5+    43 1  0.3052E-11   0.000    
   45.5+    45 2  0.3001E-11   0.000    
   45.5+    45 3  0.4398E-11   0.000    
   45.5+    45 4 -0.3208E-11   0.000    
   45.5+    47 5  0.8485E-11   0.000    
   45.5+    47 6 -0.6105E-11   0.000    
   45.5-    44 1  0.6467E-11   0.000    
   45.5-    44 2 -0.1335E-10   0.000    
   45.5-    46 3  0.5018E-11   0.000    
   45.5-    46 4 -0.6208E-12   0.000    
   45.5-    46 5  0.7243E-11   0.000    
   45.5-    48 6 -0.3932E-11   0.000    
   46.5+    45 1  0.4493E-11   0.000    
   46.5+    45 2 -0.3277E-11   0.000    
   46.5+    47 3  0.8405E-11   0.000    
   46.5+    47 4 -0.6238E-11   0.000    
   46.5+    47 5 -0.7401E-12   0.000    
   46.5+    49 6 -0.8458E-11   0.000    
   46.5-    44 1 -0.1279E-10   0.000    
   46.5-    46 2  0.5128E-11   0.000    
   46.5-    46 3   0.000       0.000    
   46.5-    46 4  0.7401E-11   0.000    
   46.5-    48 5 -0.4440E-11   0.000    
   46.5-    48 6  0.1797E-11   0.000    
   47.5+    45 1 -0.3131E-11   0.000    
   47.5+    47 2  0.8584E-11   0.000    
   47.5+    47 3 -0.6262E-11   0.000    
   47.5+    47 4 -0.7558E-12   0.000    
   47.5+    49 5 -0.8854E-11   0.000    
   47.5+    49 6   0.000       0.000    
   47.5-    46 1 -0.3239E-12   0.000    
   47.5-    46 2  0.7234E-11   0.000    
   47.5-    48 3 -0.4535E-11   0.000    
   47.5-    48 4  0.1620E-11   0.000    
   47.5-    48 5 -0.3455E-11   0.000    
   47.5-    50 6  0.2699E-11   0.000    
   48.5+    47 1 -0.6503E-11   0.000    
   48.5+    47 2 -0.6613E-12   0.000    
   48.5+    49 3 -0.9369E-11   0.000    
   48.5+    49 4   0.000       0.000    
   48.5+    49 5  0.3031E-11   0.000    
   48.5+    51 6 -0.2866E-11   0.000    
   48.5-    46 1  0.7716E-11   0.000    
   48.5-    48 2 -0.4188E-11   0.000    
   48.5-    48 3  0.1488E-11   0.000    
   48.5-    48 4 -0.3307E-11   0.000    
   48.5-    50 5  0.2645E-11   0.000    
   48.5-    50 6  0.1102E-12   0.000    
   49.5+    47 1 -0.7873E-12   0.000    
   49.5+    49 2 -0.8998E-11   0.000    
   49.5+    49 3   0.000       0.000    
   49.5+    49 4  0.3093E-11   0.000    
   49.5+    51 5 -0.3374E-11   0.000    
   49.5+    51 6  0.2587E-11   0.000    
   49.5-    48 1  0.1518E-11   0.000    
   49.5-    48 2 -0.3599E-11   0.000    
   49.5-    50 3  0.2474E-11   0.000    
   49.5-    50 4  0.3936E-12   0.000    
   49.5-    50 5 -0.1012E-11   0.000    
   49.5-    52 6 -0.3487E-11   0.000    
   50.5+    49 1 -0.3442E-12   0.000    
   50.5+    49 2  0.3499E-11   0.000    
   50.5+    51 3 -0.3097E-11   0.000    
   50.5+    51 4  0.2237E-11   0.000    
   50.5+    51 5 -0.7572E-11   0.000    
   50.5+    53 6  0.2294E-12   0.000    
   50.5-    48 1 -0.3786E-11   0.000    
   50.5-    50 2  0.2753E-11   0.000    
   50.5-    50 3  0.1147E-12   0.000    
   50.5-    50 4 -0.1147E-11   0.000    
   50.5-    52 5 -0.3097E-11   0.000    
   50.5-    52 6  0.1778E-11   0.000    
