# Fusion cross sections for ELAB=  15.000, ECM=  12.687
     0.5   14.74      1
     0.5   29.07     -1
     1.5   49.35      1
     1.5   96.80     -1
     2.5   82.90      1
     2.5   167.4     -1
     3.5   103.8      1
     3.5   199.4     -1
     4.5   98.51      1
     4.5   198.4     -1
     5.5   89.07      1
     5.5   158.6     -1
     6.5   50.44      1
     6.5   100.8     -1
     7.5   32.02      1
     7.5   47.54     -1
     8.5   3.830      1
     8.5   13.73     -1
     9.5   2.352      1
     9.5   3.373     -1
    10.5  0.2806      1
    10.5  0.8971     -1
    11.5  0.1677      1
    11.5  0.2453     -1
    12.5  0.2138E-01  1
    12.5  0.6739E-01 -1
    13.5  0.1260E-01  1
    13.5  0.1845E-01 -1
    14.5  0.1594E-02  1
    14.5  0.5025E-02 -1
    15.5  0.9293E-03  1
    15.5  0.1360E-02 -1
    16.5  0.1159E-03  1
    16.5  0.3661E-03 -1
    17.5  0.6703E-04  1
    17.5  0.9802E-04 -1
    18.5  0.8251E-05  1
    18.5  0.2612E-04 -1
    19.5  0.4743E-05  1
    19.5  0.6930E-05 -1
    20.5  0.5777E-06  1
    20.5  0.1832E-05 -1
    21.5  0.3304E-06  1
    21.5  0.4824E-06 -1
    22.5  0.3988E-07  1
    22.5  0.1266E-06 -1
    23.5  0.2270E-07  1
    23.5  0.3312E-07 -1
    24.5  0.2729E-08  1
    24.5  0.8661E-08 -1
    25.5  0.1551E-08  1
    25.5  0.2273E-08 -1
    26.5  0.1927E-09  1
    26.5  0.6102E-09 -1
    27.5  0.1032E-09  1
    27.5  0.1666E-09 -1
    28.5  0.1543E-10  1
    28.5  0.4622E-10 -1
    29.5  0.4926E-11  1
    29.5  0.8199E-11 -1
    30.5 -0.2088E-10  1
    30.5 -0.1618E-10 -1
    31.5  0.2051E-11  1
    31.5  0.1983E-10 -1
    32.5  0.3712E-11  1
    32.5  0.3708E-10 -1
    33.5  0.9063E-11  1
    33.5  0.2356E-10 -1
    34.5  0.2358E-10  1
    34.5  0.2889E-10 -1
    35.5  0.1640E-10  1
    35.5  0.1871E-10 -1
    36.5  0.1011E-10  1
    36.5  0.1124E-11 -1
    37.5  0.6283E-11  1
    37.5  0.9915E-11 -1
    38.5  0.4386E-11  1
    38.5  0.9299E-11 -1
    39.5  0.1323E-10  1
    39.5 -0.1350E-12 -1
    40.5  0.9130E-11  1
    40.5 -0.3781E-11 -1
    41.5  0.9259E-11  1
    41.5 -0.2645E-11 -1
    42.5  0.1306E-10  1
    42.5  0.7109E-11 -1
    43.5  0.5493E-11  1
    43.5  0.1485E-12 -1
    44.5  0.1706E-10  1
    44.5  0.1291E-10 -1
    45.5  0.9623E-11  1
    45.5  0.1045E-10 -1
    46.5 -0.5815E-11  1
    46.5 -0.8722E-11 -1
    47.5 -0.1042E-10  1
    47.5 -0.7180E-11 -1
    48.5 -0.1637E-10  1
    48.5 -0.1190E-10 -1
    49.5 -0.7479E-11  1
    49.5 -0.1119E-10 -1
    50.5 -0.5048E-11  1
    50.5 -0.8432E-11 -1
 &
