# 178 angles,  1 tensor ranks for 0=projectile
@subtitle   "7Li + d g.s with DA1p OMP;"                                                    
@legend ON
@legend x1 0.2
@legend y1 0.8
@g0 type LOGY
@yaxis ticklabel format power
@xaxis label "Scattering angle (degrees)"
@yaxis label "Cross section (mb/sr)"
@legend string   0 "Partition=  1 Excit=  1 near/far= 1"
#legend string   0 "Lab energy =   14.5311"
@s0 linestyle   1
#  Theta       sigma       iT11        T20         T21         T22         Kyy for projectile
   3.000      0.1777E+06
   4.000      0.5333E+05
   5.000      0.2074E+05
   6.000       9588.    
   7.000       5067.    
   8.000       3000.    
   9.000       1966.    
   10.00       1411.    
   11.00       1092.    
   12.00       898.6    
   13.00       773.1    
   14.00       686.2    
   15.00       622.0    
   16.00       571.3    
   17.00       528.8    
   18.00       491.5    
   19.00       457.6    
   20.00       426.0    
   21.00       396.0    
   22.00       367.3    
   23.00       339.7    
   24.00       313.2    
   25.00       287.6    
   26.00       263.1    
   27.00       239.7    
   28.00       217.4    
   29.00       196.2    
   30.00       176.2    
   31.00       157.4    
   32.00       139.8    
   33.00       123.5    
   34.00       108.4    
   35.00       94.45    
   36.00       81.74    
   37.00       70.20    
   38.00       59.79    
   39.00       50.47    
   40.00       42.19    
   41.00       34.89    
   42.00       28.53    
   43.00       23.04    
   44.00       18.37    
   45.00       14.44    
   46.00       11.20    
   47.00       8.587    
   48.00       6.536    
   49.00       4.988    
   50.00       3.887    
   51.00       3.177    
   52.00       2.804    
   53.00       2.719    
   54.00       2.876    
   55.00       3.231    
   56.00       3.744    
   57.00       4.379    
   58.00       5.102    
   59.00       5.885    
   60.00       6.701    
   61.00       7.526    
   62.00       8.341    
   63.00       9.129    
   64.00       9.876    
   65.00       10.57    
   66.00       11.20    
   67.00       11.76    
   68.00       12.25    
   69.00       12.66    
   70.00       12.98    
   71.00       13.23    
   72.00       13.40    
   73.00       13.49    
   74.00       13.51    
   75.00       13.46    
   76.00       13.34    
   77.00       13.16    
   78.00       12.93    
   79.00       12.64    
   80.00       12.32    
   81.00       11.95    
   82.00       11.54    
   83.00       11.11    
   84.00       10.66    
   85.00       10.19    
   86.00       9.709    
   87.00       9.219    
   88.00       8.725    
   89.00       8.232    
   90.00       7.744    
   91.00       7.262    
   92.00       6.792    
   93.00       6.335    
   94.00       5.893    
   95.00       5.469    
   96.00       5.065    
   97.00       4.681    
   98.00       4.318    
   99.00       3.978    
   100.0       3.660    
   101.0       3.365    
   102.0       3.094    
   103.0       2.845    
   104.0       2.618    
   105.0       2.413    
   106.0       2.229    
   107.0       2.066    
   108.0       1.921    
   109.0       1.795    
   110.0       1.686    
   111.0       1.593    
   112.0       1.514    
   113.0       1.449    
   114.0       1.396    
   115.0       1.355    
   116.0       1.323    
   117.0       1.299    
   118.0       1.284    
   119.0       1.275    
   120.0       1.271    
   121.0       1.271    
   122.0       1.276    
   123.0       1.283    
   124.0       1.292    
   125.0       1.303    
   126.0       1.314    
   127.0       1.326    
   128.0       1.339    
   129.0       1.350    
   130.0       1.362    
   131.0       1.372    
   132.0       1.382    
   133.0       1.391    
   134.0       1.400    
   135.0       1.408    
   136.0       1.415    
   137.0       1.422    
   138.0       1.429    
   139.0       1.436    
   140.0       1.444    
   141.0       1.452    
   142.0       1.462    
   143.0       1.472    
   144.0       1.485    
   145.0       1.499    
   146.0       1.516    
   147.0       1.534    
   148.0       1.556    
   149.0       1.580    
   150.0       1.607    
   151.0       1.637    
   152.0       1.670    
   153.0       1.706    
   154.0       1.745    
   155.0       1.786    
   156.0       1.831    
   157.0       1.878    
   158.0       1.927    
   159.0       1.978    
   160.0       2.031    
   161.0       2.085    
   162.0       2.140    
   163.0       2.196    
   164.0       2.251    
   165.0       2.307    
   166.0       2.362    
   167.0       2.415    
   168.0       2.467    
   169.0       2.516    
   170.0       2.563    
   171.0       2.607    
   172.0       2.648    
   173.0       2.684    
   174.0       2.717    
   175.0       2.745    
   176.0       2.768    
   177.0       2.787    
   178.0       2.800    
   179.0       2.808    
   180.0       2.811    
 END
