           1           2           1
    0.5+     1 1   5.830       0.000    
    0.5+     1 2   5.903       0.000    
    0.5+     3 3   5.115       0.000    
    0.5-     0 1   5.550       0.000    
    0.5-     2 2   6.043       0.000    
    0.5-     2 3   5.736       0.000    
    1.5+     1 1   11.52       0.000    
    1.5+     1 2   11.66       0.000    
    1.5+     1 3   11.81       0.000    
    1.5+     3 4   10.23       0.000    
    1.5+     3 5   11.39       0.000    
    1.5-     0 1   11.10       0.000    
    1.5-     2 2   12.09       0.000    
    1.5-     2 3   11.47       0.000    
    1.5-     2 4   10.95       0.000    
    1.5-     4 5   3.579       0.000    
    2.5+     1 1   17.49       0.000    
    2.5+     1 2   17.71       0.000    
    2.5+     3 3   15.34       0.000    
    2.5+     3 4   17.09       0.000    
    2.5+     3 5   17.60       0.000    
    2.5+     5 6   1.345       0.000    
    2.5-     0 1   16.65       0.000    
    2.5-     2 2   18.13       0.000    
    2.5-     2 3   17.21       0.000    
    2.5-     2 4   16.42       0.000    
    2.5-     4 5   5.369       0.000    
    2.5-     4 6   5.981       0.000    
    3.5+     1 1   23.61       0.000    
    3.5+     3 2   20.46       0.000    
    3.5+     3 3   22.78       0.000    
    3.5+     3 4   23.47       0.000    
    3.5+     5 5   1.794       0.000    
    3.5+     5 6   1.863       0.000    
    3.5-     2 1   22.94       0.000    
    3.5-     2 2   21.90       0.000    
    3.5-     4 3   7.159       0.000    
    3.5-     4 4   7.974       0.000    
    3.5-     4 5   9.608       0.000    
    3.5-     6 6  0.4391       0.000    
    4.5+     3 1   28.48       0.000    
    4.5+     3 2   29.34       0.000    
    4.5+     5 3   2.242       0.000    
    4.5+     5 4   2.329       0.000    
    4.5+     5 5   2.462       0.000    
    4.5+     7 6  0.1354       0.000    
    4.5-     2 1   27.37       0.000    
    4.5-     4 2   8.948       0.000    
    4.5-     4 3   9.968       0.000    
    4.5-     4 4   12.01       0.000    
    4.5-     6 5  0.5489       0.000    
    4.5-     6 6  0.5556       0.000    
    5.5+     3 1   35.20       0.000    
    5.5+     5 2   2.690       0.000    
    5.5+     5 3   2.795       0.000    
    5.5+     5 4   2.954       0.000    
    5.5+     7 5  0.1624       0.000    
    5.5+     7 6  0.1631       0.000    
    5.5-     4 1   11.96       0.000    
    5.5-     4 2   14.41       0.000    
    5.5-     6 3  0.6587       0.000    
    5.5-     6 4  0.6667       0.000    
    5.5-     6 5  0.6771       0.000    
    5.5-     8 6  0.4015E-01   0.000    
    6.5+     5 1   3.261       0.000    
    6.5+     5 2   3.447       0.000    
    6.5+     7 3  0.1895       0.000    
    6.5+     7 4  0.1902       0.000    
    6.5+     7 5  0.1911       0.000    
    6.5+     9 6  0.1155E-01   0.000    
    6.5-     4 1   16.81       0.000    
    6.5-     6 2  0.7685       0.000    
    6.5-     6 3  0.7778       0.000    
    6.5-     6 4  0.7899       0.000    
    6.5-     8 5  0.4684E-01   0.000    
    6.5-     8 6  0.4689E-01   0.000    
    7.5+     5 1   3.939       0.000    
    7.5+     7 2  0.2166       0.000    
    7.5+     7 3  0.2174       0.000    
    7.5+     7 4  0.2184       0.000    
    7.5+     9 5  0.1321E-01   0.000    
    7.5+     9 6  0.1321E-01   0.000    
    7.5-     6 1  0.8889       0.000    
    7.5-     6 2  0.9028       0.000    
    7.5-     8 3  0.5353E-01   0.000    
    7.5-     8 4  0.5359E-01   0.000    
    7.5-     8 5  0.5367E-01   0.000    
    7.5-    10 6  0.3248E-02   0.000    
    8.5+     7 1  0.2446       0.000    
    8.5+     7 2  0.2457       0.000    
    8.5+     9 3  0.1486E-01   0.000    
    8.5+     9 4  0.1486E-01   0.000    
    8.5+     9 5  0.1487E-01   0.000    
    8.5+    11 6  0.8958E-03   0.000    
    8.5-     6 1   1.016       0.000    
    8.5-     8 2  0.6022E-01   0.000    
    8.5-     8 3  0.6029E-01   0.000    
    8.5-     8 4  0.6038E-01   0.000    
    8.5-    10 5  0.3654E-02   0.000    
    8.5-    10 6  0.3654E-02   0.000    
    9.5+     7 1  0.2730       0.000    
    9.5+     9 2  0.1651E-01   0.000    
    9.5+     9 3  0.1651E-01   0.000    
    9.5+     9 4  0.1652E-01   0.000    
    9.5+    11 5  0.9953E-03   0.000    
    9.5+    11 6  0.9953E-03   0.000    
    9.5-     8 1  0.6699E-01   0.000    
    9.5-     8 2  0.6709E-01   0.000    
    9.5-    10 3  0.4060E-02   0.000    
    9.5-    10 4  0.4060E-02   0.000    
    9.5-    10 5  0.4061E-02   0.000    
    9.5-    12 6  0.2433E-03   0.000    
   10.5+     9 1  0.1816E-01   0.000    
   10.5+     9 2  0.1817E-01   0.000    
   10.5+    11 3  0.1095E-02   0.000    
   10.5+    11 4  0.1095E-02   0.000    
   10.5+    11 5  0.1095E-02   0.000    
   10.5+    13 6  0.6524E-04   0.000    
   10.5-     8 1  0.7379E-01   0.000    
   10.5-    10 2  0.4466E-02   0.000    
   10.5-    10 3  0.4466E-02   0.000    
   10.5-    10 4  0.4467E-02   0.000    
   10.5-    12 5  0.2676E-03   0.000    
   10.5-    12 6  0.2676E-03   0.000    
   11.5+     9 1  0.1982E-01   0.000    
   11.5+    11 2  0.1194E-02   0.000    
   11.5+    11 3  0.1194E-02   0.000    
   11.5+    11 4  0.1194E-02   0.000    
   11.5+    13 5  0.7117E-04   0.000    
   11.5+    13 6  0.7117E-04   0.000    
   11.5-    10 1  0.4872E-02   0.000    
   11.5-    10 2  0.4873E-02   0.000    
   11.5-    12 3  0.2919E-03   0.000    
   11.5-    12 4  0.2919E-03   0.000    
   11.5-    12 5  0.2919E-03   0.000    
   11.5-    14 6  0.1731E-04   0.000    
   12.5+    11 1  0.1294E-02   0.000    
   12.5+    11 2  0.1294E-02   0.000    
   12.5+    13 3  0.7710E-04   0.000    
   12.5+    13 4  0.7710E-04   0.000    
   12.5+    13 5  0.7710E-04   0.000    
   12.5+    15 6  0.4551E-05   0.000    
   12.5-    10 1  0.5279E-02   0.000    
   12.5-    12 2  0.3163E-03   0.000    
   12.5-    12 3  0.3163E-03   0.000    
   12.5-    12 4  0.3163E-03   0.000    
   12.5-    14 5  0.1875E-04   0.000    
   12.5-    14 6  0.1875E-04   0.000    
   13.5+    11 1  0.1394E-02   0.000    
   13.5+    13 2  0.8303E-04   0.000    
   13.5+    13 3  0.8303E-04   0.000    
   13.5+    13 4  0.8303E-04   0.000    
   13.5+    15 5  0.4901E-05   0.000    
   13.5+    15 6  0.4901E-05   0.000    
   13.5-    12 1  0.3406E-03   0.000    
   13.5-    12 2  0.3406E-03   0.000    
   13.5-    14 3  0.2019E-04   0.000    
   13.5-    14 4  0.2019E-04   0.000    
   13.5-    14 5  0.2019E-04   0.000    
   13.5-    16 6  0.1187E-05   0.000    
   14.5+    13 1  0.8896E-04   0.000    
   14.5+    13 2  0.8896E-04   0.000    
   14.5+    15 3  0.5252E-05   0.000    
   14.5+    15 4  0.5252E-05   0.000    
   14.5+    15 5  0.5252E-05   0.000    
   14.5+    17 6  0.3077E-06   0.000    
   14.5-    12 1  0.3649E-03   0.000    
   14.5-    14 2  0.2164E-04   0.000    
   14.5-    14 3  0.2164E-04   0.000    
   14.5-    14 4  0.2164E-04   0.000    
   14.5-    16 5  0.1272E-05   0.000    
   14.5-    16 6  0.1272E-05   0.000    
   15.5+    13 1  0.9489E-04   0.000    
   15.5+    15 2  0.5602E-05   0.000    
   15.5+    15 3  0.5602E-05   0.000    
   15.5+    15 4  0.5602E-05   0.000    
   15.5+    17 5  0.3283E-06   0.000    
   15.5+    17 6  0.3283E-06   0.000    
   15.5-    14 1  0.2308E-04   0.000    
   15.5-    14 2  0.2308E-04   0.000    
   15.5-    16 3  0.1357E-05   0.000    
   15.5-    16 4  0.1357E-05   0.000    
   15.5-    16 5  0.1357E-05   0.000    
   15.5-    18 6  0.7929E-07   0.000    
   16.5+    15 1  0.5952E-05   0.000    
   16.5+    15 2  0.5952E-05   0.000    
   16.5+    17 3  0.3488E-06   0.000    
   16.5+    17 4  0.3488E-06   0.000    
   16.5+    17 5  0.3488E-06   0.000    
   16.5+    19 6  0.2032E-07   0.000    
   16.5-    14 1  0.2452E-04   0.000    
   16.5-    16 2  0.1442E-05   0.000    
   16.5-    16 3  0.1442E-05   0.000    
   16.5-    16 4  0.1442E-05   0.000    
   16.5-    18 5  0.8424E-07   0.000    
   16.5-    18 6  0.8424E-07   0.000    
   17.5+    15 1  0.6302E-05   0.000    
   17.5+    17 2  0.3693E-06   0.000    
   17.5+    17 3  0.3693E-06   0.000    
   17.5+    17 4  0.3693E-06   0.000    
   17.5+    19 5  0.2151E-07   0.000    
   17.5+    19 6  0.2151E-07   0.000    
   17.5-    16 1  0.1527E-05   0.000    
   17.5-    16 2  0.1527E-05   0.000    
   17.5-    18 3  0.8920E-07   0.000    
   17.5-    18 4  0.8919E-07   0.000    
   17.5-    18 5  0.8919E-07   0.000    
   17.5-    20 6  0.5185E-08   0.000    
   18.5+    17 1  0.3898E-06   0.000    
   18.5+    17 2  0.3898E-06   0.000    
   18.5+    19 3  0.2271E-07   0.000    
   18.5+    19 4  0.2270E-07   0.000    
   18.5+    19 5  0.2272E-07   0.000    
   18.5+    21 6  0.1314E-08   0.000    
   18.5-    16 1  0.1612E-05   0.000    
   18.5-    18 2  0.9416E-07   0.000    
   18.5-    18 3  0.9415E-07   0.000    
   18.5-    18 4  0.9415E-07   0.000    
   18.5-    20 5  0.5474E-08   0.000    
   18.5-    20 6  0.5469E-08   0.000    
   19.5+    17 1  0.4103E-06   0.000    
   19.5+    19 2  0.2390E-07   0.000    
   19.5+    19 3  0.2390E-07   0.000    
   19.5+    19 4  0.2391E-07   0.000    
   19.5+    21 5  0.1383E-08   0.000    
   19.5+    21 6  0.1386E-08   0.000    
   19.5-    18 1  0.9910E-07   0.000    
   19.5-    18 2  0.9910E-07   0.000    
   19.5-    20 3  0.5762E-08   0.000    
   19.5-    20 4  0.5757E-08   0.000    
   19.5-    20 5  0.5752E-08   0.000    
   19.5-    22 6  0.3346E-09   0.000    
   20.5+    19 1  0.2509E-07   0.000    
   20.5+    19 2  0.2511E-07   0.000    
   20.5+    21 3  0.1452E-08   0.000    
   20.5+    21 4  0.1455E-08   0.000    
   20.5+    21 5  0.1463E-08   0.000    
   20.5+    23 6  0.7558E-10   0.000    
   20.5-    18 1  0.1041E-06   0.000    
   20.5-    20 2  0.6050E-08   0.000    
   20.5-    20 3  0.6044E-08   0.000    
   20.5-    20 4  0.6040E-08   0.000    
   20.5-    22 5  0.3513E-09   0.000    
   20.5-    22 6  0.3516E-09   0.000    
   21.5+    19 1  0.2631E-07   0.000    
   21.5+    21 2  0.1522E-08   0.000    
   21.5+    21 3  0.1525E-08   0.000    
   21.5+    21 4  0.1533E-08   0.000    
   21.5+    23 5  0.7912E-10   0.000    
   21.5+    23 6  0.9712E-10   0.000    
   21.5-    20 1  0.6333E-08   0.000    
   21.5-    20 2  0.6327E-08   0.000    
   21.5-    22 3  0.3681E-09   0.000    
   21.5-    22 4  0.3682E-09   0.000    
   21.5-    22 5  0.3697E-09   0.000    
   21.5-    24 6  0.2252E-10   0.000    
   22.5+    21 1  0.1594E-08   0.000    
   22.5+    21 2  0.1602E-08   0.000    
   22.5+    23 3  0.8281E-10   0.000    
   22.5+    23 4  0.1015E-09   0.000    
   22.5+    23 5  0.8914E-10   0.000    
   22.5+    25 6  0.2468E-11   0.000    
   22.5-    20 1  0.6615E-08   0.000    
   22.5-    22 2  0.3848E-09   0.000    
   22.5-    22 3  0.3851E-09   0.000    
   22.5-    22 4  0.3865E-09   0.000    
   22.5-    24 5  0.2351E-10   0.000    
   22.5-    24 6  0.2164E-10   0.000    
   23.5+    21 1  0.1672E-08   0.000    
   23.5+    23 2  0.8628E-10   0.000    
   23.5+    23 3  0.1058E-09   0.000    
   23.5+    23 4  0.9301E-10   0.000    
   23.5+    25 5  0.2575E-11   0.000    
   23.5+    25 6  0.6703E-11   0.000    
   23.5-    22 1  0.4019E-09   0.000    
   23.5-    22 2  0.4034E-09   0.000    
   23.5-    24 3  0.2443E-10   0.000    
   23.5-    24 4  0.2239E-10   0.000    
   23.5-    24 5  0.2886E-10   0.000    
   23.5-    26 6  0.1981E-12   0.000    
   24.5+    23 1  0.1102E-09   0.000    
   24.5+    23 2  0.9696E-10   0.000    
   24.5+    25 3  0.2683E-11   0.000    
   24.5+    25 4  0.6810E-11   0.000    
   24.5+    25 5  0.1121E-10   0.000    
   24.5+    27 6 -0.6466E-11   0.000    
   24.5-    22 1  0.4202E-09   0.000    
   24.5-    24 2  0.2545E-10   0.000    
   24.5-    24 3  0.2322E-10   0.000    
   24.5-    24 4  0.3006E-10   0.000    
   24.5-    26 5  0.1376E-12   0.000    
   24.5-    26 6  0.5297E-11   0.000    
   25.5+    23 1  0.1008E-09   0.000    
   25.5+    25 2  0.3005E-11   0.000    
   25.5+    25 3  0.7225E-11   0.000    
   25.5+    25 4  0.1152E-10   0.000    
   25.5+    27 5 -0.7011E-11   0.000    
   25.5+    27 6  0.4829E-11   0.000    
   25.5-    24 1  0.2414E-10   0.000    
   25.5-    24 2  0.3126E-10   0.000    
   25.5-    26 3  0.2146E-12   0.000    
   25.5-    26 4  0.5437E-11   0.000    
   25.5-    26 5  0.3720E-11   0.000    
   25.5-    28 6 -0.2790E-11   0.000    
   26.5+    25 1  0.7689E-11   0.000    
   26.5+    25 2  0.1207E-10   0.000    
   26.5+    27 3 -0.7280E-11   0.000    
   26.5+    27 4  0.5015E-11   0.000    
   26.5+    27 5 -0.4457E-12   0.000    
   26.5+    29 6  0.8543E-12   0.000    
   26.5-    24 1  0.3265E-10   0.000    
   26.5-    26 2  0.7429E-13   0.000    
   26.5-    26 3  0.5720E-11   0.000    
   26.5-    26 4  0.3863E-11   0.000    
   26.5-    28 5 -0.2972E-11   0.000    
   26.5-    28 6 -0.3269E-11   0.000    
   27.5+    25 1  0.1240E-10   0.000    
   27.5+    27 2 -0.7550E-11   0.000    
   27.5+    27 3  0.4969E-11   0.000    
   27.5+    27 4 -0.4622E-12   0.000    
   27.5+    29 5  0.8860E-12   0.000    
   27.5+    29 6  0.1002E-11   0.000    
   27.5-    26 1  0.5778E-11   0.000    
   27.5-    26 2  0.4083E-11   0.000    
   27.5-    28 3 -0.3390E-11   0.000    
   27.5-    28 4 -0.3390E-11   0.000    
   27.5-    28 5  0.7704E-11   0.000    
   27.5-    30 6 -0.3390E-11   0.000    
   28.5+    27 1  0.5306E-11   0.000    
   28.5+    27 2 -0.7181E-12   0.000    
   28.5+    29 3  0.9176E-12   0.000    
   28.5+    29 4  0.1157E-11   0.000    
   28.5+    29 5  0.4668E-11   0.000    
   28.5+    31 6  0.3830E-11   0.000    
   28.5-    26 1  0.4229E-11   0.000    
   28.5-    28 2 -0.3032E-11   0.000    
   28.5-    28 3 -0.3750E-11   0.000    
   28.5-    28 4  0.8179E-11   0.000    
   28.5-    30 5 -0.3511E-11   0.000    
   28.5-    30 6   0.000       0.000    
   29.5+    27 1 -0.4953E-12   0.000    
   29.5+    29 2  0.6604E-12   0.000    
   29.5+    29 3  0.1073E-11   0.000    
   29.5+    29 4  0.4664E-11   0.000    
   29.5+    31 5  0.3880E-11   0.000    
   29.5+    31 6  0.1527E-11   0.000    
   29.5-    28 1 -0.3632E-11   0.000    
   29.5-    28 2  0.8420E-11   0.000    
   29.5-    30 3 -0.3632E-11   0.000    
   29.5-    30 4  0.2064E-12   0.000    
   29.5-    30 5  0.7842E-12   0.000    
   29.5-    32 6  0.1156E-11   0.000    
   30.5+    29 1  0.1237E-11   0.000    
   30.5+    29 2  0.4862E-11   0.000    
   30.5+    31 3  0.3796E-11   0.000    
   30.5+    31 4  0.1365E-11   0.000    
   30.5+    31 5 -0.7677E-12   0.000    
   30.5+    33 6  0.6397E-12   0.000    
   30.5-    28 1  0.8530E-11   0.000    
   30.5-    30 2 -0.3838E-11   0.000    
   30.5-    30 3   0.000       0.000    
   30.5-    30 4  0.7677E-12   0.000    
   30.5-    32 5  0.9383E-12   0.000    
   30.5-    32 6 -0.8530E-13   0.000    
   31.5+    29 1  0.4843E-11   0.000    
   31.5+    31 2  0.4094E-11   0.000    
   31.5+    31 3  0.1541E-11   0.000    
   31.5+    31 4 -0.8805E-12   0.000    
   31.5+    33 5  0.7924E-12   0.000    
   31.5+    33 6   0.000       0.000    
   31.5-    30 1 -0.1761E-12   0.000    
   31.5-    30 2  0.8365E-12   0.000    
   31.5-    32 3  0.9245E-12   0.000    
   31.5-    32 4 -0.1761E-12   0.000    
   31.5-    32 5 -0.3522E-12   0.000    
   31.5-    34 6  0.1145E-11   0.000    
   32.5+    31 1  0.1680E-11   0.000    
   32.5+    31 2 -0.1090E-11   0.000    
   32.5+    33 3  0.8172E-12   0.000    
   32.5+    33 4  0.2724E-12   0.000    
   32.5+    33 5 -0.7264E-12   0.000    
   32.5+    35 6  0.8172E-12   0.000    
   32.5-    30 1  0.8172E-12   0.000    
   32.5-    32 2  0.9988E-12   0.000    
   32.5-    32 3   0.000       0.000    
   32.5-    32 4 -0.4540E-12   0.000    
   32.5-    34 5  0.1226E-11   0.000    
   32.5-    34 6 -0.4177E-11   0.000    
   33.5+    31 1 -0.6549E-12   0.000    
   33.5+    33 2  0.7016E-12   0.000    
   33.5+    33 3  0.2807E-12   0.000    
   33.5+    33 4 -0.7484E-12   0.000    
   33.5+    35 5  0.8420E-12   0.000    
   33.5+    35 6  0.4678E-13   0.000    
   33.5-    32 1 -0.1871E-12   0.000    
   33.5-    32 2 -0.2807E-12   0.000    
   33.5-    34 3  0.1216E-11   0.000    
   33.5-    34 4 -0.4397E-11   0.000    
   33.5-    34 5 -0.2339E-11   0.000    
   33.5-    36 6  0.2573E-11   0.000    
   34.5+    33 1  0.9630E-13   0.000    
   34.5+    33 2 -0.3852E-12   0.000    
   34.5+    35 3  0.4334E-12   0.000    
   34.5+    35 4  0.4815E-13   0.000    
   34.5+    35 5 -0.8667E-12   0.000    
   34.5+    37 6  0.3563E-11   0.000    
   34.5-    32 1 -0.7704E-12   0.000    
   34.5-    34 2  0.1252E-11   0.000    
   34.5-    34 3 -0.4526E-11   0.000    
   34.5-    34 4 -0.2408E-11   0.000    
   34.5-    36 5  0.2793E-11   0.000    
   34.5-    36 6  0.2696E-11   0.000    
   35.5+    33 1 -0.5943E-12   0.000    
   35.5+    35 2  0.8915E-12   0.000    
   35.5+    35 3  0.3962E-12   0.000    
   35.5+    35 4 -0.8915E-12   0.000    
   35.5+    37 5  0.3913E-11   0.000    
   35.5+    37 6  0.3467E-11   0.000    
   35.5-    34 1 -0.4656E-11   0.000    
   35.5-    34 2 -0.2476E-11   0.000    
   35.5-    36 3  0.2773E-11   0.000    
   35.5-    36 4  0.2773E-11   0.000    
   35.5-    36 5 -0.1585E-11   0.000    
   35.5-    38 6 -0.2080E-11   0.000    
   36.5+    35 1   0.000       0.000    
   36.5+    35 2 -0.1323E-11   0.000    
   36.5+    37 3  0.4021E-11   0.000    
   36.5+    37 4  0.3309E-11   0.000    
   36.5+    37 5 -0.3054E-12   0.000    
   36.5+    39 6 -0.8144E-12   0.000    
   36.5-    34 1 -0.2545E-11   0.000    
   36.5-    36 2  0.2851E-11   0.000    
   36.5-    36 3  0.3003E-11   0.000    
   36.5-    36 4 -0.1425E-11   0.000    
   36.5-    38 5 -0.2138E-11   0.000    
   36.5-    38 6 -0.2342E-11   0.000    
   37.5+    35 1 -0.9410E-12   0.000    
   37.5+    37 2  0.4130E-11   0.000    
   37.5+    37 3  0.3607E-11   0.000    
   37.5+    37 4 -0.5228E-12   0.000    
   37.5+    39 5 -0.5228E-12   0.000    
   37.5+    39 6 -0.4496E-11   0.000    
   37.5-    36 1  0.2928E-11   0.000    
   37.5-    36 2 -0.1673E-11   0.000    
   37.5-    38 3 -0.2300E-11   0.000    
   37.5-    38 4 -0.2405E-11   0.000    
   37.5-    38 5  0.2039E-11   0.000    
   37.5-    40 6  0.1725E-11   0.000    
   38.5+    37 1  0.3702E-11   0.000    
   38.5+    37 2 -0.3219E-12   0.000    
   38.5+    39 3 -0.8585E-12   0.000    
   38.5+    39 4 -0.4614E-11   0.000    
   38.5+    39 5 -0.3434E-11   0.000    
   38.5+    41 6 -0.6438E-12   0.000    
   38.5-    36 1 -0.1610E-11   0.000    
   38.5-    38 2 -0.2146E-11   0.000    
   38.5-    38 3 -0.2468E-11   0.000    
   38.5-    38 4  0.1878E-11   0.000    
   38.5-    40 5  0.1878E-11   0.000    
   38.5-    40 6  0.6975E-12   0.000    
   39.5+    37 1 -0.5503E-12   0.000    
   39.5+    39 2 -0.8805E-12   0.000    
   39.5+    39 3 -0.5283E-11   0.000    
   39.5+    39 4 -0.3522E-11   0.000    
   39.5+    41 5   0.000       0.000    
   39.5+    41 6 -0.9905E-12   0.000    
   39.5-    38 1 -0.2531E-11   0.000    
   39.5-    38 2  0.2146E-11   0.000    
   39.5-    40 3  0.1816E-11   0.000    
   39.5-    40 4  0.7154E-12   0.000    
   39.5-    40 5 -0.2751E-11   0.000    
   39.5-    42 6 -0.1651E-11   0.000    
   40.5+    39 1 -0.4738E-11   0.000    
   40.5+    39 2 -0.3610E-11   0.000    
   40.5+    41 3 -0.3384E-12   0.000    
   40.5+    41 4 -0.5641E-12   0.000    
   40.5+    41 5 -0.3384E-11   0.000    
   40.5+    43 6  0.3554E-11   0.000    
   40.5-    38 1  0.2200E-11   0.000    
   40.5-    40 2  0.1861E-11   0.000    
   40.5-    40 3  0.7333E-12   0.000    
   40.5-    40 4 -0.2820E-11   0.000    
   40.5-    42 5 -0.1692E-11   0.000    
   40.5-    42 6  0.2369E-11   0.000    
   41.5+    39 1 -0.3351E-11   0.000    
   41.5+    41 2   0.000       0.000    
   41.5+    41 3 -0.5778E-12   0.000    
   41.5+    41 4 -0.3467E-11   0.000    
   41.5+    43 5  0.2716E-11   0.000    
   41.5+    43 6 -0.9938E-11   0.000    
   41.5-    40 1  0.6356E-12   0.000    
   41.5-    40 2 -0.3005E-11   0.000    
   41.5-    42 3 -0.1733E-11   0.000    
   41.5-    42 4  0.2427E-11   0.000    
   41.5-    42 5  0.1329E-11   0.000    
   41.5-    44 6   0.000       0.000    
   42.5+    41 1 -0.9465E-12   0.000    
   42.5+    41 2 -0.3549E-11   0.000    
   42.5+    43 3  0.3254E-11   0.000    
   42.5+    43 4 -0.9228E-11   0.000    
   42.5+    43 5   0.000       0.000    
   42.5+    45 6 -0.1893E-11   0.000    
   42.5-    40 1 -0.2958E-11   0.000    
   42.5-    42 2 -0.1893E-11   0.000    
   42.5-    42 3  0.2425E-11   0.000    
   42.5-    42 4  0.1361E-11   0.000    
   42.5-    44 5  0.4141E-12   0.000    
   42.5-    44 6  0.1301E-11   0.000    
   43.5+    41 1 -0.3995E-11   0.000    
   43.5+    43 2  0.2845E-11   0.000    
   43.5+    43 3 -0.9927E-11   0.000    
   43.5+    43 4 -0.4843E-12   0.000    
   43.5+    45 5 -0.1453E-11   0.000    
   43.5+    45 6  0.1634E-11   0.000    
   43.5-    42 1  0.2542E-11   0.000    
   43.5-    42 2  0.1392E-11   0.000    
   43.5-    44 3   0.000       0.000    
   43.5-    44 4  0.1332E-11   0.000    
   43.5-    44 5  0.3087E-11   0.000    
   43.5-    46 6  0.2845E-11   0.000    
   44.5+    43 1 -0.9658E-11   0.000    
   44.5+    43 2 -0.4953E-12   0.000    
   44.5+    45 3 -0.1733E-11   0.000    
   44.5+    45 4  0.1672E-11   0.000    
   44.5+    45 5  0.1981E-11   0.000    
   44.5+    47 6  0.3219E-11   0.000    
   44.5-    42 1  0.1424E-11   0.000    
   44.5-    44 2  0.4953E-12   0.000    
   44.5-    44 3  0.8667E-12   0.000    
   44.5-    44 4  0.3653E-11   0.000    
   44.5-    46 5  0.2910E-11   0.000    
   44.5-    46 6 -0.3715E-12   0.000    
   45.5+    43 1 -0.5063E-12   0.000    
   45.5+    45 2 -0.1772E-11   0.000    
   45.5+    45 3  0.1456E-11   0.000    
   45.5+    45 4  0.2025E-11   0.000    
   45.5+    47 5  0.3417E-11   0.000    
   45.5+    47 6 -0.1392E-11   0.000    
   45.5-    44 1  0.1392E-11   0.000    
   45.5-    44 2  0.3227E-11   0.000    
   45.5-    46 3  0.3291E-11   0.000    
   45.5-    46 4   0.000       0.000    
   45.5-    46 5 -0.1139E-11   0.000    
   45.5-    48 6 -0.2405E-11   0.000    
   46.5+    45 1  0.1746E-11   0.000    
   46.5+    45 2  0.1810E-11   0.000    
   46.5+    47 3  0.3233E-11   0.000    
   46.5+    47 4 -0.1423E-11   0.000    
   46.5+    47 5  0.3427E-11   0.000    
   46.5+    49 6  0.8406E-12   0.000    
   46.5-    44 1  0.4203E-11   0.000    
   46.5-    46 2  0.3362E-11   0.000    
   46.5-    46 3 -0.3880E-12   0.000    
   46.5-    46 4 -0.7759E-12   0.000    
   46.5-    48 5 -0.2845E-11   0.000    
   46.5-    48 6 -0.1035E-11   0.000    
   47.5+    45 1  0.2047E-11   0.000    
   47.5+    47 2  0.3566E-11   0.000    
   47.5+    47 3 -0.1321E-11   0.000    
   47.5+    47 4  0.3434E-11   0.000    
   47.5+    49 5  0.7924E-12   0.000    
   47.5+    49 6  0.3302E-11   0.000    
   47.5-    46 1  0.3962E-12   0.000    
   47.5-    46 2 -0.1453E-11   0.000    
   47.5-    48 3 -0.2906E-11   0.000    
   47.5-    48 4 -0.1057E-11   0.000    
   47.5-    48 5  0.4226E-11   0.000    
   47.5-    50 6 -0.1189E-11   0.000    
   48.5+    47 1 -0.1483E-11   0.000    
   48.5+    47 2  0.3371E-11   0.000    
   48.5+    49 3  0.8089E-12   0.000    
   48.5+    49 4  0.4180E-11   0.000    
   48.5+    49 5  0.8089E-12   0.000    
   48.5+    51 6 -0.6741E-12   0.000    
   48.5-    46 1 -0.8089E-12   0.000    
   48.5-    48 2 -0.2966E-11   0.000    
   48.5-    48 3 -0.4045E-12   0.000    
   48.5-    48 4  0.3640E-11   0.000    
   48.5-    50 5 -0.1213E-11   0.000    
   48.5-    50 6 -0.1079E-11   0.000    
   49.5+    47 1  0.3371E-11   0.000    
   49.5+    49 2  0.8942E-12   0.000    
   49.5+    49 3  0.4334E-11   0.000    
   49.5+    49 4   0.000       0.000    
   49.5+    51 5 -0.6879E-12   0.000    
   49.5+    51 6 -0.1376E-12   0.000    
   49.5-    48 1 -0.4127E-12   0.000    
   49.5-    48 2  0.3715E-11   0.000    
   49.5-    50 3 -0.1926E-11   0.000    
   49.5-    50 4 -0.1101E-11   0.000    
   49.5-    50 5  0.1169E-11   0.000    
   49.5-    52 6 -0.1238E-11   0.000    
   50.5+    49 1  0.4350E-11   0.000    
   50.5+    49 2   0.000       0.000    
   50.5+    51 3 -0.7016E-12   0.000    
   50.5+    51 4  0.7016E-13   0.000    
   50.5+    51 5  0.9823E-12   0.000    
   50.5+    53 6  0.1263E-11   0.000    
   50.5-    48 1  0.3789E-11   0.000    
   50.5-    50 2 -0.2526E-11   0.000    
   50.5-    50 3 -0.7016E-12   0.000    
   50.5-    50 4  0.1193E-11   0.000    
   50.5-    52 5 -0.1965E-11   0.000    
   50.5-    52 6  0.2736E-11   0.000    
