# Fusion cross sections for ELAB=  14.531, ECM=  11.290
     0.5   16.85      1
     0.5   34.18     -1
     1.5   56.61      1
     1.5   105.8     -1
     2.5   86.58      1
     2.5   166.3     -1
     3.5   93.98      1
     3.5   164.0     -1
     4.5   64.99      1
     4.5   124.4     -1
     5.5   43.97      1
     5.5   72.39     -1
     6.5   7.290      1
     6.5   26.53     -1
     7.5   4.618      1
     7.5   6.574     -1
     8.5  0.5358      1
     8.5   1.740     -1
     9.5  0.3246      1
     9.5  0.4711     -1
    10.5  0.3969E-01  1
    10.5  0.1274     -1
    11.5  0.2355E-01  1
    11.5  0.3419E-01 -1
    12.5  0.2824E-02  1
    12.5  0.9089E-02 -1
    13.5  0.1652E-02  1
    13.5  0.2395E-02 -1
    14.5  0.1940E-03  1
    14.5  0.6264E-03 -1
    15.5  0.1124E-03  1
    15.5  0.1627E-03 -1
    16.5  0.1297E-04  1
    16.5  0.4199E-04 -1
    17.5  0.7453E-05  1
    17.5  0.1078E-04 -1
    18.5  0.8491E-06  1
    18.5  0.2754E-05 -1
    19.5  0.4848E-06  1
    19.5  0.7006E-06 -1
    20.5  0.5465E-07  1
    20.5  0.1775E-06 -1
    21.5  0.3106E-07  1
    21.5  0.4485E-07 -1
    22.5  0.3472E-08  1
    22.5  0.1129E-07 -1
    23.5  0.1966E-08  1
    23.5  0.2847E-08 -1
    24.5  0.2214E-09  1
    24.5  0.7257E-09 -1
    25.5  0.1204E-09  1
    25.5  0.1824E-09 -1
    26.5  0.1790E-10  1
    26.5  0.5397E-10 -1
    27.5  0.1125E-10  1
    27.5  0.1864E-10 -1
    28.5  0.1516E-10  1
    28.5  0.1728E-10 -1
    29.5  0.1131E-10  1
    29.5  0.1461E-10 -1
    30.5  0.1113E-10  1
    30.5  0.1744E-10 -1
    31.5  0.1039E-10  1
    31.5  0.1259E-10 -1
    32.5  0.1771E-11  1
    32.5  0.1816E-12 -1
    33.5  0.4678E-12  1
    33.5 -0.2947E-11 -1
    34.5  0.2889E-11  1
    34.5  0.1926E-11 -1
    35.5  0.7181E-11  1
    35.5  0.1932E-11 -1
    36.5  0.4887E-11  1
    36.5  0.2291E-11 -1
    37.5  0.1255E-11  1
    37.5  0.1568E-11 -1
    38.5 -0.6170E-11  1
    38.5 -0.7941E-11 -1
    39.5 -0.1123E-10  1
    39.5 -0.1348E-10 -1
    40.5 -0.9081E-11  1
    40.5 -0.6430E-11 -1
    41.5 -0.1462E-10  1
    41.5 -0.1497E-10 -1
    42.5 -0.1236E-10  1
    42.5 -0.1171E-10 -1
    43.5 -0.1138E-10  1
    43.5 -0.1816E-12 -1
    44.5 -0.5015E-11  1
    44.5  0.3962E-11 -1
    45.5  0.3227E-11  1
    45.5  0.7594E-11 -1
    46.5  0.9634E-11  1
    46.5  0.1216E-10 -1
    47.5  0.1182E-10  1
    47.5  0.9839E-11 -1
    48.5  0.7011E-11  1
    48.5  0.4180E-11 -1
    49.5  0.7773E-11  1
    49.5  0.7979E-11 -1
    50.5  0.5964E-11  1
    50.5  0.8490E-11 -1
 &
