36 66567
36 66916
36 67770
36 68714
36 69642
36 70412
36 70974
36 71732
36 74753
36 75704
36 77637
36 79229
36 82697
36 83796
36 87556
36 88017
36 88296
36 88724
36 91196
36 93183
36 93372
36 93629
36 94288
36 94540
36 95358
36 95693
36 95868
36 98015
36 99360
36 99539
36 103946
36 106244
36 106517
36 107121
36 107875
36 110329
36 110674
36 111475
36 114861
36 115694
36 122618
36 123868
31 591
31 6306
31 7990
31 9470
31 11298
31 11941
31 11965
31 13153
31 13743
31 14221
31 14925
31 16785
31 16818
31 18672
31 18858
31 22743
31 27205
31 28274
31 29962
31 30669
31 31978
31 38325
31 38789
31 40416
31 41062
31 42957
31 44247
31 44900
31 45186
31 46746
31 47072
31 48571
31 48696
31 50805
31 51954
31 52174
31 55899
31 58268
31 58890
31 61450
31 64531
31 66260
31 66403
31 67184
31 67596
31 70491
31 71810
31 75161
31 75163
31 79895
31 80308
31 82558
31 83285
31 84760
31 86097
31 87018
31 87128
31 87679
31 88180
31 89306
31 90183
31 90538
31 91203
31 95056
31 95346
31 96014
31 96108
31 101746
31 102522
31 103316
31 104296
31 104362
31 104643
31 107484
31 108653
31 108777
31 109239
31 110310
31 111594
31 112518
31 113793
31 115702
31 116578
31 117400
31 117737
31 118513
31 121306
31 123270
31 123831
31 125078
31 125602
31 126227
31 128138
31 128821
31 129753
31 132406
31 134772
31 136317
31 136850
31 136852
31 137859
31 138046
31 141946
31 142087
31 144639
31 145373
31 148819
24 1939
24 3916
24 6412
24 9372
24 11432
24 15296
24 15405
24 16580
24 16933
24 17001
24 17244
24 17947
24 21275
24 21329
24 21641
24 21734
24 25790
24 27360
24 28197
24 28288
24 30982
24 31266
24 32010
24 32027
24 33260
24 33475
24 36737
24 37497
24 38344
24 39333
24 40037
24 44034
24 45574
24 45838
27 824
27 4731
27 14895
27 18779
27 21290
27 23275
27 24152
27 36489
27 44595
27 45360
27 46078
27 59426
27 69020
27 75267
27 77806
27 91687
27 91744
27 117137
27 118347
27 130615
27 132807
120 284
120 1101
120 1489
120 3782
120 5867
120 7971
120 9019
120 9805
120 10565
120 12247
120 12711
120 15351
120 15923
120 16634
120 18505
120 18803
120 22684
120 22837
120 24500
120 25304
120 26942
120 27906
120 28070
120 29110
120 31426
120 31440
120 33063
120 34342
120 34911
120 36416
120 37494
120 37741
120 40773
120 42037
120 42186
120 43581
120 43851
120 44422
120 46425
120 47088
120 47726
120 50100
120 51681
120 52276
120 53276
120 53411
120 53454
120 58829
120 59282
120 62234
120 62410
120 62875
120 62890
120 64579
120 64854
120 65062
120 65188
120 65205
120 65823
120 67554
120 71585
120 72069
120 73230
120 77880
120 78885
120 80186
120 80202
120 80213
120 80746
120 81058
120 81396
120 81505
120 84434
55 3352
55 3397
55 4914
55 5663
55 5814
55 6534
55 6573
55 6846
55 7514
55 7991
55 8692
55 9074
55 9226
55 10038
55 11443
55 11589
55 12929
55 13165
55 14966
55 16114
55 17164
55 18967
55 23503
55 24858
55 25424
55 25518
55 26140
55 27439
55 28903
55 31494
55 33972
55 34839
55 35995
55 37732
55 39755
55 40897
55 41053
55 44779
55 45160
55 46680
55 47851
55 49217
55 51203
55 51385
55 51550
55 56019
55 58765
55 59436
55 59573
55 59984
55 60259
55 60458
55 63823
55 64339
55 65072
55 65287
55 67731
55 69163
55 69263
55 70211
55 70581
55 71509
55 72581
55 73333
55 76364
55 76950
55 77664
55 77988
55 79037
55 79467
55 79554
55 80369
55 82637
55 85532
55 87064
55 88837
55 89962
55 91919
55 93203
55 94087
55 94098
55 95258
55 100858
55 103957
55 103989
55 104876
55 104905
55 107728
55 107746
55 110244
55 113047
55 113516
109 1310
109 1869
109 2539
109 2598
109 3062
109 3780
109 5865
109 6292
109 6338
109 8884
109 9070
109 9477
109 11555
109 12048
109 12320
109 13060
109 14500
109 14528
109 15151
109 15157
109 17368
109 18199
109 19307
109 20413
109 20799
109 21075
109 21109
109 25955
109 27792
109 28503
109 29125
109 30352
109 32800
109 33862
109 36281
109 37601
109 42469
109 43344
109 44420
109 45179
109 46340
109 47342
109 47644
109 49139
109 50755
109 51154
109 52478
109 52593
109 52905
109 53057
109 53268
109 54331
109 56061
109 57376
109 59412
109 60249
109 60847
109 60915
109 61225
109 63235
109 65392
109 66045
109 67495
109 70832
109 75231
109 77721
109 79716
109 80375
109 81499
109 81854
109 89370
109 90267
109 92048
109 95373
109 97215
109 97269
109 97401
109 98736
109 98982
121 72
121 485
121 853
121 1447
121 2258
121 4425
121 5147
121 7788
121 10192
121 11312
121 13497
121 13651
121 15392
121 17561
121 18153
121 19959
121 20645
121 22759
121 25042
121 25123
121 25221
121 25659
121 25720
121 26030
121 26087
121 27689
121 33187
121 35388
121 35482
121 35621
121 37098
121 38088
121 38286
121 39845
121 48705
121 48834
121 49345
121 49644
121 49903
121 51122
121 51734
121 51904
121 53768
121 60544
121 60858
121 61063
121 61478
121 61822
121 63005
121 65177
121 65851
121 67070
121 67187
121 71151
121 72868
121 73258
121 78075
121 78791
121 79624
121 80342
121 80691
121 81474
121 81746
121 82221
121 82767
121 85375
100 1582
100 1746
100 4018
100 4230
100 4621
100 5165
100 5929
100 6648
100 8995
100 10968
100 11065
100 11326
100 12585
100 13028
100 13436
100 15152
100 15953
100 16876
100 17249
100 18026
100 18577
100 18628
100 19277
100 19544
100 20163
100 23099
100 23722
100 23759
100 23815
100 27061
100 27285
100 27719
100 29818
100 30068
100 32688
100 32850
100 33457
100 33859
100 36015
100 36602
100 37135
100 37183
100 38600
100 41715
100 43769
100 45527
100 46528
100 46589
100 48191
100 49236
100 50947
100 51355
100 51871
100 53734
100 55464
100 60606
100 60623
100 63005
100 63389
100 64923
100 64981
100 65692
100 65770
100 70238
100 74033
100 76575
100 79579
100 81874
100 82037
100 82673
100 83834
100 84528
100 85475
100 90240
100 91270
100 93195
100 96134
100 97122
100 99801
100 99964
100 101915
100 102520
100 104355
100 105408
100 106156
100 106282
111 1029
111 1426
111 2873
111 4604
111 6312
111 7530
111 11465
111 12043
111 12218
111 12294
111 13474
111 13731
111 13932
111 14076
111 15160
111 18681
111 20749
111 21847
111 26565
111 26705
111 30261
111 30707
111 30715
111 30829
111 35282
111 35566
111 36608
111 38894
111 43530
111 44320
111 45426
111 47443
111 47912
111 49043
111 49645
111 49763
111 50408
111 53625
111 54110
111 54808
111 55299
111 56055
111 57775
111 57806
111 58151
111 60356
111 61634
111 62785
111 65349
111 66012
111 66038
111 68059
111 69303
111 70103
111 70596
111 70719
111 71427
111 71825
111 72665
111 73315
111 75001
111 77518
111 79681
111 81801
111 81844
111 82136
111 82999
111 83197
111 84243
111 85254
111 87061
111 91725
111 92269
111 93911
111 97027
111 97429
111 98607
111 98748
111 100561
111 102676
111 103523
111 104474
111 105246
111 107738
64 331
64 1599
64 5158
64 7298
64 9564
64 11783
64 12359
64 12368
64 12382
64 12739
64 12997
64 13265
64 14677
64 15036
64 16171
64 17358
64 20309
64 21313
64 23626
64 25413
64 25746
64 27773
64 28045
64 28802
64 29847
64 30292
64 31126
64 31267
64 32334
64 32545
64 33838
64 34746
64 35464
64 38794
64 41744
64 44452
64 45401
64 47883
64 47919
64 51137
64 51423
64 56929
64 57232
64 59438
64 63881
64 66930
64 67044
64 67111
64 67702
64 69067
64 71407
64 72406
64 74225
64 79306
64 80000
64 80283
64 80387
64 82509
64 83255
64 86165
64 87129
64 88079
64 90881
64 96167
64 96421
64 101765
64 103420
64 103573
64 103924
64 106536
64 107056
64 112813
64 113169
64 113409
64 115597
64 119187
64 119226
64 120270
64 122368
64 123226
112 52
112 900
112 1633
112 1900
112 2185
112 4037
112 5309
112 7567
112 7652
112 7665
112 8452
112 10327
112 10528
112 10662
112 12619
112 13710
112 15032
112 15987
112 16698
112 17918
112 18213
112 19064
112 19522
112 21762
112 23295
112 25996
112 26854
112 27778
112 28269
112 28383
112 28467
112 29170
112 29471
112 29820
112 30843
112 32576
112 32969
112 33669
112 34403
112 37138
112 37279
112 42001
112 42369
112 43108
112 44394
112 44693
112 44859
112 46677
112 50818
112 52759
112 52833
112 57007
112 61219
112 64144
112 64708
112 65517
112 66185
112 68833
112 69159
112 75090
112 75389
112 78448
112 79082
112 82977
112 84375
112 84766
112 86104
112 90137
112 90406
112 91292
112 91711
112 94192
112 95855
112 98072
112 99452
112 100573
112 102034
112 102246
101 1090
101 3779
101 5351
101 5510
101 5746
101 6226
101 7976
101 9516
101 11320
101 14837
101 16061
101 17143
101 18483
101 19853
101 20306
101 21631
101 21668
101 22012
101 23713
101 24184
101 24235
101 24286
101 28540
101 32356
101 32449
101 33069
101 33334
101 35260
101 35583
101 36591
101 37162
101 45805
101 46519
101 47908
101 49897
101 50867
101 53445
101 55309
101 55751
101 57505
101 58007
101 58496
101 60799
101 63398
101 68263
101 69503
101 70525
101 70595
101 71616
101 71630
101 78764
101 80546
101 80903
101 81126
101 81136
101 81516
101 81705
101 82303
101 82377
101 83959
101 84014
101 90527
101 91805
101 92457
101 93056
101 94425
101 95168
101 99010
101 102189
101 102603
101 103286
101 104566
101 109584
101 109802
101 111175
101 112393
101 115105
102 4670
102 4766
102 7520
102 14213
102 15819
102 17360
102 17610
102 19270
102 19834
102 21922
102 29297
102 30853
102 31387
102 32174
102 32312
102 33553
102 34538
102 35913
102 37155
102 38516
102 39180
102 41828
102 47102
102 47140
102 48583
102 51115
102 52886
102 53310
102 54685
102 57762
102 60099
102 64519
102 64675
102 64888
102 66492
102 67476
102 67945
102 68378
102 68383
102 70474
102 73250
102 73387
102 73897
102 74094
102 75465
102 76500
102 78820
102 79381
102 81732
102 82350
102 86250
102 88334
102 88353
102 92076
102 93596
102 95241
102 96019
102 98430
102 98947
102 102167
102 102810
102 104311
102 104367
102 104882
122 364
122 3325
122 7085
122 9546
122 9934
122 10782
122 11703
122 11991
122 13009
122 13358
122 13452
122 13482
122 13848
122 14138
122 14278
122 18725
122 19320
122 20459
122 20654
122 24229
122 24766
122 25530
122 26746
122 27899
122 30109
122 30617
122 30907
122 31176
122 31537
122 35350
122 36385
122 37466
122 41009
122 42031
122 44327
122 44661
122 45536
122 47500
122 49530
122 49740
122 51060
122 51510
122 51578
122 52210
122 53407
122 56270
122 56535
122 56574
122 59303
122 60012
122 61225
122 61808
122 64259
122 64518
122 66606
122 69097
122 70184
122 72539
122 73252
122 73624
122 76076
122 78347
122 82348
122 83080
122 83578
122 83616
122 83722
122 85929
122 87309
122 88984
122 89212
122 90380
122 90542
122 91180
122 92370
122 93524
122 97327
122 98837
122 99339
122 102951
122 104573
122 105140
122 106619
122 108999
122 109863
122 110067
122 110166
122 110342
122 117310
122 117547
122 118862
122 119242
122 122538
122 122780
122 126376
122 126468
122 126689
122 127825
122 128018
122 128852
122 131608
122 131848
122 133466
122 133866
122 134707
122 135460
122 135630
122 138028
122 138474
122 140020
122 141121
122 143331
103 1014
103 4196
103 5527
103 5600
103 6276
103 8788
103 12454
103 13199
103 13304
103 13436
103 13597
103 15424
103 15636
103 17533
103 18569
103 19407
103 19470
103 21643
103 22988
103 23582
103 23772
103 23831
103 24196
103 24201
103 25153
103 27669
103 28160
103 28925
103 31111
103 31426
103 31458
103 31653
103 31915
103 33309
103 35588
103 36634
103 41246
103 44092
103 44536
103 44968
103 46428
103 47663
103 47703
103 48227
103 49079
103 51564
103 54831
103 55750
103 55852
103 57207
103 59082
103 59443
103 60023
103 60113
103 63301
103 63381
103 65559
103 67125
103 70587
103 72885
103 74374
103 74384
103 75437
103 75857
103 77247
103 80891
103 82919
103 83392
103 84054
103 85063
103 85767
103 85907
103 87563
103 87669
103 87782
103 87992
103 88317
103 91725
103 94607
103 94923
103 95322
103 95959
103 96597
103 97879
103 98594
103 99451
103 102197
103 102328
103 103363
103 103927
33 95623
33 96173
33 96515
33 96609
33 96797
33 99381
33 101170
33 102027
33 102809
33 102874
33 103371
33 105515
33 107078
33 108450
33 109846
33 117249
33 118237
33 118378
33 118628
33 120649
33 121245
33 122779
33 122786
33 123849
33 124827
33 128827
33 130006
33 130164
33 130469
33 134008
33 135984
33 136006
33 136724
33 139938
33 140694
33 142264
33 143250
33 144323
33 144758
33 144795
33 145305
33 145735
33 146985
33 147128
33 150808
33 151312
33 153034
58 6741
58 7428
58 10406
58 16286
58 16628
58 17502
58 18076
58 18875
58 19177
58 22566
58 23968
58 26560
58 28473
58 29484
58 34633
58 35889
58 36930
58 37420
58 37622
58 38954
58 39234
58 44319
58 46372
58 48659
58 48679
58 50396
58 50452
58 51343
58 51478
58 57318
58 58567
58 59126
58 60532
58 61026
58 61282
58 63823
58 64038
58 64491
58 64598
58 64791
58 64910
58 66034
58 67422
58 68474
58 68610
58 69072
58 75086
58 76754
58 78728
58 79010
58 79222
58 81030
58 82721
58 84904
39 2099
39 2623
39 3962
39 4654
39 6509
39 10313
39 12978
39 13615
39 14076
39 14358
39 14386
39 14457
39 14910
39 16333
39 17499
39 20111
39 21349
39 21352
39 21697
39 21947
39 22080
39 25376
39 25480
39 26252
39 32513
39 32873
39 33163
39 34126
39 35031
39 37161
39 37176
39 38728
39 39448
39 40987
115 933
115 1120
115 2321
115 4287
115 4448
115 4717
115 5108
115 9675
115 10775
115 11691
115 12744
115 15591
115 17508
115 21000
115 22665
115 22694
115 23666
115 27387
115 28717
115 30161
115 30782
115 31459
115 32677
115 33116
115 36205
115 36433
115 38272
115 38698
115 38763
115 39994
115 40557
115 42494
115 43827
115 46628
115 47131
115 50633
115 50835
115 51044
115 51345
115 59244
115 61018
115 63891
115 68891
115 69274
115 70097
115 70324
115 77109
115 78126
115 78391
115 81761
115 84183
115 85434
115 88392
115 90512
115 93992
115 95447
115 100329
115 101453
115 105144
115 110113
115 110234
115 113114
115 114670
115 116471
96 291
96 2425
96 7039
96 7697
96 8700
96 9486
96 10812
96 13106
96 15556
96 15912
96 16329
96 17971
96 18380
96 20176
96 21158
96 22800
96 23062
96 23464
96 25173
96 25688
96 26373
96 26412
96 26738
96 27067
96 28843
96 31540
96 32152
96 32452
96 33979
96 35014
96 35619
96 39782
96 40428
96 40895
96 43333
96 44289
96 46314
96 47639
96 49319
96 50110
96 50121
96 50474
96 50947
96 52045
96 52452
96 52909
96 53851
96 53858
96 53948
96 55135
96 55353
96 55509
96 56908
96 58368
96 59383
96 61747
96 62195
96 62296
96 67053
96 67355
96 68581
96 68921
96 69554
96 70788
96 71993
96 72188
96 72256
96 72919
96 73695
96 75585
96 79373
96 79560
96 79641
96 83438
96 84661
96 86795
96 88684
96 88827
96 94808
96 95873
96 96221
96 96899
96 97838
96 99335
96 101768
96 103399
96 103817
96 106596
96 106780
96 109161
61 149375
61 150658
61 153579
61 156523
61 156750
61 158879
61 159984
61 161012
61 163840
61 164065
61 164150
61 166190
61 168081
49 661
49 1224
49 1706
49 2976
49 3167
49 3524
49 3874
49 4227
49 5713
49 8725
49 12533
49 15074
49 16916
49 20170
49 23059
49 26859
49 27690
49 29328
49 29910
49 29950
49 32715
49 33221
49 33895
49 37278
49 37383
49 37505
49 38458
49 39762
49 40436
49 40462
49 41810
49 44079
49 44883
49 45408
49 46209
49 47668
49 48854
49 49793
49 50107
49 52409
49 53442
49 53531
49 55139
49 55485
49 56356
49 56360
49 56766
49 58003
49 58114
49 61776
49 62024
49 64499
49 64606
49 65414
49 68997
49 70200
49 71153
49 74767
49 75861
49 76976
49 81033
49 83162
49 84047
49 84122
49 84227
49 85699
49 87401
49 91031
49 91391
49 91455
45 1454
45 2163
45 2423
45 3370
45 4627
45 4908
45 5426
45 5997
45 6007
45 6517
45 7217
45 7307
45 8978
45 13397
45 13972
45 17439
45 20013
45 22583
45 23325
45 24077
45 25444
45 25898
45 29899
45 31029
45 31161
45 31474
45 32096
45 36114
45 39472
45 41858
45 43195
45 44434
45 45073
45 45605
45 46412
45 47488
45 47547
45 49656
45 52197
45 52453
45 53044
45 53704
45 53838
45 56309
45 61998
45 62353
45 63799
45 64347
45 64947
45 65349
45 65383
45 66694
45 66783
45 67561
53 938
53 2652
53 4048
53 6855
53 8018
53 9034
53 10063
53 10171
53 11503
53 13422
53 14139
53 14322
53 15128
53 15506
53 17007
53 18514
53 24126
53 24854
53 27379
53 27421
53 30660
53 32160
53 32420
53 33395
53 33587
53 34766
53 35344
53 35984
53 37555
53 40065
53 41855
53 42995
53 44506
53 45345
53 45592
53 46739
53 47807
53 50311
53 51301
53 51529
53 51931
53 52200
53 56147
53 56447
53 56802
53 57187
53 57363
53 60997
53 61502
53 61805
53 63145
53 63279
53 63812
53 63896
53 64996
53 68132
53 69565
53 71529
53 74244
53 78003
53 79465
53 80201
53 83647
53 83857
53 85663
53 86635
53 95163
53 95944
53 96599
53 100760
53 101626
53 101934
53 103472
53 103985
53 105219
53 106964
53 109200
53 109895
53 110561
53 112718
53 113747
53 113901
53 114282
53 114540
53 114884
53 115007
53 115218
21 371
21 459
21 1293
21 1468
21 2198
21 4512
21 4683
21 5008
21 7942
21 8756
21 11633
21 12168
21 14773
21 15380
21 15572
21 17873
21 19840
21 24110
21 26080
21 27597
21 28435
21 28914
21 29178
21 31359
21 33277
21 34045
21 35379
21 36474
21 36486
21 36527
21 37719
21 39192
21 39676
21 40150
21 40197
21 43630
21 44928
21 45983
21 48127
21 48197
21 48405
21 49058
21 50387
21 51172
21 56663
21 56868
21 57297
21 57590
21 57941
21 59673
21 59849
21 62239
21 62350
21 62468
21 65316
21 65543
21 67024
21 70046
21 71441
21 72236
21 72882
21 73491
21 75208
21 76384
21 76808
21 81587
21 81802
21 83276
21 83872
21 84095
21 84370
21 86039
21 87341
21 87562
21 88126
21 88511
21 88795
21 88799
21 89196
21 89693
21 90018
21 91882
21 92509
21 93095
21 94694
21 95438
21 96545
21 96605
21 98378
21 98598
21 98658
21 100315
21 102030
21 104600
21 104857
21 108384
21 110574
21 110716
21 115262
21 115978
21 116126
21 116163
21 117908
21 119532
21 121196
21 121278
21 122156
21 123231
21 123412
21 123535
62 2673
62 2676
62 3660
62 3898
62 5244
62 5335
62 6980
62 8480
62 12013
62 12563
62 13844
62 14613
62 16309
62 16995
62 17452
62 18932
62 19393
62 20227
62 21831
62 28598
62 28859
62 31372
62 32105
62 33111
62 33443
62 33919
62 34497
62 34499
62 39358
62 42656
62 43687
62 44980
62 45047
62 45288
62 45817
62 46391
62 48062
62 51848
62 53226
62 53560
62 57611
62 61388
62 62114
62 63301
62 63735
116 802
116 3889
116 5118
116 7227
116 11348
116 18812
116 19712
116 20515
116 20874
116 21328
116 23754
116 27978
116 30357
116 32865
116 35773
116 37198
116 41792
116 48364
116 54133
116 54210
116 54461
116 62476
116 63463
116 63875
116 64837
116 66494
116 66804
116 67089
116 67598
116 68269
116 69072
116 69509
116 72950
116 73057
116 74333
116 74380
116 78365
116 81051
116 81861
116 81928
116 83181
116 84986
116 85367
116 85577
107 1749
107 1956
107 2509
107 2616
107 2723
107 2946
107 3061
107 4561
107 4981
107 6024
107 6214
107 7039
107 12572
107 13962
107 15344
107 16392
107 16870
107 18626
107 20973
107 21712
107 22007
107 23691
107 25704
107 26336
107 26744
107 26901
107 26982
107 28030
107 28645
107 28804
107 29368
107 31276
107 31745
107 32654
107 33889
107 38247
107 38504
107 41070
107 41111
107 41470
107 41813
107 42277
107 42426
107 43077
107 43082
107 43090
107 43191
107 43382
107 44247
107 44337
107 44549
107 46170
107 46527
107 46660
107 49141
107 51070
107 51764
107 53156
107 53474
107 56545
107 60362
107 61454
107 62548
107 63207
107 63731
107 66392
107 67924
107 69065
107 70517
107 70957
107 70969
107 71406
107 71544
107 82047
107 82691
107 88350
107 93749
107 93874
107 95733
107 96274
107 98826
107 99104
107 101311
107 102000
107 102036
107 102577
118 2597
118 3289
118 3850
118 4367
118 6285
118 6508
118 6684
118 7994
118 9087
118 10108
118 13755
118 15023
118 15631
118 16859
118 17433
118 18021
118 18054
118 18712
118 18971
118 20293
118 20338
118 20458
118 20670
118 21229
118 23710
118 24564
118 26406
118 27404
118 31820
118 35328
118 35463
118 41960
118 43433
118 45364
118 49829
118 49862
118 50864
118 51130
118 52502
118 54396
118 55726
118 55938
30 679
30 946
30 1196
30 1266
30 1982
30 2496
30 3437
30 7569
30 7585
30 9211
30 9727
30 10860
30 15942
30 17072
30 17118
30 17131
30 20564
30 21287
30 21575
30 22493
30 22913
30 25964
30 27155
30 27229
30 28037
30 28640
30 28789
30 30750
30 30951
30 31323
30 31840
30 33043
30 33099
30 33406
30 33740
30 33907
30 35744
30 39465
30 40895
30 41910
30 42995
30 43164
30 43594
30 43823
30 44524
30 44860
30 46853
30 49441
30 50441
30 50618
30 52087
30 55174
30 55254
30 56871
30 57501
30 58740
30 59026
30 59260
30 60019
30 61276
30 61770
30 61803
30 61909
30 63385
30 71652
30 72069
30 72658
30 73375
30 73907
30 73920
30 74070
30 74436
30 75070
30 75298
30 78028
30 79057
30 79650
30 82861
30 84922
30 87214
30 91595
30 91626
30 93602
30 94700
30 94865
30 97121
30 98760
30 98770
30 98900
30 100608
30 101892
30 107760
30 107967
30 110368
30 112233
30 112879
30 115837
30 117263
30 117443
30 117862
30 118819
30 119241
30 120380
30 121908
30 125552
30 127144
30 127452
30 128568
30 129651
30 130875
30 131420
30 136498
30 138608
30 138866
30 138875
30 140047
30 141656
30 143491
30 143977
30 143988
30 144463
30 144826
30 146424
30 146439
30 146444
59 3663
59 4062
59 4416
59 4513
59 5983
59 6557
59 7107
59 7975
59 9137
59 9258
59 11526
59 18427
59 19189
59 19952
59 21858
59 21898
59 22100
59 23619
59 24038
59 24949
59 28125
59 29060
59 30788
59 32490
59 33342
59 35288
59 36572
59 37587
59 39028
59 39038
59 39704
59 40529
59 41450
59 44433
59 45153
59 46219
59 51041
59 51158
59 51325
59 52951
59 53840
59 60532
59 64072
59 64963
59 65066
59 65585
59 65934
59 67828
59 68688
59 68701
59 69260
59 69328
59 69940
59 70591
59 71509
59 71621
59 72056
59 72722
59 72826
59 74995
59 76501
59 80851
59 82450
59 84036
59 84424
59 88728
59 89056
59 93081
59 94333
59 94787
59 95183
59 96716
59 98641
59 99592
59 100425
59 101079
59 102771
59 106152
59 106352
59 106587
59 109313
59 109484
59 109662
59 109919
59 112148
59 113974
59 116152
59 118519
22 6818
22 7250
22 7271
22 7721
22 11831
22 12199
22 15129
22 17478
22 19334
22 19636
22 19735
22 22131
22 24800
22 25922
22 26414
22 27127
22 27318
22 27935
22 28919
22 28934
22 32678
22 33220
22 36528
22 37701
22 40234
22 40472
22 42656
22 42693
22 42805
22 44738
22 45616
22 45803
22 46241
22 46349
22 49664
22 50765
22 52809
22 54322
22 55890
22 56503
22 57839
22 58430
22 58706
22 58721
22 61572
22 61820
22 62021
22 62120
22 62817
22 64315
22 64556
22 64843
22 66512
22 68042
22 70834
22 72667
22 73466
40 1870
40 2497
40 3803
40 4838
40 5791
40 6826
40 8108
40 10040
40 10740
40 13916
40 14090
40 15104
40 15321
40 15385
40 16314
40 20217
40 21023
40 21216
40 21244
40 23464
40 26520
40 26921
40 27864
40 28399
40 28457
40 34089
40 34256
40 35270
40 36133
40 36328
40 36477
40 36643
40 38096
40 40149
40 42734
40 42870
40 45212
40 49290
40 49301
40 49374
40 51300
40 53136
40 54019
40 54642
40 56117
40 59048
40 61360
40 61392
40 62959
40 63065
40 63370
40 64194
40 66339
40 66473
40 67129
40 67189
40 69009
40 73475
40 74870
40 75474
40 75996
40 76056
40 76356
40 76591
40 77620
40 79745
40 82416
40 82787
40 84146
40 86682
40 88116
40 89822
40 92205
40 94930
40 95423
40 95985
40 97344
40 98054
40 99219
40 99352
40 100159
40 100283
40 100727
40 103262
40 103622
40 104257
40 104355
40 104368
40 104922
40 105041
40 107445
40 108592
40 109165
40 109463
40 112022
40 113632
40 114610
40 115060
40 115538
40 118684
40 118687
40 123397
40 124070
40 124523
40 125096
40 127423
40 127949
40 130015
40 130037
40 130552
40 131721
40 132575
97 3509
97 4244
97 4329
97 6806
97 7522
97 8934
97 13976
97 15046
97 18131
97 19013
97 20909
97 20947
97 21019
97 22332
97 26179
97 27316
97 27845
97 28971
97 29161
97 33229
97 33352
97 34594
97 34656
97 37564
97 40085
97 41193
97 41453
97 42103
97 43467
97 43589
97 44578
97 45360
97 46675
97 47001
97 47174
97 48271
97 49587
97 49794
97 50365
97 50402
97 50418
97 51660
97 52055
97 52076
97 52204
97 52218
97 52338
97 53794
97 55395
97 58112
97 60531
97 61613
97 62153
97 62961
97 63429
97 67632
97 67703
97 68066
97 68273
97 68763
97 69367
97 70331
97 70373
97 73236
97 73486
97 73840
97 76489
97 77961
97 77997
97 78076
97 78170
97 78607
97 80962
97 81398
97 82215
97 83723
97 84037
97 85455
97 85883
97 87437
97 89595
97 93491
97 96287
97 97443
97 97495
97 98593
97 98882
97 100415
97 102646
97 103823
97 104738
97 104868
97 105150
97 107624
97 108158
97 108554
97 112511
97 112618
97 113093
97 116176
97 116714
97 117547
97 117698
97 117810
35 2229
35 3923
35 6475
35 6541
35 8373
35 8901
35 10305
35 11053
35 11916
35 13266
35 13533
35 13610
35 16534
35 18996
35 19636
35 24784
35 25020
35 25466
35 25714
35 27266
25 4471
25 4658
117 674
117 1831
117 2252
117 4704
117 5359
117 6173
117 7247
117 11523
117 14365
117 17597
117 18085
117 20382
117 21044
117 21541
117 27513
117 28194
117 30525
117 30593
117 31338
117 31854
117 31902
117 33737
117 34699
117 35333
117 39211
117 41126
117 42195
117 43470
117 44469
117 45228
117 45434
117 46223
117 47344
117 47360
117 47992
117 48476
117 49681
117 49924
117 54087
117 55037
117 59060
117 60106
117 60795
117 65809
117 69443
117 71334
117 72907
117 76865
117 80444
117 81711
50 609
50 2479
50 4283
50 5591
50 7177
50 7790
50 9534
50 10372
50 12292
50 12624
50 15632
50 17059
50 17933
50 18823
50 20070
50 20085
50 20355
50 27013
50 27430
50 29447
50 29992
50 31355
50 31568
50 32610
50 32919
50 33192
50 33781
50 35452
50 36624
50 39247
50 39417
50 39822
50 39842
50 41307
50 42651
50 43014
50 46258
50 49286
50 49379
50 51219
50 52160
50 52790
50 53810
50 54018
50 54709
50 54878
50 56935
50 57293
50 64540
50 64611
50 64934
50 64989
50 64992
50 65472
50 67744
50 67994
50 69553
50 71638
50 71797
50 73395
50 73414
50 75407
50 75562
50 76453
50 76970
50 77470
50 80478
50 81374
50 82524
50 82725
50 83783
50 84206
50 85253
50 85574
50 88400
50 89455
50 95048
50 95961
50 97129
50 99812
50 101079
50 101307
50 102495
50 103493
50 103705
50 105545
50 107658
50 108303
50 110499
50 113103
50 114087
50 114270
50 115669
50 116405
50 116870
50 118752
50 119538
50 120705
50 121336
50 121720
50 121983
50 122448
50 125693
50 126159
50 126616
50 127088
50 127267
50 128946
50 129208
50 129578
50 131043
50 131992
50 132645
50 132708
50 134608
50 134785
50 135617
50 135783
50 138102
50 140287
50 141744
50 143487
54 2849
54 5705
54 12726
54 14039
54 14320
54 17584
54 17991
54 19270
54 19570
54 19711
54 19747
54 24464
54 26663
54 26963
54 31807
54 32609
54 34623
54 35140
54 35470
54 35857
54 36169
54 36359
54 40092
54 41607
54 42581
54 44313
54 44821
54 49205
54 51195
54 53717
54 53849
54 54272
54 54604
54 54921
54 54934
54 55084
54 56499
54 60519
54 61903
54 62124
54 63556
54 65320
54 65636
54 68619
54 70928
54 72660
54 72689
54 74203
54 74219
54 74303
54 74552
54 79272
54 81564
54 83497
54 84503
54 89524
54 91393
54 93675
54 94314
54 94505
54 94881
54 97229
54 99247
54 99373
54 99735
54 100277
54 100360
54 103342
54 104726
54 105535
54 106307
54 106847
54 107038
54 108243
54 109347
54 109977
54 112687
54 113014
54 113911
54 114434
54 116052
54 118640
54 122350
54 122861
54 123011
54 123935
54 124005
54 125071
54 126170
119 465
119 4450
119 6145
119 8951
119 9571
119 10044
119 11761
119 12383
119 17301
119 20309
119 21282
119 23840
119 24448
119 25504
119 25535
119 25893
119 25981
119 27378
119 28515
119 30967
119 36282
119 39601
119 40650
119 40895
119 42852
119 43051
119 43059
119 43308
119 43542
119 44383
119 45295
119 46367
119 49178
119 50796
119 54513
119 56133
119 56790
119 57170
119 58198
119 59265
119 60003
119 60460
119 61274
119 62237
119 62650
119 63026
119 64022
119 64791
119 66455
119 68240
119 69260
119 70848
119 70882
119 71420
119 71699
119 71906
119 72942
119 73144
119 73846
119 73919
119 74129
119 74739
119 75714
119 75778
119 78800
119 80077
119 81279
119 87312
119 89495
119 89563
119 90092
23 483
23 981
23 1230
23 1396
23 7984
23 9048
23 9405
23 10195
23 13239
23 13615
23 13784
23 14045
23 15407
23 17428
23 19904
23 21123
23 25729
23 31835
23 32052
23 32137
23 32313
23 34328
23 34937
23 36467
23 37082
23 37553
23 37816
23 39831
23 41269
23 42937
23 43113
23 44514
23 44705
23 44947
23 45413
23 47320
23 47522
23 48740
23 49691
23 50045
23 51951
23 52744
23 54016
23 55218
23 55634
23 55668
23 57303
23 59201
23 60004
23 60325
23 61307
23 61522
23 63525
23 65515
23 66143
23 66541
23 67197
23 67524
23 67819
23 68009
23 69348
23 69408
23 69927
23 70773
108 1232
108 1863
108 3255
108 3460
108 3629
108 6800
108 7245
108 12515
108 13024
108 14755
108 14992
108 15896
108 16972
108 20461
108 22111
108 23377
108 25051
108 25411
108 26413
108 27309
108 32357
108 33269
108 34911
108 36942
108 37280
108 37782
108 37873
108 38905
108 39034
108 39345
108 39439
108 39777
108 43877
108 44593
108 45561
108 47171
108 51001
108 52091
108 53127
108 56233
108 60118
108 61300
108 61375
108 62459
108 62849
108 63890
108 66500
108 66921
108 68169
108 68700
108 68839
108 70156
108 70295
108 70380
108 70670
108 72774
108 74053
108 74751
108 78852
108 78867
108 80475
108 81920
108 82920
108 82984
108 83056
108 83544
108 84451
108 85069
108 85386
108 86373
108 87973
108 89073
108 89135
108 91309
108 92467
108 93594
108 94202
108 94955
108 94975
108 96043
108 96255
108 96899
108 99540
108 103407
108 104952
98 2897
98 3128
98 4067
98 4450
98 5251
98 5493
98 6946
98 8927
98 12130
98 13236
98 13791
98 14467
98 14714
98 15054
98 19970
98 20847
98 22503
98 22871
98 24126
98 25526
98 25783
98 26680
98 26990
98 28024
98 28072
98 28509
98 30677
98 31936
98 32200
98 33557
98 34025
98 34531
98 34853
98 36530
98 39059
98 39510
98 42101
98 42580
98 44091
98 45161
98 46150
98 46748
98 47693
98 48976
98 50112
98 50340
98 51578
98 52035
98 53938
98 55200
98 57418
98 58816
98 58885
98 59451
98 61666
98 66172
98 66231
98 66810
98 68445
98 69201
98 73860
98 74838
98 77919
98 78662
98 80876
98 80971
63 2693
63 4026
63 4737
63 5215
63 6228
63 8394
63 8470
63 10414
63 10864
63 15206
63 17098
63 17852
63 19606
63 20148
63 21372
63 22540
63 23214
63 24282
63 25365
63 25379
63 25822
63 26818
63 27322
63 28959
63 29208
63 30011
63 31250
63 35055
63 39043
63 40238
63 43418
63 44033
63 44490
63 47259
63 48698
63 49337
63 49729
63 51106
63 51431
63 51904
63 53161
63 54824
63 56195
63 57334
63 60021
63 60496
63 60634
63 63694
63 65619
63 65956
63 66866
63 67312
63 67428
63 74791
63 80660
63 82055
63 82880
63 86415
63 92127
63 94859
63 95903
63 98102
63 98490
63 99593
63 103422
63 107052
63 107539
63 108177
63 109769
63 111178
63 111185
63 111935
63 113070
63 113497
63 114334
63 116634
63 116705
63 119606
63 119994
63 120911
63 122666
63 124507
63 124794
63 125085
63 125954
63 126669
63 126847
63 126909
63 127221
63 130150
63 132489
63 133672
31 151905
31 152498
31 152699
31 154305
31 154480
31 157654
31 159266
99 192
99 851
99 2798
99 4457
99 5188
99 5749
99 6188
99 7006
99 10548
99 10773
99 13174
99 14746
99 16902
99 17065
99 17187
99 17437
99 18076
99 18920
99 22319
99 24626
99 25988
99 31601
99 33335
99 37754
99 38642
99 42067
99 42456
99 43045
99 44013
99 44531
99 44547
99 47203
99 48591
99 49760
99 51011
99 51844
99 51857
99 52534
99 53065
99 53070
99 56053
99 58208
99 60223
99 60481
99 61459
99 62394
99 62670
99 62793
99 65028
99 66025
99 66611
99 66714
99 68792
26 766
26 2650
26 3767
26 7317
26 7577
26 8644
26 9237
26 10029
26 11268
26 11474
26 11948
26 12335
26 13871
26 14317
26 15176
26 15632
26 16221
26 16932
26 17672
26 17809
26 19275
26 19639
26 20082
26 22985
26 24957
26 25528
26 25807
26 26223
26 26405
26 27326
26 28782
26 30199
26 31623
26 31691
26 32669
26 41268
26 42049
26 43405
26 44957
26 45897
26 47508
26 47648
26 51048
26 51423
26 53137
26 54872
26 55496
26 68146
26 72854
26 76677
110 2108
110 2196
110 4666
110 5957
110 6199
110 6702
110 7433
110 8125
110 8207
110 9462
110 10060
110 12835
110 15857
110 16576
110 17704
110 18984
110 19741
110 20060
110 20759
110 21690
110 21744
110 21980
110 23126
110 25502
110 27068
110 28187
110 28492
110 29751
110 30514
110 30837
110 33462
110 34165
110 34567
110 38449
110 38483
110 40357
110 40833
110 42187
110 43421
110 46221
110 46237
110 50957
110 53944
110 54749
110 56910
110 57082
110 58552
110 59710
110 60955
110 61149
110 61909
110 64265
110 65049
110 66112
110 68276
110 68990
110 70314
110 70532
110 70806
110 71739
110 71811
110 72509
110 72742
110 74911
110 75630
110 76086
110 76654
110 77145
110 77407
110 78197
110 78438
110 78476
110 80251
110 81862
110 82140
110 82679
110 83265
110 84609
110 88343
110 88388
110 91264
110 92593
110 93534
110 95313
110 98352
110 98746
110 98763
110 98887
110 99351
110 100205
110 102581
110 103263
110 103531
110 103693
36 225
36 516
36 1463
36 3174
36 3875
36 5076
36 5376
36 6652
36 6841
36 8113
36 8513
36 8766
36 10378
36 10776
36 11621
36 18779
36 19426
36 19743
36 20755
36 21542
36 22446
36 23457
36 23861
36 23982
36 25374
36 27989
36 29654
36 30570
36 30658
36 31705
36 42137
36 44541
36 47197
36 47699
36 49330
36 49768
36 49868
36 59832
36 59878
36 59949
36 60001
36 60590
36 61332
36 64038
36 64090
36 66253
41 604
41 1454
41 1793
41 2537
41 3258
41 3456
41 5685
41 5703
41 6452
41 6539
41 7222
41 9357
41 9624
41 9997
41 10240
41 10755
41 11624
41 13730
41 16546
41 16857
41 17094
41 17113
41 18062
41 21830
41 23760
41 25446
41 25834
41 26620
41 26877
41 28392
41 29055
41 29061
41 29924
41 30310
41 31495
41 31564
41 33514
41 34538
41 36184
41 39684
41 42297
41 43845
41 46386
41 46513
41 47002
41 47019
41 49841
41 49907
41 50396
41 50774
41 53091
41 53716
41 53802
41 54366
41 54661
41 55315
41 56133
41 56886
41 57761
41 57923
41 59162
41 60058
41 60719
41 61595
41 63478
46 650
46 1513
46 2216
46 2572
46 3702
46 4830
46 7861
46 8859
46 9543
46 9653
46 10127
46 11024
46 13660
46 14900
46 15013
46 16491
46 16548
46 16901
46 17151
46 17753
46 17889
46 18493
46 18975
46 21396
46 23828
46 24821
46 25573
46 26777
46 28658
46 29784
46 31640
46 34984
46 37133
46 38726
46 39364
46 40854
46 41155
46 45927
46 46273
46 46694
46 47503
46 48819
46 49092
46 50702
46 51307
46 53728
46 56084
46 56954
46 59019
46 59956
46 60490
46 63700
46 63911
46 64316
46 64786
46 65259
46 65842
46 66821
46 66916
46 67179
46 67657
46 68019
46 68259
46 68421
46 68998
46 69863
46 71417
46 72100
46 72420
46 72495
46 72547
46 74468
46 76090
46 76382
46 77077
113 670
113 1525
113 8636
113 9556
113 9670
113 11270
113 13232
113 13840
113 13990
113 14575
113 16324
113 19415
113 22022
113 24866
113 26057
113 26742
113 37460
113 37628
113 41610
113 41911
113 42436
113 44146
113 46075
113 46776
113 48003
113 48022
113 52325
113 53645
113 56006
113 56026
113 59929
113 60807
113 63983
113 64294
113 64837
113 65293
113 67239
113 70339
113 71476
113 71754
113 72441
113 73026
113 74587
113 74917
113 75846
113 76389
113 76638
113 77805
113 79638
113 79766
113 80296
113 80874
113 80983
113 83532
113 84747
113 84878
113 84966
113 85574
113 86102
113 89652
113 91507
113 93075
113 93659
113 95216
113 96536
113 96896
113 98290
113 100422
104 143
104 1848
104 6959
104 7290
104 7478
104 8626
104 14359
104 18711
104 20354
104 20804
104 22515
104 23743
104 26105
104 26730
104 27549
104 27997
104 28918
104 28967
104 30561
104 31107
104 32738
104 37660
104 37875
104 37995
104 39866
104 41530
104 44435
104 45026
104 45295
104 45562
104 48342
104 49475
104 53414
104 53542
104 55054
104 59307
104 59327
104 59809
104 60675
104 62148
104 62398
104 68503
104 69646
104 70115
104 72186
104 74324
104 78345
104 79436
104 81024
104 81157
104 81275
104 81296
104 81566
104 82695
104 83705
104 84047
104 84732
104 87927
104 88524
104 89119
104 89452
104 89957
104 94761
104 94829
104 96664
104 97634
104 97875
28 1843
28 5348
28 8010
28 8632
28 11787
28 30209
28 32851
28 35373
28 36033
28 50538
28 51785
28 55369
28 57947
28 59221
28 67539
28 69315
28 76397
28 80811
28 86451
28 88463
28 94498
28 112993
28 119305
19 410
19 4376
19 4443
19 4513
19 5141
19 5926
19 6083
19 6477
19 7752
19 8460
19 9118
19 9739
19 10891
19 12417
19 12632
19 13354
19 13373
19 17082
19 20183
19 21241
19 26383
19 27244
19 27519
19 28171
19 28334
19 29861
19 32226
19 33175
19 34064
19 38253
19 40761
19 41032
19 43184
19 44482
19 45112
19 46617
19 47153
19 48284
19 50173
19 50568
19 50661
19 51241
19 54986
19 59369
19 61139
19 62788
19 63607
19 66096
19 68125
19 68126
19 69329
19 69732
19 70516
19 74300
19 74853
19 81430
19 83348
19 84832
19 84856
19 85827
19 92842
19 93890
19 95222
19 95237
19 96964
19 97019
19 97987
19 98679
19 99006
19 99031
19 99066
19 99732
19 101234
19 103671
19 104267
19 106672
19 106691
19 106976
19 107475
56 567
56 1447
56 1585
56 1587
56 1851
56 2254
56 7964
56 9321
56 9323
56 9961
56 10834
56 12190
56 12349
56 13229
56 14111
56 14275
56 14618
56 16987
56 19090
56 22436
56 23319
56 23321
56 24059
56 24820
56 25503
56 27646
56 28646
56 28807
56 28921
56 29311
56 30052
56 30988
56 32401
56 32480
56 32898
56 35472
56 36098
56 37102
56 38152
56 40306
56 40437
56 40587
56 44584
56 45057
56 45244
56 45414
56 47605
56 48754
56 50003
56 55440
56 56391
56 57436
56 58259
56 59926
56 60023
56 62486
56 62814
56 62910
56 64260
56 64343
56 64472
56 65324
56 65399
56 67473
56 67739
56 69760
56 70017
56 71165
56 74068
56 75678
56 77820
56 77955
56 78472
56 79103
56 80710
56 82039
56 83346
56 84583
56 87161
56 89704
56 91416
56 91639
56 91714
56 91936
56 92303
56 92449
56 96261
56 97615
56 98878
56 99390
56 100496
56 100638
56 103988
56 104096
56 104098
56 107611
56 108873
51 1929
51 2473
51 2748
51 3225
51 6633
51 7359
51 7463
51 8022
51 9053
51 10130
51 12051
51 12922
51 13224
51 13226
51 13461
51 14269
51 17207
51 20358
51 24002
51 25097
51 28357
51 29738
51 30447
51 30876
51 32822
51 33708
51 35521
51 36251
51 38200
51 39547
51 40191
51 41644
51 42137
51 42283
51 44603
51 44921
51 44934
51 46133
51 48730
51 48804
51 49328
51 50015
51 51540
51 52803
51 53279
51 54677
51 56314
51 58828
51 61464
51 63662
51 63979
51 65719
51 66405
51 67397
51 69479
51 72790
51 72849
51 73154
51 73631
51 75480
51 75774
51 77191
51 80216
51 81138
51 83155
51 84624
51 86573
51 88445
51 90332
51 92003
51 92688
51 94622
51 95237
51 95836
51 96683
51 96857
51 97630
51 97769
51 98585
51 99689
51 100113
51 104323
51 107232
51 107457
51 109930
51 111125
51 111920
51 112296
51 115547
51 116614
51 117174
65 14880
65 15228
65 17264
65 21248
65 22185
65 28208
65 28365
65 28458
65 29181
65 29760
65 30310
65 31349
65 32263
65 34190
65 35503
65 37488
65 40796
65 42331
65 44737
65 46399
65 47198
65 47545
65 50955
65 55835
65 55870
65 56849
65 59728
65 60878
65 61096
65 61114
65 64829
65 65493
65 66033
65 67893
65 67924
65 68645
65 69600
65 71964
65 72926
65 72977
65 73748
65 76361
65 78895
65 82729
65 83397
65 83673
65 83992
65 84489
65 86244
65 86426
65 90103
65 92061
65 92363
65 95130
65 96337
65 97117
65 97464
65 97849
65 98009
65 98118
65 98416
65 102136
65 103916
65 104115
65 104394
65 105071
65 105147
65 110565
65 110751
65 110990
65 111442
65 111642
65 113902
65 116405
65 117957
65 118206
65 118594
65 118802
65 119498
65 119608
65 121199
32 5341
32 7947
32 8677
32 10846
32 11434
32 14747
32 16137
32 16559
32 17202
32 19613
32 21995
32 23699
32 27059
32 27475
32 28015
32 28710
32 36952
32 37433
32 39080
32 42356
32 43808
32 44154
32 47629
32 50121
32 51137
32 53873
32 55942
32 59171
32 61286
32 62498
32 63589
32 63701
32 65986
32 67408
32 67575
32 68028
32 71378
32 73287
32 74075
32 74949
32 80297
32 81915
32 82733
32 91446
32 91513
32 91831
32 93863
32 97364
32 99600
32 100641
32 101442
32 101653
32 101946
32 102434
32 102682
32 106456
32 106536
32 107847
32 111323
32 112052
32 114964
32 123380
32 128122
32 129324
32 129835
32 133258
32 136896
32 139685
37 186
37 1708
37 2267
37 2922
37 4976
37 6040
37 8285
37 9371
37 11767
37 11902
37 12283
37 14366
37 14717
37 14817
37 14855
37 14896
37 15727
37 20055
37 21105
37 22366
37 24247
37 24250
37 25677
37 27159
37 28032
37 29509
37 32326
37 34540
37 35715
37 36203
37 37848
37 38131
37 38682
37 39264
37 40554
37 41862
37 46695
37 51012
37 51063
37 53514
37 56063
37 56399
37 56567
37 57171
37 59283
37 59637
37 60019
37 60189
37 61231
37 62719
37 64135
37 65837
37 66236
37 66391
37 66412
37 67129
37 67133
37 67302
37 69049
37 70450
37 70665
37 71005
37 71694
37 73132
37 73456
37 77436
37 82715
37 82758
37 82813
37 83004
37 83252
37 85523
37 86032
37 88558
37 89495
37 90344
37 90569
37 91508
37 92892
37 95877
37 96916
37 98759
37 103317
37 106542
37 107382
37 109456
37 111956
37 112295
37 112527
37 114007
37 119718
37 122611
37 122671
37 123067
37 123171
37 124228
37 125227
37 126438
37 126560
37 128868
37 129126
37 129932
37 130110
37 133410
37 133992
37 134974
37 135474
37 135735
37 136831
37 137608
60 305
60 2310
60 5151
60 8012
60 8770
60 8886
60 11150
60 11294
60 14490
60 17989
60 19444
60 23868
60 24004
60 25675
60 28863
60 29068
60 30360
60 31147
60 35382
60 35729
60 35823
60 37129
60 37431
60 43465
60 44035
60 44756
60 47751
60 47950
60 49149
60 50514
60 52244
60 56680
60 57294
60 60416
60 64798
60 67392
60 69560
60 69740
60 70362
60 70592
60 71086
60 73269
60 75929
60 77806
60 79667
60 81097
60 81182
60 81192
60 81621
60 82016
60 82162
60 87713
60 88672
60 88912
60 89040
60 91116
60 92828
60 93652
60 97280
60 97327
60 97932
60 97972
60 98043
60 100883
60 101423
60 103663
60 103758
60 106218
60 106492
60 107752
60 111211
60 112063
60 112302
60 113215
60 116921
60 117967
60 117995
60 118079
60 118119
60 122951
60 123379
60 124671
60 127833
60 128122
60 129724
60 131080
60 131220
60 133064
60 135263
60 136602
60 137994
60 138821
32 145471
32 145732
32 147519
32 147628
32 147831
32 147984
32 148138
32 150775
47 1573
47 3542
47 3894
47 3907
47 4943
47 6453
47 9637
47 11453
47 12087
47 13234
47 14660
47 14903
47 17038
47 17730
47 18689
47 19257
47 21271
47 21504
47 23023
47 24983
47 25258
47 26045
47 26929
47 28953
47 34846
47 35952
47 37400
47 41514
47 41922
47 43079
47 43130
47 45750
47 46561
47 46642
47 50548
47 52892
47 53540
47 53794
47 53922
47 53993
47 58158
47 62567
47 63594
47 63637
47 64146
47 64547
47 66297
47 66981
47 67509
47 69788
47 70877
47 71457
47 73595
47 73858
47 74477
42 1025
42 1511
42 2525
42 2681
42 2822
42 3515
42 4006
42 4913
42 5453
42 5488
42 5586
42 7163
42 9133
42 10818
42 14329
42 17934
42 19182
42 19417
42 20371
42 21635
42 22233
42 23197
42 25376
42 25627
42 27265
42 27786
42 30456
42 30678
42 31317
42 32125
42 32288
42 32499
42 33551
42 35288
42 37166
42 38389
42 39014
42 39080
42 39323
42 40826
42 41354
42 44027
42 45994
42 46311
42 50748
42 51151
42 54171
42 54490
42 57219
42 57290
42 58732
42 60443
42 60778
42 63939
42 64263
42 67141
42 67568
42 70610
42 73964
42 75979
42 77035
42 78275
42 78543
42 78706
42 79251
42 84791
42 85099
42 88194
114 1451
114 1483
114 2675
114 6115
114 6742
114 7203
114 9093
114 10010
114 10704
114 11883
114 12302
114 12332
114 12775
114 13038
114 14732
114 15589
114 16375
114 17087
114 20763
114 21022
114 22094
114 25159
114 26157
114 27138
114 28192
114 29331
114 29462
114 30094
114 32466
114 33463
114 33556
114 36418
114 36841
114 38619
114 39211
114 39315
114 40149
114 41008
114 41063
114 43249
114 43417
114 45036
114 45846
114 47203
114 49706
114 51258
114 51481
114 51697
114 52508
114 52922
114 55049
114 55748
114 56383
114 60716
114 61594
114 62608
114 62645
114 67062
114 67911
114 68049
114 68522
114 69119
114 69410
114 69895
114 72368
114 73140
114 75688
114 76558
114 76586
114 76805
114 77948
114 80463
114 82523
114 83149
114 83480
114 84242
114 84744
114 86272
114 87006
114 88730
114 88740
114 88888
114 88931
114 89348
114 90389
114 90813
114 90990
114 93894
114 93984
114 95814
114 96773
114 98226
105 280
105 1367
105 5689
105 6537
105 7849
105 8881
105 16516
105 18026
105 19586
105 19669
105 20399
105 21104
105 22646
105 23487
105 26608
105 28654
105 32567
105 34804
105 34806
105 35325
105 36228
105 36585
105 36835
105 37685
105 37743
105 39226
105 39368
105 43635
105 46484
105 47318
105 48428
105 49453
105 50253
105 53451
105 53832
105 57582
105 59106
105 60310
105 60515
105 60902
105 61450
105 61657
105 62224
105 63685
105 64414
105 65339
105 65759
105 67860
105 68075
105 68932
105 70514
105 73194
105 73276
105 74155
105 76306
105 76889
105 78301
105 78810
105 78968
105 79230
105 79485
105 80712
105 87769
105 90070
105 90269
105 91450
105 91482
105 95692
105 96279
105 96639
105 101794
95 111
95 487
95 1130
95 4686
95 7150
95 7442
95 9905
95 9984
95 10857
95 19123
95 22053
95 22778
95 23661
95 25204
95 26198
95 29047
95 29879
95 35053
95 35239
95 37409
95 37537
95 41669
95 43718
95 47241
95 47718
95 47951
95 49366
95 51686
95 52567
95 55297
95 57020
95 57696
95 58715
95 60457
95 60649
95 60727
95 60770
95 61228
95 61274
95 62659
95 64863
95 66269
95 66975
95 67116
95 67315
95 70392
95 70738
95 71755
95 72157
95 72913
95 74444
95 77224
95 82109
95 82302
95 82966
95 83237
43 2269
43 6359
43 7134
43 7185
43 7893
43 9257
43 9995
43 11433
43 16082
43 17116
43 18877
43 18998
43 20480
43 25223
43 25328
43 28084
43 30231
43 30276
43 31173
43 32168
43 32402
43 33791
43 34906
43 37521
43 37597
43 38086
43 39381
43 41189
43 41350
43 42684
43 44285
43 44472
43 44516
43 45463
43 45826
43 46431
43 47445
43 48051
43 49313
43 49414
43 49930
43 50646
43 51891
43 54003
43 55709
43 56471
43 59401
43 59519
43 63755
43 66753
57 822
57 1944
57 2947
57 4270
57 4692
57 5406
57 6453
57 8827
57 12083
57 12837
57 12950
57 14345
57 14479
57 15683
57 18302
57 19428
57 23766
57 25148
57 27482
57 28150
57 28638
57 30158
57 30275
57 31098
57 32195
57 32996
57 34677
57 34982
57 39556
57 40012
57 40908
57 41271
57 41453
57 41692
57 41791
57 42535
57 44077
57 46690
57 47919
57 48121
57 48407
57 49279
57 49558
57 50774
57 50962
57 52073
57 52794
57 52877
57 55352
57 55904
57 56468
57 56916
57 58428
57 58778
57 59387
57 60611
57 60790
57 61405
57 62835
57 63459
57 66119
57 66286
57 67634
57 70564
57 74507
57 78156
57 79988
57 80437
57 82931
57 84404
57 85564
57 86449
57 88946
57 89124
57 90252
57 91170
57 93638
57 94159
57 94826
57 95409
57 95645
57 96069
57 98064
20 672
20 1924
20 6923
20 9673
20 10433
20 10539
20 11684
20 11787
20 12329
20 12455
20 13841
20 14428
20 15938
20 16259
20 16734
20 16739
20 17625
20 19279
20 19718
20 21786
20 22574
20 26358
20 27098
20 32710
20 34148
20 42478
20 43269
20 44309
20 44376
20 45071
20 46515
20 47487
20 49306
20 50007
20 50760
20 51752
20 53050
20 53153
20 53916
20 54811
20 55814
20 58875
20 62588
20 63357
20 64730
20 64924
20 65684
20 69059
20 73717
20 75323
20 76751
20 77285
20 79506
20 79569
20 79935
20 79989
20 80578
20 80856
20 82307
20 84691
20 85031
20 87888
20 88729
20 90966
20 91696
20 94464
20 95334
20 96016
20 97384
20 97737
20 97760
20 100791
20 101016
20 102961
20 104216
20 104871
20 105562
20 107308
20 107437
20 108118
20 108290
20 108781
20 109566
20 110048
20 112112
20 112727
20 113208
20 114345
20 115565
20 115665
20 115730
20 116240
20 117189
20 117338
52 405
52 3811
52 5653
52 7173
52 8286
52 8893
52 11809
52 14266
52 15718
52 15845
52 16170
52 16692
52 16912
52 17860
52 19804
52 21134
52 21467
52 21936
52 23279
52 23311
52 24111
52 24155
52 25215
52 25968
52 26377
52 26409
52 27194
52 29159
52 29912
52 30584
52 30901
52 34194
52 35698
52 35713
52 36084
52 36996
52 37555
52 39150
52 39688
52 41072
52 44618
52 44858
52 45127
52 45201
52 46792
52 47295
52 49143
52 50912
52 52042
52 54162
52 55000
52 55077
52 55882
52 58361
52 61592
52 61805
52 63520
52 64912
52 68397
52 69464
52 71011
52 74949
52 76612
52 77471
52 79948
52 80120
52 80639
52 81225
52 84040
52 85887
52 87352
52 88096
52 89275
52 89352
52 90619
52 91838
52 92757
52 93048
52 95045
52 97197
52 97881
52 101459
52 104289
52 106082
52 108124
52 109347
52 111230
52 114552
52 115460
52 116455
52 117972
52 118220
48 366
48 565
48 1240
48 1346
48 4826
48 6609
48 7429
48 8155
48 8844
48 9546
48 10258
48 10923
48 11838
48 12084
48 16386
48 16680
48 16794
48 17157
48 18038
48 19229
48 21219
48 23844
48 24187
48 24586
48 24666
48 27546
48 28270
48 28643
48 28668
48 30795
48 31175
48 31597
48 32431
48 32483
48 32787
48 33828
48 34858
48 35999
48 36179
48 38627
48 39221
48 40146
48 42486
48 42572
48 42828
48 43156
48 44411
48 47196
48 47929
48 51498
48 54575
48 54592
48 54824
48 55588
48 57183
48 60067
48 60597
48 60976
48 61280
48 61449
48 62204
48 63885
48 64650
48 64708
48 69917
48 70793
48 71190
48 71659
48 75829
48 76725
48 77185
48 77438
48 77674
48 78965
48 80973
48 81537
48 82044
48 82181
48 83561
48 86509
48 86581
48 87631
48 89442
48 89644
48 89767
48 90240
48 90639
29 1102
29 1957
29 3683
29 3736
29 5039
29 6440
29 6463
29 6905
29 7202
29 7513
29 9076
29 9142
29 9975
29 10221
29 11792
29 13409
29 13636
29 15410
29 16934
29 21266
29 22693
29 25224
29 25803
29 27454
29 29342
29 30553
29 31120
29 32351
29 37264
29 37645
29 37742
29 40314
29 41075
29 42620
29 42926
29 43996
29 47274
29 48072
29 49556
29 54174
29 55194
29 55351
29 58753
29 61318
29 61403
29 62085
29 63624
29 64203
29 65066
29 65855
29 67377
29 70119
29 70996
29 72905
29 75402
29 81605
29 81754
29 84810
29 86922
29 87292
29 87293
29 87369
29 89350
29 90186
29 91471
29 92809
29 93625
29 94904
29 95075
29 96013
29 96168
29 96799
29 97188
29 97973
29 99277
29 100300
29 101805
29 102253
29 104455
29 105101
29 106256
29 106623
29 107083
29 110409
29 114252
29 116212
29 116897
29 119399
29 120215
29 121065
29 121729
29 125951
29 126696
29 128223
29 128255
29 131177
29 131426
29 131981
29 132137
29 132462
29 133144
29 133278
29 134818
29 139995
29 142112
29 143194
29 143383
29 144915
29 145515
29 146949
29 148386
29 148751
29 149187
29 151047
29 151318
29 151544
29 154878
29 156269
29 156391
29 157015
29 157500
29 157826
29 159135
29 159198
29 160380
29 160639
29 161571
38 323
38 888
38 1025
38 1599
38 2481
38 3259
38 4069
38 6374
38 6824
38 6909
38 7041
38 7395
38 11321
38 12333
38 12441
38 13644
38 14818
38 16000
38 16213
38 16664
38 17675
38 19186
38 19219
38 22052
38 23617
38 26557
38 26973
38 27557
38 28583
38 30930
38 34046
38 36370
38 37020
38 41962
38 42066
38 42752
38 43214
38 44033
38 47250
38 50869
38 50905
38 52015
38 52507
38 54617
38 55624
38 57017
38 57737
38 57861
38 59415
38 60932
38 62133
38 63022
38 64533
38 64822
38 65423
38 68808
38 69551
38 69914
38 70506
38 71642
38 73762
38 75502
38 76305
38 81887
38 82202
38 85316
38 85798
38 89068
38 89204
38 90993
38 93127
38 93272
38 94777
38 95749
38 97382
38 98427
38 98720
38 101665
38 101893
38 103377
38 103830
38 104190
38 105010
38 105189
38 108326
38 108411
38 108580
38 110546
38 111027
38 115639
38 118754
38 120416
38 122655
38 122782
38 125387
38 127595
38 129124
38 129153
38 129615
38 129821
38 131134
38 131964
38 132893
38 132902
38 133620
38 134462
38 136405
38 136523
38 136961
38 137675
44 2685
44 3532
44 5150
44 5205
44 7727
44 9369
44 9849
44 10909
44 11049
44 11204
44 16492
44 17009
44 17417
44 19174
44 19458
44 19838
44 20093
44 23677
44 25148
44 27996
44 29320
44 31162
44 31605
44 31780
44 31889
44 32341
44 32943
44 33382
44 33415
44 34453
44 36059
44 37021
44 37327
44 38158
44 38499
44 39933
44 40718
44 40829
44 41302
44 41816
44 42528
44 42719
44 44137
44 46635
44 49661
44 50111
44 50202
44 50346
44 50965
44 51569
44 51656
44 52130
44 52813
44 53313
44 53756
44 54858
44 55965
44 56682
44 57521
44 58853
44 60023
44 60889
44 62996
44 63105
44 64142
44 64446
44 64915
44 65963
44 66147
44 66709
44 66896
44 67825
61 5803
61 7778
61 9707
61 10215
61 10877
61 12768
61 13165
61 13256
61 13514
61 15798
61 18589
61 18661
61 19272
61 20652
61 20954
61 21469
61 21514
61 23524
61 26300
61 26342
61 27153
61 27278
61 29077
61 29407
61 30771
61 32818
61 32949
61 33851
61 36145
61 39316
61 39632
61 41614
61 43905
61 46611
61 47354
61 48920
61 50810
61 55919
61 56516
61 57223
61 58712
61 59379
61 61949
61 62577
61 64161
61 67826
61 68656
61 68725
61 73538
61 78094
61 78186
61 82113
61 83064
61 84039
61 84386
61 84649
61 88276
61 88633
61 90627
61 90842
61 93517
61 94390
61 96141
61 96473
61 96928
61 101522
61 102489
61 102865
61 103054
61 104701
61 105754
61 105800
61 106505
61 108094
61 108694
61 109192
61 110480
61 113031
61 114258
61 115243
61 116276
61 116371
61 117592
61 118467
61 121565
61 122505
61 123183
61 123597
61 125142
61 125851
61 126161
61 127368
61 128409
61 129677
61 129802
61 132428
61 132607
61 133031
61 133148
61 135231
61 135480
61 136466
61 136620
61 136752
61 136783
61 137659
61 137746
61 139665
61 140029
61 140755
61 141401
61 142290
106 379
106 3260
106 4181
106 5852
106 6083
106 6138
106 6151
106 6665
106 6963
106 10853
106 14039
106 17632
106 18513
106 20192
106 20400
106 21427
106 22083
106 23820
106 28479
106 29288
106 30334
106 31696
106 32172
106 33331
106 33632
106 38310
106 39659
106 39708
106 41141
106 41450
106 42254
106 42423
106 43270
106 46501
106 47802
106 49763
106 53267
106 56630
106 60725
106 60759
106 65062
106 65432
106 67354
106 72820
106 74135
106 75401
106 75552
106 77576
106 81351
106 82957
106 83107
106 83522
106 84633
106 86057
106 93282
106 93355
106 93453
106 93589
106 93799
106 94035
106 95039
106 97254
106 99159
106 99866
33 979
33 1428
33 7126
33 9112
33 9724
33 10139
33 10162
33 11113
33 12267
33 13172
33 13392
33 16205
33 16245
33 16440
33 16908
33 17596
33 19795
33 19806
33 19913
33 20324
33 21843
33 22730
33 24337
33 25648
33 27054
33 27203
33 28921
33 29858
33 30889
33 32603
33 33931
33 36502
33 37651
33 38963
33 39181
33 39529
33 39659
33 40449
33 41718
33 42121
33 43511
33 45263
33 45705
33 45871
33 47465
33 47613
33 50491
33 52605
33 52614
33 54337
33 55061
33 55900
33 56646
33 58698
33 58979
33 59684
33 60264
33 61090
33 64010
33 65447
33 66130
33 66541
33 67055
33 69088
33 69595
33 72066
33 73087
33 73632
33 76531
33 77815
33 78332
33 78559
33 78952
33 78958
33 82589
33 83738
33 84046
33 86176
33 86286
33 86389
33 86659
33 86680
33 87216
33 89207
33 90285
33 90293
33 90805
33 91729
33 91742
33 92521
33 93849
33 95485
