29 44
19 187
23 79
19 256
22 152
23 123
19 312
19 346
22 237
29 256
22 269
30 233
21 299
22 346
20 294
29 370
22 395
22 426
21 375
19 526
26 418
20 389
21 442
26 484
26 505
20 488
26 529
29 526
21 573
21 602
30 642
19 773
22 715
23 664
21 730
28 874
29 786
22 832
21 800
21 832
26 825
19 964
26 853
19 1008
23 902
22 963
20 882
26 916
29 951
22 1055
19 1131
20 986
27 1053
30 1051
28 1192
20 1076
19 1276
23 1193
23 1231
21 1311
28 1444
29 151001
29 1286
20 1282
26 1370
21 1467
30 1395
27 1396
23 1418
30 1424
29 1432
29 1446
19 1616
21 1586
19 1676
19 1710
29 151300
30 1611
21 1744
19 1814
27 1663
21 1820
29 151479
20 1682
20 1753
29 1822
21 1952
26 1861
20 1839
26 1891
20 1847
28 2123
19 2169
20 1972
30 2014
21 2167
30 2118
21 2272
26 2183
29 151958
19 2404
28 2492
19 2478
21 2573
26 2466
20 2424
28 2680
19 2649
29 152300
29 2522
20 2528
26 2575
30 2535
29 152394
19 2732
26 2633
26 2652
26 2670
28 2930
26 2772
29 152560
19 2883
20 2698
21 2943
28 3060
29 2852
21 3057
20 2841
28 3179
19 3056
21 3148
19 3145
21 3204
29 152899
29 152982
20 3112
19 3369
26 3329
28 3587
26 3348
21 3498
19 3485
19 3579
29 153273
20 3352
29 3520
30 3472
26 3575
20 3450
21 3833
21 3949
19 3901
29 3771
21 3992
26 3771
20 3637
20 3657
21 4038
29 3840
20 3752
21 4143
30 3903
28 4293
21 4236
30 4051
20 3975
21 4335
21 4336
29 4131
30 4123
29 4183
19 4398
29 154055
19 4424
21 4461
20 4189
21 4520
26 4319
25 4589
19 4530
30 4300
19 4553
19 4559
19 4567
19 4603
25 4706
29 4444
30 4452
25 4824
19 4767
26 4636
19 4845
25 4960
30 4728
30 4760
19 4935
29 154663
30 4803
30 4821
26 4852
19 5044
19 5122
20 4824
26 4965
20 4854
19 5162
20 4873
20 4876
21 5202
28 5331
20 4916
30 5074
21 5277
29 154996
21 5331
29 5136
20 5019
29 155116
19 5379
28 5540
29 155173
19 5445
20 5133
20 5190
29 155298
29 5342
21 5535
19 5532
19 5571
21 5600
24 292
27 5379
30 5534
21 5703
29 155508
28 5926
20 5461
24 454
20 5470
30 5633
19 5812
29 5760
28 6110
30 5797
20 5600
24 625
20 5619
19 5973
30 5853
21 5987
29 155813
29 155820
20 5712
29 155843
22 6100
21 6069
20 5748
20 5758
21 6090
24 775
20 5773
22 6133
28 6329
26 5988
21 6144
29 155925
20 5835
21 6188
29 155969
20 5912
30 6106
21 6282
26 6181
29 6218
24 988
24 1009
30 6265
21 6367
23 6239
29 156185
26 6283
29 6320
22 6416
20 6080
26 6316
19 6471
22 6509
20 6164
22 6532
23 6387
22 6544
29 6458
21 6546
20 6196
19 6626
23 6517
26 6544
23 6532
26 6569
29 156532
22 6823
20 6487
23 6748
21 6965
24 1610
22 7000
26 6847
19 6937
24 1643
21 7022
20 6693
27 6738
26 6960
29 156909
19 7069
23 6972
21 7144
27 6834
22 7141
22 7144
24 1823
24 1827
23 7067
30 7082
23 7079
23 7107
22 7240
26 7163
29 157134
29 7261
22 7318
19 7320
22 7342
29 7314
23 7255
23 7261
29 157220
24 2075
26 7333
19 7414
21 7568
29 157350
21 7574
21 7611
22 7540
19 7548
24 2244
20 7228
22 7566
20 7257
20 7269
20 7275
22 7615
23 7527
24 2323
21 7719
24 2403
26 7681
26 7684
28 7957
19 7741
24 2465
22 7747
20 7537
24 2603
29 157800
20 7612
19 7977
26 7960
19 8017
29 8030
20 7736
19 8040
29 8061
20 7791
22 8078
21 8233
30 8185
19 8127
28 8485
30 8251
29 158115
23 8212
22 8241
20 7935
20 7967
23 8264
21 8412
24 3098
29 8331
20 8009
20 8022
19 8404
26 8353
22 8439
29 8444
19 8498
19 8523
29 158432
19 8530
26 8511
19 8543
24 3386
24 3410
19 8615
29 8690
24 3482
21 8798
29 8762
21 8863
24 3604
24 3619
21 8912
19 8797
30 8911
26 8833
21 8992
29 8940
28 9248
21 9058
20 8604
22 9003
24 3799
29 9036
22 9076
21 9165
26 9077
23 9054
24 4003
23 9135
24 4122
21 9360
26 9308
29 159231
22 9413
24 4247
30 9447
21 9507
30 9459
19 9428
23 9382
23 9433
21 9682
23 9519
28 9913
30 9667
23 9562
19 9581
29 159565
21 9809
23 9650
19 9647
21 9828
30 9773
29 159659
21 9913
22 9840
20 9479
21 9966
29 9927
19 9817
22 9992
20 9640
19 9963
30 10120
29 159979
20 9728
19 10039
30 10252
29 10229
29 10267
19 10135
19 10140
26 10290
29 10347
29 10351
22 10317
19 10212
26 10363
26 10367
20 9934
21 10501
23 10319
26 10451
29 10513
24 5389
20 10075
22 10510
22 10532
24 5469
20 10267
22 10713
21 10835
24 5618
26 10787
23 10643
19 10702
23 10769
29 160841
20 10543
19 10885
29 11014
22 11017
22 11028
19 10912
22 11036
20 10587
21 11154
20 10618
20 10637
21 11239
20 10686
23 11030
22 11194
27 10808
27 10810
22 11245
19 11102
30 11336
22 11297
19 11141
26 11299
29 11405
29 161331
29 161345
21 11485
30 11536
21 11514
20 10974
23 11318
19 11295
30 11585
23 11354
22 11547
23 11414
29 11626
19 11449
30 11781
20 11180
21 11786
30 11834
24 6620
24 6626
20 11256
29 161720
20 11301
23 11638
29 161797
26 11833
29 11885
26 11849
22 11874
24 6759
22 11900
22 11923
21 12022
23 11763
21 12037
23 11797
20 11468
22 12016
29 162047
23 11937
29 162080
20 11804
22 12344
19 12174
22 12368
23 12224
22 12405
29 162418
19 12248
21 12560
21 12567
20 11944
20 11957
29 12575
30 12633
24 7411
30 12650
20 11981
22 12530
19 12343
24 7496
29 162599
21 12708
20 12071
21 12750
20 12181
21 12856
29 12826
22 12794
26 12801
26 12803
27 12406
19 12654
22 12907
23 12691
21 13038
30 13029
19 12727
19 12774
19 12781
24 7933
21 13229
20 12496
23 12875
29 13167
22 13181
29 13171
29 13192
26 13243
27 12795
29 13354
30 13462
29 13389
26 13420
21 13523
24 8379
24 8384
21 13540
20 12817
26 13466
19 13203
20 12828
26 13516
24 8461
19 13282
19 13290
24 8504
20 12888
19 13320
21 13657
23 13321
27 13105
19 13358
20 12962
21 13724
23 13413
19 13436
30 13784
30 13795
22 13685
22 13691
22 13723
24 8751
19 13566
20 13135
29 13873
27 13319
21 13890
21 13896
21 13948
21 13994
19 13749
23 13709
22 13958
24 8942
23 13747
22 14001
30 14139
29 14091
29 14104
23 13790
28 14359
20 13470
20 13488
20 13517
20 13533
20 13599
22 14316
21 14408
21 14411
22 14337
23 14099
21 14434
23 14104
23 14111
29 14408
20 13700
29 14449
19 14194
23 14217
22 14480
22 14487
24 9469
19 14291
24 9502
24 9540
19 14337
29 14653
19 14362
19 14416
23 14515
23 14524
23 14525
22 14758
23 14597
24 9794
26 14882
26 14895
24 9862
22 14895
24 9936
20 14217
21 15073
20 14260
21 15088
23 14815
20 14287
19 14765
19 14771
21 15146
29 15091
30 15242
26 15104
22 15040

30 15289
24 10114
29 15243
20 14498
19 14966
26 15271
19 14993
19 14994
22 15229
19 15009
29 15379
22 15259
22 15262
23 15099
21 15433
23 15106
22 15284
21 15470
21 15492
21 15497
22 15334
24 10404
22 15368
21 15625
20 14779
23 15314
21 15715
19 15344
29 15768
20 14957
23 15470
19 15449
22 15758
22 15759
21 15873
29 15859
20 15007
20 15014
23 15564
19 15538
24 10921
21 16012
24 10933
21 16042
20 15189
26 16029
21 16117
19 15713
23 15767
20 15297
22 16073
24 11181
22 16147
21 16273
19 15918
20 15457
19 15934
20 15475
21 16409
22 16337
23 16049
19 15978
29 16460
20 15571
21 16526
24 11502
29 16565
20 15725
22 16547
26 16566
19 16205
20 15796
20 15800
23 16258
20 15812
24 11645
23 16279
30 16794
22 16624
26 16648
20 15861
20 15872
22 16674
19 16296
30 16899
22 16750
23 16411
26 16771
20 15949
19 16408
21 16937
19 16491
20 16026
26 16876
19 16554
19 16662
29 17077
30 17173
23 16658
22 17139
30 17281
30 17303
19 16846
19 16857
21 17290
22 17235
30 17404
26 17333
22 17311
23 16898
21 17375
26 17357
20 16475
24 12360
24 12463
19 17074
27 16930
27 16956
19 17131
30 17687
23 17163
22 17588
21 17691
19 17243
19 17250
20 16723
21 17763
19 17285
23 17258
20 16778
28 18162
20 16817
30 17886
20 16826
20 16832
29 17741
24 12780
30 17939
26 17815
29 17812
24 12854
20 16981
23 17464
19 17599
19 17612
29 18053
22 17996
24 13059
24 13101
22 18047
26 18137
28 18534
22 18063
21 18228
29 18201
20 17224
20 17234
19 17821
22 18188
24 13243
29 18293
23 17837
19 17978
21 18460
23 17940
22 18360
22 18382
27 17969
20 17538
19 18108
21 18557
21 18565
20 17575
22 18477
19 18166
23 18102
19 18216
26 18624
23 18151
19 18260
30 18762
20 17704
22 18629
23 18206
29 18776
23 18306
27 18305
22 18815
23 18367
19 18564
21 18995
23 18534
19 18663
26 19062
21 19147
30 19272
23 18675
21 19236
22 19231
23 18765
26 19243
20 18313
23 18835
23 18867
23 18887
21 19388
29 19473
22 19369
23 18910
19 19000
27 18909
22 19414
28 19872
21 19453
19 19038
28 19892
19 19059
23 19028
23 19031
21 19630
20 18687
30 19791
23 19210
20 18708
19 19250
26 19686
20 18728
27 19206
22 19715
26 19798
20 18811
22 19771
19 19393
26 19872
22 19823
20 18933
30 20055
19 19521
23 19490
21 20031
21 20039
23 19509
21 20075
23 19530
21 20088
29 20159
22 20012
22 20028
20 19112
20 19161
22 20090
19 19677
20 19183
20 19203
23 19667
26 20207
21 20246
23 19676
23 19708
19 19854
22 20299
26 20331
29 20442
22 20369
24 15448
21 20404
22 20402
30 20543
19 19987
23 19879
28 20813
26 20460
21 20474
20 19463
24 15646
30 20705
22 20583
24 15738
22 20621
22 20650
20 19602
22 20663
21 20655
29 20739
26 20741
24 15866
30 20831
20 19654
22 20737
29 20798
22 20762
24 15928
19 20305
19 20311
19 20324
26 20826
23 20306
19 20367
30 20939
23 20352
21 20901
20 19879
22 21041
19 20500
26 21043
20 19914
24 16125
19 20599
29 21153
21 21057
20 20013
20 20031
21 21121
21 21155
29 21282
29 21325
20 20163
30 21340
19 20851
22 21426
19 20869
22 21435
26 21424
21 21309
19 20905
20 20300
30 21462
27 20810
20 20314
26 21474
29 21504
20 20362
26 21546
20 20407
24 16567
22 21595
20 20444
19 21090
21 21537
29 21660
22 21665
22 21670
29 21704
19 21157
29 21722
23 21154
30 21739
20 20571
23 21176
19 21215
19 21226
21 21715
22 21833
29 21849
21 21745
30 21863
24 16839
22 21860
21 21796
29 21929
29 21932
19 21352
19 21356
22 21964
28 22289
22 21985
21 21887
26 21970
26 21977
20 20779
21 21923
26 22011
20 20824
24 17080
29 22145
23 21518
22 22165
22 22219
28 22511
21 22095
24 17218
20 20993
22 22271
23 21645
20 21015
23 21664
29 22285
21 22181
29 22308
20 21032
30 22312
21 22254
20 21117
20 21144
21 22315
19 21846
19 21873
29 22506
21 22377
30 22507
24 17596
29 22643
30 22575
19 22032
27 21920
24 17643
23 22017
20 21408
23 22041
21 22550
19 22128
20 21444
29 22820
26 22756
19 22261
29 22946
24 17986
24 18010
22 22932
30 22980
30 23025
24 18119
23 22542
29 23198
19 22524
22 23079
19 22539
20 21830
21 23032
28 23505
20 21899
22 23167
20 22044
26 23307
23 22780
29 23464
21 23257
29 23516
30 23440
21 23345
20 22210
21 23364
21 23374
22 23462
19 22937
30 23551
19 22977
20 22425
28 23992
23 23120
30 23701
30 23719
22 23701
29 23986
19 23251
26 23839
20 22602
23 23315
29 24091
20 22687
19 23383
26 23991
29 24181
23 23438
21 24006
30 24115
19 23593
29 24372
20 22906
21 24091
20 22944
26 24210
22 24217
20 22998
23 23826
23 23881
30 24496
28 24898
21 24378
19 23925
26 24530
20 23245
26 24533
24 19702
23 24010
19 23981
20 23326
20 23357
22 24651
30 24700
24 19814
24 19826
24 19858
29 24949
22 24750
19 24176
19 24188
26 24818
22 24797
30 24867
23 24245
20 23516
19 24276
29 25093
21 24781
30 24978
30 24985
23 24322
23 24341
22 24946
30 25046
20 23789
22 25112
24 20281
22 25126
20 23837
20 23861
22 25176
21 25060
19 24630
26 25236
30 25308
23 24617
22 25268
24 20445
22 25283
19 24768
24 20491
19 24814
30 25528
30 25530
24 20652
22 25468
26 25580
24 20740
19 25016
29 25867
24 20762
22 25557
21 25454
20 24239
20 24241
21 25482
22 25624
26 25726
29 25990
29 26004
22 25669
22 25714
26 25808
28 26278
30 25922
20 24461
23 25175
21 25726
19 25310
19 25344
21 25771
24 21128
29 26282
19 25415
19 25416
26 26047
20 24625
28 26527
20 24636
20 24643
20 24653
26 26127
24 21249
30 26184
22 26099
22 26107
22 26192
24 21398
24 21402
19 25693
22 26246
30 26375
30 26378
21 26128
22 26304
26 26407
30 26478
22 26383
20 24944
20 24953
20 24957
29 26713
19 25853
29 26772
20 25016
24 21647
24 21677
21 26357
22 26557
19 26056
24 21827
20 25192
21 26497
19 26142
22 26745
29 27079
19 26150
22 26779
21 26630
19 26179
20 25372
30 26938
23 26111
24 22034
22 26858
20 25436
30 27026
22 26928
19 26307
30 27083
22 26985
21 26828
21 26849
21 26853
29 27349
19 26400
24 22241
22 27064
26 27123
26 27141
30 27259
22 27148
22 27158
22 27172
20 25748
23 26430
30 27342
22 27261
29 27616
19 26612
22 27291
30 27433
30 27451
26 27369
21 27208
21 27236
21 27265
24 22606
26 27437
26 27467
24 22650
22 27437
29 27782
30 27613
27 26802
22 27519
19 26845
22 27545
19 26862
29 27921
19 26890
20 26143
21 27484
23 26848
20 26196
22 27663
26 27759
21 27628
30 27953
26 27889
28 28384
23 27037
22 27837
28 28418
22 27918
22 27973
20 26463
21 27827
21 27841
21 27855
24 23188
29 28412
23 27287
26 28147
24 23325
19 27466
26 28285
19 27546
23 27502
20 26789
21 28291
23 27613
26 28490
22 28465
21 28373
22 28472
21 28397
24 23654
28 29068
21 28450
28 29129
23 27796
26 28615
21 28489
19 27898
22 28601
20 27085
19 27965
22 28696
30 28920
26 28750
21 28618
20 27230
22 28764
21 28673
24 23962
24 23969
23 28023
20 27306
29 29274
20 27342
22 28897
23 28129
19 28298
30 29215
26 29061
23 28251
26 29115
29 29630
29 29645
21 29013
23 28354
29 29712
29 29727
23 28459
28 29979
21 29254
26 29443
23 28585
20 27890
29 29987
26 29509
26 29513
30 29721
20 27995
21 29406
24 24689
20 28027
23 28702
30 29767
20 28086
22 29604
23 28782
19 28885
21 29516
19 28912
24 24805
19 28926
19 28953
29 30246
24 24868
21 29642
22 29787
19 29048
19 29092
19 29121
20 28359
21 29732
20 28369
29 30418
22 29899
23 29122
19 29189
23 29142
30 30140
19 29226
22 29962
30 30168
26 30056
20 28484
24 25184
24 25195
26 30201
24 25234
23 29361
22 30176
19 29461
19 29468
20 28672
26 30314
23 29468
29 30905
30 30580
21 30203
21 30207
23 29582
30 30641
20 28884
30 30645
21 30310
21 30332
26 30593
22 30530
23 29674
26 30622
22 30567
23 29680
23 29687
22 30611
19 29892
30 30864
20 29110
24 25735
29 31237
23 29834
20 29158
22 30749
20 29181
19 30020
22 30811
26 30944
20 29220
20 29237
30 31081
19 30096
24 25916
22 30857
24 25945
28 31446
19 30192
29 31510
21 30899
20 29511
26 31246
29 31699
26 31262
30 31403
22 31194
24 26315
20 29654
21 31076
21 31077
26 31384
22 31281
19 30606
26 31483
19 30614
26 31497
29 31908
23 30510
22 31417
30 31669
30 31686
23 30602
23 30617
21 31357
22 31549
21 31369
26 31704
22 31569
22 31582
23 30714
24 26687
22 31626
26 31802
23 30798
21 31531
23 30886
22 31756
23 30930
26 31935
19 31130
26 31956
22 31844
21 31732
21 31806
29 32493
23 31099
20 30400
22 31931
24 27067
23 31146
21 31899
20 30465
23 31194
26 32200
29 32640
20 30542
21 31989
29 32717
29 32723
20 30590
22 32150
29 32758
19 31504
23 31398
20 30651
19 31569
20 30721
30 32565
29 32887
21 32182
27 31624
19 31674
24 27460
26 32525
29 33098
29 33106
22 32517
29 33200
19 31891
20 31004
26 32739
23 31736
29 33285
30 32874
24 27801
24 27817
26 32865
24 27824
20 31155
20 31167
19 32053
24 27850
23 31859
30 33018
21 32690
29 33484
23 31892
29 33492
21 32737
29 33549
22 32870
22 32881
22 32891
20 31334
29 33642
24 27998
20 31349
23 31991
24 28022
19 32284
26 33129
23 32094
21 32960
30 33304
19 32383
30 33322
20 31489
21 33007
20 31501
30 33404
22 33093
21 33070
19 32499
26 33296
21 33134
21 33140
24 28307
22 33229
19 32646
24 28352
26 33463
30 33585
22 33263
21 33235
21 33252
21 33259
23 32400
20 31741
26 33523
19 32744
21 33356
22 33409
19 32822
20 31899
23 32557
24 28552
23 32568
29 34285
20 31973
23 32634
21 33497
26 33748
20 32027
30 33917
19 32964
21 33547
24 28693
21 33581
29 34454
19 33036
19 33077
29 34555
19 33118
23 32862
19 33188
26 34007
22 33816
19 33238
29 34682
19 33259
27 33215
29 34702
22 33937
19 33354
22 33979
20 32413
20 32456
23 33150
22 34083
24 29185
23 33170
19 33440
22 34109
27 33444
21 34076
30 34478
21 34093
20 32579
23 33288
30 34553
22 34283
23 33359
30 34634
19 33702
26 34592
29 35205
19 33782
24 29563
23 33527
30 34819
22 34545
27 33846
20 32916
27 33879
20 32934
21 34482
23 33632
29 35372
21 34513
29 35410
24 29756
19 34008
30 35054
28 35391
19 34055
23 33742
19 34105
23 33807
30 35173
29 35620
30 35229
22 34895
22 34935
26 35091
27 34237
23 33949
19 34309
20 33341
24 30147
24 30148
22 35072
21 34934
26 35288
29 35862
21 34968
21 34986
22 35163
21 35019
29 35916
29 35929
21 35048
26 35446
29 36001
24 30395
21 35211
29 36099
21 35233
19 34690
24 30495
19 34705
23 34367
19 34726
20 33754
19 34739
23 34406
21 35331
26 35723
19 34878
19 34888
29 36331
29 36350
23 34637
30 36112
19 35046
30 36137
20 34092
21 35630
22 35809
20 34122
23 34766
24 30950
29 36534
19 35138
21 35663
23 34852
30 36332
22 35932
21 35761
23 34926
22 35965
30 36404
30 36414
19 35312
30 36475
24 31209
20 34436
26 36193
26 36195
23 35092
30 36579
22 36189
24 31349
20 34564
21 36060
19 35515
19 35526
21 36146
24 31526
19 35636
24 31561
26 36462
22 36374
19 35667
22 36399
30 36850
24 31613
19 35743
24 31661
22 36477
20 34811
19 35769
28 37123
30 36970
30 36992
30 37003
23 35525
19 35921
26 36744
23 35630
20 35031
29 37458
22 36739
21 36631
21 36640
20 35180
23 35825
28 37487
20 35241
23 35852
24 32221
26 37116
19 36297
19 36307
24 32285
20 35411
24 32305
21 36947
29 37898
24 32384
20 35521
30 37646
22 37186
21 37051
21 37090
26 37308
21 37115
30 37722
21 37122
23 36222
20 35629
22 37293
20 35654
22 37309
24 32523
26 37385
23 36275
19 36569
21 37178
22 37423
20 35790
22 37485
21 37337
23 36415
24 32809
23 36499
19 36883
30 38101
24 32938
23 36585
30 38196
27 36931
20 36124
30 38223
23 36650
24 33029
28 38419
26 37883
24 33068
22 37864
19 37074
30 38317
23 36745
29 38593
23 36749
23 36752
29 38641
21 37762
23 36849
23 36854
22 38003
30 38447
20 36339
19 37225
19 37231
28 38659
30 38520
26 38155
19 37323
30 38594
20 36442
21 37943
24 33392
20 36543
19 37428
24 33482
26 38278
30 38706
26 38301
19 37472
23 37127
27 37458
22 38351
22 38417
19 37682
30 38891
20 36779
20 36783
24 33774
21 38334
30 38940
21 38356
21 38366
19 37815
28 39227
22 38560
20 36921
23 37455
21 38476
19 37914
20 37000
24 33995
19 38004
24 34021
19 38028
30 39338
19 38147
19 38170
20 37201
20 37255
23 37781
22 38944
24 34291
26 39063
30 39522
22 39040
27 38238
20 37421
30 39634
21 38999
23 37998
24 34507
20 37472
22 39193
23 38079
20 37525
23 38110
28 40014
21 39249
20 37638
19 38692
20 37692
30 39949
29 40198
30 39963
20 37712
24 34815
24 34882
21 39424
20 37815
23 38436
19 38868
21 39500
20 37862
23 38495
19 38930
19 38943
19 38967
26 39749
30 40233
23 38655
19 39080
26 39828
29 40503
20 38063
23 38714
19 39128
22 39793
21 39772
23 38771
20 38131
22 39874
22 39876
24 35386
30 40486
22 39936
20 38278
30 40570
29 40775
22 40011
26 40181
21 40002
26 40209
29 40881
23 39043
26 40235
29 40913
29 40916
24 35685
23 39082
30 40837
23 39110
22 40189
24 35761
30 40912
19 39679
22 40294
26 40457
24 35859
19 39732
22 40333
24 35895
29 41223
26 40611
22 40412
23 39368
27 39706
21 40423
29 41326
23 39410
19 39929
19 39945
23 39455
21 40515
22 40531
26 40769
29 41434
20 38902
26 40791
23 39537
19 40027
30 41367
24 36234
20 39010
29 41634
19 40196
29 41652
30 41474
19 40216
19 40263
30 41538
20 39129
30 41549
19 40324
19 40337
20 39188
29 41815
0893
30 41574
26 41137
19 40403
19 40416
23 39857
22 40967
19 40498
21 41073
22 41016
19 40530
22 41025
20 39321
22 41065
26 41255
29 41998
21 41146
21 41158
28 42060
29 42070
29 42097
19 406642 40024
20 39491
30 41904
20 39541
29 42253
20 39573
24 36831
20 39586
29 42303
24 36869
22 41334
20 39626
21 41421
21 41470
21 41472
29 42386
20 39697
21 41495
23 40231
19 40927
21 41514
19 40974
20 39765
24 37067
21 41637
22 41564
22 41574
30 42288
26 41794
23 40407
21 41712
21 41721
23 40463
23 40465
21 41783
21 41803
24 37293
22 41835
29 42838
29 42901
19 41367
30 42620
24 37433
20 40139
20 40140
26 42166
21 42067
29 42974
22 42029
20 40229
19 41476
21 42155
20 40261
30 42791
22 42110
30 42812
24 37626
24 37730
27 41408
22 42243
23 41022
30  2964

29 43299
21 42377
21 42395
20 40505
23 41117
29 43355
2126  43359
2424
219 41848
26 42614
19 41863
20 40647
21 42574
29 43520
26 42689
30 43251
30 43261
20 40735
19 42037
19 42048
22 42651
29 43773
21 42815
20 40872
30 43503
20 40947
20 40971
22 42861
26 43053
19 42335
19 42345
24 38472
27 42163
22 42926
24 38497
22 42946
30 43701
21 43088
20 41175
20 41194
21 43115
22 43129
29 44185
29 44196
23 41960
30 43882
23 41982
29 44283
20 41398
21 43287
26 43490
30 43967
30 43995
24 38980
23 42215
27 42704
22 43432
24 39020
24 39026
26 43712
20 41661
23 42292
23 42305
23 42323
29 44615
19 43046
23 42360
30 44241
20 41765
29 44752
30 44335
19 43227
29 44848
22 43699
21 43825
21 43831
30 44462
22 43755
26 44058
26 44064
26 44111
23 42736
22 43911
20 42166
26 44203
23 42787
23 42811
23 42814
20 42215
19 43621
23 42836
19 43645
21 44137
29 45217
24 39660
22 44064
22 44088
28 45178
29 45341
22 44142
26 44439
24 39828
20 42424
20 42425
21 44369
19 43904
30 44992
20 42496
19 43951
21 44440
22 44346
23 43191
20 42641
22 44405
20 42662
22 44432
22 44434
23 43302
21 44667
21 44693
24 40175
20 42800
21 44748
30 45323
24 40217
23 43425
30 45358
20 42868
30 45381
21 44855
20 42906
26 44997
23 43522
20 42935
21 44915
20 42963
19 44373
27 44069
22 44728
23 43588
30 45535
19 44490
22 44814
28 45905
29 46088
27 44247
29 46111
19 44575
22 44933
24 40559
19 44618
19 44625
30 45745
19 44659
24 40634
27 44344
20 43261
22 45056
19 44728
23 43898
29 46291
26 45419
19 44769
27 44402
24 40702
20 43311
19 44808
29 46332
22 45199
22 45220
21 45427
19 44945
22 45262
21 45457
24 40890
22 45324
20 43500
24 40936
29 46546
27 44645
21 45569
30 46122
24 41030
27 44693
24 41039
29 46652
26 45803
19 45226
19 45276
30 46325
21 45795
23 44429
29 46805
24 41222
28 46585
19 45343
29 46835
24 41276
20 43800
20 43805
24 41318
26 46001
19 45462
19 45465
22 45765
19 45528
29 47043
26 46185
20 44015
30 46630
24 41580
24 41588
22 45923
19 45752
22 46073
19 45845
21 46350
23 44939
19 45905
19 45921
19 45957
21 46470
29 47427
21 46481
19 46012
29 47443
21 46503
23 45046
30 47037
22 46393
23 45154
29 47599
23 45189
21 46667
24 42074
30 47170
19 46184
26 46758
22 46459
29 47723
21 46805
23 45359
20 44735
26 46967
22 46632
23 45452
23 45460
24 42381
20 44831
22 46707
20 44889
21 47034
24 42470
21 47117
26 47210
24 42550
23 45619
20 45031
22 46931
26 47304
23 45683
19 46782
22 46992
29 48199
21 47315
21 47364
20 45215
20 45222
24 42790
22 47123
29 48325
22 47129
22 47190
19 47009
19 47010
22 47220
19 47019
20 45355
29 48427
20 45426
19 47121
23 46047
21 47716
24 43128
24 43142
19 47256
21 47845
23 46211
24 43267
26 47957
24 43388
23 46355
26 48127
22 47723
28 48704
19 47571
29 49028
29 49048
19 47617
24 43534
19 47626
20 45937
19 47688
22 47880
24 43598
26 48296
21 48244
28 48884
22 47942
23 46600
30 48673
19 47853
24 43714
23 46715
20 46156
29 49387
24 43848
19 47953
20 46208
19 47967
22 48140
29 49466
20 46238
21 48490
24 43912
19 48054
19 48070
22 48246
22 48254
24 44004
19 48166
21 48646
20 46374
22 48396
22 48403
20 46443
24 44172
24 44176
19 48283
20 46477
20 46494
22 48486
28 49402
20 46532
30 49194
21 48831
21 48832
30 49230
21 48862
20 46561
20 46562
22 48565
24 44323
21 48938
19 48513
23 47315
20 46672
21 49009
21 49062
28 49668
21 49068
30 49487
19 48645
23 47454
26 49172
19 48687
22 48835
21 49198
23 47520
26 49257
21 49233
30 49621
19 48794
29 50228
21 49263
30 49641
20 46952
23 47601
22 48960
20 46977
26 49361
24 44793
20 47017
22 49037
19 48883
19 48899
20 47046
24 44849
22 49137
29 50431
22 49209
29 50569
22 49296
26 49652
23 47875
22 49351
23 47912
20 47312
30 50042
29 50673
24 45120
23 47963
19 49224
19 49244
28 50388
30 50116
23 48034
21 49808
23 48059
23 48095
21 49891
22 49614
20 47593
19 49468
26 50065
19 49500
26 50073
20 47645
23 48241
29 50970
30 50388
30 50436
22 49762
22 49780
30 50466
19 49617
22 49849
21 50170
24 45597
29 51200
21 50227
19 49734
30 50664
30 50672
21 50294
19 49809
29 51313
22 50049
20 47959
20 47965
23 48588
23 48611
23 48621
21 50435
26 50510
21 50491
19 49986
23 48748
24 45947
24 45951
24 45967
20 48198
19 50091
19 50179
21 50678
22 50381
26 50768
22 50410
27 49692
29 51698
20 48331
20 48341
21 50745
21 50751
19 50262
19 50271
29 51755
26 50895
22 50482
23 49019
26 50928
21 50843
22 50523
26 50953
21 50854
24 46240
19 50364
19 50378
24 46304
22 50648
24 46364
30 51389
20 48557
20 48563
20 48570
19 50530
21 51063
23 49285
30 51492
21 51112
19 50597
19 50600
21 51135
24 46568
20 48707
19 50710
21 51215
24 46684
29 52321
22 50998
20 48873
20 48876
20 48895
21 51360
23 49552
26 51508
23 49568
21 51402
29 52403
19 50899
19 50914
21 51455
22 51125
24 46924
26 51612
24 46966
29 52540
23 49698
23 49718
23 49723
19 51130
26 51768
20 49187
22 51329
20 49200
29 52688
23 49813
29 52703
30 52083
19 51226
26 51870
28 52505
30 52169
19 51296
30 52211
21 51781
21 51788
21 51805
23 50028
30 52306
24 47420
23 50076
23 50091
20 49506
29 53008
23 50184
22 51774
24 47592
24 47610
29 53133
19 51651
21 52112
26 52328
30 52622
20 49700
26 52383
19 51737
26 52416
29 53329
20 49845
20 49858
21 52430
30 52861
19 51938
26 52613
20 49989
20 50000
20 50003
19 52005
29 53573
30 52961
29 53635
30 52997
23 50721
21 52618
27 51623
20 50136
30 53124
26 52939
20 50276
20 50280
23 50896
23 50900
26 53007
26 53019
19 52368
21 52896
30 53351
23 51013
19 52475
20 50431
30 53412
20 50460
20 50475
19 52556
29 54084
21 53063
20 50511
30 53479
29 54112
27 52049
29 54170
21 53177
30 53596
19 52747
19 52753
19 52767
20 50719
29 54363
19 52891
19 52909
23 51433
23 51447
21 53463
19 52956
19 52977
29 54547
23 51491
30 53903
21 53617
21 53622
30 54006
23 51648
22 53304
23 51684
23 51697
22 53400
19 53231
19 53261
29 54868
21 53818
29 54881
21 53837
20 51235
26 54053
26 54057
19 53385
29 55009
22 53611
19 53458
19 53476
30 54443
21 54077
19 53612
19 53623
19 53670
21 54184
22 53907
26 54462
22 53939
20 51727
26 54543
22 54012
26 54615
26 54637
19 53928
27 53391
19 53966
26 54714
23 52456
21 54554
21 54564
22 54212
23 52476
26 54778
21 54597
26 54782
21 54617
20 52022
22 54252
23 52520
22 54267
19 54093
29 55771
26 54895
29 55818
26 2954924
55829
20 52138
29 55866
28 55463
29 55901
19 54327
19 54347
22 54543
20 52313
19 54432
20 52362
22 54667
23 53009
23 53032
19 54479
21 55008
19 54506
30 55351
22 54743
20 52490
21 55070
19 54583
23 53211
22 54841
19 54646
20 52607
30 55550
20 52667
20 52670
22 54946
21 55421
22 54989
22 54994
29 56532
30 55754
21 55521
20 52798
21 55604
20 52881
26 55697
27 54415
21 55705
19 54960
29 56736
23 53727
20 52954
22 55233
23 53742
19 54985
29 56773
20 52984
30 55988
19 55060
22 55358
27 54655
30 56100
21 55876
30 56168
30 56191
20 53198
20 53219
21 56006
27 54853
19 55302
19 55320
19 55334
22 55628
20 53272
23 54085
30 56257
29 57150
19 55401
30 56360
20 53323
23 54187
23 54197
19 55500
20 53494
22 55810
19 55573
21 56288
23 54378
28 57122
21 56335
20 53699
23 54421
20 53735
22 55997
29 57468
19 55707
30 56692
29 57528
20 53824
21 56454
26 56680
22 56089
30 56745
29 57612
27 55390
29 57693
28 57470
29 57757
20 54084
21 56707
19 55888
21 56768
19 55954
23 54847
20 54256
29 57919
21 56987
19 56025
30 57227
22 56499
23 55033
19 56215
19 56217
29 58056
20 54471
20 54497
23 55111
22 56694
19 56278
19 56300
19 56305
21 57219
22 56752
21 57267
23 55267
30 57608
20 54674
30 57626
20 54732
21 57333
29 58313
23 55332
19 56470
30 57725
22 56991
20 54803
19 56535
22 57007
29 58466
21 57481
29 58540
22 57148
28 58329
30 57953
20 54987
21 57681
30 57989
22 57223
22 57232
19 56822
19 56824
29 58743
22 57304
20 55126
22 57335
20 55163
29 58863
20 55189
19 57051
22 57408
30 58253
19 57101
22 57445
19 57108
21 58020
22 57494
19 57181
30 58375
30 58379
23 56000
21 58113
19 57252
19 57262
23 56055
21 58151
30 58480
20 55495
21 58165
19 57409
30 58607
28 59084
21 58289
20 55607
21 58350
29 59565
21 58584
20 55931
20 55977
21 58647
23 56626
23 56657
22 58246
19 57948
22 58299
22 58356
30 59207
19 58047
21 58889
22 58552
23 56802
29 60154
19 58155
20 56291
20 56304
20 56309
19 58182
23 56848
21 58972
20 56328
29 60250
23 56929
21 59026
29 60308
19 58269
21 59115
23 57035
19 58403
30 59617
22 58844
23 57182
21 59296
29 60618
30 59812
19 58598
20 56795
29 60779
30 59950
23 57561
22 59199
21 59647
20 56905
29 60935
19 58828
19 58832
29 61036
20 56983
20 57004
19 58894
19 58955
21 59861
19 58984
21 59870
30 60243
30 60269
19 59021
22 59462
19 59044
21 59931
21 59933
29 61251
30 60344
30 60363
26 60617
20 57263
19 59255
30 60520
21 60192
29 61494
29 61552
30 60625
30 60719
19 59471
20 57595
27 59083
22 59950
23 58357
21 60422
19 59565
23 58444
21 60511
22 60088
23 58511
19 59709
23 58576
23 58632
30 61104
21 60705
20 57933
19 59886
23 58730
19 59903
29 62024
21 60831
20 58055
30 61310
20 58089
19 59996
21 60905
21 60967
20 58170
23 58895
22 60588
29 62329
23 58924
19 60220
19 60231
26 61756
30 61632
20 58340
21 61170
30 61677
27 59888
20 58441
22 60827
21 61272
23 59153
23 59156
28 62079
21 61363
20 58606
21 61436
22 61007
21 61472
21 61534
29 63048
21 61748
26 62378
19 60877
20 59007
20 59023
29 63187
30 62241
22 61275
22 61338
21 61887
20 59141
29 63298
23 59819
20 59193
22 61408
29 63347
20 59257
20 59296
22 61508
21 62163
30 62536
30 62543
19 61212
30 62584
28 63117
21 62294
22 61657
23 60086
19 61295
23 60133
21 62392
30 62697
22 61841
23 60260
21 62546
21 62601
20 59778
20 59870
29 64018
29 64037
19 61706
19 61722
23 60568
20 59982
19 61813
21 62976
19 61897
21 63030
23 60733
19 61970
23 60776
22 62429
30 63325
20 60234
27 61587
19 62057
21 63197
21 63243
29 64487
22 62650
19 62219
30 63523
21 63377
22 62711
19 62297
21 63435
23 61083
20 60543
23 61209
30 63748
20 60693
19 62481
22 62962
30 63908
21 63783
19 62793
30 64063
19 62832
20 61030
23 61604
20 61048
19 62863
21 63955
20 61068
30 64158
23 61661
19 62949
19 62975
21 64071
21 64104
19 63055
19 63067
19 63106
19 63135
30 64353
21 64259
30 64389
29 65409
19 63217
19 63240
21 64340
28 65113
19 63268
23 62067
20 61526
21 64446
20 61577
20 61579
19 63418
21 64486
30 64663
26 65102
29 65720
30 64739
21 64561
19 63549
30 64855
22 64115
19 63726
26 65432
21 64788
30 65043
29 66036
29 66044
19 63830
22 64302
19 63846
22 64408
20 62118
20 62122
19 63954
22 64450
21 65071
29 66322
30 65325
29 66368
29 66384
22 64631
20 62381
23 63093
29 66621
26 66033
19 64306
21 65363
20 62501
30 65703
29 66751
29 66754
23 63268
19 64460
30 65777
19 64524
23 63343
22 65006
30 65921
19 64686
19 64735
21 65722
20 62856
23 63540
21 65788
21 65803
28 66681
23 63642
19 64869
19 64881
23 63683
21 65955
19 64911
19 64914
21 65985
21 66014
21 66058
20 63190
21 66187
30 66470
21 66379
21 66427
19 65320
28 67170
23 64163
20 63469
30 66687
19 65422
26 67149
19 65442
30 66770
23 64296
19 65502
30 66812
20 63633
26 67271
23 64429
30 66950
23 64460
28 67459
21 66767
20 63800
29 68072
29 68110
23 64605
23 64660
30 67164
23 64707
22 66324
29 68309
30 67306
19 66072
23 64840
20 64132
19 66119
26 67916
30 67448
19 66186
30 67463
23 64967
21 67383
20 64289
21 67391
20 64386
19 66336
19 66337
20 64413
23 65111
29 68747
20 64462
20 64464
22 66788
19 66429
30 67764
30 67769
21 67670
19 66501
30 67803
20 64655
29 68942
21 67762
20 64725
23 65430
23 65465
19 66745
22 67126
23 65565
29 69245
22 67271
30 68113
19 66941
23 65673
20 65019
20 65049
20 65058
29 69411
22 67422
30 68260
29 69478
20 65161
19 67177
29 69497
23 65847
28 68962
20 65216
21 68402
29 69571
22 67591
28 69030
19 67312
29 69709
22 67717
20 65390
23 66072
20 65421
23 66140
20 65479
20 65502
23 66198
19 67525
26 69385
23 66285
30 68770
20 65603
23 66353
29 69980
26 69570
20 65683
20 65686
22 67997
21 69025
27 67193
21 69047
29 70204
29 70209
29 70219
21 69138
29 70245
19 67928
21 69174
21 69186
21 69201
20 65924
21 69251
21 69256
29 70347
20 65972
23 66746
23 66873
29 70541
29 70551
20 66193
19 68272
22 68577
19 68324
26 70265
22 68627
26 70333
21 69651
21 69661
29 70727
22 68663
22 68673
19 68471
29 70825
21 69793
21 69843
21 69885
22 68913
19 68635
29 71029
22 68978
20 66682
29 71093
20 66716
23 67459
21 70059
19 68791
23 67521
30 70068
30 70118
21 70193
23 67610
22 69236
29 71289
20 66853
23 67659
30 70227
19 69025
30 70238
23 67684
22 69307
21 70291
29 71379
21 70314
26 71066
19 69232
21 70524
21 70526
23 67954
30 70558
22 69578
30 70583
20 67152
21 70641
29 71693
20 67195
29 71714
22 69715
29 71746
21 70710
22 69760
29 71788
21 70760
19 69524
23 68158
21 70787
19 69564
29 71860
23 68258
29 71986
29 72023
22 70044
23 68414
20 67504
20 67555
20 67575
21 71099
20 67592
21 71119
22 70201
19 69904
22 70204
22 70221
30 71208
29 72276
19 70023
28 71818
21 71266
20 67741
29 72379
20 67762
20 67773
20 67812
21 71398
21 71427
23 68872
20 67917
22 70592
20 67965
22 70666
23 68965
19 70383
28 72258
22 70842
22 70875
21 71768
29 72931
19 70874
21 72146
22 71257
21 72154
21 72160
20 68588
20 68600
22 71428
19 71108
22 71458
20 68691
22 71487
20 68730
29 73666
19 71212
20 68816
22 71622
19 71272
29 73774
23 69936
29 73838
30 72540
21 72585
23 69973
20 68955
27 70813
23 70093
19 71482
26 73593
29 74017
19 71545
21 72830
22 71986
22 71987
20 69193
21 72862
27 71025
29 74109
20 69257
20 69288
22 72107
30 72894
21 72980
20 69310
27 71144
23 70353
22 72178
21 73063
29 74277
19 71835
30 73142
29 74446
22 72418
22 72445
23 70651
22 72481
22 72513
26 74223
30 73310
19 72105
19 72141
23 70810
21 73545
28 74200
30 73586
29 74867
30 73611
29 74890
20 69979
20 69987
22 72915
30 73689
21 73822
29 75056
20 70198
20 70262
19 72587
21 73969
21 73983
29 75182
22 73141
27 72254
28 74687
20 70456
21 74275
22 73348
21 74318
22 73389
22 73396
21 74404
19 73005
22 73468
29 75545
21 74454
28 74965
22 73570
26 75185
28 75071
28 75080
30 74482
21 74644
21 74679
20 70864
22 73743
19 73327
22 73761
21 74739
19 73343
30 74601
19 73375
20 70971
21 74811
21 74844
29 75976
30 74718
19 73495
21 74964
29 76119
29 76153
20 71197
19 73667
20 71254
27 73224
29 76380
20 71343
19 73845
19 73847
21 75273
19 73863
19 73872
29 76527
20 71443
21 75432
20 71547
21 75467
21 75474
19 74130
21 75512
19 74172
30 75500
22 74699
19 74345
22 74707
29 76888
21 75691
20 71883
29 76906
30 75584
30 75588
19 74432
29 76949
30 75633
30 75663
22 74884
20 72058
21 75864
30 75723
22 74929
22 74942
30 75753
22 74961
20 72161
21 75944
21 75948
21 75996
29 77193
20 72257
20 72268
19 74698
29 77291
21 76078
29 77321
22 75160
22 75175
19 74805
30 76014
29 77427
21 76216
20 72493
22 75281
22 75341
20 72555
19 75066
20 72599
20 72670
22 75576
19 75151
30 76342
20 72718
30 76348
22 75656
19 75205
26 77348
29 77770
19 75242
30 76397
30 76404
19 75245
19 75252
20 72830
22 75745
30 76445
19 75285
29 77872
21 76633
19 75388
21 76649
30 76601
21 76668
19 75411
20 73004
19 75466
30 76690
19 75544
19 75560
21 76823
20 73145
20 73182
29 78203
20 73206
20 73225
20 73262
21 76989
30 76985
30 77040
21 77073
21 77090
22 76345
22 76397
27 75368
19 76013
30 77273
19 76038
22 76522
20 73535
30 77305
30 77331
20 73615
19 76133
22 76602
19 76150
21 77403
19 76228
22 76720
29 78750
28 78300
30 77551
20 73835
22 76820
29 78844
30 77658
30 77674
21 77604
28 78462
29 78930
30 77783
19 76539
19 76591
30 77912
28 78741
20 74225
22 77378
21 77874
30 77981
20 74281
19 76759
29 79281
30 78119
20 74406
29 79403
29 79469
20 74495
21 78271
19 77029
21 78326
19 77181
21 78567
19 77285
20 74762
20 74772
19 77419
21 78743
20 74895
21 78878
19 77536
21 78926
28 79565
29 79958
19 77663
21 79092
29 80059
21 79132
29 80245
29 80248
21 79249
29 80308
19 77856
19 77859
29 80362
21 79307
28 79899
20 75324
29 80516
21 79432
28 80046
19 78050
21 79489
19 78068
21 79529
19 78105
20 75469
29 80653
30 79342
28 80200
28 80202
29 80718
21 79708
29 80770
30 79526
21 79777
29 80835
30 79566
28 80324
29 80862
30 79614
29 80918
30 79663
20 75843
20 75878
20 75899
19 78553
20 75946
19 78601
20 75970
28 80528
19 78667
21 80014
20 76074
20 76099
30 79854
19 78757
30 79885
21 80135
19 78877
20 76294
29 81386
19 79011
20 76335
20 76351
28 80837
30 80099
21 80459
21 80494
21 80518
30 80283
21 80616
28 81194
21 80725
19 79523
29 81925
29 81927
19 79584
19 79587
29 81955
29 81971
21 80815
19 79660
29 82027
29 82051
21 80866
28 81400
19 79743
29 82141
30 80707
21 80988
29 82258
20 77098
28 81619
20 77224
21 81117
29 82410
20 77337
20 77347
21 81224
30 81028
21 81318
29 82567
21 81381
29 82619
20 77553
21 81540
30 81263
21 81588
20 77696
20 77729
30 81366
19 80569
21 81828
19 80645
21 81919
27 79483
20 78013
19 80871
29 83221
19 80881
20 78073
27 79682
19 80987
30 81742
30 81992
30 82068
19 81336
20 78518
19 81407
20 78537
19 81435
19 81483
21 82724
21 82773
21 82776
21 82813
19 81592
29 83962
21 82898
20 78724
29 83998
19 81719
21 82993
20 78873
21 83061
30 82596
21 83094
21 83112
20 79100
21 83253
19 81943
30 82844
20 79153
19 81996
21 83378
19 82072
19 82094
21 83501
19 82200
30 83192
19 82363
29 84831
29 84839
30 83569
30 83581
30 83703
29 85056
29 85079
30 83916
29 85139
29 85173
20 79960
30 84100
29 85235
30 84138
29 85254
30 84245
20 80110
20 80143
19 83033
19 83056
21 84556
29 85509
21 84611
30 84474
29 85538
29 85543
30 84490
20 80326
19 83218
19 83315
21 84803
20 80682
29 85855
19 83550
19 83682
29 86003
20 80915
19 83751
21 85178
28 85840
19 83806
19 83813
19 83816
19 83828
21 85252
29 86269
29 86287
20 81219
30 85317
20 81278
20 81315
20 81335
21 85641
20 81398
29 86630
29 86780
20 81533
29 86833
29 86889
20 81722
20 81757
20 81767
19 84793
30 86085
19 84839
27 83620
20 81983
29 87307
19 84935
20 82031
20 82052
29 87379
20 82077
20 82079
20 82131
27 83907
19 85112
21 86463
19 85434
21 86621
19 85472
19 85496
21 86656
21 86697
29 87835
20 82510
30 86687
29 87930
21 86820
30 86770
30 86785
21 86894
29 88177
20 82739
21 87035
19 85939
21 87103
19 86047
29 88362
20 82952
21 87291
21 87293
21 87386
21 87407
29 88650
27 85055
30 87316
19 86404
19 86410
30 87389
29 88813
20 83360
21 87680
30 87549
19 86647
21 87783
30 87606
21 87821
29 89069
20 83648
21 87937
29 89111
21 87975
20 83741
20 83758
21 88049
20 83833
20 83893
27 85618
30 87902
21 88249
20 84087
29 89409
19 87095
19 87140
19 87170
29 89509
20 84254
29 89607
20 84311
30 88227
20 84472
30 88523
19 87542
29 90039
29 90052
20 84751
29 90242
20 84767
19 87767
21 89125
19 87775
20 84858
19 87910
21 89266
29 90495
21 89437
29 90599
21 89478
19 88198
21 89510
20 85185
30 89284
20 85207
19 88278
29 90767
21 89609
29 90870
19 88367
30 89489
21 89682
21 89721
20 85415
21 89831
29 91199
29 91215
21 89908
19 88630
29 91301
20 85628
21 89952
21 90022
29 91457
29 91497
19 88889
29 91633
29 91660
19 88959
29 91669
30 90050
20 85997
19 89077
30 90113
30 90115
21 90312
20 86068
19 89121
29 91846
28 90907
29 91986
21 90437
20 86215
19 89297
21 90554
29 92118
20 86348
21 90625
20 86428
21 90734
29 92253
20 86458
20 86492
29 92368
30 90608
30 90609
21 90936
21 91001
30 90754
20 86708
28 91737
28 91803
29 92657
21 91215
30 90997
30 91021
20 86891
20 86907
30 91110
19 89982
19 89986
29 92840
21 91389
21 91418
29 92892
19 90084
21 91472
21 91473
21 91493
21 91496
28 92070
21 91509
30 91380
19 90142
30 91455
21 91616
19 90281
21 91692
19 90336
21 91744
21 91793
20 87298
21 91857
30 91796
19 90649
19 90665
19 90695
29 93491
29 93495
28 92633
20 87590
30 92023
20 87641
19 90908
19 90955
21 92324
29 93868
21 92377
30 92252
19 91046
21 92439
29 94028
19 91125
29 94100
19 91143
20 87894
30 92440
21 92643
29 94246
20 88017
21 92667
30 92487
19 91310
19 91331
19 91340
19 91341
30 92592
29 94418
29 94514
19 91558
29 94590
19 91645
19 91656
19 91712
19 91756
29 94737
30 93076
19 91870
21 93192
29 94848
21 93260
19 92018
30 93346
21 93417
20 88781
29 95016
28 94309
20 88816
29 95149
29 95161
21 93610
20 89033
29 95326
21 93708
21 93715
30 93733
21 93728
30 93816
21 93829
20 89189
19 92691
20 89232
29 95507
19 92749
19 92787
20 89308
21 93969
29 95570
20 89327
21 94003
29 95687
20 89458
20 89460
19 93011
30 94152
30 94176
19 93058
20 89493
29 95791
29 95822
21 94233
19 93217
20 89588
20 89618
30 94316
29 96008
19 93292
19 93325
20 89732
30 94440
20 89772
20 89781
30 94461
19 93427
28 95409
21 94646
20 90004
19 93653
19 93659
21 94709
21 94724
29 96471
19 93734
21 94800
30 94868
19 93851
21 95106
21 95119
19 93934
30 95102
21 9524620
90391
29 96921
29 96949
29 96954
19 94244
20 90618
21 95502
29 97185
29 97204
21 95626
19 94409
19 94428
21 95652
20 90837
21 95714
20 90969
30 95815
29 97442
29 97444
21 95832
21 95885
29 97518
29 97525
30 95908
21 95920
19 94852
21 96096
29 97904
29 97969
19 95072
30 96305
19 95125
20 91478
20 91501
19 95185
29 98116
30 96453
19 95254
29 98233
21 96646
21 96653
21 96759
30 96666
29 98414
21 96899
30 96775
29 98585
19 95676
20 92010
30 96952
29 98873
20 92314
29 98910
20 92365
19 96063
30 97268
30 97292
19 96111
29 99020
19 96136
19 96155
29 99080
30 97368
27 94679
29 99123
29 99144
30 97435
29 99267
29 99296
30 97576
30 97618
19 96390
29 99461
19 96599
29 99568
30 97869
21 98051
19 96733
21 98116
20 93011
21 98160
29 99713
19 96850
21 98213
21 98248
21 98255
19 96887
28 99076
30 98067
21 98299
19 96949
21 98336
19 96992
19 96995
19 97050
19 97060
30 98192
29 99981
19 97121
20 93294
29 100030
20 93331
21 98619
19 97337
27 95843
30 98558
21 98801
27 95865
29 100336
21 98844
19 97557
21 98875
29 100377
28 99870
21 98902
21 98912
29 100401
29 100472
20 93721
19 97730
30 98780
19 97805
29 100623
21 99112
20 93891
29 100659
29 100723
20 94028
29 100883
29 100909
21 99331
20 94125
19 98045
29 101047
20 94173
29 101085
20 94215
20 94229
19 98151
19 98158
21 99511
21 99523
21 99575
29 101265
29 101365
21 99683
29 101397
20 94450
19 98375
21 99822
27 96846
20 94554
19 98534
19 98542
21 99964
20 94629
19 98599
20 94721
20 94729
21 100114
21 100158
19 98800
27 97135
28 101239
20 94906
20 94911
20 94921
21 100304
19 98988
28 101315
20 95002
20 95012
30 100060
28 101424
21 100504
21 100540
19 99334
21 100587
29 102298
30 100276
19 99447
20 95295
21 100716
20 95345
19 99546
30 100463
29 102544
19 99640
29 102631
20 95545
29 102638
19 99727
30 100589
30 100592
20 95629
20 95641
19 99843
28 102166
29 102793
21 101066
30 100737
19 99909
19 99913
19 100057
29 103062
20 96055
21 101310
28 102560
29 103233
29 103264
21 101518
19 100390
30 101382
19 100474
20 96394
20 96416
20 96423
19 100517
29 103600
29 103610
30 101500
20 96546
19 100652
20 96626
19 100658
29 103729
30 101633
29 103798
21 101898
29 103839
20 96778
20 96798
29 103991
21 102295
21 102426
21 102454
30 102226
20 97276
21 102501
19 101297
21 102539
21 102568
21 102577
30 102403
20 97387
30 102505
19 101475
19 101552
19 101574
21 102812
20 97579
29 104810
19 101626
21 102947
19 101747
19 101769
29 104998
30 102863
19 101840
29 105138
19 101917
19 101953
19 101977
21 103240
29 105195
19 102003
29 105245
20 98006
21 103323
30 103095
20 98029
21 103345
21 103349
29 105348
21 103411
30 103167
29 105391
29 105563
29 105639
19 102366
29 105658
19 102455
21 103664
19 102537
29 105855
19 102684
20 98485
30 103597
19 102727
20 98524
19 102844
21 103928
19 102924
29 106085
30 103777
21 104017
20 98737
21 104089
21 104105
21 104217
19 103194
21 104264
29 106411
21 104280
19 103256
30 104048
20 98962
21 104362
20 99009
19 103336
20 99036
27 101478
20 99074
21 104560
29 106732
29 106746
19 103538
19 103569
30 104360
19 103646
30 104406
19 103674
19 103725
29 106940
19 103804
21 104885
21 104912
19 103854
19 103907
29 107164
20 99757
19 104007
29 107276
20 99844
29 107322
21 105272
19 104208
19 104216
21 105366
29 107406
20 99964
19 104291
29 107477
21 105504
19 104466
29 107582
21 105586
29 107653
20 100239
20 100350
30 105370
20 100442
21 105767
29 107806
21 105807
29 107871
29 107875
20 100504
21 105851
19 104819
29 107965
19 104907
21 106011
29 108174
28 107588
20 100661
19 105051
20 100724
20 100856
21 106312
20 100946
20 100983
29 108659
21 106436
21 106437
19 105560
19 105596
29 108841
29 108844
21 106528
20 101204
20 101209
19 105706
29 109021
29 109058
20 101275
20 101283
20 101295
29 109149
19 105807
19 105891
19 105901
20 101512
30 106651
21 107026
20 101676
30 106702
30 106705
19 106098
21 107117
19 106193
29 109654
20 101928
29 109687
20 101955
29 109703
19 106338
20 101984
20 102051
29 109848
20 102249
29 110030
29 110042
29 110083
29 110096
30 107300
20 102319
29 110133
29 110221
19 106787
30 107498
19 106902
20 102629
21 107856
30 107635
29 110471
19 107028
29 110492
21 107894
19 107167
21 107965
29 110614
27 105034
29 110681
29 110691
30 107933
30 107941
27 105113
29 110865
21 108178
21 108180
30 108095
21 108285
29 110961
21 108316
19 107555
20 103130
20 103207
29 111258
29 111287
19 107806
29 111313
19 107822
30 108516
20 103432
20 103551
20 103573
27 105716
21 108815
21 108846
20 103656
20 103659
20 103672
27 105828
29 111573
21 108909
19 108171
21 109035
30 108998
19 108282
19 108366
20 104138
29 111941
30 109255
30 109260
19 108677
19 108720
21 109600
19 108802
29 112310
20 104650
29 112351
20 104742
20 104745
21 109846
29 112420
30 109750
21 109887
19 109138
19 109139
29 112559
30 109911
21 110041
29 112646
21 110081
21 110101
29 112816
30 110230
30 110265
20 105623
29 113022
30 110337
20 105653
20 105663
20 105672
27 107373
30 110446
29 113203
20 105801
21 110608
30 110573
28 112812
30 110751
29 113490
27 107768
27 107810
29 113717
21 110978
21 111019
27 107976
30 111050
21 111156
27 108062
20 106365
21 111198
20 106464
21 111389
27 108258
29 114363
21 111610
20 106992
29 114513
20 107021
20 107066
30 111650
21 111687
27 108565
29 114605
29 114639
20 107293
20 107412
29 114774
21 111925
21 111942
30 112092
20 107636
20 107654
21 112218
29 115064
30 112408
29 115113
30 112442
30 112482
20 107758
29 115190
30 112612
29 115232
29 115268
21 112557
30 112878
29 115417
29 115508
21 112746
21 112789
30 113283
21 112876
20 108245
20 108256
20 108277
21 112980
29 115732
21 113012
30 113573
30 113647
29 115838
30 113752
30 113754
27 110136
29 115917
20 108472
21 113201
29 115974
27 110389
29 116051
28 115327
30 114089
21 113324
30 114146
20 108638
30 114174
30 114184
28 115442
21 113412
29 116182
20 108739
27 110709
21 113479
20 108849
30 114523
29 116365
21 113619
29 116380
29 116445
30 114661
28 115947
29 116525
20 109084
21 113897
21 113916
21 113959
30 115029
21 114038
28 116522
29 116818
30 115288
20 109419
20 109501
30 115737
21 114419
29 117182
28 117275
21 114467
30 116046
20 109693
29 117301
30 116135
30 116140
30 116189
20 109738
30 116241
30 116364
29 117491
21 114773
30 116481
29 117549
30 116571
30 116615
21 114921
21 114947
21 114989
29 117770
28 118155
29 117785
21 115124
29 117871
21 115159
21 115232
30 117030
29 118043
21 115327
30 117346
20 110415
20 110429
30 117420
30 117608
21 115594
30 117630
20 110563
27 113472
21 115663
21 115717
21 115727
30 117725
20 110720
30 117780
29 118726
29 118782
30 117834
20 110875
21 115931
28 119136
29 118906
21 116034
30 118014
28 119437
21 116149
28 119614
20 111050
29 119142
20 111107
21 116287
29 119248
20 111245
21 116388
20 111266
29 119321
21 116446
20 111320
30 118551
30 118636
21 116600
20 111515
21 116649
20 111522
21 116708
20 111626
21 116826
20 111752
30 119129
21 116906
20 111895
20 111904
21 117092
29 120059
21 117144
20 112022
21 117179
29 120172
21 117261
30 119410
30 119462
30 119483
21 117382
21 117400
21 117485
21 117493
21 117518
20 112369
29 120541
20 112402
29 120616
21 117750
29 120703
29 120718
29 120759
21 117835
21 117856
29 120936
30 119975
29 120982
21 118033
20 112723
20 112738
28 121592
28 121814
21 118420
21 118648
29 121657
20 113412
20 113430
29 121688
21 118726
28 122440
21 118767
29 121792
21 118792
29 121822
30 120883
30 120961
21 118911
27 116446
21 118955
21 118990
28 122909
20 113834
21 119181
21 119204
21 119221
29 122196
21 119302
21 119348
29 122264
29 122275
21 119412
29 122367
30 121431
20 114182
29 122463
29 122467
21 119653
30 121541
21 119677
29 122565
20 114316
20 114352
20 114360
20 114371
29 122711
21 119821
29 122757
29 122769
29 122806
29 122831
30 121735
29 122841
27 117173
29 122859
20 114533
30 121839
29 123015
21 119982
20 114702
20 114715
20 114725
29 123226
21 120133
29 123307
29 123354
20 114857
20 114888
30 122161
21 120255
21 120275
29 123555
20 114953
21 120352
20 115024
30 122368
30 122495
21 120486
30 122517
29 123864
21 120524
28 124433
30 122589
29 123936
21 120567
30 122644
21 120643
20 115281
29 124069
30 122851
21 120743
29 124123
30 122956
27 118129
20 115433
30 123171
30 123254
30 123333
30 123349
30 123363
29 124418
27 118640
21 121067
30 123678
30 123742
30 123750
20 115855
20 115878
21 121377
30 123812
29 124677
29 124680
20 115927
29 124701
21 121505
21 121512
21 121570
30 124005
20 116108
29 124922
30 124113
20 116181
21 121837
21 121852
20 116233
28 125572
21 121893
30 124207
29 125064
29 125082
21 121961
20 116343
21 121990
28 125695
29 125248
20 116384
20 116405
28 125794
21 122224
30 124500
21 122331
30 124534
20 116573
21 122436
21 122443
21 122486
21 122586
20 116683
20 116705
21 122670
29 125630
21 122748
30 124809
20 116816
29 125737
20 116864
30 124912
29 125844
29 125848
20 116970
20 117233
20 117235
20 117241
20 117285
30 125407
21 123388
21 123389
20 117435
30 125485
21 123424
21 123435
30 125526
29 126564
27 121813
30 125731
30 125744
21 123685
30 125757
21 123720
29 126796
21 123775
30 125841
21 123859
30 125960
29 126948
29 127010
21 123957
29 127124
21 123996
29 127147
30 126105
29 127226
29 127241
21 124116
30 126247
21 124173
30 126291
29 127380
29 127453
21 124409
21 124438
21 124468
21 124642
30 126702
29 127777
29 127839
29 127861
29 128013
29 128118
29 128307
30 127323
29 128360
30 127443
30 127469
29 128527
21 125553
29 128635
29 128657
29 128662
21 125635
21 125704
29 128908
29 128958
29 129015
27 123891
29 129065
29 129114
21 125925
21 125948
21 126132
21 126135
29 129406
30 128106
29 129430
21 126260
21 126298
21 126334
21 126412
29 129534
29 129559
30 128263
29 129608
21 126595
29 129624
27 124419
30 128325
29 129702
29 129717
29 129741
21 126912
21 126913
30 128502
21 126972
21 127263
21 127376
21 127402
30 128794
27 124923
27 124961
29 130221
27 125017
21 127810
21 127852
21 127855
29 130322
27 125171
30 129112
30 129241
29 130549
30 129348
30 129458
29 130693
30 129566
30 129764
29 130873
30 129971
29 131014
30 130299
27 125898
29 131197
30 130558
30 130655
30 130825
30 130895
30 131221
30 131460
30 131732
27 126624
29 131853
30 131950
29 131956
29 131975
29 132036
30 132225
30 132728
27 127255
30 133042
27 127426
29 132544
29 132652
30 133713
30 133914
30 134104
29 132972
30 134260
30 134345
30 134365
30 134598
29 133217
30 134710
30 135106
30 135164
29 133578
29 133624
30 135490
29 133716
30 135653
29 133927
30 136000
29 134087
30 136334
29 134134
29 134185
30 136487
30 136540
30 136689
29 134368
29 134382
30 136866
30 137135
30 137143
30 137195
27 129494
29 134623
30 137543
30 137660
30 138148
29 135112
30 138451
30 138578
30 138653
29 135319
30 139256
29 135651
30 139447
29 135696
29 135706
29 135817
30 139830
29 135894
29 135961
30 140168
29 136108
29 136125
30 140401
30 140661
29 136292
30 140896
30 141063
27 131533
29 136575
30 141304
30 141422
30 141715
29 136818
30 141720
29 136852
30 141826
30 141968
29 137188
30 142708
29 137336
30 142894
30 142927
29 137564
29 137687
29 137823
30 143754
30 143776
30 143811
29 137961
30 144074
30 144076
30 144090
29 138041
30 144321
30 144564
30 144582
30 144595
30 144722
30 144878
29 138430
29 138485
29 138495
30 145319
29 138709
30 145533
29 138832
30 145765
30 145936
29 139016
30 146135
29 139084
30 146289
30 146376
27 134314
30 146873
29 139629
29 139729
29 139865
29 139920
29 140036
29 140112
30 147465
30 147517
29 140334
29 140338
29 140398
30 147671
29 140847
29 140873
29 141065
29 141135
29 141490
29 141586
29 141587
29 141714
29 141746
29 141940
29 142220
29 142290
29 142523
29 142857
29 142866
29 142974
29 143163
29 143218
29 143492
29 143758
29 143827
29 144284
29 144614
29 144622
29 144793
29 144997
29 145088
29 145171
29 145233
29 145502
29 145536
29 145721
29 145806
29 145824
29 146013
29 146601
29 146888
29 147077
29 147447
29 147532
29 147611
29 147664
29 147767
29 147806
29 148088
29 148574
29 148696
29 148720
