 SCA_DT_VXI_UP                          1                   15               1    
 SCA_DT_VXI                             2                   15               1    
 SCA_DT_GET_UP                          3                   15               1    
 SCA_DT_GET                             4                   15               1    
 SCA_DT_ALL_UP                          5                   15               1    
 SCA_DT_ALL                             6                   15               1    
 SCA_L1OK_UP                            7                   15               1    
 SCA_L1OK                               8                   15               1    
 SCA_L1DIV_UP                           9                   15               1    
 SCA_L1DIV                              10                  15               1    
 SCA_GMT_VAL_UP                         11                  15               1    
 SCA_GMT_VAL                            12                  15               1    
 SCA_SIL0_UP                            13                  15               1    
 SCA_SIL0                               14                  15               1    
 SCA_SIR0_UP                            15                  15               1    
 SCA_SIR0                               16                  15               1    
 SCA_SIF0_UP                            17                  15               1    
 SCA_SIF0                               18                  15               1    
 SCA_SIF1_UP                            19                  15               1    
 SCA_SIF1                               20                  15               1    
 SCA_SIF2_UP                            21                  15               1    
 SCA_SIF2                               22                  15               1    
 SCA_SIF3_UP                            23                  15               1    
 SCA_SIF3                               24                  15               1    
 SCA_CFA_UP                             25                  15               1    
 SCA_CFA                                26                  15               1    
 CTR_TIMEML_UP                          27                  15               1    
 CTR_TIMEML                             28                  15               1    
 CTR_TIMEH_UP                           29                  15               1    
 CTR_TIMEH                              30                  15               1    
 CTR_EVT_UP                             31                  15               1    
 CTR_EVT                                32                  15               1    
 INCONF                                 33                  15               1    
 GATCONF                                34                  15               1    
 ADC1_0                                 35                  14               1    
 ADC1_1                                 36                  14               1    
 F2_2                                   37                  14               1    
 F2_3                                   38                  14               1    
 F3_0                                   39                  14               1    
 F2_0                                   40                  14               1    
 F2_1                                   41                  14               1    
 TAC_CFA_HF                             42                  14               1    
 ADC1_8                                 43                  14               1    
 ADC1_9                                 44                  14               1    
 ADC1_10                                45                  14               1    
 ADC1_11                                46                  14               1    
 ADC1_12                                47                  14               1    
 ADC1_13                                48                  14               1    
 ADC1_14                                49                  14               1    
 ADC1_15                                50                  14               1    
 ADC1_16                                51                  14               1    
 ADC1_17                                52                  14               1    
 ADC1_18                                53                  14               1    
 ADC1_19                                54                  14               1    
 ADC1_20                                55                  14               1    
 ADC1_21                                56                  14               1    
 ADC1_22                                57                  14               1    
 ADC1_23                                58                  14               1    
 ADC1_24                                59                  14               1    
 ADC1_25                                60                  14               1    
 ADC1_26                                61                  14               1    
 ADC1_27                                62                  14               1    
 ADC1_28                                63                  14               1    
 ADC1_29                                64                  14               1    
 ADC1_30                                65                  14               1    
 ADC1_31                                66                  14               1    
 ADC2_0                                 67                  14               1    
 R0_1                                   68                  14               1    
 R0_0                                   69                  14               1    
 ADC2_3                                 70                  14               1    
 R0_4                                   71                  14               1    
 R0_5                                   72                  14               1    
 R0_6                                   73                  14               1    
 R0_7                                   74                  14               1    
 R0_8                                   75                  14               1    
 R0_9                                   76                  14               1    
 R0_10                                  77                  14               1    
 R0_11                                  78                  14               1    
 R0_3                                   79                  14               1    
 R0_2                                   80                  14               1    
 ADC2_14                                81                  14               1    
 ADC2_15                                82                  14               1    
 L0_0                                   83                  14               1    
 L0_1                                   84                  14               1    
 L0_2                                   85                  14               1    
 L0_3                                   86                  14               1    
 L0_4                                   87                  14               1    
 L0_5                                   88                  14               1    
 L0_6                                   89                  14               1    
 L0_7                                   90                  14               1    
 L0_8                                   91                  14               1    
 ADC2_25                                92                  14               1    
 L0_10                                  93                  14               1    
 ADC2_27                                94                  14               1    
 L0_9                                   95                  14               1    
 L0_11                                  96                  14               1    
 ADC2_30                                97                  14               1    
 ADC2_31                                98                  14               1    
 F0_0                                   99                  14               1    
 ADC3_1                                 100                 14               1    
 F0_2                                   101                 14               1    
 F0_3                                   102                 14               1    
 ADC3_4                                 103                 14               1    
 F0_5                                   104                 14               1    
 F0_6                                   105                 14               1    
 ADC3_7                                 106                 14               1    
 F0_8                                   107                 14               1    
 F0_9                                   108                 14               1    
 F0_10                                  109                 14               1    
 F0_11                                  110                 14               1    
 F0_4                                   111                 14               1    
 F0_7                                   112                 14               1    
 F0_1                                   113                 14               1    
 ADC3_15                                114                 14               1    
 F1_0                                   115                 14               1    
 F1_1                                   116                 14               1    
 F1_2                                   117                 14               1    
 F1_3                                   118                 14               1    
 F1_4                                   119                 14               1    
 F1_5                                   120                 14               1    
 F1_6                                   121                 14               1    
 F1_7                                   122                 14               1    
 F1_8                                   123                 14               1    
 F1_9                                   124                 14               1    
 F1_10                                  125                 14               1    
 F1_11                                  126                 14               1    
 ADC3_28                                127                 14               1    
 ADC3_29                                128                 14               1    
 ADC3_30                                129                 14               1    
 ADC3_31                                130                 14               1    
