31 33320
116 3163
116 3471
116 3885
116 5339
116 10067
116 15335
116 15800
116 16556
116 20733
116 20793
116 21062
116 21667
116 21727
116 22029
116 23589
116 25981
116 26164
116 26594
116 28047
116 29848
116 30007
116 30549
116 33588
116 37555
116 37684
116 38316
116 38783
116 39061
116 39468
116 39543
116 42089
116 42383
116 43364
116 45239
116 50181
116 50417
116 51213
116 52151
116 56966
116 57112
116 58142
116 58324
116 58552
116 59061
116 59169
116 60118
116 60165
116 60475
116 61433
116 61888
116 64779
116 65178
116 65278
116 65839
116 66186
116 67204
116 68584
116 69529
116 70654
116 71928
116 72076
116 74037
116 75022
116 76582
116 81863
116 81927
116 83657
116 84530
116 85004
116 85554
117 226
117 5942
117 5995
117 7148
117 8783
117 9352
117 10324
117 10618
117 11116
117 12030
117 13059
117 17437
117 20818
117 21149
117 21326
117 21905
117 23243
117 24413
117 24921
117 25590
117 26038
117 27473
117 27624
117 28521
117 28661
117 29695
30 21092
30 24886
30 31856
30 57077
31 34783
31 55504
31 88995
31 99510
31 124543
31 138562
31 140874
31 158768
32 53
32 640
32 2461
32 2966
32 4932
32 6000
32 6499
32 7441
32 9057
32 9168
32 10593
32 10866
32 10942
32 11449
32 13942
32 14362
32 16453
32 22731
32 23864
32 24385
32 24816
32 26506
32 27572
32 32983
32 33755
32 37500
32 38792
32 39033
32 39780
32 40205
32 41807
32 41858
32 43290
32 43611
32 43750
32 46024
32 46229
32 46625
32 47563
32 48238
32 48897
32 52945
32 53086
32 53638
32 54005
32 54985
32 58792
32 60431
32 61820
32 65144
32 66471
32 67846
32 68003
32 68155
32 68456
32 69415
32 69516
32 70796
32 71441
32 71731
32 71823
32 72849
32 73785
32 74805
32 75366
32 75627
32 75885
32 75967
32 76289
32 77029
32 78454
32 79162
32 80161
32 80961
32 84558
32 85685
32 86436
32 87754
32 88521
32 89113
32 90150
32 91503
32 93487
32 93678
32 93871
32 95900
32 96345
32 97684
32 97714
32 97920
32 98916
32 99570
32 99578
32 99976
32 100803
32 101015
32 101134
32 101178
32 101561
32 103805
32 103850
32 106832
32 106992
32 107214
32 107517
32 108448
32 108642
32 108746
32 108921
32 110533
32 110546
32 112866
32 113998
32 115680
32 116559
32 118915
32 119941
32 122131
32 122212
32 123424
32 124060
32 125108
32 125163
32 125171
32 125953
32 126611
32 126997
32 128168
32 129420
32 129601
32 132008
32 132301
32 133537
32 134039
32 135109
32 135319
32 136004
32 136433
32 137200
32 138525
32 141109
32 141178
32 141575
32 142583
32 145736
32 147379
32 147942
32 148012
32 148146
32 148256
32 148591
32 149269
32 152248
32 153195
32 153282
32 154651
32 154914
32 156343
32 156445
33 17698
33 71647
33 73854
33 76313
33 109490
33 144793
34 47
34 108
34 753
34 793
34 1141
34 1337
34 1563
34 1688
34 1748
34 2425
34 2484
34 2921
34 2957
34 3010
34 3168
34 3630
34 3752
34 4335
34 4412
34 5248
34 5620
34 5975
34 6021
34 6156
34 6538
34 6543
34 7259
34 7663
34 7683
34 7714
34 8533
34 8742
34 8810
34 8813
34 9007
34 9192
34 9277
34 9611
34 9640
34 9930
34 10100
34 10548
34 11121
34 11609
34 11951
34 12595
34 12674
34 13015
34 13530
34 14645
34 14948
34 14973
34 15119
34 15388
34 15653
34 15676
34 17238
34 17868
34 18190
34 18920
34 19481
34 20332
34 20720
34 20896
34 21028
34 21835
34 22608
34 22765
34 23919
34 24042
34 24408
34 24653
34 25284
34 25312
34 25443
34 25550
34 25662
34 27219
34 27589
34 28226
34 28809
34 28873
34 29200
34 30431
34 31474
34 31514
34 32086
34 32534
34 33005
34 33297
34 34565
34 34625
34 34879
34 35011
34 35545
34 36116
34 36592
34 37072
34 38160
34 39333
34 39440
34 40693
34 40847
34 41188
34 42548
34 42955
34 42973
34 42978
34 43174
34 45241
34 45678
34 45884
34 46790
34 46937
34 47469
34 47539
34 48074
34 48809
34 48895
34 48958
34 49095
34 49122
34 49778
34 50156
34 50587
34 50733
34 51053
34 51083
34 51435
34 51597
34 51954
34 52502
34 52579
34 52765
34 54021
34 54884
34 55177
34 55495
34 55558
34 56823
34 57141
34 57250
34 57270
34 57592
34 57854
34 57960
34 58769
34 59482
34 60835
34 62529
34 62740
34 63100
34 63958
34 64023
34 64620
34 65623
34 66596
34 68277
34 68714
34 69415
34 69690
34 69703
34 69746
34 69994
34 70076
34 70283
34 70285
34 70801
34 71252
34 71283
34 72186
34 72242
34 73197
34 73679
34 73908
34 73994
34 74128
34 74517
34 74890
34 75506
34 75913
34 75979
34 76318
34 76412
34 76493
34 76704
34 77178
34 77335
34 77545
34 77849
34 77855
34 78400
34 80606
34 80751
34 81054
34 82408
34 82484
34 82915
34 83026
34 83227
34 83382
34 83636
34 86552
34 87036
34 89485
34 89818
34 90131
34 91027
34 91094
34 91274
34 91585
34 93119
34 93536
34 94410
34 94488
34 95367
34 96988
34 97353
34 97386
34 98241
34 99158
34 99751
34 100027
34 100791
34 101494
34 101635
34 101932
34 101994
34 102001
34 102612
34 102693
34 102834
34 103151
34 103280
34 104399
34 104454
34 104540
34 104542
34 104813
34 105684
34 105701
34 105895
34 106013
34 106223
34 106490
34 107546
34 107556
34 107589
34 107658
34 109389
34 109573
34 109633
34 109788
34 109879
34 110326
34 111044
34 111452
34 111575
34 111666
34 112638
34 112951
34 113272
34 113514
34 113678
34 113770
34 114011
34 114571
34 115675
34 115726
34 116154
34 116546
34 116609
34 116807
34 117330
34 118304
34 119541
34 120200
34 122120
34 122235
34 123357
34 124449
34 124708
34 125077
34 125132
34 128146
34 128707
34 129738
34 129857
34 130760
34 130888
34 131013
34 131458
34 131707
34 131988
34 132019
34 132805
34 132822
34 132899
34 133486
34 133701
34 134711
34 135017
34 135941
34 136391
34 136769
34 136796
34 137136
34 139768
34 140383
34 142179
34 142352
34 143042
34 145252
34 145370
34 145695
34 145712
34 145899
34 146197
34 146441
34 146777
34 147537
34 148065
34 148096
34 148134
34 149954
34 150127
34 150160
34 151038
34 151146
34 151485
34 151680
34 151985
34 153084
34 153152
34 153715
34 153746
34 154395
34 154477
34 154540
34 155491
34 156682
34 158248
34 158547
34 158642
34 158844
34 158896
34 159415
34 159696
34 159899
34 161156
34 161535
34 161614
34 161633
34 161892
34 162183
34 162316
34 162371
34 163073
34 163082
34 163584
34 163855
34 164082
34 164454
34 164609
34 165711
34 165726
34 166492
34 168103
34 168328
34 168863
34 169509
34 169581
34 169794
34 169833
34 170289
34 171313
34 172525
34 172664
34 174649
34 175574
34 175849
34 176087
34 176104
34 176904
34 177314
34 177600
34 178860
34 178959
34 179028
34 179089
34 179159
34 179297
34 179815
34 180009
34 180275
34 180365
34 181159
34 181669
34 182146
34 182411
34 183081
34 183597
34 184069
34 184299
34 185097
34 185508
34 185917
34 186489
34 186606
34 186850
34 186933
34 187134
34 187370
34 188154
34 190004
34 190120
34 190311
34 190399
34 191497
34 192005
116 66650
