# 178 angles,  1 tensor ranks for 0=projectile
@subtitle   "7Li + d g.s with DA1p OMP;"                                                    
@legend ON
@legend x1 0.2
@legend y1 0.8
@g0 type LOGY
@yaxis ticklabel format power
@xaxis label "Scattering angle (degrees)"
@yaxis label "Cross section (mb/sr)"
@legend string   0 "Partition=  1 Excit=  1 near/far= 1"
#legend string   0 "Lab energy =   10.8800"
@s0 linestyle   1
#  Theta       sigma       iT11        T20         T21         T22         Kyy for projectile
   3.000      0.3179E+06
   4.000      0.9600E+05
   5.000      0.3772E+05
   6.000      0.1771E+05
   7.000       9541.    
   8.000       5774.    
   9.000       3865.    
   10.00       2820.    
   11.00       2208.    
   12.00       1825.    
   13.00       1569.    
   14.00       1387.    
   15.00       1249.    
   16.00       1138.    
   17.00       1045.    
   18.00       963.6    
   19.00       890.0    
   20.00       822.2    
   21.00       758.8    
   22.00       699.2    
   23.00       642.7    
   24.00       589.1    
   25.00       538.3    
   26.00       490.1    
   27.00       444.5    
   28.00       401.6    
   29.00       361.2    
   30.00       323.4    
   31.00       288.2    
   32.00       255.5    
   33.00       225.2    
   34.00       197.4    
   35.00       172.0    
   36.00       148.9    
   37.00       128.0    
   38.00       109.3    
   39.00       92.59    
   40.00       77.83    
   41.00       64.89    
   42.00       53.66    
   43.00       44.04    
   44.00       35.90    
   45.00       29.12    
   46.00       23.59    
   47.00       19.19    
   48.00       15.80    
   49.00       13.32    
   50.00       11.62    
   51.00       10.62    
   52.00       10.19    
   53.00       10.26    
   54.00       10.73    
   55.00       11.52    
   56.00       12.54    
   57.00       13.74    
   58.00       15.04    
   59.00       16.38    
   60.00       17.72    
   61.00       19.01    
   62.00       20.22    
   63.00       21.31    
   64.00       22.27    
   65.00       23.07    
   66.00       23.69    
   67.00       24.14    
   68.00       24.42    
   69.00       24.51    
   70.00       24.43    
   71.00       24.19    
   72.00       23.80    
   73.00       23.28    
   74.00       22.63    
   75.00       21.88    
   76.00       21.04    
   77.00       20.14    
   78.00       19.18    
   79.00       18.20    
   80.00       17.20    
   81.00       16.21    
   82.00       15.23    
   83.00       14.28    
   84.00       13.38    
   85.00       12.53    
   86.00       11.74    
   87.00       11.02    
   88.00       10.38    
   89.00       9.812    
   90.00       9.323    
   91.00       8.914    
   92.00       8.583    
   93.00       8.328    
   94.00       8.145    
   95.00       8.030    
   96.00       7.976    
   97.00       7.979    
   98.00       8.031    
   99.00       8.126    
   100.0       8.257    
   101.0       8.417    
   102.0       8.598    
   103.0       8.794    
   104.0       8.998    
   105.0       9.205    
   106.0       9.409    
   107.0       9.604    
   108.0       9.786    
   109.0       9.952    
   110.0       10.10    
   111.0       10.22    
   112.0       10.32    
   113.0       10.39    
   114.0       10.43    
   115.0       10.45    
   116.0       10.44    
   117.0       10.41    
   118.0       10.34    
   119.0       10.26    
   120.0       10.15    
   121.0       10.02    
   122.0       9.872    
   123.0       9.709    
   124.0       9.532    
   125.0       9.345    
   126.0       9.149    
   127.0       8.947    
   128.0       8.743    
   129.0       8.537    
   130.0       8.332    
   131.0       8.131    
   132.0       7.935    
   133.0       7.746    
   134.0       7.566    
   135.0       7.396    
   136.0       7.238    
   137.0       7.091    
   138.0       6.958    
   139.0       6.839    
   140.0       6.733    
   141.0       6.642    
   142.0       6.566    
   143.0       6.504    
   144.0       6.457    
   145.0       6.423    
   146.0       6.402    
   147.0       6.395    
   148.0       6.400    
   149.0       6.416    
   150.0       6.443    
   151.0       6.480    
   152.0       6.526    
   153.0       6.581    
   154.0       6.642    
   155.0       6.710    
   156.0       6.783    
   157.0       6.861    
   158.0       6.942    
   159.0       7.026    
   160.0       7.112    
   161.0       7.199    
   162.0       7.286    
   163.0       7.373    
   164.0       7.459    
   165.0       7.542    
   166.0       7.623    
   167.0       7.702    
   168.0       7.776    
   169.0       7.846    
   170.0       7.912    
   171.0       7.973    
   172.0       8.028    
   173.0       8.077    
   174.0       8.121    
   175.0       8.158    
   176.0       8.189    
   177.0       8.213    
   178.0       8.230    
   179.0       8.241    
   180.0       8.244    
 END
