           1           2           1
    0.5+     1 1   6.954       0.000    
    0.5+     1 2   6.954       0.000    
    0.5+     3 3   5.897       0.000    
    0.5-     0 1   7.454       0.000    
    0.5-     2 2   6.861       0.000    
    0.5-     2 3   6.861       0.000    
    1.5+     1 1   13.91       0.000    
    1.5+     1 2   13.91       0.000    
    1.5+     1 3   13.91       0.000    
    1.5+     3 4   11.79       0.000    
    1.5+     3 5   11.79       0.000    
    1.5-     0 1   14.91       0.000    
    1.5-     2 2   13.72       0.000    
    1.5-     2 3   13.72       0.000    
    1.5-     2 4   13.72       0.000    
    1.5-     4 5   8.085       0.000    
    2.5+     1 1   20.86       0.000    
    2.5+     1 2   20.86       0.000    
    2.5+     3 3   17.69       0.000    
    2.5+     3 4   17.69       0.000    
    2.5+     3 5   17.69       0.000    
    2.5+     5 6   4.356       0.000    
    2.5-     0 1   22.36       0.000    
    2.5-     2 2   20.58       0.000    
    2.5-     2 3   20.58       0.000    
    2.5-     2 4   20.58       0.000    
    2.5-     4 5   12.13       0.000    
    2.5-     4 6   12.13       0.000    
    3.5+     1 1   27.81       0.000    
    3.5+     3 2   23.59       0.000    
    3.5+     3 3   23.59       0.000    
    3.5+     3 4   23.59       0.000    
    3.5+     5 5   5.808       0.000    
    3.5+     5 6   5.808       0.000    
    3.5-     2 1   27.44       0.000    
    3.5-     2 2   27.44       0.000    
    3.5-     4 3   16.17       0.000    
    3.5-     4 4   16.17       0.000    
    3.5-     4 5   16.17       0.000    
    3.5-     6 6  0.8881       0.000    
    4.5+     3 1   29.49       0.000    
    4.5+     3 2   29.49       0.000    
    4.5+     5 3   7.260       0.000    
    4.5+     5 4   7.260       0.000    
    4.5+     5 5   7.260       0.000    
    4.5+     7 6  0.9976E-01   0.000    
    4.5-     2 1   34.30       0.000    
    4.5-     4 2   20.21       0.000    
    4.5-     4 3   20.21       0.000    
    4.5-     4 4   20.21       0.000    
    4.5-     6 5   1.110       0.000    
    4.5-     6 6   1.110       0.000    
    5.5+     3 1   35.38       0.000    
    5.5+     5 2   8.712       0.000    
    5.5+     5 3   8.712       0.000    
    5.5+     5 4   8.712       0.000    
    5.5+     7 5  0.1197       0.000    
    5.5+     7 6  0.1197       0.000    
    5.5-     4 1   24.25       0.000    
    5.5-     4 2   24.25       0.000    
    5.5-     6 3   1.332       0.000    
    5.5-     6 4   1.332       0.000    
    5.5-     6 5   1.332       0.000    
    5.5-     8 6  0.8015E-02   0.000    
    6.5+     5 1   10.16       0.000    
    6.5+     5 2   10.16       0.000    
    6.5+     7 3  0.1397       0.000    
    6.5+     7 4  0.1397       0.000    
    6.5+     7 5  0.1397       0.000    
    6.5+     9 6  0.5159E-03   0.000    
    6.5-     4 1   28.30       0.000    
    6.5-     6 2   1.554       0.000    
    6.5-     6 3   1.554       0.000    
    6.5-     6 4   1.554       0.000    
    6.5-     8 5  0.9351E-02   0.000    
    6.5-     8 6  0.9351E-02   0.000    
    7.5+     5 1   11.62       0.000    
    7.5+     7 2  0.1596       0.000    
    7.5+     7 3  0.1596       0.000    
    7.5+     7 4  0.1596       0.000    
    7.5+     9 5  0.5896E-03   0.000    
    7.5+     9 6  0.5896E-03   0.000    
    7.5-     6 1   1.776       0.000    
    7.5-     6 2   1.776       0.000    
    7.5-     8 3  0.1069E-01   0.000    
    7.5-     8 4  0.1069E-01   0.000    
    7.5-     8 5  0.1069E-01   0.000    
    7.5-    10 6  0.2851E-04   0.000    
    8.5+     7 1  0.1796       0.000    
    8.5+     7 2  0.1796       0.000    
    8.5+     9 3  0.6633E-03   0.000    
    8.5+     9 4  0.6633E-03   0.000    
    8.5+     9 5  0.6633E-03   0.000    
    8.5+    11 6  0.1423E-05   0.000    
    8.5-     6 1   1.998       0.000    
    8.5-     8 2  0.1202E-01   0.000    
    8.5-     8 3  0.1202E-01   0.000    
    8.5-     8 4  0.1202E-01   0.000    
    8.5-    10 5  0.3207E-04   0.000    
    8.5-    10 6  0.3207E-04   0.000    
    9.5+     7 1  0.1995       0.000    
    9.5+     9 2  0.7370E-03   0.000    
    9.5+     9 3  0.7370E-03   0.000    
    9.5+     9 4  0.7370E-03   0.000    
    9.5+    11 5  0.1582E-05   0.000    
    9.5+    11 6  0.1582E-05   0.000    
    9.5-     8 1  0.1336E-01   0.000    
    9.5-     8 2  0.1336E-01   0.000    
    9.5-    10 3  0.3563E-04   0.000    
    9.5-    10 4  0.3563E-04   0.000    
    9.5-    10 5  0.3563E-04   0.000    
    9.5-    12 6  0.6680E-07   0.000    
   10.5+     9 1  0.8107E-03   0.000    
   10.5+     9 2  0.8107E-03   0.000    
   10.5+    11 3  0.1740E-05   0.000    
   10.5+    11 4  0.1740E-05   0.000    
   10.5+    11 5  0.1740E-05   0.000    
   10.5+    13 6  0.3022E-08   0.000    
   10.5-     8 1  0.1469E-01   0.000    
   10.5-    10 2  0.3919E-04   0.000    
   10.5-    10 3  0.3919E-04   0.000    
   10.5-    10 4  0.3919E-04   0.000    
   10.5-    12 5  0.7348E-07   0.000    
   10.5-    12 6  0.7348E-07   0.000    
   11.5+     9 1  0.8844E-03   0.000    
   11.5+    11 2  0.1898E-05   0.000    
   11.5+    11 3  0.1898E-05   0.000    
   11.5+    11 4  0.1898E-05   0.000    
   11.5+    13 5  0.3297E-08   0.000    
   11.5+    13 6  0.3297E-08   0.000    
   11.5-    10 1  0.4276E-04   0.000    
   11.5-    10 2  0.4276E-04   0.000    
   11.5-    12 3  0.8016E-07   0.000    
   11.5-    12 4  0.8016E-07   0.000    
   11.5-    12 5  0.8016E-07   0.000    
   11.5-    14 6  0.1054E-09   0.000    
   12.5+    11 1  0.2056E-05   0.000    
   12.5+    11 2  0.2056E-05   0.000    
   12.5+    13 3  0.3571E-08   0.000    
   12.5+    13 4  0.3571E-08   0.000    
   12.5+    13 5  0.3571E-08   0.000    
   12.5+    15 6  0.1111E-10   0.000    
   12.5-    10 1  0.4632E-04   0.000    
   12.5-    12 2  0.8684E-07   0.000    
   12.5-    12 3  0.8684E-07   0.000    
   12.5-    12 4  0.8684E-07   0.000    
   12.5-    14 5  0.1142E-09   0.000    
   12.5-    14 6  0.1142E-09   0.000    
   13.5+    11 1  0.2214E-05   0.000    
   13.5+    13 2  0.3846E-08   0.000    
   13.5+    13 3  0.3846E-08   0.000    
   13.5+    13 4  0.3846E-08   0.000    
   13.5+    15 5  0.1127E-10   0.000    
   13.5+    15 6  0.1127E-10   0.000    
   13.5-    12 1  0.9352E-07   0.000    
   13.5-    12 2  0.9352E-07   0.000    
   13.5-    14 3  0.1230E-09   0.000    
   13.5-    14 4  0.1230E-09   0.000    
   13.5-    14 5  0.1230E-09   0.000    
   13.5-    16 6 -0.3128E-10   0.000    
   14.5+    13 1  0.4121E-08   0.000    
   14.5+    13 2  0.4121E-08   0.000    
   14.5+    15 3  0.1262E-10   0.000    
   14.5+    15 4  0.1262E-10   0.000    
   14.5+    15 5  0.1262E-10   0.000    
   14.5+    17 6 -0.2646E-11   0.000    
   14.5-    12 1  0.1002E-06   0.000    
   14.5-    14 2  0.1318E-09   0.000    
   14.5-    14 3  0.1318E-09   0.000    
   14.5-    14 4  0.1318E-09   0.000    
   14.5-    16 5 -0.3346E-10   0.000    
   14.5-    16 6 -0.3346E-10   0.000    
   15.5+    13 1  0.4396E-08   0.000    
   15.5+    15 2  0.1355E-10   0.000    
   15.5+    15 3  0.1355E-10   0.000    
   15.5+    15 4  0.1355E-10   0.000    
   15.5+    17 5 -0.2999E-11   0.000    
   15.5+    17 6 -0.2999E-11   0.000    
   15.5-    14 1  0.1406E-09   0.000    
   15.5-    14 2  0.1406E-09   0.000    
   15.5-    16 3 -0.3575E-10   0.000    
   15.5-    16 4 -0.3575E-10   0.000    
   15.5-    16 5 -0.3575E-10   0.000    
   15.5-    18 6 -0.1235E-10   0.000    
   16.5+    15 1  0.1431E-10   0.000    
   16.5+    15 2  0.1431E-10   0.000    
   16.5+    17 3 -0.3186E-11   0.000    
   16.5+    17 4 -0.3186E-11   0.000    
   16.5+    17 5 -0.3186E-11   0.000    
   16.5+    19 6  0.5110E-10   0.000    
   16.5-    14 1  0.1491E-09   0.000    
   16.5-    16 2 -0.3786E-10   0.000    
   16.5-    16 3 -0.3786E-10   0.000    
   16.5-    16 4 -0.3786E-10   0.000    
   16.5-    18 5 -0.1299E-10   0.000    
   16.5-    18 6 -0.1299E-10   0.000    
   17.5+    15 1  0.1561E-10   0.000    
   17.5+    17 2 -0.3043E-11   0.000    
   17.5+    17 3 -0.3043E-11   0.000    
   17.5+    17 4 -0.3043E-11   0.000    
   17.5+    19 5  0.5414E-10   0.000    
   17.5+    19 6  0.5414E-10   0.000    
   17.5-    16 1 -0.4009E-10   0.000    
   17.5-    16 2 -0.4009E-10   0.000    
   17.5-    18 3 -0.1396E-10   0.000    
   17.5-    18 4 -0.1396E-10   0.000    
   17.5-    18 5 -0.1396E-10   0.000    
   17.5-    20 6  0.1416E-10   0.000    
   18.5+    17 1 -0.3491E-11   0.000    
   18.5+    17 2 -0.3491E-11   0.000    
   18.5+    19 3  0.5715E-10   0.000    
   18.5+    19 4  0.5715E-10   0.000    
   18.5+    19 5  0.5715E-10   0.000    
   18.5+    21 6  0.2995E-10   0.000    
   18.5-    16 1 -0.4238E-10   0.000    
   18.5-    18 2 -0.1445E-10   0.000    
   18.5-    18 3 -0.1445E-10   0.000    
   18.5-    18 4 -0.1445E-10   0.000    
   18.5-    20 5  0.1543E-10   0.000    
   18.5-    20 6  0.1543E-10   0.000    
   19.5+    17 1 -0.3748E-11   0.000    
   19.5+    19 2  0.5994E-10   0.000    
   19.5+    19 3  0.5994E-10   0.000    
   19.5+    19 4  0.5994E-10   0.000    
   19.5+    21 5  0.3153E-10   0.000    
   19.5+    21 6  0.3153E-10   0.000    
   19.5-    18 1 -0.1521E-10   0.000    
   19.5-    18 2 -0.1521E-10   0.000    
   19.5-    20 3  0.1613E-10   0.000    
   19.5-    20 4  0.1613E-10   0.000    
   19.5-    20 5  0.1613E-10   0.000    
   19.5-    22 6 -0.1249E-10   0.000    
   20.5+    19 1  0.6293E-10   0.000    
   20.5+    19 2  0.6293E-10   0.000    
   20.5+    21 3  0.3322E-10   0.000    
   20.5+    21 4  0.3322E-10   0.000    
   20.5+    21 5  0.3322E-10   0.000    
   20.5+    23 6  0.1335E-10   0.000    
   20.5-    18 1 -0.1582E-10   0.000    
   20.5-    20 2  0.1678E-10   0.000    
   20.5-    20 3  0.1678E-10   0.000    
   20.5-    20 4  0.1678E-10   0.000    
   20.5-    22 5 -0.1281E-10   0.000    
   20.5-    22 6 -0.1281E-10   0.000    
   21.5+    19 1  0.6593E-10   0.000    
   21.5+    21 2  0.3468E-10   0.000    
   21.5+    21 3  0.3468E-10   0.000    
   21.5+    21 4  0.3468E-10   0.000    
   21.5+    23 5  0.1387E-10   0.000    
   21.5+    23 6  0.1387E-10   0.000    
   21.5-    20 1  0.1669E-10   0.000    
   21.5-    20 2  0.1669E-10   0.000    
   21.5-    22 3 -0.1366E-10   0.000    
   21.5-    22 4 -0.1366E-10   0.000    
   21.5-    22 5 -0.1366E-10   0.000    
   21.5-    24 6 -0.1714E-10   0.000    
   22.5+    21 1  0.3626E-10   0.000    
   22.5+    21 2  0.3626E-10   0.000    
   22.5+    23 3  0.1365E-10   0.000    
   22.5+    23 4  0.1365E-10   0.000    
   22.5+    23 5  0.1365E-10   0.000    
   22.5+    25 6  0.1817E-10   0.000    
   22.5-    20 1  0.1792E-10   0.000    
   22.5-    22 2 -0.1403E-10   0.000    
   22.5-    22 3 -0.1403E-10   0.000    
   22.5-    22 4 -0.1403E-10   0.000    
   22.5-    24 5 -0.1809E-10   0.000    
   22.5-    24 6 -0.1809E-10   0.000    
   23.5+    21 1  0.3766E-10   0.000    
   23.5+    23 2  0.1442E-10   0.000    
   23.5+    23 3  0.1442E-10   0.000    
   23.5+    23 4  0.1442E-10   0.000    
   23.5+    25 5  0.1901E-10   0.000    
   23.5+    25 6  0.1901E-10   0.000    
   23.5-    22 1 -0.1464E-10   0.000    
   23.5-    22 2 -0.1464E-10   0.000    
   23.5-    24 3 -0.1896E-10   0.000    
   23.5-    24 4 -0.1896E-10   0.000    
   23.5-    24 5 -0.1896E-10   0.000    
   23.5-    26 6  0.5605E-10   0.000    
   24.5+    23 1  0.1589E-10   0.000    
   24.5+    23 2  0.1589E-10   0.000    
   24.5+    25 3  0.1980E-10   0.000    
   24.5+    25 4  0.1980E-10   0.000    
   24.5+    25 5  0.1980E-10   0.000    
   24.5+    27 6 -0.1351E-10   0.000    
   24.5-    22 1 -0.1553E-10   0.000    
   24.5-    24 2 -0.1948E-10   0.000    
   24.5-    24 3 -0.1948E-10   0.000    
   24.5-    24 4 -0.1948E-10   0.000    
   24.5-    26 5  0.5838E-10   0.000    
   24.5-    26 6  0.5838E-10   0.000    
   25.5+    23 1  0.1686E-10   0.000    
   25.5+    25 2  0.2021E-10   0.000    
   25.5+    25 3  0.2021E-10   0.000    
   25.5+    25 4  0.2021E-10   0.000    
   25.5+    27 5 -0.1443E-10   0.000    
   25.5+    27 6 -0.1443E-10   0.000    
   25.5-    24 1 -0.2026E-10   0.000    
   25.5-    24 2 -0.2026E-10   0.000    
   25.5-    26 3  0.6072E-10   0.000    
   25.5-    26 4  0.6072E-10   0.000    
   25.5-    26 5  0.6072E-10   0.000    
   25.5-    28 6 -0.3249E-11   0.000    
   26.5+    25 1  0.2064E-10   0.000    
   26.5+    25 2  0.2064E-10   0.000    
   26.5+    27 3 -0.1518E-10   0.000    
   26.5+    27 4 -0.1518E-10   0.000    
   26.5+    27 5 -0.1518E-10   0.000    
   26.5+    29 6 -0.4316E-10   0.000    
   26.5-    24 1 -0.2103E-10   0.000    
   26.5-    26 2  0.6325E-10   0.000    
   26.5-    26 3  0.6325E-10   0.000    
   26.5-    26 4  0.6325E-10   0.000    
   26.5-    28 5 -0.3175E-11   0.000    
   26.5-    28 6 -0.3175E-11   0.000    
   27.5+    25 1  0.2140E-10   0.000    
   27.5+    27 2 -0.1523E-10   0.000    
   27.5+    27 3 -0.1523E-10   0.000    
   27.5+    27 4 -0.1523E-10   0.000    
   27.5+    29 5 -0.4455E-10   0.000    
   27.5+    29 6 -0.4455E-10   0.000    
   27.5-    26 1  0.6580E-10   0.000    
   27.5-    26 2  0.6580E-10   0.000    
   27.5-    28 3 -0.3087E-11   0.000    
   27.5-    28 4 -0.3087E-11   0.000    
   27.5-    28 5 -0.3087E-11   0.000    
   27.5-    30 6 -0.6688E-10   0.000    
   28.5+    27 1 -0.1662E-10   0.000    
   28.5+    27 2 -0.1662E-10   0.000    
   28.5+    29 3 -0.4657E-10   0.000    
   28.5+    29 4 -0.4657E-10   0.000    
   28.5+    29 5 -0.4657E-10   0.000    
   28.5+    31 6  0.2568E-10   0.000    
   28.5-    26 1  0.6735E-10   0.000    
   28.5-    28 2 -0.3410E-11   0.000    
   28.5-    28 3 -0.3410E-11   0.000    
   28.5-    28 4 -0.3410E-11   0.000    
   28.5-    30 5 -0.6895E-10   0.000    
   28.5-    30 6 -0.6895E-10   0.000    
   29.5+    27 1 -0.1632E-10   0.000    
   29.5+    29 2 -0.4774E-10   0.000    
   29.5+    29 3 -0.4774E-10   0.000    
   29.5+    29 4 -0.4774E-10   0.000    
   29.5+    31 5  0.2646E-10   0.000    
   29.5+    31 6  0.2646E-10   0.000    
   29.5-    28 1 -0.3528E-11   0.000    
   29.5-    28 2 -0.3528E-11   0.000    
   29.5-    30 3 -0.7111E-10   0.000    
   29.5-    30 4 -0.7111E-10   0.000    
   29.5-    30 5 -0.7111E-10   0.000    
   29.5-    32 6 -0.1918E-10   0.000    
   30.5+    29 1 -0.4910E-10   0.000    
   30.5+    29 2 -0.4910E-10   0.000    
   30.5+    31 3  0.2723E-10   0.000    
   30.5+    31 4  0.2723E-10   0.000    
   30.5+    31 5  0.2723E-10   0.000    
   30.5+    33 6  0.6436E-11   0.000    
   30.5-    28 1 -0.3418E-11   0.000    
   30.5-    30 2 -0.7325E-10   0.000    
   30.5-    30 3 -0.7325E-10   0.000    
   30.5-    30 4 -0.7325E-10   0.000    
   30.5-    32 5 -0.2028E-10   0.000    
   30.5-    32 6 -0.2028E-10   0.000    
   31.5+    29 1 -0.5139E-10   0.000    
   31.5+    31 2  0.2811E-10   0.000    
   31.5+    31 3  0.2811E-10   0.000    
   31.5+    31 4  0.2811E-10   0.000    
   31.5+    33 5  0.7114E-11   0.000    
   31.5+    33 6  0.7114E-11   0.000    
   31.5-    30 1 -0.7585E-10   0.000    
   31.5-    30 2 -0.7585E-10   0.000    
   31.5-    32 3 -0.2046E-10   0.000    
   31.5-    32 4 -0.2046E-10   0.000    
   31.5-    32 5 -0.2046E-10   0.000    
   31.5-    34 6 -0.3998E-10   0.000    
   32.5+    31 1  0.2910E-10   0.000    
   32.5+    31 2  0.2910E-10   0.000    
   32.5+    33 3  0.6973E-11   0.000    
   32.5+    33 4  0.6973E-11   0.000    
   32.5+    33 5  0.6973E-11   0.000    
   32.5+    35 6  0.3953E-10   0.000    
   32.5-    30 1 -0.7870E-10   0.000    
   32.5-    32 2 -0.2110E-10   0.000    
   32.5-    32 3 -0.2110E-10   0.000    
   32.5-    32 4 -0.2110E-10   0.000    
   32.5-    34 5 -0.4257E-10   0.000    
   32.5-    34 6 -0.4257E-10   0.000    
   33.5+    31 1  0.2986E-10   0.000    
   33.5+    33 2  0.7434E-11   0.000    
   33.5+    33 3  0.7434E-11   0.000    
   33.5+    33 4  0.7434E-11   0.000    
   33.5+    35 5  0.4086E-10   0.000    
   33.5+    35 6  0.4086E-10   0.000    
   33.5-    32 1 -0.2174E-10   0.000    
   33.5-    32 2 -0.2174E-10   0.000    
   33.5-    34 3 -0.4423E-10   0.000    
   33.5-    34 4 -0.4423E-10   0.000    
   33.5-    34 5 -0.4423E-10   0.000    
   33.5-    36 6  0.2974E-10   0.000    
   34.5+    33 1  0.6238E-11   0.000    
   34.5+    33 2  0.6238E-11   0.000    
   34.5+    35 3  0.4219E-10   0.000    
   34.5+    35 4  0.4219E-10   0.000    
   34.5+    35 5  0.4219E-10   0.000    
   34.5+    37 6 -0.9389E-11   0.000    
   34.5-    32 1 -0.2238E-10   0.000    
   34.5-    34 2 -0.4412E-10   0.000    
   34.5-    34 3 -0.4412E-10   0.000    
   34.5-    34 4 -0.4412E-10   0.000    
   34.5-    36 5  0.3061E-10   0.000    
   34.5-    36 6  0.3061E-10   0.000    
   35.5+    33 1  0.7342E-11   0.000    
   35.5+    35 2  0.4313E-10   0.000    
   35.5+    35 3  0.4313E-10   0.000    
   35.5+    35 4  0.4313E-10   0.000    
   35.5+    37 5 -0.9128E-11   0.000    
   35.5+    37 6 -0.9128E-11   0.000    
   35.5-    34 1 -0.4591E-10   0.000    
   35.5-    34 2 -0.4591E-10   0.000    
   35.5-    36 3  0.3248E-10   0.000    
   35.5-    36 4  0.3248E-10   0.000    
   35.5-    36 5  0.3248E-10   0.000    
   35.5-    38 6 -0.1191E-11   0.000    
   36.5+    35 1  0.4433E-10   0.000    
   36.5+    35 2  0.4433E-10   0.000    
   36.5+    37 3 -0.9926E-11   0.000    
   36.5+    37 4 -0.9926E-11   0.000    
   36.5+    37 5 -0.9926E-11   0.000    
   36.5+    39 6 -0.3535E-10   0.000    
   36.5-    34 1 -0.4813E-10   0.000    
   36.5-    36 2  0.3284E-10   0.000    
   36.5-    36 3  0.3284E-10   0.000    
   36.5-    36 4  0.3284E-10   0.000    
   36.5-    38 5 -0.2447E-11   0.000    
   36.5-    38 6 -0.2447E-11   0.000    
   37.5+    35 1  0.4552E-10   0.000    
   37.5+    37 2 -0.1131E-10   0.000    
   37.5+    37 3 -0.1131E-10   0.000    
   37.5+    37 4 -0.1131E-10   0.000    
   37.5+    39 5 -0.3631E-10   0.000    
   37.5+    39 6 -0.3631E-10   0.000    
   37.5-    36 1  0.3372E-10   0.000    
   37.5-    36 2  0.3372E-10   0.000    
   37.5-    38 3 -0.2793E-11   0.000    
   37.5-    38 4 -0.2793E-11   0.000    
   37.5-    38 5 -0.2793E-11   0.000    
   37.5-    40 6  0.6472E-10   0.000    
   38.5+    37 1 -0.1104E-10   0.000    
   38.5+    37 2 -0.1104E-10   0.000    
   38.5+    39 3 -0.3726E-10   0.000    
   38.5+    39 4 -0.3726E-10   0.000    
   38.5+    39 5 -0.3726E-10   0.000    
   38.5+    41 6 -0.3182E-10   0.000    
   38.5-    36 1  0.3461E-10   0.000    
   38.5-    38 2 -0.2006E-11   0.000    
   38.5-    38 3 -0.2006E-11   0.000    
   38.5-    38 4 -0.2006E-11   0.000    
   38.5-    40 5  0.6628E-10   0.000    
   38.5-    40 6  0.6628E-10   0.000    
   39.5+    37 1 -0.1073E-10   0.000    
   39.5+    39 2 -0.3866E-10   0.000    
   39.5+    39 3 -0.3866E-10   0.000    
   39.5+    39 4 -0.3866E-10   0.000    
   39.5+    41 5 -0.3263E-10   0.000    
   39.5+    41 6 -0.3263E-10   0.000    
   39.5-    38 1 -0.2940E-11   0.000    
   39.5-    38 2 -0.2940E-11   0.000    
   39.5-    40 3  0.6798E-10   0.000    
   39.5-    40 4  0.6798E-10   0.000    
   39.5-    40 5  0.6798E-10   0.000    
   39.5-    42 6  0.1382E-10   0.000    
   40.5+    39 1 -0.4008E-10   0.000    
   40.5+    39 2 -0.4008E-10   0.000    
   40.5+    41 3 -0.3345E-10   0.000    
   40.5+    41 4 -0.3345E-10   0.000    
   40.5+    41 5 -0.3345E-10   0.000    
   40.5+    43 6 -0.5876E-11   0.000    
   40.5-    38 1 -0.2712E-11   0.000    
   40.5-    40 2  0.6983E-10   0.000    
   40.5-    40 3  0.6983E-10   0.000    
   40.5-    40 4  0.6983E-10   0.000    
   40.5-    42 5  0.1416E-10   0.000    
   40.5-    42 6  0.1416E-10   0.000    
   41.5+    39 1 -0.4013E-10   0.000    
   41.5+    41 2 -0.3488E-10   0.000    
   41.5+    41 3 -0.3488E-10   0.000    
   41.5+    41 4 -0.3488E-10   0.000    
   41.5+    43 5 -0.5711E-11   0.000    
   41.5+    43 6 -0.5711E-11   0.000    
   41.5-    40 1  0.7162E-10   0.000    
   41.5-    40 2  0.7162E-10   0.000    
   41.5-    42 3  0.1451E-10   0.000    
   41.5-    42 4  0.1451E-10   0.000    
   41.5-    42 5  0.1451E-10   0.000    
   41.5-    44 6  0.6791E-11   0.000    
   42.5+    41 1 -0.3571E-10   0.000    
   42.5+    41 2 -0.3571E-10   0.000    
   42.5+    43 3 -0.6637E-11   0.000    
   42.5+    43 4 -0.6637E-11   0.000    
   42.5+    43 5 -0.6637E-11   0.000    
   42.5+    45 6 -0.7585E-11   0.000    
   42.5-    40 1  0.7308E-10   0.000    
   42.5-    42 2  0.1604E-10   0.000    
   42.5-    42 3  0.1604E-10   0.000    
   42.5-    42 4  0.1604E-10   0.000    
   42.5-    44 5  0.6558E-11   0.000    
   42.5-    44 6  0.6558E-11   0.000    
   43.5+    41 1 -0.3654E-10   0.000    
   43.5+    43 2 -0.6306E-11   0.000    
   43.5+    43 3 -0.6306E-11   0.000    
   43.5+    43 4 -0.6306E-11   0.000    
   43.5+    45 5 -0.7923E-11   0.000    
   43.5+    45 6 -0.7923E-11   0.000    
   43.5-    42 1  0.1520E-10   0.000    
   43.5-    42 2  0.1520E-10   0.000    
   43.5-    44 3  0.7842E-11   0.000    
   43.5-    44 4  0.7842E-11   0.000    
   43.5-    44 5  0.7842E-11   0.000    
   43.5-    46 6  0.1965E-10   0.000    
   44.5+    43 1 -0.6119E-11   0.000    
   44.5+    43 2 -0.6119E-11   0.000    
   44.5+    45 3 -0.6284E-11   0.000    
   44.5+    45 4 -0.6284E-11   0.000    
   44.5+    45 5 -0.6284E-11   0.000    
   44.5+    47 6 -0.3638E-11   0.000    
   44.5-    42 1  0.1554E-10   0.000    
   44.5-    44 2  0.7028E-11   0.000    
   44.5-    44 3  0.7028E-11   0.000    
   44.5-    44 4  0.7028E-11   0.000    
   44.5-    46 5  0.1852E-10   0.000    
   44.5-    46 6  0.1852E-10   0.000    
   45.5+    43 1 -0.7438E-11   0.000    
   45.5+    45 2 -0.8283E-11   0.000    
   45.5+    45 3 -0.8283E-11   0.000    
   45.5+    45 4 -0.8283E-11   0.000    
   45.5+    47 5 -0.2536E-11   0.000    
   45.5+    47 6 -0.2536E-11   0.000    
   45.5-    44 1  0.6508E-11   0.000    
   45.5-    44 2  0.6508E-11   0.000    
   45.5-    46 3  0.2367E-10   0.000    
   45.5-    46 4  0.2367E-10   0.000    
   45.5-    46 5  0.2367E-10   0.000    
   45.5-    48 6  0.3803E-11   0.000    
   46.5+    45 1 -0.6563E-11   0.000    
   46.5+    45 2 -0.6563E-11   0.000    
   46.5+    47 3 -0.3973E-11   0.000    
   46.5+    47 4 -0.3973E-11   0.000    
   46.5+    47 5 -0.3973E-11   0.000    
   46.5+    49 6 -0.1382E-11   0.000    
   46.5-    44 1  0.6909E-11   0.000    
   46.5-    46 2  0.1934E-10   0.000    
   46.5-    46 3  0.1934E-10   0.000    
   46.5-    46 4  0.1934E-10   0.000    
   46.5-    48 5  0.3886E-11   0.000    
   46.5-    48 6  0.3886E-11   0.000    
   47.5+    45 1 -0.1041E-10   0.000    
   47.5+    47 2 -0.2646E-11   0.000    
   47.5+    47 3 -0.2646E-11   0.000    
   47.5+    47 4 -0.2646E-11   0.000    
   47.5+    49 5 -0.1411E-11   0.000    
   47.5+    49 6 -0.1411E-11   0.000    
   47.5-    46 1  0.1808E-10   0.000    
   47.5-    46 2  0.1808E-10   0.000    
   47.5-    48 3  0.2029E-11   0.000    
   47.5-    48 4  0.2029E-11   0.000    
   47.5-    48 5  0.2029E-11   0.000    
   47.5-    50 6  0.2822E-11   0.000    
   48.5+    47 1 -0.3961E-11   0.000    
   48.5+    47 2 -0.3961E-11   0.000    
   48.5+    49 3 -0.2881E-11   0.000    
   48.5+    49 4 -0.2881E-11   0.000    
   48.5+    49 5 -0.2881E-11   0.000    
   48.5+    51 6 -0.1260E-11   0.000    
   48.5-    46 1  0.2188E-10   0.000    
   48.5-    48 2  0.2071E-11   0.000    
   48.5-    48 3  0.2071E-11   0.000    
   48.5-    48 4  0.2071E-11   0.000    
   48.5-    50 5   0.000       0.000    
   48.5-    50 6   0.000       0.000    
   49.5+    47 1 -0.2756E-11   0.000    
   49.5+    49 2 -0.1470E-11   0.000    
   49.5+    49 3 -0.1470E-11   0.000    
   49.5+    49 4 -0.1470E-11   0.000    
   49.5+    51 5   0.000       0.000    
   49.5+    51 6   0.000       0.000    
   49.5-    48 1  0.4134E-11   0.000    
   49.5-    48 2  0.4134E-11   0.000    
   49.5-    50 3  0.2021E-11   0.000    
   49.5-    50 4  0.2021E-11   0.000    
   49.5-    50 5  0.2021E-11   0.000    
   49.5-    52 6  0.8268E-12   0.000    
   50.5+    49 1 -0.1499E-11   0.000    
   50.5+    49 2 -0.1499E-11   0.000    
   50.5+    51 3   0.000       0.000    
   50.5+    51 4   0.000       0.000    
   50.5+    51 5   0.000       0.000    
   50.5+    53 6  0.1031E-11   0.000    
   50.5-    48 1  0.4217E-11   0.000    
   50.5-    50 2  0.9371E-12   0.000    
   50.5-    50 3  0.9371E-12   0.000    
   50.5-    50 4  0.9371E-12   0.000    
   50.5-    52 5  0.7497E-12   0.000    
   50.5-    52 6  0.7497E-12   0.000    
