# Fusion cross sections for ELAB=  10.880, ECM=   8.453
     0.5   19.80      1
     0.5   40.98     -1
     1.5   65.31      1
     1.5   129.5     -1
     2.5   99.15      1
     2.5   207.5     -1
     3.5   110.2      1
     3.5   214.5     -1
     4.5   80.85      1
     4.5   178.0     -1
     5.5   61.76      1
     5.5   114.3     -1
     6.5   20.75      1
     6.5   53.73     -1
     7.5   12.10      1
     7.5   15.68     -1
     8.5  0.3611      1
     8.5   2.396     -1
     9.5  0.2017      1
     9.5  0.2286     -1
    10.5  0.1627E-02  1
    10.5  0.1644E-01 -1
    11.5  0.8901E-03  1
    11.5  0.9759E-03 -1
    12.5  0.4123E-05  1
    12.5  0.5071E-04 -1
    13.5  0.2226E-05  1
    13.5  0.2413E-05 -1
    14.5  0.8277E-08  1
    14.5  0.1088E-06 -1
    15.5  0.4431E-08  1
    15.5  0.4592E-08 -1
    16.5  0.7016E-10  1
    16.5  0.7968E-10 -1
    17.5  0.1148E-09  1
    17.5  0.6879E-11 -1
    18.5  0.1944E-09  1
    18.5  0.1395E-09 -1
    19.5  0.2391E-09  1
    19.5  0.2446E-09 -1
    20.5  0.2389E-09  1
    20.5  0.2478E-09 -1
    21.5  0.1977E-09  1
    21.5  0.1730E-09 -1
    22.5  0.1316E-09  1
    22.5  0.7129E-10 -1
    23.5  0.1189E-09  1
    23.5  0.8881E-10 -1
    24.5  0.7768E-10  1
    24.5  0.1205E-09 -1
    25.5  0.4863E-10  1
    25.5  0.1870E-09 -1
    26.5 -0.4743E-10  1
    26.5  0.1149E-09 -1
    27.5 -0.1134E-09  1
    27.5 -0.5793E-10 -1
    28.5 -0.1473E-09  1
    28.5 -0.2281E-09 -1
    29.5 -0.1066E-09  1
    29.5 -0.3462E-09 -1
    30.5 -0.1008E-10  1
    30.5 -0.2738E-09 -1
    31.5  0.4716E-10  1
    31.5 -0.2059E-09 -1
    32.5  0.1187E-09  1
    32.5 -0.1085E-09 -1
    33.5  0.1339E-09  1
    33.5 -0.1256E-10 -1
    34.5  0.1296E-09  1
    34.5  0.3614E-10 -1
    35.5  0.1185E-09  1
    35.5  0.1229E-09 -1
    36.5  0.2352E-10  1
    36.5  0.6900E-10 -1
    37.5 -0.6102E-10  1
    37.5  0.6277E-10 -1
    38.5 -0.1657E-09  1
    38.5 -0.4515E-11 -1
    39.5 -0.1920E-09  1
    39.5  0.1992E-10 -1
    40.5 -0.1864E-09  1
    40.5  0.4874E-10 -1
    41.5 -0.1562E-09  1
    41.5  0.3735E-10 -1
    42.5 -0.9892E-10  1
    42.5  0.3540E-10 -1
    43.5 -0.7131E-10  1
    43.5  0.2264E-11 -1
    44.5 -0.3473E-10  1
    44.5  0.3894E-10 -1
    45.5 -0.3736E-10  1
    45.5  0.5046E-10 -1
    46.5 -0.2643E-10  1
    46.5  0.4629E-10 -1
    47.5 -0.2117E-10  1
    47.5  0.2390E-10 -1
    48.5 -0.1783E-10  1
    48.5  0.1026E-10 -1
    49.5 -0.7166E-11  1
    49.5  0.7993E-11 -1
    50.5 -0.1968E-11  1
    50.5  0.6560E-11 -1
 &
