 ==================================================================
              SRIM version ---> SRIM-2013.00
              Calc. date   ---> xullo 21, 2025 
 ==================================================================

 Disk File Name = SRIM Outputs\15O_H2_CF4_95-5.txt

 Ion = Oxygen [8] , Mass = 14,99868 amu

 Target Density =  2,2770E-04 g/cm3 = 4,6680E+19 atoms/cm3
 Target is a GAS 
 ======= Target  Composition ========
    Atom   Atom   Atomic    Mass     
    Name   Numb   Percent   Percent  
    ----   ----   -------   -------  
      C      6    002,33    009,53   
      F      9    009,30    060,15   
      H      1    088,37    030,32   
 ====================================
 Bragg Correction = -2,62%
 Stopping Units =  MeV / mm       
 See bottom of Table for other Stopping units 

        Ion        dE/dx      dE/dx     Projected  Longitudinal   Lateral
       Energy      Elec.      Nuclear     Range     Straggling   Straggling
  --------------  ---------- ---------- ----------  ----------  ----------
999,999 eV    6,788E-03  4,498E-02   22,79 um     8,09 um     6,12 um  
   1,10 keV   7,119E-03  4,572E-02   24,34 um     8,56 um     6,49 um  
   1,20 keV   7,436E-03  4,636E-02   25,87 um     9,02 um     6,84 um  
   1,30 keV   7,739E-03  4,692E-02   27,37 um     9,47 um     7,19 um  
   1,40 keV   8,032E-03  4,741E-02   28,86 um     9,91 um     7,53 um  
   1,50 keV   8,313E-03  4,784E-02   30,33 um    10,35 um     7,87 um  
   1,60 keV   8,586E-03  4,822E-02   31,78 um    10,78 um     8,20 um  
   1,70 keV   8,850E-03  4,855E-02   33,22 um    11,20 um     8,52 um  
   1,80 keV   9,107E-03  4,885E-02   34,65 um    11,62 um     8,84 um  
   2,00 keV   9,600E-03  4,934E-02   37,49 um    12,44 um     9,47 um  
   2,25 keV   1,018E-02  4,980E-02   40,98 um    13,44 um    10,23 um  
   2,50 keV   1,073E-02  5,014E-02   44,43 um    14,42 um    10,97 um  
   2,75 keV   1,126E-02  5,036E-02   47,85 um    15,38 um    11,70 um  
   3,00 keV   1,176E-02  5,051E-02   51,24 um    16,32 um    12,41 um  
   3,25 keV   1,224E-02  5,060E-02   54,61 um    17,25 um    13,11 um  
   3,50 keV   1,270E-02  5,063E-02   57,95 um    18,16 um    13,79 um  
   3,75 keV   1,314E-02  5,061E-02   61,28 um    19,07 um    14,47 um  
   4,00 keV   1,358E-02  5,056E-02   64,60 um    19,96 um    15,14 um  
   4,50 keV   1,440E-02  5,038E-02   71,21 um    21,73 um    16,46 um  
   5,00 keV   1,518E-02  5,011E-02   77,79 um    23,46 um    17,75 um  
   5,50 keV   1,592E-02  4,979E-02   84,34 um    25,17 um    19,01 um  
   6,00 keV   1,663E-02  4,942E-02   90,88 um    26,84 um    20,26 um  
   6,50 keV   1,731E-02  4,902E-02   97,40 um    28,50 um    21,49 um  
   7,00 keV   1,796E-02  4,860E-02  103,92 um    30,14 um    22,71 um  
   8,00 keV   1,920E-02  4,773E-02  116,96 um    33,36 um    25,10 um  
   9,00 keV   2,036E-02  4,683E-02  129,99 um    36,51 um    27,46 um  
  10,00 keV   2,147E-02  4,594E-02  143,03 um    39,60 um    29,77 um  
  11,00 keV   2,251E-02  4,506E-02  156,08 um    42,63 um    32,06 um  
  12,00 keV   2,351E-02  4,420E-02  169,14 um    45,61 um    34,32 um  
  13,00 keV   2,447E-02  4,336E-02  182,22 um    48,53 um    36,56 um  
  14,00 keV   2,540E-02  4,255E-02  195,32 um    51,40 um    38,77 um  
  15,00 keV   2,629E-02  4,177E-02  208,43 um    54,22 um    40,97 um  
  16,00 keV   2,715E-02  4,102E-02  221,54 um    56,99 um    43,15 um  
  17,00 keV   2,799E-02  4,030E-02  234,67 um    59,72 um    45,31 um  
  18,00 keV   2,880E-02  3,960E-02  247,81 um    62,40 um    47,46 um  
  20,00 keV   3,036E-02  3,828E-02  274,09 um    67,68 um    51,71 um  
  22,50 keV   3,220E-02  3,676E-02  306,96 um    74,07 um    56,96 um  
  25,00 keV   3,394E-02  3,537E-02  339,79 um    80,20 um    62,12 um  
  27,50 keV   3,560E-02  3,410E-02  372,57 um    86,11 um    67,20 um  
  30,00 keV   3,718E-02  3,293E-02  405,27 um    91,81 um    72,20 um  
  32,50 keV   3,804E-02  3,185E-02  438,03 um    97,34 um    77,13 um  
  35,00 keV   3,887E-02  3,085E-02  470,97 um   102,76 um    82,00 um  
  37,50 keV   3,965E-02  2,992E-02  504,08 um   108,08 um    86,81 um  
  40,00 keV   4,039E-02  2,906E-02  537,33 um   113,29 um    91,58 um  
  45,00 keV   4,177E-02  2,749E-02  604,21 um   123,56 um   101,00 um  
  50,00 keV   4,304E-02  2,612E-02  671,48 um   133,43 um   110,27 um  
  55,00 keV   4,422E-02  2,489E-02  739,04 um   142,94 um   119,40 um  
  60,00 keV   4,534E-02  2,380E-02  806,80 um   152,12 um   128,40 um  
  65,00 keV   4,640E-02  2,281E-02  874,69 um   160,98 um   137,27 um  
  70,00 keV   4,743E-02  2,191E-02  942,64 um   169,54 um   146,01 um  
  80,00 keV   4,941E-02  2,035E-02    1,08 mm   186,24 um   163,13 um  
  90,00 keV   5,132E-02  1,902E-02    1,21 mm   201,84 um   179,74 um  
 100,00 keV   5,316E-02  1,788E-02    1,35 mm   216,46 um   195,83 um  
 110,00 keV   5,497E-02  1,689E-02    1,48 mm   230,18 um   211,42 um  
 120,00 keV   5,673E-02  1,601E-02    1,61 mm   243,09 um   226,51 um  
 130,00 keV   5,846E-02  1,524E-02    1,74 mm   255,25 um   241,10 um  
 140,00 keV   6,016E-02  1,455E-02    1,87 mm   266,73 um   255,22 um  
 150,00 keV   6,182E-02  1,392E-02    2,00 mm   277,58 um   268,87 um  
 160,00 keV   6,345E-02  1,336E-02    2,13 mm   287,85 um   282,07 um  
 170,00 keV   6,506E-02  1,284E-02    2,25 mm   297,60 um   294,84 um  
 180,00 keV   6,663E-02  1,237E-02    2,38 mm   306,85 um   307,19 um  
 200,00 keV   6,972E-02  1,154E-02    2,62 mm   324,86 um   330,74 um  
 225,00 keV   7,345E-02  1,066E-02    2,91 mm   345,50 um   358,14 um  
 250,00 keV   7,707E-02  9,918E-03    3,19 mm   363,90 um   383,51 um  
 275,00 keV   8,060E-02  9,285E-03    3,47 mm   380,42 um   407,07 um  
 300,00 keV   8,405E-02  8,737E-03    3,74 mm   395,34 um   428,99 um  
 325,00 keV   8,743E-02  8,258E-03    4,00 mm   408,90 um   449,45 um  
 350,00 keV   9,075E-02  7,834E-03    4,25 mm   421,28 um   468,60 um  
 375,00 keV   9,402E-02  7,456E-03    4,49 mm   432,63 um   486,55 um  
 400,00 keV   9,725E-02  7,117E-03    4,73 mm   443,07 um   503,42 um  
 450,00 keV   1,036E-01  6,533E-03    5,19 mm   463,82 um   534,28 um  
 500,00 keV   1,098E-01  6,046E-03    5,63 mm   481,67 um   561,84 um  
 550,00 keV   1,160E-01  5,634E-03    6,04 mm   497,20 um   586,61 um  
 600,00 keV   1,221E-01  5,279E-03    6,44 mm   510,83 um   609,00 um  
 650,00 keV   1,282E-01  4,971E-03    6,82 mm   522,89 um   629,32 um  
 700,00 keV   1,343E-01  4,700E-03    7,18 mm   533,63 um   647,86 um  
 800,00 keV   1,465E-01  4,245E-03    7,86 mm   556,01 um   680,40 um  
 900,00 keV   1,587E-01  3,878E-03    8,50 mm   574,24 um   708,02 um  
   1,00 MeV   1,711E-01  3,574E-03    9,08 mm   589,35 um   731,73 um  
   1,10 MeV   1,835E-01  3,318E-03    9,63 mm   602,05 um   752,28 um  
   1,20 MeV   1,960E-01  3,100E-03   10,15 mm   612,85 um   770,24 um  
   1,30 MeV   2,084E-01  2,910E-03   10,63 mm   622,16 um   786,06 um  
   1,40 MeV   2,207E-01  2,745E-03   11,09 mm   630,24 um   800,09 um  
   1,50 MeV   2,329E-01  2,599E-03   11,52 mm   637,33 um   812,62 um  
   1,60 MeV   2,448E-01  2,468E-03   11,94 mm   643,61 um   823,88 um  
   1,70 MeV   2,565E-01  2,352E-03   12,33 mm   649,20 um   834,06 um  
   1,80 MeV   2,679E-01  2,246E-03   12,71 mm   654,24 um   843,31 um  
   2,00 MeV   2,895E-01  2,064E-03   13,42 mm   666,70 um   859,50 um  
   2,25 MeV   3,141E-01  1,876E-03   14,24 mm   681,52 um   876,42 um  
   2,50 MeV   3,359E-01  1,722E-03   15,00 mm   693,90 um   890,59 um  
   2,75 MeV   3,549E-01  1,594E-03   15,72 mm   704,54 um   902,73 um  
   3,00 MeV   3,711E-01  1,484E-03   16,40 mm   713,93 um   913,34 um  
   3,25 MeV   3,850E-01  1,389E-03   17,06 mm   722,37 um   922,75 um  
   3,50 MeV   3,967E-01  1,307E-03   17,70 mm   730,09 um   931,22 um  
   3,75 MeV   4,064E-01  1,235E-03   18,32 mm   737,26 um   938,93 um  
   4,00 MeV   4,146E-01  1,170E-03   18,92 mm   743,98 um   946,01 um  
   4,50 MeV   4,268E-01  1,061E-03   20,11 mm   765,63 um   958,72 um  
   5,00 MeV   4,348E-01  9,719E-04   21,26 mm   785,54 um   969,95 um  
   5,50 MeV   4,398E-01  8,974E-04   22,40 mm   804,25 um   980,08 um  
   6,00 MeV   4,425E-01  8,342E-04   23,53 mm   822,10 um   989,39 um  
   6,50 MeV   4,434E-01  7,798E-04   24,66 mm   839,34 um   998,06 um  
   7,00 MeV   4,430E-01  7,326E-04   25,78 mm   856,13 um     1,01 mm  
   8,00 MeV   4,392E-01  6,543E-04   28,05 mm   917,15 um     1,02 mm  
   9,00 MeV   4,328E-01  5,920E-04   30,33 mm   975,48 um     1,04 mm  
  10,00 MeV   4,247E-01  5,412E-04   32,66 mm     1,03 mm     1,05 mm  
  11,00 MeV   4,156E-01  4,989E-04   35,04 mm     1,09 mm     1,06 mm  
  12,00 MeV   4,059E-01  4,631E-04   37,47 mm     1,14 mm     1,07 mm  
  13,00 MeV   3,959E-01  4,324E-04   39,96 mm     1,20 mm     1,09 mm  
  14,00 MeV   3,859E-01  4,057E-04   42,52 mm     1,25 mm     1,10 mm  
  15,00 MeV   3,759E-01  3,823E-04   45,14 mm     1,31 mm     1,11 mm  
  16,00 MeV   3,661E-01  3,616E-04   47,83 mm     1,37 mm     1,12 mm  
  17,00 MeV   3,565E-01  3,432E-04   50,60 mm     1,42 mm     1,14 mm  
  18,00 MeV   3,472E-01  3,266E-04   53,44 mm     1,48 mm     1,15 mm  
  20,00 MeV   3,296E-01  2,982E-04   59,34 mm     1,70 mm     1,18 mm  
  22,50 MeV   3,093E-01  2,692E-04   67,17 mm     2,04 mm     1,21 mm  
  25,00 MeV   2,910E-01  2,456E-04   75,50 mm     2,36 mm     1,25 mm  
  27,50 MeV   2,745E-01  2,260E-04   84,34 mm     2,67 mm     1,28 mm  
  30,00 MeV   2,596E-01  2,095E-04   93,70 mm     2,99 mm     1,33 mm  
  32,50 MeV   2,485E-01  1,953E-04  103,53 mm     3,30 mm     1,37 mm  
  35,00 MeV   2,368E-01  1,831E-04  113,83 mm     3,61 mm     1,42 mm  
  37,50 MeV   2,257E-01  1,723E-04  124,64 mm     3,93 mm     1,47 mm  
  40,00 MeV   2,161E-01  1,628E-04  135,96 mm     4,24 mm     1,52 mm  
  45,00 MeV   1,993E-01  1,468E-04  160,04 mm     5,45 mm     1,64 mm  
  50,00 MeV   1,853E-01  1,338E-04  186,05 mm     6,58 mm     1,76 mm  
  55,00 MeV   1,735E-01  1,230E-04  213,92 mm     7,68 mm     1,90 mm  
  60,00 MeV   1,633E-01  1,139E-04  243,62 mm     8,77 mm     2,06 mm  
  65,00 MeV   1,544E-01  1,061E-04  275,09 mm     9,84 mm     2,22 mm  
  70,00 MeV   1,467E-01  9,937E-05  308,30 mm    10,91 mm     2,40 mm  
  80,00 MeV   1,338E-01  8,826E-05  379,67 mm    14,88 mm     2,78 mm  
  90,00 MeV   1,233E-01  7,949E-05  457,51 mm    18,53 mm     3,21 mm  
 100,00 MeV   1,146E-01  7,238E-05  541,60 mm    22,04 mm     3,67 mm  
 110,00 MeV   1,072E-01  6,648E-05  631,78 mm    25,48 mm     4,16 mm  
 120,00 MeV   1,008E-01  6,151E-05  727,94 mm    28,91 mm     4,69 mm  
 130,00 MeV   9,513E-02  5,727E-05  830,03 mm    32,33 mm     5,25 mm  
 140,00 MeV   9,007E-02  5,359E-05  938,03 mm    35,78 mm     5,84 mm  
 150,00 MeV   8,551E-02  5,038E-05    1,05 m     39,27 mm     6,47 mm  
 160,00 MeV   8,135E-02  4,755E-05    1,17 m     42,80 mm     7,12 mm  
 170,00 MeV   7,754E-02  4,504E-05    1,30 m     46,38 mm     7,80 mm  
 180,00 MeV   7,404E-02  4,279E-05    1,43 m     50,02 mm     8,52 mm  
 200,00 MeV   6,778E-02  3,892E-05    1,71 m     64,06 mm    10,04 mm  
 225,00 MeV   6,113E-02  3,501E-05    2,10 m     84,46 mm    12,14 mm  
 250,00 MeV   5,552E-02  3,184E-05    2,53 m    104,09 mm    14,44 mm  
 275,00 MeV   5,076E-02  2,922E-05    3,00 m    123,66 mm    16,96 mm  
 300,00 MeV   4,673E-02  2,701E-05    3,51 m    143,49 mm    19,70 mm  
 325,00 MeV   4,332E-02  2,513E-05    4,07 m    163,69 mm    22,68 mm  
 350,00 MeV   4,047E-02  2,350E-05    4,67 m    184,29 mm    25,87 mm  
 375,00 MeV   3,811E-02  2,208E-05    5,30 m    205,21 mm    29,28 mm  
 400,00 MeV   3,618E-02  2,083E-05    5,98 m    226,34 mm    32,90 mm  
 450,00 MeV   3,346E-02  1,872E-05    7,41 m    304,42 mm    40,63 mm  
 500,00 MeV   3,069E-02  1,701E-05    8,97 m    376,25 mm    49,02 mm  
 550,00 MeV   2,838E-02  1,560E-05   10,67 m    446,33 mm    58,08 mm  
 600,00 MeV   2,643E-02  1,442E-05   12,49 m    515,89 mm    67,80 mm  
 650,00 MeV   2,477E-02  1,340E-05   14,45 m    585,54 mm    78,18 mm  
 700,00 MeV   2,332E-02  1,253E-05   16,53 m    655,63 mm    89,19 mm  
 800,00 MeV   2,094E-02  1,110E-05   21,05 m    917,03 mm   113,07 mm  
 900,00 MeV   1,905E-02  9,966E-06   26,06 m      1,16 m    139,34 mm  
   1,00 GeV   1,752E-02  9,052E-06   31,53 m      1,39 m    167,91 mm  
-----------------------------------------------------------
 Multiply Stopping by        for Stopping Units
 -------------------        ------------------
  1,0000E-01                 eV / Angstrom 
  1,0000E+00                keV / micron   
  1,0000E+00                MeV / mm       
  4,3919E+01                keV / (ug/cm2) 
  4,3919E+01                MeV / (mg/cm2) 
  4,3919E+04                keV / (mg/cm2) 
  2,1422E+02                 eV / (1E15 atoms/cm2)
  4,7758E+00                L.S.S. reduced units
 ==================================================================
 (C) 1984,1989,1992,1998,2008 by J.P. Biersack and J.F. Ziegler
