 ==================================================================
              SRIM version ---> SRIM-2013.00
              Calc. date   ---> xullo 21, 2025 
 ==================================================================

 Disk File Name = SRIM Outputs\2H_H2_CF4_95-5.txt

 Ion = Hydrogen [1] , Mass = 2,015 amu

 Target Density =  2,2770E-04 g/cm3 = 4,6680E+19 atoms/cm3
 Target is a GAS 
 ======= Target  Composition ========
    Atom   Atom   Atomic    Mass     
    Name   Numb   Percent   Percent  
    ----   ----   -------   -------  
      C      6    002,33    009,53   
      F      9    009,30    060,15   
      H      1    088,37    030,32   
 ====================================
 Bragg Correction = -2,62%
 Stopping Units =  MeV / mm       
 See bottom of Table for other Stopping units 

        Ion        dE/dx      dE/dx     Projected  Longitudinal   Lateral
       Energy      Elec.      Nuclear     Range     Straggling   Straggling
  --------------  ---------- ---------- ----------  ----------  ----------
999,999 eV    4,180E-03  2,389E-03  113,42 um    46,89 um    39,39 um  
   1,10 keV   4,384E-03  2,282E-03  124,69 um    50,57 um    42,79 um  
   1,20 keV   4,579E-03  2,186E-03  135,90 um    54,12 um    46,11 um  
   1,30 keV   4,766E-03  2,099E-03  147,05 um    57,53 um    49,35 um  
   1,40 keV   4,946E-03  2,020E-03  158,13 um    60,82 um    52,52 um  
   1,50 keV   5,120E-03  1,947E-03  169,14 um    64,00 um    55,60 um  
   1,60 keV   5,288E-03  1,881E-03  180,08 um    67,07 um    58,62 um  
   1,70 keV   5,450E-03  1,820E-03  190,93 um    70,02 um    61,56 um  
   1,80 keV   5,608E-03  1,764E-03  201,71 um    72,89 um    64,43 um  
   2,00 keV   5,912E-03  1,662E-03  223,04 um    78,33 um    69,99 um  
   2,25 keV   6,270E-03  1,553E-03  249,25 um    84,67 um    76,60 um  
   2,50 keV   6,610E-03  1,460E-03  274,97 um    90,54 um    82,86 um  
   2,75 keV   6,932E-03  1,378E-03  300,20 um    95,99 um    88,79 um  
   3,00 keV   7,240E-03  1,307E-03  324,97 um   101,07 um    94,43 um  
   3,25 keV   7,536E-03  1,244E-03  349,29 um   105,82 um    99,80 um  
   3,50 keV   7,820E-03  1,187E-03  373,17 um   110,28 um   104,93 um  
   3,75 keV   8,095E-03  1,137E-03  396,64 um   114,47 um   109,82 um  
   4,00 keV   8,360E-03  1,091E-03  419,71 um   118,41 um   114,51 um  
   4,50 keV   8,857E-03  1,010E-03  464,76 um   125,71 um   123,33 um  
   5,00 keV   9,327E-03  9,423E-04  508,44 um   132,28 um   131,48 um  
   5,50 keV   9,775E-03  8,841E-04  550,86 um   138,24 um   139,05 um  
   6,00 keV   1,020E-02  8,335E-04  592,11 um   143,67 um   146,11 um  
   6,50 keV   1,062E-02  7,891E-04  632,26 um   148,64 um   152,73 um  
   7,00 keV   1,101E-02  7,497E-04  671,40 um   153,22 um   158,94 um  
   8,00 keV   1,177E-02  6,830E-04  746,92 um   161,52 um   170,33 um  
   9,00 keV   1,248E-02  6,283E-04  819,10 um   168,72 um   180,54 um  
  10,00 keV   1,316E-02  5,827E-04  888,34 um   175,03 um   189,77 um  
  11,00 keV   1,380E-02  5,439E-04  954,97 um   180,64 um   198,19 um  
  12,00 keV   1,441E-02  5,105E-04    1,02 mm   185,66 um   205,91 um  
  13,00 keV   1,500E-02  4,814E-04    1,08 mm   190,18 um   213,04 um  
  14,00 keV   1,556E-02  4,557E-04    1,14 mm   194,29 um   219,64 um  
  15,00 keV   1,610E-02  4,329E-04    1,20 mm   198,05 um   225,79 um  
  16,00 keV   1,662E-02  4,125E-04    1,26 mm   201,50 um   231,54 um  
  17,00 keV   1,712E-02  3,942E-04    1,31 mm   204,68 um   236,93 um  
  18,00 keV   1,761E-02  3,775E-04    1,37 mm   207,63 um   242,01 um  
  20,00 keV   1,853E-02  3,485E-04    1,47 mm   213,17 um   251,34 um  
  22,50 keV   1,959E-02  3,185E-04    1,60 mm   219,29 um   261,71 um  
  25,00 keV   2,057E-02  2,937E-04    1,71 mm   224,58 um   270,94 um  
  27,50 keV   2,148E-02  2,728E-04    1,83 mm   229,23 um   279,23 um  
  30,00 keV   2,231E-02  2,549E-04    1,94 mm   233,37 um   286,77 um  
  32,50 keV   2,308E-02  2,394E-04    2,05 mm   237,10 um   293,67 um  
  35,00 keV   2,379E-02  2,258E-04    2,15 mm   240,48 um   300,04 um  
  37,50 keV   2,445E-02  2,139E-04    2,25 mm   243,57 um   305,96 um  
  40,00 keV   2,506E-02  2,032E-04    2,35 mm   246,42 um   311,48 um  
  45,00 keV   2,616E-02  1,850E-04    2,54 mm   252,23 um   321,55 um  
  50,00 keV   2,713E-02  1,700E-04    2,72 mm   257,35 um   330,56 um  
  55,00 keV   2,798E-02  1,575E-04    2,90 mm   261,92 um   338,72 um  
  60,00 keV   2,873E-02  1,468E-04    3,07 mm   266,06 um   346,20 um  
  65,00 keV   2,940E-02  1,375E-04    3,24 mm   269,86 um   353,12 um  
  70,00 keV   2,998E-02  1,295E-04    3,41 mm   273,37 um   359,57 um  
  80,00 keV   3,094E-02  1,161E-04    3,73 mm   281,57 um   371,34 um  
  90,00 keV   3,164E-02  1,054E-04    4,05 mm   288,93 um   381,94 um  
 100,00 keV   3,212E-02  9,662E-05    4,36 mm   295,67 um   391,65 um  
 110,00 keV   3,243E-02  8,929E-05    4,67 mm   301,97 um   400,70 um  
 120,00 keV   3,258E-02  8,306E-05    4,97 mm   307,93 um   409,22 um  
 130,00 keV   3,261E-02  7,770E-05    5,28 mm   313,63 um   417,33 um  
 140,00 keV   3,254E-02  7,304E-05    5,58 mm   319,16 um   425,12 um  
 150,00 keV   3,238E-02  6,894E-05    5,89 mm   324,54 um   432,65 um  
 160,00 keV   3,215E-02  6,531E-05    6,20 mm   329,82 um   439,98 um  
 170,00 keV   3,187E-02  6,206E-05    6,51 mm   335,03 um   447,16 um  
 180,00 keV   3,154E-02  5,915E-05    6,82 mm   340,20 um   454,21 um  
 200,00 keV   3,080E-02  5,411E-05    7,46 mm   356,23 um   468,08 um  
 225,00 keV   2,976E-02  4,897E-05    8,28 mm   379,73 um   485,20 um  
 250,00 keV   2,868E-02  4,478E-05    9,13 mm   403,23 um   502,30 um  
 275,00 keV   2,761E-02  4,129E-05   10,02 mm   426,95 um   519,58 um  
 300,00 keV   2,656E-02  3,833E-05   10,94 mm   451,04 um   537,17 um  
 325,00 keV   2,556E-02  3,580E-05   11,90 mm   475,58 um   555,18 um  
 350,00 keV   2,461E-02  3,359E-05   12,89 mm   500,64 um   573,69 um  
 375,00 keV   2,372E-02  3,166E-05   13,92 mm   526,25 um   592,75 um  
 400,00 keV   2,288E-02  2,995E-05   14,99 mm   552,43 um   612,43 um  
 450,00 keV   2,136E-02  2,706E-05   17,25 mm   646,99 um   653,76 um  
 500,00 keV   2,003E-02  2,471E-05   19,66 mm   740,34 um   697,90 um  
 550,00 keV   1,887E-02  2,275E-05   22,23 mm   833,54 um   744,96 um  
 600,00 keV   1,784E-02  2,109E-05   24,95 mm   927,20 um   795,03 um  
 650,00 keV   1,693E-02  1,968E-05   27,82 mm     1,02 mm   848,12 um  
 700,00 keV   1,612E-02  1,845E-05   30,84 mm     1,12 mm   904,23 um  
 800,00 keV   1,473E-02  1,642E-05   37,32 mm     1,46 mm     1,03 mm  
 900,00 keV   1,359E-02  1,481E-05   44,37 mm     1,79 mm     1,16 mm  
   1,00 MeV   1,263E-02  1,351E-05   51,99 mm     2,11 mm     1,30 mm  
   1,10 MeV   1,182E-02  1,242E-05   60,16 mm     2,42 mm     1,46 mm  
   1,20 MeV   1,112E-02  1,151E-05   68,87 mm     2,74 mm     1,62 mm  
   1,30 MeV   1,050E-02  1,073E-05   78,11 mm     3,05 mm     1,80 mm  
   1,40 MeV   9,965E-03  1,005E-05   87,87 mm     3,37 mm     1,98 mm  
   1,50 MeV   9,486E-03  9,454E-06   98,14 mm     3,69 mm     2,18 mm  
   1,60 MeV   9,057E-03  8,930E-06  108,91 mm     4,02 mm     2,38 mm  
   1,70 MeV   8,672E-03  8,464E-06  120,18 mm     4,35 mm     2,60 mm  
   1,80 MeV   8,323E-03  8,047E-06  131,93 mm     4,68 mm     2,82 mm  
   2,00 MeV   7,715E-03  7,329E-06  156,86 mm     5,91 mm     3,29 mm  
   2,25 MeV   7,127E-03  6,602E-06  190,53 mm     7,65 mm     3,92 mm  
   2,50 MeV   6,577E-03  6,012E-06  227,00 mm     9,29 mm     4,60 mm  
   2,75 MeV   6,142E-03  5,523E-06  266,28 mm    10,88 mm     5,32 mm  
   3,00 MeV   5,767E-03  5,110E-06  308,23 mm    12,46 mm     6,10 mm  
   3,25 MeV   5,437E-03  4,758E-06  352,82 mm    14,04 mm     6,91 mm  
   3,50 MeV   5,145E-03  4,453E-06  400,03 mm    15,62 mm     7,77 mm  
   3,75 MeV   4,885E-03  4,187E-06  449,83 mm    17,22 mm     8,68 mm  
   4,00 MeV   4,652E-03  3,952E-06  502,21 mm    18,83 mm     9,62 mm  
   4,50 MeV   4,250E-03  3,556E-06  614,53 mm    24,80 mm    11,64 mm  
   5,00 MeV   3,917E-03  3,236E-06  736,94 mm    30,41 mm    13,82 mm  
   5,50 MeV   3,637E-03  2,970E-06  869,27 mm    35,88 mm    16,17 mm  
   6,00 MeV   3,397E-03  2,747E-06    1,01 m     41,31 mm    18,67 mm  
   6,50 MeV   3,189E-03  2,556E-06    1,16 m     46,76 mm    21,33 mm  
   7,00 MeV   3,008E-03  2,391E-06    1,32 m     52,24 mm    24,15 mm  
   8,00 MeV   2,705E-03  2,119E-06    1,67 m     72,39 mm    30,24 mm  
   9,00 MeV   2,462E-03  1,906E-06    2,06 m     91,19 mm    36,94 mm  
  10,00 MeV   2,262E-03  1,732E-06    2,49 m    109,55 mm    44,21 mm  
  11,00 MeV   2,095E-03  1,589E-06    2,94 m    127,83 mm    52,06 mm  
  12,00 MeV   1,952E-03  1,469E-06    3,44 m    146,21 mm    60,48 mm  
  13,00 MeV   1,830E-03  1,366E-06    3,97 m    164,80 mm    69,44 mm  
  14,00 MeV   1,723E-03  1,277E-06    4,53 m    183,63 mm    78,96 mm  
  15,00 MeV   1,629E-03  1,200E-06    5,13 m    202,76 mm    89,01 mm  
  16,00 MeV   1,545E-03  1,131E-06    5,76 m    222,18 mm    99,59 mm  
  17,00 MeV   1,470E-03  1,071E-06    6,42 m    241,92 mm   110,69 mm  
  18,00 MeV   1,403E-03  1,016E-06    7,11 m    261,98 mm   122,32 mm  
  20,00 MeV   1,287E-03  9,235E-07    8,60 m    337,51 mm   147,11 mm  
  22,50 MeV   1,168E-03  8,296E-07   10,64 m    445,69 mm   180,93 mm  
  25,00 MeV   1,071E-03  7,536E-07   12,87 m    548,27 mm   217,82 mm  
  27,50 MeV   9,905E-04  6,908E-07   15,30 m    648,91 mm   257,73 mm  
  30,00 MeV   9,219E-04  6,380E-07   17,91 m    749,23 mm   300,58 mm  
  32,50 MeV   8,630E-04  5,930E-07   20,71 m    850,06 mm   346,33 mm  
  35,00 MeV   8,119E-04  5,541E-07   23,69 m    951,87 mm   394,93 mm  
  37,50 MeV   7,669E-04  5,202E-07   26,86 m      1,05 m    446,33 mm  
  40,00 MeV   7,272E-04  4,904E-07   30,20 m      1,16 m    500,50 mm  
  45,00 MeV   6,599E-04  4,402E-07   37,42 m      1,55 m    617,01 mm  
  50,00 MeV   6,050E-04  3,997E-07   45,32 m      1,92 m    744,14 mm  
  55,00 MeV   5,594E-04  3,662E-07   53,91 m      2,28 m    881,62 mm  
  60,00 MeV   5,209E-04  3,381E-07   63,17 m      2,63 m      1,03 m   
  65,00 MeV   4,878E-04  3,141E-07   73,08 m      2,99 m      1,19 m   
  70,00 MeV   4,592E-04  2,934E-07   83,64 m      3,35 m      1,35 m   
  80,00 MeV   4,119E-04  2,595E-07  106,62 m      4,69 m      1,72 m   
  90,00 MeV   3,744E-04  2,328E-07  132,07 m      5,93 m      2,12 m   
 100,00 MeV   3,439E-04  2,113E-07  159,91 m      7,13 m      2,55 m   
 110,00 MeV   3,187E-04  1,935E-07  190,10 m      8,33 m      3,02 m   
 120,00 MeV   2,974E-04  1,786E-07  222,56 m      9,54 m      3,52 m   
 130,00 MeV   2,792E-04  1,658E-07  257,24 m     10,75 m      4,05 m   
 140,00 MeV   2,634E-04  1,549E-07  294,10 m     11,97 m      4,62 m   
 150,00 MeV   2,496E-04  1,453E-07  333,07 m     13,21 m      5,21 m   
 160,00 MeV   2,374E-04  1,369E-07  374,12 m     14,46 m      5,83 m   
 170,00 MeV   2,266E-04  1,294E-07  417,20 m     15,72 m      6,49 m   
 180,00 MeV   2,169E-04  1,228E-07  462,27 m     17,00 m      7,17 m   
 200,00 MeV   2,003E-04  1,113E-07  558,16 m     21,81 m      8,60 m   
 225,00 MeV   1,835E-04  9,984E-08  688,48 m     28,64 m     10,54 m   
 250,00 MeV   1,699E-04  9,055E-08  829,98 m     35,02 m     12,63 m   
 275,00 MeV   1,587E-04  8,289E-08  982,15 m     41,19 m     14,86 m   
 300,00 MeV   1,492E-04  7,646E-08    1,14 km    47,25 m     17,21 m   
 325,00 MeV   1,412E-04  7,099E-08    1,32 km    53,25 m     19,69 m   
 350,00 MeV   1,343E-04  6,626E-08    1,50 km    59,22 m     22,28 m   
 375,00 MeV   1,282E-04  6,215E-08    1,69 km    65,17 m     24,98 m   
 400,00 MeV   1,229E-04  5,853E-08    1,89 km    71,11 m     27,78 m   
 450,00 MeV   1,140E-04  5,246E-08    2,31 km    93,06 m     33,67 m   
 500,00 MeV   1,069E-04  4,756E-08    2,76 km   113,18 m     39,90 m   
 550,00 MeV   1,010E-04  4,352E-08    3,24 km   132,28 m     46,42 m   
 600,00 MeV   9,613E-05  4,013E-08    3,75 km   150,71 m     53,21 m   
 650,00 MeV   9,198E-05  3,725E-08    4,28 km   168,67 m     60,24 m   
 700,00 MeV   8,843E-05  3,476E-08    4,84 km   186,24 m     67,47 m   
 800,00 MeV   8,268E-05  3,069E-08    6,00 km   249,51 m     82,48 m   
 900,00 MeV   7,824E-05  2,750E-08    7,25 km   305,67 m     98,06 m   
   1,00 GeV   7,473E-05  2,492E-08    8,56 km   357,71 m    114,09 m   
-----------------------------------------------------------
 Multiply Stopping by        for Stopping Units
 -------------------        ------------------
  1,0000E-01                 eV / Angstrom 
  1,0000E+00                keV / micron   
  1,0000E+00                MeV / mm       
  4,3919E+01                keV / (ug/cm2) 
  4,3919E+01                MeV / (mg/cm2) 
  4,3919E+04                keV / (mg/cm2) 
  2,1422E+02                 eV / (1E15 atoms/cm2)
  5,3013E+01                L.S.S. reduced units
 ==================================================================
 (C) 1984,1989,1992,1998,2008 by J.P. Biersack and J.F. Ziegler
