 ==================================================================
              SRIM version ---> SRIM-2013.00
              Calc. date   ---> xullo 25, 2025 
 ==================================================================

 Disk File Name = SRIM Outputs\7Li_D2_CF4_95-5.txt.txt

 Ion = Lithium [3] , Mass = 7,016 amu

 Target Density =  2,9667E-04 g/cm3 = 4,6690E+19 atoms/cm3
 Target is a GAS 
 ======= Target  Composition ========
    Atom   Atom   Atomic    Mass     
    Name   Numb   Percent   Percent  
    ----   ----   -------   -------  
      C      6    002,33    009,53   
      F      9    009,30    060,15   
      H      1    088,37    030,32   
 ====================================
 Bragg Correction = -2,62%
 Stopping Units =  MeV / mm       
 See bottom of Table for other Stopping units 

        Ion        dE/dx      dE/dx     Projected  Longitudinal   Lateral
       Energy      Elec.      Nuclear     Range     Straggling   Straggling
  --------------  ---------- ---------- ----------  ----------  ----------
999,999 eV    2,443E-03  1,504E-02   44,00 um    18,74 um    13,58 um  
   1,10 keV   2,562E-03  1,480E-02   48,28 um    20,44 um    14,79 um  
   1,20 keV   2,676E-03  1,456E-02   52,61 um    22,15 um    16,00 um  
   1,30 keV   2,785E-03  1,432E-02   56,98 um    23,86 um    17,21 um  
   1,40 keV   2,890E-03  1,410E-02   61,39 um    25,59 um    18,43 um  
   1,50 keV   2,992E-03  1,387E-02   65,85 um    27,31 um    19,66 um  
   1,60 keV   3,090E-03  1,366E-02   70,35 um    29,05 um    20,89 um  
   1,70 keV   3,185E-03  1,345E-02   74,90 um    30,79 um    22,13 um  
   1,80 keV   3,277E-03  1,325E-02   79,48 um    32,53 um    23,38 um  
   2,00 keV   3,454E-03  1,287E-02   88,78 um    36,03 um    25,90 um  
   2,25 keV   3,664E-03  1,242E-02  100,60 um    40,43 um    29,08 um  
   2,50 keV   3,862E-03  1,201E-02  112,65 um    44,85 um    32,30 um  
   2,75 keV   4,051E-03  1,163E-02  124,90 um    49,28 um    35,55 um  
   3,00 keV   4,231E-03  1,128E-02  137,34 um    53,72 um    38,84 um  
   3,25 keV   4,404E-03  1,095E-02  149,95 um    58,16 um    42,16 um  
   3,50 keV   4,570E-03  1,065E-02  162,73 um    62,60 um    45,51 um  
   3,75 keV   4,730E-03  1,037E-02  175,66 um    67,03 um    48,88 um  
   4,00 keV   4,885E-03  1,010E-02  188,73 um    71,45 um    52,28 um  
   4,50 keV   5,182E-03  9,614E-03  215,26 um    80,25 um    59,16 um  
   5,00 keV   5,462E-03  9,183E-03  242,25 um    88,98 um    66,10 um  
   5,50 keV   5,729E-03  8,796E-03  269,62 um    97,63 um    73,10 um  
   6,00 keV   5,983E-03  8,447E-03  297,32 um   106,18 um    80,13 um  
   6,50 keV   6,228E-03  8,130E-03  325,31 um   114,62 um    87,19 um  
   7,00 keV   6,463E-03  7,840E-03  353,54 um   122,94 um    94,27 um  
   8,00 keV   6,909E-03  7,329E-03  410,62 um   139,25 um   108,45 um  
   9,00 keV   7,328E-03  6,892E-03  468,29 um   155,06 um   122,58 um  
  10,00 keV   7,724E-03  6,513E-03  526,35 um   170,37 um   136,59 um  
  11,00 keV   8,101E-03  6,180E-03  584,65 um   185,18 um   150,47 um  
  12,00 keV   8,462E-03  5,885E-03  643,07 um   199,49 um   164,17 um  
  13,00 keV   8,807E-03  5,622E-03  701,52 um   213,32 um   177,68 um  
  14,00 keV   9,140E-03  5,385E-03  759,92 um   226,68 um   190,98 um  
  15,00 keV   9,484E-03  5,170E-03  818,15 um   239,57 um   204,06 um  
  16,00 keV   9,821E-03  4,974E-03  876,12 um   252,00 um   216,90 um  
  17,00 keV   1,015E-02  4,795E-03  933,77 um   263,99 um   229,49 um  
  18,00 keV   1,047E-02  4,630E-03  991,08 um   275,55 um   241,84 um  
  20,00 keV   1,110E-02  4,338E-03    1,10 mm   297,57 um   265,81 um  
  22,50 keV   1,185E-02  4,026E-03    1,24 mm   323,06 um   294,38 um  
  25,00 keV   1,258E-02  3,763E-03    1,38 mm   346,46 um   321,43 um  
  27,50 keV   1,328E-02  3,536E-03    1,51 mm   367,99 um   347,04 um  
  30,00 keV   1,397E-02  3,338E-03    1,65 mm   387,85 um   371,31 um  
  32,50 keV   1,463E-02  3,164E-03    1,77 mm   406,23 um   394,30 um  
  35,00 keV   1,528E-02  3,010E-03    1,90 mm   423,28 um   416,11 um  
  37,50 keV   1,592E-02  2,871E-03    2,02 mm   439,13 um   436,83 um  
  40,00 keV   1,655E-02  2,747E-03    2,14 mm   453,90 um   456,52 um  
  45,00 keV   1,777E-02  2,531E-03    2,37 mm   481,01 um   493,12 um  
  50,00 keV   1,895E-02  2,350E-03    2,59 mm   504,83 um   526,41 um  
  55,00 keV   2,011E-02  2,196E-03    2,81 mm   525,93 um   556,81 um  
  60,00 keV   2,124E-02  2,064E-03    3,01 mm   544,72 um   584,69 um  
  65,00 keV   2,235E-02  1,948E-03    3,21 mm   561,58 um   610,35 um  
  70,00 keV   2,343E-02  1,845E-03    3,40 mm   576,77 um   634,04 um  
  80,00 keV   2,556E-02  1,673E-03    3,76 mm   603,97 um   676,41 um  
  90,00 keV   2,762E-02  1,533E-03    4,10 mm   626,66 um   713,20 um  
 100,00 keV   2,964E-02  1,416E-03    4,42 mm   645,87 um   745,48 um  
 110,00 keV   3,161E-02  1,318E-03    4,72 mm   662,34 um   774,04 um  
 120,00 keV   3,355E-02  1,234E-03    5,00 mm   676,61 um   799,51 um  
 130,00 keV   3,546E-02  1,160E-03    5,28 mm   689,09 um   822,38 um  
 140,00 keV   3,734E-02  1,096E-03    5,53 mm   700,09 um   843,03 um  
 150,00 keV   3,920E-02  1,039E-03    5,78 mm   709,85 um   861,77 um  
 160,00 keV   4,104E-02  9,886E-04    6,02 mm   718,58 um   878,88 um  
 170,00 keV   4,285E-02  9,430E-04    6,25 mm   726,43 um   894,54 um  
 180,00 keV   4,465E-02  9,018E-04    6,47 mm   733,51 um   908,95 um  
 200,00 keV   4,821E-02  8,303E-04    6,88 mm   746,89 um   934,55 um  
 225,00 keV   5,255E-02  7,565E-04    7,36 mm   761,20 um   961,67 um  
 250,00 keV   5,677E-02  6,958E-04    7,80 mm   772,93 um   984,59 um  
 275,00 keV   6,088E-02  6,448E-04    8,22 mm   782,73 um     1,00 mm  
 300,00 keV   6,485E-02  6,013E-04    8,61 mm   791,05 um     1,02 mm  
 325,00 keV   6,868E-02  5,638E-04    8,97 mm   798,22 um     1,04 mm  
 350,00 keV   7,236E-02  5,310E-04    9,32 mm   804,46 um     1,05 mm  
 375,00 keV   7,588E-02  5,021E-04    9,65 mm   809,97 um     1,06 mm  
 400,00 keV   7,924E-02  4,764E-04    9,97 mm   814,87 um     1,07 mm  
 450,00 keV   8,546E-02  4,328E-04   10,57 mm   825,40 um     1,09 mm  
 500,00 keV   9,100E-02  3,970E-04   11,13 mm   834,21 um     1,11 mm  
 550,00 keV   9,590E-02  3,670E-04   11,66 mm   841,77 um     1,12 mm  
 600,00 keV   1,002E-01  3,416E-04   12,17 mm   848,42 um     1,13 mm  
 650,00 keV   1,039E-01  3,196E-04   12,65 mm   854,35 um     1,14 mm  
 700,00 keV   1,071E-01  3,006E-04   13,12 mm   859,74 um     1,15 mm  
 800,00 keV   1,122E-01  2,689E-04   14,03 mm   873,99 um     1,17 mm  
 900,00 keV   1,159E-01  2,436E-04   14,90 mm   886,63 um     1,18 mm  
   1,00 MeV   1,185E-01  2,230E-04   15,75 mm   898,17 um     1,19 mm  
   1,10 MeV   1,203E-01  2,058E-04   16,59 mm   908,95 um     1,21 mm  
   1,20 MeV   1,215E-01  1,912E-04   17,41 mm   919,16 um     1,22 mm  
   1,30 MeV   1,222E-01  1,787E-04   18,23 mm   928,97 um     1,23 mm  
   1,40 MeV   1,225E-01  1,678E-04   19,04 mm   938,47 um     1,23 mm  
   1,50 MeV   1,224E-01  1,582E-04   19,86 mm   947,75 um     1,24 mm  
   1,60 MeV   1,222E-01  1,498E-04   20,67 mm   956,87 um     1,25 mm  
   1,70 MeV   1,217E-01  1,422E-04   21,49 mm   965,87 um     1,26 mm  
   1,80 MeV   1,210E-01  1,354E-04   22,31 mm   974,81 um     1,27 mm  
   2,00 MeV   1,194E-01  1,237E-04   23,97 mm     1,01 mm     1,28 mm  
   2,25 MeV   1,168E-01  1,118E-04   26,09 mm     1,05 mm     1,30 mm  
   2,50 MeV   1,140E-01  1,021E-04   28,25 mm     1,10 mm     1,32 mm  
   2,75 MeV   1,110E-01  9,407E-05   30,47 mm     1,15 mm     1,33 mm  
   3,00 MeV   1,079E-01  8,726E-05   32,75 mm     1,20 mm     1,35 mm  
   3,25 MeV   1,049E-01  8,141E-05   35,10 mm     1,25 mm     1,36 mm  
   3,50 MeV   1,019E-01  7,634E-05   37,51 mm     1,30 mm     1,38 mm  
   3,75 MeV   9,897E-02  7,190E-05   40,00 mm     1,35 mm     1,40 mm  
   4,00 MeV   9,614E-02  6,797E-05   42,56 mm     1,40 mm     1,41 mm  
   4,50 MeV   9,078E-02  6,134E-05   47,91 mm     1,60 mm     1,45 mm  
   5,00 MeV   8,585E-02  5,595E-05   53,57 mm     1,79 mm     1,48 mm  
   5,50 MeV   8,135E-02  5,147E-05   59,54 mm     1,99 mm     1,52 mm  
   6,00 MeV   7,723E-02  4,769E-05   65,85 mm     2,19 mm     1,56 mm  
   6,50 MeV   7,348E-02  4,446E-05   72,48 mm     2,38 mm     1,61 mm  
   7,00 MeV   7,005E-02  4,165E-05   79,45 mm     2,59 mm     1,65 mm  
   8,00 MeV   6,405E-02  3,703E-05   94,37 mm     3,35 mm     1,76 mm  
   9,00 MeV   5,898E-02  3,338E-05  110,64 mm     4,08 mm     1,87 mm  
  10,00 MeV   5,465E-02  3,041E-05  128,24 mm     4,79 mm     2,00 mm  
  11,00 MeV   5,093E-02  2,795E-05  147,19 mm     5,50 mm     2,14 mm  
  12,00 MeV   4,769E-02  2,587E-05  167,48 mm     6,22 mm     2,29 mm  
  13,00 MeV   4,484E-02  2,410E-05  189,09 mm     6,94 mm     2,46 mm  
  14,00 MeV   4,233E-02  2,256E-05  212,04 mm     7,68 mm     2,64 mm  
  15,00 MeV   4,032E-02  2,122E-05  236,23 mm     8,42 mm     2,84 mm  
  16,00 MeV   3,832E-02  2,003E-05  261,67 mm     9,17 mm     3,05 mm  
  17,00 MeV   3,637E-02  1,898E-05  288,44 mm     9,94 mm     3,27 mm  
  18,00 MeV   3,480E-02  1,804E-05  316,54 mm    10,73 mm     3,50 mm  
  20,00 MeV   3,206E-02  1,642E-05  376,40 mm    13,70 mm     4,01 mm  
  22,50 MeV   2,923E-02  1,478E-05  458,06 mm    17,96 mm     4,70 mm  
  25,00 MeV   2,690E-02  1,345E-05  547,20 mm    21,99 mm     5,47 mm  
  27,50 MeV   2,493E-02  1,235E-05  643,72 mm    25,93 mm     6,30 mm  
  30,00 MeV   2,326E-02  1,142E-05  747,51 mm    29,84 mm     7,20 mm  
  32,50 MeV   2,182E-02  1,063E-05  858,46 mm    33,77 mm     8,16 mm  
  35,00 MeV   2,055E-02  9,942E-06  976,49 mm    37,73 mm     9,18 mm  
  37,50 MeV   1,944E-02  9,343E-06    1,10 m     41,73 mm    10,26 mm  
  40,00 MeV   1,845E-02  8,816E-06    1,23 m     45,77 mm    11,40 mm  
  45,00 MeV   1,677E-02  7,928E-06    1,52 m     61,04 mm    13,86 mm  
  50,00 MeV   1,539E-02  7,208E-06    1,83 m     75,38 mm    16,54 mm  
  55,00 MeV   1,424E-02  6,614E-06    2,17 m     89,38 mm    19,44 mm  
  60,00 MeV   1,326E-02  6,113E-06    2,53 m    103,29 mm    22,56 mm  
  65,00 MeV   1,241E-02  5,686E-06    2,92 m    117,23 mm    25,89 mm  
  70,00 MeV   1,168E-02  5,317E-06    3,34 m    131,28 mm    29,43 mm  
  80,00 MeV   1,046E-02  4,710E-06    4,24 m    183,65 mm    37,13 mm  
  90,00 MeV   9,492E-03  4,233E-06    5,24 m    232,44 mm    45,63 mm  
 100,00 MeV   8,701E-03  3,846E-06    6,34 m    280,10 mm    54,92 mm  
 110,00 MeV   8,041E-03  3,527E-06    7,54 m    327,58 mm    64,97 mm  
 120,00 MeV   7,482E-03  3,258E-06    8,83 m    375,33 mm    75,77 mm  
 130,00 MeV   7,002E-03  3,029E-06   10,21 m    423,61 mm    87,32 mm  
 140,00 MeV   6,586E-03  2,831E-06   11,68 m    472,54 mm    99,59 mm  
 150,00 MeV   6,220E-03  2,659E-06   13,24 m    522,19 mm   112,57 mm  
 160,00 MeV   5,897E-03  2,506E-06   14,89 m    572,60 mm   126,26 mm  
 170,00 MeV   5,609E-03  2,371E-06   16,63 m    623,79 mm   140,65 mm  
 180,00 MeV   5,350E-03  2,251E-06   18,46 m    675,76 mm   155,72 mm  
 200,00 MeV   4,905E-03  2,044E-06   22,36 m    873,96 mm   187,89 mm  
 225,00 MeV   4,453E-03  1,835E-06   27,71 m      1,16 m    231,80 mm  
 250,00 MeV   4,084E-03  1,666E-06   33,57 m      1,43 m    279,71 mm  
 275,00 MeV   3,779E-03  1,527E-06   39,94 m      1,69 m    331,51 mm  
 300,00 MeV   3,521E-03  1,410E-06   46,79 m      1,95 m    387,08 mm  
 325,00 MeV   3,300E-03  1,310E-06   54,12 m      2,21 m    446,34 mm  
 350,00 MeV   3,108E-03  1,224E-06   61,93 m      2,47 m    509,19 mm  
 375,00 MeV   2,941E-03  1,149E-06   70,20 m      2,74 m    575,54 mm  
 400,00 MeV   2,793E-03  1,082E-06   78,92 m      3,01 m    645,32 mm  
 450,00 MeV   2,544E-03  9,713E-07   97,68 m      4,01 m    794,91 mm  
 500,00 MeV   2,341E-03  8,815E-07  118,17 m      4,96 m    957,32 mm  
 550,00 MeV   2,174E-03  8,074E-07  140,33 m      5,87 m      1,13 m   
 600,00 MeV   2,033E-03  7,452E-07  164,11 m      6,77 m      1,32 m   
 650,00 MeV   1,912E-03  6,921E-07  189,47 m      7,67 m      1,52 m   
 700,00 MeV   1,808E-03  6,464E-07  216,35 m      8,57 m      1,73 m   
 800,00 MeV   1,637E-03  5,714E-07  274,47 m     11,89 m      2,17 m   
 900,00 MeV   1,503E-03  5,125E-07  338,23 m     14,93 m      2,66 m   
   1,00 GeV   1,394E-03  4,649E-07  407,34 m     17,86 m      3,18 m   
-----------------------------------------------------------
 Multiply Stopping by        for Stopping Units
 -------------------        ------------------
  1,0000E-01                 eV / Angstrom 
  1,0000E+00                keV / micron   
  1,0000E+00                MeV / mm       
  3,3709E+01                keV / (ug/cm2) 
  3,3709E+01                MeV / (mg/cm2) 
  3,3709E+04                keV / (mg/cm2) 
  2,1418E+02                 eV / (1E15 atoms/cm2)
  1,3284E+01                L.S.S. reduced units
 ==================================================================
 (C) 1984,1989,1992,1998,2008 by J.P. Biersack and J.F. Ziegler
