# 178 angles,  1 tensor ranks for 0=projectile
@subtitle   "7Li + d g.s with DA1p OMP;"                                                    
@legend ON
@legend x1 0.2
@legend y1 0.8
@g0 type LOGY
@yaxis ticklabel format power
@legend string   0 "Lab energy =   25.0000"
#legend string   0 "Partition=  1 Excit=  1 near/far= 1"
#  Theta       sigma       iT11        T20         T21         T22         Kyy for projectile
   3.000      0.5458E+05
   4.000      0.1648E+05
   5.000       7036.    
   6.000       3983.    
   7.000       2794.    
   8.000       2245.    
   9.000       1941.    
   10.00       1738.    
   11.00       1576.    
   12.00       1434.    
   13.00       1300.    
   14.00       1171.    
   15.00       1047.    
   16.00       928.2    
   17.00       814.5    
   18.00       707.2    
   19.00       607.0    
   20.00       514.6    
   21.00       430.5    
   22.00       354.8    
   23.00       287.8    
   24.00       229.1    
   25.00       178.6    
   26.00       135.9    
   27.00       100.4    
   28.00       71.52    
   29.00       48.66    
   30.00       31.13    
   31.00       18.24    
   32.00       9.319    
   33.00       3.710    
   34.00      0.8013    
   35.00      0.2255E-01
   36.00      0.8588    
   37.00       2.853    
   38.00       5.607    
   39.00       8.784    
   40.00       12.11    
   41.00       15.35    
   42.00       18.35    
   43.00       20.97    
   44.00       23.14    
   45.00       24.80    
   46.00       25.95    
   47.00       26.59    
   48.00       26.75    
   49.00       26.47    
   50.00       25.81    
   51.00       24.83    
   52.00       23.58    
   53.00       22.14    
   54.00       20.55    
   55.00       18.89    
   56.00       17.19    
   57.00       15.51    
   58.00       13.88    
   59.00       12.34    
   60.00       10.91    
   61.00       9.600    
   62.00       8.434    
   63.00       7.414    
   64.00       6.543    
   65.00       5.816    
   66.00       5.228    
   67.00       4.771    
   68.00       4.432    
   69.00       4.200    
   70.00       4.060    
   71.00       3.999    
   72.00       4.002    
   73.00       4.056    
   74.00       4.149    
   75.00       4.266    
   76.00       4.399    
   77.00       4.537    
   78.00       4.671    
   79.00       4.795    
   80.00       4.903    
   81.00       4.989    
   82.00       5.051    
   83.00       5.087    
   84.00       5.094    
   85.00       5.074    
   86.00       5.025    
   87.00       4.950    
   88.00       4.850    
   89.00       4.727    
   90.00       4.584    
   91.00       4.423    
   92.00       4.246    
   93.00       4.058    
   94.00       3.861    
   95.00       3.658    
   96.00       3.451    
   97.00       3.243    
   98.00       3.037    
   99.00       2.835    
   100.0       2.638    
   101.0       2.449    
   102.0       2.268    
   103.0       2.098    
   104.0       1.938    
   105.0       1.790    
   106.0       1.655    
   107.0       1.531    
   108.0       1.420    
   109.0       1.321    
   110.0       1.233    
   111.0       1.157    
   112.0       1.092    
   113.0       1.037    
   114.0      0.9912    
   115.0      0.9536    
   116.0      0.9234    
   117.0      0.8997    
   118.0      0.8815    
   119.0      0.8678    
   120.0      0.8578    
   121.0      0.8504    
   122.0      0.8448    
   123.0      0.8402    
   124.0      0.8358    
   125.0      0.8310    
   126.0      0.8253    
   127.0      0.8180    
   128.0      0.8087    
   129.0      0.7973    
   130.0      0.7833    
   131.0      0.7668    
   132.0      0.7476    
   133.0      0.7259    
   134.0      0.7017    
   135.0      0.6753    
   136.0      0.6469    
   137.0      0.6170    
   138.0      0.5858    
   139.0      0.5540    
   140.0      0.5219    
   141.0      0.4901    
   142.0      0.4592    
   143.0      0.4297    
   144.0      0.4022    
   145.0      0.3772    
   146.0      0.3552    
   147.0      0.3367    
   148.0      0.3222    
   149.0      0.3121    
   150.0      0.3067    
   151.0      0.3062    
   152.0      0.3110    
   153.0      0.3211    
   154.0      0.3367    
   155.0      0.3576    
   156.0      0.3838    
   157.0      0.4152    
   158.0      0.4515    
   159.0      0.4923    
   160.0      0.5374    
   161.0      0.5861    
   162.0      0.6380    
   163.0      0.6926    
   164.0      0.7491    
   165.0      0.8070    
   166.0      0.8656    
   167.0      0.9241    
   168.0      0.9819    
   169.0       1.038    
   170.0       1.092    
   171.0       1.144    
   172.0       1.192    
   173.0       1.235    
   174.0       1.275    
   175.0       1.309    
   176.0       1.337    
   177.0       1.360    
   178.0       1.376    
   179.0       1.386    
   180.0       1.389    
 END
