# 178 angles,  1 tensor ranks for 0=projectile
@subtitle   "11Li + d g.s with Haixia OMP;"                                                 
@legend ON
@legend x1 0.2
@legend y1 0.8
@g0 type LOGY
@yaxis ticklabel format power
@legend string   0 "Lab energy =   14.7438"
#legend string   0 "Partition=  1 Excit=  1 near/far= 1"
#  Theta       sigma       iT11        T20         T21         T22         Kyy for projectile
   3.000      0.1371E+06
   4.000      0.4057E+05
   5.000      0.1605E+05
   6.000       7945.    
   7.000       4762.    
   8.000       3338.    
   9.000       2624.    
   10.00       2222.    
   11.00       1964.    
   12.00       1778.    
   13.00       1627.    
   14.00       1494.    
   15.00       1372.    
   16.00       1256.    
   17.00       1146.    
   18.00       1039.    
   19.00       936.8    
   20.00       839.1    
   21.00       746.4    
   22.00       658.9    
   23.00       577.1    
   24.00       501.3    
   25.00       431.5    
   26.00       367.9    
   27.00       310.5    
   28.00       259.1    
   29.00       213.6    
   30.00       173.7    
   31.00       139.2    
   32.00       109.6    
   33.00       84.73    
   34.00       64.02    
   35.00       47.13    
   36.00       33.64    
   37.00       23.14    
   38.00       15.22    
   39.00       9.515    
   40.00       5.660    
   41.00       3.324    
   42.00       2.202    
   43.00       2.021    
   44.00       2.540    
   45.00       3.546    
   46.00       4.861    
   47.00       6.333    
   48.00       7.840    
   49.00       9.284    
   50.00       10.59    
   51.00       11.71    
   52.00       12.61    
   53.00       13.27    
   54.00       13.68    
   55.00       13.85    
   56.00       13.79    
   57.00       13.53    
   58.00       13.09    
   59.00       12.50    
   60.00       11.79    
   61.00       10.98    
   62.00       10.11    
   63.00       9.209    
   64.00       8.291    
   65.00       7.383    
   66.00       6.503    
   67.00       5.666    
   68.00       4.885    
   69.00       4.169    
   70.00       3.525    
   71.00       2.955    
   72.00       2.461    
   73.00       2.043    
   74.00       1.697    
   75.00       1.419    
   76.00       1.204    
   77.00       1.046    
   78.00      0.9382    
   79.00      0.8742    
   80.00      0.8467    
   81.00      0.8490    
   82.00      0.8745    
   83.00      0.9171    
   84.00      0.9711    
   85.00       1.032    
   86.00       1.094    
   87.00       1.154    
   88.00       1.210    
   89.00       1.258    
   90.00       1.296    
   91.00       1.324    
   92.00       1.339    
   93.00       1.342    
   94.00       1.333    
   95.00       1.313    
   96.00       1.280    
   97.00       1.238    
   98.00       1.186    
   99.00       1.127    
   100.0       1.061    
   101.0      0.9897    
   102.0      0.9157    
   103.0      0.8401    
   104.0      0.7646    
   105.0      0.6909    
   106.0      0.6207    
   107.0      0.5555    
   108.0      0.4968    
   109.0      0.4460    
   110.0      0.4044    
   111.0      0.3731    
   112.0      0.3530    
   113.0      0.3449    
   114.0      0.3495    
   115.0      0.3669    
   116.0      0.3974    
   117.0      0.4409    
   118.0      0.4970    
   119.0      0.5650    
   120.0      0.6442    
   121.0      0.7334    
   122.0      0.8312    
   123.0      0.9362    
   124.0       1.047    
   125.0       1.160    
   126.0       1.276    
   127.0       1.390    
   128.0       1.502    
   129.0       1.609    
   130.0       1.708    
   131.0       1.799    
   132.0       1.878    
   133.0       1.945    
   134.0       1.997    
   135.0       2.034    
   136.0       2.055    
   137.0       2.059    
   138.0       2.046    
   139.0       2.017    
   140.0       1.972    
   141.0       1.912    
   142.0       1.839    
   143.0       1.755    
   144.0       1.661    
   145.0       1.561    
   146.0       1.457    
   147.0       1.352    
   148.0       1.250    
   149.0       1.153    
   150.0       1.065    
   151.0      0.9882    
   152.0      0.9267    
   153.0      0.8829    
   154.0      0.8593    
   155.0      0.8579    
   156.0      0.8805    
   157.0      0.9284    
   158.0       1.002    
   159.0       1.102    
   160.0       1.228    
   161.0       1.379    
   162.0       1.554    
   163.0       1.750    
   164.0       1.965    
   165.0       2.196    
   166.0       2.439    
   167.0       2.692    
   168.0       2.949    
   169.0       3.207    
   170.0       3.461    
   171.0       3.708    
   172.0       3.942    
   173.0       4.159    
   174.0       4.356    
   175.0       4.530    
   176.0       4.676    
   177.0       4.793    
   178.0       4.878    
   179.0       4.930    
   180.0       4.947    
 END
