           1           2           1
    0.5+     1 1   5.796       0.000    
    0.5+     1 2   5.812       0.000    
    0.5+     3 3   5.793       0.000    
    0.5-     0 1   5.616       0.000    
    0.5-     2 2   5.688       0.000    
    0.5-     2 3   5.644       0.000    
    1.5+     1 1   11.57       0.000    
    1.5+     1 2   11.59       0.000    
    1.5+     1 3   11.62       0.000    
    1.5+     3 4   11.59       0.000    
    1.5+     3 5   11.78       0.000    
    1.5-     0 1   11.23       0.000    
    1.5-     2 2   11.38       0.000    
    1.5-     2 3   11.29       0.000    
    1.5-     2 4   11.19       0.000    
    1.5-     4 5   10.07       0.000    
    2.5+     1 1   17.39       0.000    
    2.5+     1 2   17.44       0.000    
    2.5+     3 3   17.38       0.000    
    2.5+     3 4   17.67       0.000    
    2.5+     3 5   17.93       0.000    
    2.5+     5 6   7.269       0.000    
    2.5-     0 1   16.85       0.000    
    2.5-     2 2   17.07       0.000    
    2.5-     2 3   16.93       0.000    
    2.5-     2 4   16.78       0.000    
    2.5-     4 5   15.11       0.000    
    2.5-     4 6   14.92       0.000    
    3.5+     1 1   23.25       0.000    
    3.5+     3 2   23.17       0.000    
    3.5+     3 3   23.56       0.000    
    3.5+     3 4   23.90       0.000    
    3.5+     5 5   9.692       0.000    
    3.5+     5 6   10.52       0.000    
    3.5-     2 1   22.58       0.000    
    3.5-     2 2   22.37       0.000    
    3.5-     4 3   20.14       0.000    
    3.5-     4 4   19.89       0.000    
    3.5-     4 5   19.60       0.000    
    3.5-     6 6   2.256       0.000    
    4.5+     3 1   29.44       0.000    
    4.5+     3 2   29.88       0.000    
    4.5+     5 3   12.11       0.000    
    4.5+     5 4   13.16       0.000    
    4.5+     5 5   14.53       0.000    
    4.5+     7 6  0.6477       0.000    
    4.5-     2 1   27.97       0.000    
    4.5-     4 2   25.18       0.000    
    4.5-     4 3   24.86       0.000    
    4.5-     4 4   24.50       0.000    
    4.5-     6 5   2.820       0.000    
    4.5-     6 6   2.968       0.000    
    5.5+     3 1   35.85       0.000    
    5.5+     5 2   14.54       0.000    
    5.5+     5 3   15.79       0.000    
    5.5+     5 4   17.44       0.000    
    5.5+     7 5  0.7772       0.000    
    5.5+     7 6  0.7963       0.000    
    5.5-     4 1   29.83       0.000    
    5.5-     4 2   29.40       0.000    
    5.5-     6 3   3.384       0.000    
    5.5-     6 4   3.562       0.000    
    5.5-     6 5   3.800       0.000    
    5.5-     8 6  0.1841       0.000    
    6.5+     5 1   18.42       0.000    
    6.5+     5 2   20.34       0.000    
    6.5+     7 3  0.9067       0.000    
    6.5+     7 4  0.9290       0.000    
    6.5+     7 5  0.9565       0.000    
    6.5+     9 6  0.5148E-01   0.000    
    6.5-     4 1   34.31       0.000    
    6.5-     6 2   3.948       0.000    
    6.5-     6 3   4.156       0.000    
    6.5-     6 4   4.434       0.000    
    6.5-     8 5  0.2147       0.000    
    6.5-     8 6  0.2172       0.000    
    7.5+     5 1   23.25       0.000    
    7.5+     7 2   1.036       0.000    
    7.5+     7 3   1.062       0.000    
    7.5+     7 4   1.093       0.000    
    7.5+     9 5  0.5884E-01   0.000    
    7.5+     9 6  0.5916E-01   0.000    
    7.5-     6 1   4.749       0.000    
    7.5-     6 2   5.067       0.000    
    7.5-     8 3  0.2454       0.000    
    7.5-     8 4  0.2483       0.000    
    7.5-     8 5  0.2516       0.000    
    7.5-    10 6  0.1414E-01   0.000    
    8.5+     7 1   1.194       0.000    
    8.5+     7 2   1.230       0.000    
    8.5+     9 3  0.6619E-01   0.000    
    8.5+     9 4  0.6656E-01   0.000    
    8.5+     9 5  0.6697E-01   0.000    
    8.5+    11 6  0.3817E-02   0.000    
    8.5-     6 1   5.701       0.000    
    8.5-     8 2  0.2761       0.000    
    8.5-     8 3  0.2793       0.000    
    8.5-     8 4  0.2831       0.000    
    8.5-    10 5  0.1591E-01   0.000    
    8.5-    10 6  0.1595E-01   0.000    
    9.5+     7 1   1.366       0.000    
    9.5+     9 2  0.7355E-01   0.000    
    9.5+     9 3  0.7395E-01   0.000    
    9.5+     9 4  0.7441E-01   0.000    
    9.5+    11 5  0.4242E-02   0.000    
    9.5+    11 6  0.4247E-02   0.000    
    9.5-     8 1  0.3103       0.000    
    9.5-     8 2  0.3145       0.000    
    9.5-    10 3  0.1767E-01   0.000    
    9.5-    10 4  0.1772E-01   0.000    
    9.5-    10 5  0.1777E-01   0.000    
    9.5-    12 6  0.1016E-02   0.000    
   10.5+     9 1  0.8135E-01   0.000    
   10.5+     9 2  0.8186E-01   0.000    
   10.5+    11 3  0.4666E-02   0.000    
   10.5+    11 4  0.4672E-02   0.000    
   10.5+    11 5  0.4678E-02   0.000    
   10.5+    13 6  0.2669E-03   0.000    
   10.5-     8 1  0.3460       0.000    
   10.5-    10 2  0.1944E-01   0.000    
   10.5-    10 3  0.1949E-01   0.000    
   10.5-    10 4  0.1955E-01   0.000    
   10.5-    12 5  0.1117E-02   0.000    
   10.5-    12 6  0.1118E-02   0.000    
   11.5+     9 1  0.8930E-01   0.000    
   11.5+    11 2  0.5090E-02   0.000    
   11.5+    11 3  0.5096E-02   0.000    
   11.5+    11 4  0.5103E-02   0.000    
   11.5+    13 5  0.2912E-03   0.000    
   11.5+    13 6  0.2913E-03   0.000    
   11.5-    10 1  0.2126E-01   0.000    
   11.5-    10 2  0.2133E-01   0.000    
   11.5-    12 3  0.1219E-02   0.000    
   11.5-    12 4  0.1220E-02   0.000    
   11.5-    12 5  0.1220E-02   0.000    
   11.5-    14 6  0.6941E-04   0.000    
   12.5+    11 1  0.5521E-02   0.000    
   12.5+    11 2  0.5529E-02   0.000    
   12.5+    13 3  0.3154E-03   0.000    
   12.5+    13 4  0.3155E-03   0.000    
   12.5+    13 5  0.3156E-03   0.000    
   12.5+    15 6  0.1789E-04   0.000    
   12.5-    10 1  0.2310E-01   0.000    
   12.5-    12 2  0.1320E-02   0.000    
   12.5-    12 3  0.1321E-02   0.000    
   12.5-    12 4  0.1322E-02   0.000    
   12.5-    14 5  0.7519E-04   0.000    
   12.5-    14 6  0.7520E-04   0.000    
   13.5+    11 1  0.5954E-02   0.000    
   13.5+    13 2  0.3397E-03   0.000    
   13.5+    13 3  0.3398E-03   0.000    
   13.5+    13 4  0.3399E-03   0.000    
   13.5+    15 5  0.1926E-04   0.000    
   13.5+    15 6  0.1927E-04   0.000    
   13.5-    12 1  0.1423E-02   0.000    
   13.5-    12 2  0.1424E-02   0.000    
   13.5-    14 3  0.8098E-04   0.000    
   13.5-    14 4  0.8099E-04   0.000    
   13.5-    14 5  0.8100E-04   0.000    
   13.5-    16 6  0.4575E-05   0.000    
   14.5+    13 1  0.3641E-03   0.000    
   14.5+    13 2  0.3642E-03   0.000    
   14.5+    15 3  0.2064E-04   0.000    
   14.5+    15 4  0.2064E-04   0.000    
   14.5+    15 5  0.2064E-04   0.000    
   14.5+    17 6  0.1162E-05   0.000    
   14.5-    12 1  0.1526E-02   0.000    
   14.5-    14 2  0.8676E-04   0.000    
   14.5-    14 3  0.8677E-04   0.000    
   14.5-    14 4  0.8679E-04   0.000    
   14.5-    16 5  0.4902E-05   0.000    
   14.5-    16 6  0.4902E-05   0.000    
   15.5+    13 1  0.3885E-03   0.000    
   15.5+    15 2  0.2202E-04   0.000    
   15.5+    15 3  0.2202E-04   0.000    
   15.5+    15 4  0.2202E-04   0.000    
   15.5+    17 5  0.1240E-05   0.000    
   15.5+    17 6  0.1240E-05   0.000    
   15.5-    14 1  0.9256E-04   0.000    
   15.5-    14 2  0.9257E-04   0.000    
   15.5-    16 3  0.5229E-05   0.000    
   15.5-    16 4  0.5229E-05   0.000    
   15.5-    16 5  0.5229E-05   0.000    
   15.5-    18 6  0.2936E-06   0.000    
   16.5+    15 1  0.2339E-04   0.000    
   16.5+    15 2  0.2340E-04   0.000    
   16.5+    17 3  0.1317E-05   0.000    
   16.5+    17 4  0.1317E-05   0.000    
   16.5+    17 5  0.1317E-05   0.000    
   16.5+    19 6  0.7377E-07   0.000    
   16.5-    14 1  0.9836E-04   0.000    
   16.5-    16 2  0.5555E-05   0.000    
   16.5-    16 3  0.5556E-05   0.000    
   16.5-    16 4  0.5556E-05   0.000    
   16.5-    18 5  0.3119E-06   0.000    
   16.5-    18 6  0.3119E-06   0.000    
   17.5+    15 1  0.2477E-04   0.000    
   17.5+    17 2  0.1395E-05   0.000    
   17.5+    17 3  0.1395E-05   0.000    
   17.5+    17 4  0.1395E-05   0.000    
   17.5+    19 5  0.7811E-07   0.000    
   17.5+    19 6  0.7810E-07   0.000    
   17.5-    16 1  0.5882E-05   0.000    
   17.5-    16 2  0.5883E-05   0.000    
   17.5-    18 3  0.3303E-06   0.000    
   17.5-    18 4  0.3303E-06   0.000    
   17.5-    18 5  0.3303E-06   0.000    
   17.5-    20 6  0.1845E-07   0.000    
   18.5+    17 1  0.1472E-05   0.000    
   18.5+    17 2  0.1472E-05   0.000    
   18.5+    19 3  0.8245E-07   0.000    
   18.5+    19 4  0.8244E-07   0.000    
   18.5+    19 5  0.8244E-07   0.000    
   18.5+    21 6  0.4598E-08   0.000    
   18.5-    16 1  0.6209E-05   0.000    
   18.5-    18 2  0.3486E-06   0.000    
   18.5-    18 3  0.3486E-06   0.000    
   18.5-    18 4  0.3486E-06   0.000    
   18.5-    20 5  0.1948E-07   0.000    
   18.5-    20 6  0.1948E-07   0.000    
   19.5+    17 1  0.1550E-05   0.000    
   19.5+    19 2  0.8679E-07   0.000    
   19.5+    19 3  0.8677E-07   0.000    
   19.5+    19 4  0.8678E-07   0.000    
   19.5+    21 5  0.4839E-08   0.000    
   19.5+    21 6  0.4823E-08   0.000    
   19.5-    18 1  0.3670E-06   0.000    
   19.5-    18 2  0.3670E-06   0.000    
   19.5-    20 3  0.2050E-07   0.000    
   19.5-    20 4  0.2050E-07   0.000    
   19.5-    20 5  0.2050E-07   0.000    
   19.5-    22 6  0.1145E-08   0.000    
   20.5+    19 1  0.9111E-07   0.000    
   20.5+    19 2  0.9112E-07   0.000    
   20.5+    21 3  0.5081E-08   0.000    
   20.5+    21 4  0.5064E-08   0.000    
   20.5+    21 5  0.5078E-08   0.000    
   20.5+    23 6  0.2774E-09   0.000    
   20.5-    18 1  0.3853E-06   0.000    
   20.5-    20 2  0.2153E-07   0.000    
   20.5-    20 3  0.2153E-07   0.000    
   20.5-    20 4  0.2152E-07   0.000    
   20.5-    22 5  0.1203E-08   0.000    
   20.5-    22 6  0.1197E-08   0.000    
   21.5+    19 1  0.9546E-07   0.000    
   21.5+    21 2  0.5323E-08   0.000    
   21.5+    21 3  0.5305E-08   0.000    
   21.5+    21 4  0.5320E-08   0.000    
   21.5+    23 5  0.2907E-09   0.000    
   21.5+    23 6  0.2923E-09   0.000    
   21.5-    20 1  0.2255E-07   0.000    
   21.5-    20 2  0.2255E-07   0.000    
   21.5-    22 3  0.1260E-08   0.000    
   21.5-    22 4  0.1254E-08   0.000    
   21.5-    22 5  0.1252E-08   0.000    
   21.5-    24 6  0.6820E-10   0.000    
   22.5+    21 1  0.5547E-08   0.000    
   22.5+    21 2  0.5561E-08   0.000    
   22.5+    23 3  0.3038E-09   0.000    
   22.5+    23 4  0.3055E-09   0.000    
   22.5+    23 5  0.3061E-09   0.000    
   22.5+    25 6  0.1766E-10   0.000    
   22.5-    20 1  0.2357E-07   0.000    
   22.5-    22 2  0.1317E-08   0.000    
   22.5-    22 3  0.1311E-08   0.000    
   22.5-    22 4  0.1310E-08   0.000    
   22.5-    24 5  0.7154E-10   0.000    
   22.5-    24 6  0.7455E-10   0.000    
   23.5+    21 1  0.5803E-08   0.000    
   23.5+    23 2  0.3171E-09   0.000    
   23.5+    23 3  0.3186E-09   0.000    
   23.5+    23 4  0.3194E-09   0.000    
   23.5+    25 5  0.1846E-10   0.000    
   23.5+    25 6  0.2242E-10   0.000    
   23.5-    22 1  0.1368E-08   0.000    
   23.5-    22 2  0.1366E-08   0.000    
   23.5-    24 3  0.7449E-10   0.000    
   23.5-    24 4  0.7789E-10   0.000    
   23.5-    24 5  0.8160E-10   0.000    
   23.5-    26 6 -0.1215E-11   0.000    
   24.5+    23 1  0.3319E-09   0.000    
   24.5+    23 2  0.3327E-09   0.000    
   24.5+    25 3  0.1922E-10   0.000    
   24.5+    25 4  0.2336E-10   0.000    
   24.5+    25 5  0.2462E-10   0.000    
   24.5+    27 6  0.8663E-11   0.000    
   24.5-    22 1  0.1423E-08   0.000    
   24.5-    24 2  0.7767E-10   0.000    
   24.5-    24 3  0.8093E-10   0.000    
   24.5-    24 4  0.8530E-10   0.000    
   24.5-    26 5 -0.1266E-11   0.000    
   24.5-    26 6  0.2665E-12   0.000    
   25.5+    23 1  0.3460E-09   0.000    
   25.5+    25 2  0.2010E-10   0.000    
   25.5+    25 3  0.2422E-10   0.000    
   25.5+    25 4  0.2561E-10   0.000    
   25.5+    27 5  0.8871E-11   0.000    
   25.5+    27 6  0.9356E-12   0.000    
   25.5-    24 1  0.8427E-10   0.000    
   25.5-    24 2  0.8853E-10   0.000    
   25.5-    26 3 -0.1594E-11   0.000    
   25.5-    26 4  0.2772E-12   0.000    
   25.5-    26 5 -0.1109E-11   0.000    
   25.5-    28 6 -0.5198E-11   0.000    
   26.5+    25 1  0.2512E-10   0.000    
   26.5+    25 2  0.2670E-10   0.000    
   26.5+    27 3  0.9320E-11   0.000    
   26.5+    27 4  0.1008E-11   0.000    
   26.5+    27 5  0.4174E-11   0.000    
   26.5+    29 6  0.4930E-11   0.000    
   26.5-    24 1  0.9198E-10   0.000    
   26.5-    26 2 -0.1080E-11   0.000    
   26.5-    26 3  0.3598E-13   0.000    
   26.5-    26 4 -0.1367E-11   0.000    
   26.5-    28 5 -0.5542E-11   0.000    
   26.5-    28 6 -0.1540E-10   0.000    
   27.5+    25 1  0.2750E-10   0.000    
   27.5+    27 2  0.9516E-11   0.000    
   27.5+    27 3  0.9702E-12   0.000    
   27.5+    27 4  0.4291E-11   0.000    
   27.5+    29 5  0.5374E-11   0.000    
   27.5+    29 6 -0.2239E-11   0.000    
   27.5-    26 1  0.2985E-12   0.000    
   27.5-    26 2 -0.1418E-11   0.000    
   27.5-    28 3 -0.5672E-11   0.000    
   27.5-    28 4 -0.1590E-10   0.000    
   27.5-    28 5  0.1940E-11   0.000    
   27.5-    30 6 -0.5374E-11   0.000    
   28.5+    27 1  0.1005E-11   0.000    
   28.5+    27 2  0.4329E-11   0.000    
   28.5+    29 3  0.5256E-11   0.000    
   28.5+    29 4 -0.2319E-11   0.000    
   28.5+    29 5  0.5566E-11   0.000    
   28.5+    31 6  0.2087E-11   0.000    
   28.5-    26 1 -0.1469E-11   0.000    
   28.5-    28 2 -0.5875E-11   0.000    
   28.5-    28 3 -0.1654E-10   0.000    
   28.5-    28 4  0.2164E-11   0.000    
   28.5-    30 5 -0.5411E-11   0.000    
   28.5-    30 6 -0.1500E-10   0.000    
   29.5+    27 1  0.4638E-11   0.000    
   29.5+    29 2  0.5757E-11   0.000    
   29.5+    29 3 -0.2399E-11   0.000    
   29.5+    29 4  0.6037E-11   0.000    
   29.5+    31 5  0.2159E-11   0.000    
   29.5+    31 6 -0.2399E-12   0.000    
   29.5-    28 1 -0.1711E-10   0.000    
   29.5-    28 2  0.2279E-11   0.000    
   29.5-    30 3 -0.5757E-11   0.000    
   29.5-    30 4 -0.1575E-10   0.000    
   29.5-    30 5 -0.9596E-11   0.000    
   29.5-    32 6 -0.2799E-11   0.000    
   30.5+    29 1 -0.2479E-11   0.000    
   30.5+    29 2  0.6569E-11   0.000    
   30.5+    31 3  0.2396E-11   0.000    
   30.5+    31 4 -0.5784E-12   0.000    
   30.5+    31 5 -0.6280E-11   0.000    
   30.5+    33 6  0.1198E-11   0.000    
   30.5-    28 1  0.2272E-11   0.000    
   30.5-    30 2 -0.5701E-11   0.000    
   30.5-    30 3 -0.1628E-10   0.000    
   30.5-    30 4 -0.9998E-11   0.000    
   30.5-    32 5 -0.3140E-11   0.000    
   30.5-    32 6  0.1062E-10   0.000    
   31.5+    29 1  0.6440E-11   0.000    
   31.5+    31 2  0.2346E-11   0.000    
   31.5+    31 3 -0.5971E-12   0.000    
   31.5+    31 4 -0.6227E-11   0.000    
   31.5+    33 5  0.1322E-11   0.000    
   31.5+    33 6  0.2772E-11   0.000    
   31.5-    30 1 -0.1663E-10   0.000    
   31.5-    30 2 -0.1015E-10   0.000    
   31.5-    32 3 -0.2985E-11   0.000    
   31.5-    32 4  0.1122E-10   0.000    
   31.5-    32 5  0.7805E-11   0.000    
   31.5-    34 6 -0.8359E-11   0.000    
   32.5+    31 1 -0.5278E-12   0.000    
   32.5+    31 2 -0.6509E-11   0.000    
   32.5+    33 3  0.1495E-11   0.000    
   32.5+    33 4  0.2727E-11   0.000    
   32.5+    33 5 -0.7301E-11   0.000    
   32.5+    35 6 -0.3079E-11   0.000    
   32.5-    30 1 -0.1056E-10   0.000    
   32.5-    32 2 -0.3518E-11   0.000    
   32.5-    32 3  0.1130E-10   0.000    
   32.5-    32 4  0.7785E-11   0.000    
   32.5-    34 5 -0.8620E-11   0.000    
   32.5-    34 6 -0.2991E-11   0.000    
   33.5+    31 1 -0.6706E-11   0.000    
   33.5+    33 2  0.1586E-11   0.000    
   33.5+    33 3  0.2991E-11   0.000    
   33.5+    33 4 -0.7522E-11   0.000    
   33.5+    35 5 -0.3081E-11   0.000    
   33.5+    35 6 -0.7884E-11   0.000    
   33.5-    32 1  0.1137E-10   0.000    
   33.5-    32 2  0.8247E-11   0.000    
   33.5-    34 3 -0.8700E-11   0.000    
   33.5-    34 4 -0.2809E-11   0.000    
   33.5-    34 5  0.1174E-10   0.000    
   33.5-    36 6  0.4531E-12   0.000    
   34.5+    33 1  0.2939E-11   0.000    
   34.5+    33 2 -0.7930E-11   0.000    
   34.5+    35 3 -0.3079E-11   0.000    
   34.5+    35 4 -0.8116E-11   0.000    
   34.5+    35 5 -0.7090E-11   0.000    
   34.5+    37 6  0.5831E-11   0.000    
   34.5-    32 1  0.8490E-11   0.000    
   34.5-    34 2 -0.8956E-11   0.000    
   34.5-    34 3 -0.3359E-11   0.000    
   34.5-    34 4  0.1185E-10   0.000    
   34.5-    36 5  0.4665E-12   0.000    
   34.5-    36 6  0.6437E-11   0.000    
   35.5+    33 1 -0.7869E-11   0.000    
   35.5+    35 2 -0.3263E-11   0.000    
   35.5+    35 3 -0.8348E-11   0.000    
   35.5+    35 4 -0.7197E-11   0.000    
   35.5+    37 5  0.5997E-11   0.000    
   35.5+    37 6 -0.3550E-11   0.000    
   35.5-    34 1 -0.3263E-11   0.000    
   35.5-    34 2  0.1219E-10   0.000    
   35.5-    36 3  0.2399E-12   0.000    
   35.5-    36 4  0.6621E-11   0.000    
   35.5-    36 5  0.4798E-11   0.000    
   35.5-    38 6 -0.5853E-11   0.000    
   36.5+    35 1 -0.8580E-11   0.000    
   36.5+    35 2 -0.7594E-11   0.000    
   36.5+    37 3  0.6115E-11   0.000    
   36.5+    37 4 -0.3748E-11   0.000    
   36.5+    37 5  0.8136E-11   0.000    
   36.5+    39 6 -0.9862E-12   0.000    
   36.5-    34 1  0.1302E-10   0.000    
   36.5-    36 2  0.5424E-12   0.000    
   36.5-    36 3  0.6558E-11   0.000    
   36.5-    36 4  0.5178E-11   0.000    
   36.5-    38 5 -0.6016E-11   0.000    
   36.5-    38 6 -0.8383E-11   0.000    
   37.5+    35 1 -0.7597E-11   0.000    
   37.5+    37 2  0.6331E-11   0.000    
   37.5+    37 3 -0.3646E-11   0.000    
   37.5+    37 4  0.8508E-11   0.000    
   37.5+    39 5 -0.1013E-11   0.000    
   37.5+    39 6  0.2532E-11   0.000    
   37.5-    36 1  0.7242E-11   0.000    
   37.5-    36 2  0.4811E-11   0.000    
   37.5-    38 3 -0.5976E-11   0.000    
   37.5-    38 4 -0.8812E-11   0.000    
   37.5-    38 5  0.1479E-10   0.000    
   37.5-    40 6  0.2431E-11   0.000    
   38.5+    37 1 -0.3950E-11   0.000    
   38.5+    37 2  0.8368E-11   0.000    
   38.5+    39 3 -0.1143E-11   0.000    
   38.5+    39 4  0.2443E-11   0.000    
   38.5+    39 5  0.2027E-11   0.000    
   38.5+    41 6 -0.6965E-11   0.000    
   38.5-    36 1  0.5769E-11   0.000    
   38.5-    38 2 -0.6341E-11   0.000    
   38.5-    38 3 -0.9044E-11   0.000    
   38.5-    38 4  0.1539E-10   0.000    
   38.5-    40 5  0.1819E-11   0.000    
   38.5-    40 6   0.000       0.000    
   39.5+    37 1  0.8849E-11   0.000    
   39.5+    39 2 -0.8530E-12   0.000    
   39.5+    39 3  0.2772E-11   0.000    
   39.5+    39 4  0.2079E-11   0.000    
   39.5+    41 5 -0.7357E-11   0.000    
   39.5+    41 6  0.1866E-11   0.000    
   39.5-    38 1 -0.9063E-11   0.000    
   39.5-    38 2  0.1541E-10   0.000    
   39.5-    40 3  0.2186E-11   0.000    
   39.5-    40 4   0.000       0.000    
   39.5-    40 5  0.4105E-11   0.000    
   39.5-    42 6  0.4105E-11   0.000    
   40.5+    39 1  0.2568E-11   0.000    
   40.5+    39 2  0.2295E-11   0.000    
   40.5+    41 3 -0.7431E-11   0.000    
   40.5+    41 4  0.1530E-11   0.000    
   40.5+    41 5 -0.2623E-11   0.000    
   40.5+    43 6  0.7158E-11   0.000    
   40.5-    38 1  0.1574E-10   0.000    
   40.5-    40 2  0.1912E-11   0.000    
   40.5-    40 3   0.000       0.000    
   40.5-    40 4  0.4207E-11   0.000    
   40.5-    42 5  0.3661E-11   0.000    
   40.5-    42 6 -0.9726E-11   0.000    
   41.5+    39 1  0.2183E-11   0.000    
   41.5+    41 2 -0.7277E-11   0.000    
   41.5+    41 3  0.2183E-11   0.000    
   41.5+    41 4 -0.2575E-11   0.000    
   41.5+    43 5  0.7221E-11   0.000    
   41.5+    43 6 -0.2463E-11   0.000    
   41.5-    40 1  0.6717E-12   0.000    
   41.5-    40 2  0.4310E-11   0.000    
   41.5-    42 3  0.4310E-11   0.000    
   41.5-    42 4 -0.9964E-11   0.000    
   41.5-    42 5 -0.7277E-11   0.000    
   41.5-    44 6  0.5598E-12   0.000    
   42.5+    41 1  0.2006E-11   0.000    
   42.5+    41 2 -0.2636E-11   0.000    
   42.5+    43 3  0.7335E-11   0.000    
   42.5+    43 4 -0.2522E-11   0.000    
   42.5+    43 5  0.1072E-10   0.000    
   42.5+    45 6 -0.4585E-12   0.000    
   42.5-    40 1  0.4757E-11   0.000    
   42.5-    42 2  0.3840E-11   0.000    
   42.5-    42 3 -0.1054E-10   0.000    
   42.5-    42 4 -0.7565E-11   0.000    
   42.5-    44 5  0.5731E-12   0.000    
   42.5-    44 6 -0.1112E-10   0.000    
   43.5+    41 1 -0.2697E-11   0.000    
   43.5+    43 2  0.7682E-11   0.000    
   43.5+    43 3 -0.2346E-11   0.000    
   43.5+    43 4  0.1102E-10   0.000    
   43.5+    45 5 -0.7037E-12   0.000    
   43.5+    45 6  0.3988E-11   0.000    
   43.5-    42 1 -0.1020E-10   0.000    
   43.5-    42 2 -0.7858E-11   0.000    
   43.5-    44 3  0.1114E-11   0.000    
   43.5-    44 4 -0.1138E-10   0.000    
   43.5-    44 5 -0.3753E-11   0.000    
   43.5-    46 6 -0.1759E-10   0.000    
   44.5+    43 1 -0.2519E-11   0.000    
   44.5+    43 2  0.1133E-10   0.000    
   44.5+    45 3 -0.7197E-12   0.000    
   44.5+    45 4  0.4078E-11   0.000    
   44.5+    45 5  0.2459E-11   0.000    
   44.5+    47 6  0.1859E-11   0.000    
   44.5-    42 1 -0.7437E-11   0.000    
   44.5-    44 2  0.1139E-11   0.000    
   44.5-    44 3 -0.1104E-10   0.000    
   44.5-    44 4 -0.4438E-11   0.000    
   44.5-    46 5 -0.1799E-10   0.000    
   44.5-    46 6 -0.6597E-11   0.000    
   45.5+    43 1  0.1146E-10   0.000    
   45.5+    45 2 -0.4904E-12   0.000    
   45.5+    45 3  0.4353E-11   0.000    
   45.5+    45 4  0.3004E-11   0.000    
   45.5+    47 5  0.1900E-11   0.000    
   45.5+    47 6  0.4782E-11   0.000    
   45.5-    44 1 -0.1189E-10   0.000    
   45.5-    44 2 -0.4537E-11   0.000    
   45.5-    46 3 -0.1913E-10   0.000    
   45.5-    46 4 -0.6498E-11   0.000    
   45.5-    46 5  0.8828E-11   0.000    
   45.5-    48 6  0.7479E-11   0.000    
   46.5+    45 1  0.4009E-11   0.000    
   46.5+    45 2  0.2568E-11   0.000    
   46.5+    47 3  0.1942E-11   0.000    
   46.5+    47 4  0.4510E-11   0.000    
   46.5+    47 5 -0.1002E-11   0.000    
   46.5+    49 6  0.1503E-11   0.000    
   46.5-    44 1 -0.4009E-11   0.000    
   46.5-    46 2 -0.1904E-10   0.000    
   46.5-    46 3 -0.7391E-11   0.000    
   46.5-    46 4  0.8080E-11   0.000    
   46.5-    48 5  0.7454E-11   0.000    
   46.5-    48 6  0.1566E-11   0.000    
   47.5+    45 1  0.3135E-11   0.000    
   47.5+    47 2  0.1983E-11   0.000    
   47.5+    47 3  0.4990E-11   0.000    
   47.5+    47 4 -0.3838E-12   0.000    
   47.5+    49 5  0.1919E-11   0.000    
   47.5+    49 6  0.6205E-11   0.000    
   47.5-    46 1 -0.7037E-11   0.000    
   47.5-    46 2  0.8764E-11   0.000    
   47.5-    48 3  0.7741E-11   0.000    
   47.5-    48 4  0.1727E-11   0.000    
   47.5-    48 5 -0.2047E-11   0.000    
   47.5-    50 6 -0.4222E-11   0.000    
   48.5+    47 1  0.4767E-11   0.000    
   48.5+    47 2 -0.1045E-11   0.000    
   48.5+    49 3  0.2351E-11   0.000    
   48.5+    49 4  0.5943E-11   0.000    
   48.5+    49 5  0.4767E-11   0.000    
   48.5+    51 6  0.1175E-11   0.000    
   48.5-    46 1  0.8424E-11   0.000    
   48.5-    48 2  0.7902E-11   0.000    
   48.5-    48 3  0.1763E-11   0.000    
   48.5-    48 4 -0.2220E-11   0.000    
   48.5-    50 5 -0.4310E-11   0.000    
   48.5-    50 6 -0.9534E-11   0.000    
   49.5+    47 1 -0.3998E-12   0.000    
   49.5+    49 2  0.1599E-11   0.000    
   49.5+    49 3  0.6064E-11   0.000    
   49.5+    49 4  0.5264E-11   0.000    
   49.5+    51 5  0.1199E-11   0.000    
   49.5+    51 6  0.4798E-11   0.000    
   49.5-    48 1  0.1799E-11   0.000    
   49.5-    48 2 -0.2266E-11   0.000    
   49.5-    50 3 -0.4398E-11   0.000    
   49.5-    50 4 -0.9729E-11   0.000    
   49.5-    50 5 -0.3465E-11   0.000    
   49.5-    52 6  0.4331E-11   0.000    
   50.5+    49 1  0.6185E-11   0.000    
   50.5+    49 2  0.4894E-11   0.000    
   50.5+    51 3  0.1223E-11   0.000    
   50.5+    51 4  0.4894E-11   0.000    
   50.5+    51 5  0.1223E-11   0.000    
   50.5+    53 6  0.1971E-11   0.000    
   50.5-    48 1 -0.2311E-11   0.000    
   50.5-    50 2 -0.4486E-11   0.000    
   50.5-    50 3 -0.9924E-11   0.000    
   50.5-    50 4 -0.4486E-11   0.000    
   50.5-    52 5  0.4690E-11   0.000    
   50.5-    52 6  0.2107E-11   0.000    
