# Fusion cross sections for ELAB=  14.744, ECM=  12.470
     0.5   15.14      1
     0.5   29.65     -1
     1.5   50.60      1
     1.5   98.31     -1
     2.5   85.92      1
     2.5   171.0     -1
     3.5   108.4      1
     3.5   205.3     -1
     4.5   104.3      1
     4.5   206.3     -1
     5.5   95.78      1
     5.5   169.1     -1
     6.5   55.18      1
     6.5   109.6     -1
     7.5   35.50      1
     7.5   54.01     -1
     8.5   4.964      1
     8.5   16.68     -1
     9.5   3.069      1
     9.5   4.454     -1
    10.5  0.3938      1
    10.5   1.236     -1
    11.5  0.2371      1
    11.5  0.3494     -1
    12.5  0.3193E-01  1
    12.5  0.9899E-01 -1
    13.5  0.1893E-01  1
    13.5  0.2795E-01 -1
    14.5  0.2532E-02  1
    14.5  0.7847E-02 -1
    15.5  0.1484E-02  1
    15.5  0.2190E-02 -1
    16.5  0.1958E-03  1
    16.5  0.6080E-03 -1
    17.5  0.1139E-03  1
    17.5  0.1679E-03 -1
    18.5  0.1484E-04  1
    18.5  0.4616E-04 -1
    19.5  0.8576E-05  1
    19.5  0.1264E-04 -1
    20.5  0.1106E-05  1
    20.5  0.3446E-05 -1
    21.5  0.6360E-06  1
    21.5  0.9365E-06 -1
    22.5  0.8136E-07  1
    22.5  0.2537E-06 -1
    23.5  0.4656E-07  1
    23.5  0.6854E-07 -1
    24.5  0.5903E-08  1
    24.5  0.1845E-07 -1
    25.5  0.3365E-08  1
    25.5  0.4957E-08 -1
    26.5  0.4201E-09  1
    26.5  0.1318E-08 -1
    27.5  0.2428E-09  1
    27.5  0.3406E-09 -1
    28.5  0.4098E-10  1
    28.5  0.1019E-09 -1
    29.5  0.1016E-10  1
    29.5  0.2070E-10 -1
    30.5 -0.1731E-10  1
    30.5 -0.5569E-11 -1
    31.5 -0.2607E-10  1
    31.5 -0.1282E-11 -1
    32.5 -0.2866E-10  1
    32.5 -0.5551E-11 -1
    33.5 -0.1646E-10  1
    33.5 -0.1031E-10 -1
    34.5  0.9972E-11  1
    34.5  0.2359E-10 -1
    35.5  0.7085E-11  1
    35.5  0.7003E-12 -1
    36.5  0.4657E-12  1
    36.5  0.2117E-12 -1
    37.5  0.5261E-11  1
    37.5  0.1618E-10 -1
    38.5  0.6560E-11  1
    38.5 -0.5355E-12 -1
    39.5 -0.1053E-11  1
    39.5 -0.2472E-11 -1
    40.5 -0.2909E-11  1
    40.5 -0.3941E-11 -1
    41.5 -0.4518E-11  1
    41.5  0.2643E-11 -1
    42.5 -0.1476E-12  1
    42.5  0.1850E-10 -1
    43.5  0.2225E-10  1
    43.5  0.4486E-10 -1
    44.5  0.2899E-10  1
    44.5  0.4325E-10 -1
    45.5  0.2237E-10  1
    45.5  0.3411E-10 -1
    46.5  0.1334E-10  1
    46.5  0.4087E-10 -1
    47.5  0.9227E-11  1
    47.5  0.2268E-10 -1
    48.5  0.5270E-11  1
    48.5  0.2198E-10 -1
    49.5  0.1831E-11  1
    49.5  0.1625E-10 -1
    50.5  0.2101E-11  1
    50.5 -0.1634E-11 -1
 &
