69 9181
69 19633
69 39644
69 47980
69 49686
69 55556
69 63979
69 65582
69 69968
69 73345
69 74503
69 75032
69 79786
69 85324
69 91194
69 94766
69 96793
69 108556
69 109982
69 115122
69 129679
69 130056
69 131926
69 133843
69 134791
69 142036
69 143270
69 147555
69 150914
69 151101
69 153745
69 155088
69 158662
69 166491
69 182630
69 199335
69 200271
69 200528
69 201426
70 11890
70 13209
70 18619
70 19345
70 27963
70 33185
70 41177
70 43149
70 44144
70 56023
70 58260
70 59631
70 66388
70 67088
70 68188
70 75111
70 78703
70 80728
70 82353
70 84236
70 89442
70 94125
70 96133
70 98947
70 102578
70 110766
70 133329
70 134457
70 143719
70 155318
70 157222
70 160431
70 161449
70 161599
70 167669
70 169493
70 169981
70 174145
70 175176
70 177892
70 183581
70 185038
70 189056
70 202390
70 214341
70 215316
70 216755
71 3395
71 16589
71 31200
71 31913
71 35035
71 38492
71 59592
71 75433
71 76592
71 87828
71 92172
71 92498
71 93637
71 102613
71 112506
71 117744
71 118775
71 121141
71 127666
71 140834
71 146354
71 156617
71 157230
71 162575
71 166948
71 169739
71 174944
71 174946
71 178233
71 183395
71 189709
71 190785
71 192621
71 192665
71 196778
71 197133
71 200492
71 203590
71 210197
71 210991
72 3023
72 6667
72 10290
72 10499
72 13334
72 15920
72 19110
72 25970
72 27141
72 48983
72 50776
72 61798
72 68602
72 77271
72 79216
72 80379
72 80612
72 83276
72 94473
72 101070
72 104086
72 104199
72 104287
72 111694
72 127439
72 129132
72 136432
72 138957
72 144800
72 150339
72 166364
72 170302
72 178771
72 190974
72 191797
72 194888
72 195428
72 201445
72 203677
72 218883
72 225279
72 231798
72 236887
73 1265
73 2395
73 5093
73 6466
73 14402
73 17583
73 22585
73 40148
73 40280
73 45616
73 49278
73 89522
73 96936
73 105661
73 105745
74 1169
74 2614
74 6135
74 7173
74 14889
74 18486
74 22541
74 43062
74 56238
74 63521
74 72172
74 74123
74 84158
74 85765
74 95075
74 99098
75 4705
75 7836
75 12987
75 20555
75 34097
75 37785
75 40098
75 40286
75 41000
75 50649
75 51596
75 69221
75 85148
75 103617
75 115684
75 116439
75 119683
76 7544
76 9776
76 9988
76 10163
76 26742
76 28549
76 35312
76 43960
76 45748
76 45907
76 46259
76 49255
76 51348
76 52164
76 54600
76 59880
76 61403
76 61859
76 77480
76 82190
76 90241
76 99009
76 103290
76 115190
76 116799
76 127467
77 4260
77 7310
77 8839
77 9954
77 23729
77 27348
77 29655
77 40135
77 41098
77 42492
77 52355
77 58730
77 61074
77 64070
77 64483
77 65065
77 94009
77 100967
78 1905
78 5056
78 6505
78 8903
78 15711
78 25372
78 29608
78 30031
78 30061
78 43404
78 45415
78 47380
78 53367
78 58602
78 92575
78 102299
78 111505
78 122471
78 123560
78 124314
78 125837
79 5756
79 8022
79 11686
79 14870
79 28898
79 41054
79 43385
79 44859
79 45335
79 45923
79 47279
79 50698
79 58765
79 76965
79 81682
79 86912
79 90731
79 93699
79 102978
79 103310
79 108498
80 976
80 8478
80 9497
80 13452
80 19241
80 36662
80 39014
80 39383
80 40080
80 51454
80 54072
80 66169
80 71936
80 76197
80 78487
80 112045
81 10209
81 16171
81 16626
81 21229
81 23721
81 26660
81 32115
81 34604
81 46019
81 49018
81 51063
81 57891
81 73953
82 14523
82 22138
82 26487
82 26721
82 28658
82 48934
82 56766
82 57089
95 709
95 5604
95 5913
95 10267
95 10624
95 13840
95 14906
95 15351
95 16977
95 18249
95 21099
95 23302
95 24181
95 24521
95 24682
95 27173
95 27419
95 29265
95 29654
95 30388
95 30452
95 33834
95 37373
95 38917
95 41763
95 43123
95 43701
95 44920
95 45602
95 49695
95 51223
95 51333
95 53643
95 54167
95 54459
95 56058
95 56369
95 58463
95 59082
95 59435
95 59666
95 60089
95 61450
95 61846
95 62903
95 65039
95 67965
95 69670
95 72077
95 72860
95 73585
95 75034
95 75277
95 75550
95 75935
95 76328
95 77266
95 77552
95 77863
95 78286
95 78482
95 80534
95 81138
95 81612
95 82087
96 5965
96 6158
96 6744
96 8569
96 12377
96 13257
96 15838
96 16419
96 16594
96 17232
96 19025
96 20746
96 22273
96 22343
96 22640
96 22924
96 23392
96 23953
96 26371
96 26698
96 29050
96 30974
96 32272
96 35811
96 36256
96 37568
96 38125
96 40077
96 42215
96 42341
96 43137
96 44638
96 45185
96 45392
96 46191
96 46416
96 48920
96 50467
96 51942
96 58228
96 61316
96 61600
96 63769
96 65488
96 65583
96 66587
96 68207
96 68538
96 69456
96 70108
96 71590
96 71710
96 71824
96 74451
96 76181
96 77332
96 77951
96 82689
96 85595
96 85737
96 86363
96 87773
96 88130
96 88136
96 89401
96 89443
96 91364
96 94274
96 94414
96 94581
96 95691
96 97309
96 97816
96 98221
96 99377
96 99890
96 100856
96 102046
96 102266
96 104422
96 104814
96 105462
96 106637
96 107449
96 109389
97 3616
97 4879
97 9836
97 9922
97 10705
97 10954
97 11216
97 11851
97 13586
97 13993
97 14431
97 16222
97 16744
97 17163
97 17761
97 22176
97 22478
97 22730
97 23608
97 27232
97 27945
97 28628
97 29326
97 30648
97 30831
97 30941
97 31440
97 31504
97 32058
97 37485
97 38360
97 38742
97 39356
97 40249
97 40795
97 40913
97 42105
97 42320
97 42341
97 42372
97 43296
97 43968
97 44244
97 45938
97 46537
97 46574
97 47010
97 48025
97 48239
97 48773
97 51855
97 52009
97 52360
97 52996
97 53856
97 54068
97 55632
97 55995
97 56645
97 57677
97 58603
97 59113
97 59895
97 62207
97 64423
97 64436
97 65814
97 68600
97 68899
97 69354
97 73953
97 74151
97 76522
97 79361
97 80452
97 80751
97 83591
97 83952
97 84538
97 85301
97 85810
97 86625
97 87712
97 88153
97 88479
97 88969
97 89350
97 89406
97 89533
97 91930
97 92861
97 93485
97 94050
97 94677
97 95924
97 99221
97 101107
97 102514
97 102816
97 103040
97 103098
97 103183
97 107117
97 107178
97 107591
97 108787
97 111099
97 111229
97 111462
97 113873
97 116152
98 2668
98 5295
98 5689
98 6395
98 7451
98 7512
98 9565
98 12827
98 13550
98 13746
98 14144
98 20195
98 20309
98 21492
98 25648
98 27268
98 27872
98 28782
98 30190
98 31867
98 33183
98 34471
98 34682
98 36057
98 36135
98 36212
98 38630
98 40195
98 40520
98 40724
98 44158
98 46008
98 47801
98 51569
98 54074
98 54979
98 58120
98 59571
98 61683
98 62688
98 64786
98 65164
98 65448
98 66267
98 66599
98 66827
98 67092
98 68612
98 68935
98 69513
98 70218
98 70521
98 71520
98 73783
98 74271
98 74550
98 74664
98 75803
98 76049
98 78159
98 81948
99 1789
99 1981
99 3833
99 4819
99 5302
99 7326
99 8996
99 8999
99 9097
99 10239
99 13606
99 14959
99 15328
99 15931
99 16226
99 24115
99 24777
99 25244
99 25277
99 26224
99 26637
99 27072
99 28395
99 31968
99 32503
99 32741
99 33784
99 34871
99 36169
99 36982
99 37206
99 37302
99 37495
99 37807
99 38617
99 39012
99 39793
99 40622
99 41591
99 43295
99 43388
99 44314
99 46484
99 48028
99 48727
99 55327
99 56258
99 57149
99 60115
99 60770
99 63670
99 63736
99 65941
99 66898
99 67676
99 68772
99 69088
99 69140
100 1208
100 2247
100 2362
100 5598
100 5648
100 5978
100 8218
100 8447
100 9729
100 12116
100 12755
100 15047
100 15775
100 16530
100 17884
100 19197
100 20530
100 21178
100 21729
100 26885
100 28194
100 29791
100 33420
100 34233
100 34629
100 36114
100 42692
100 44588
100 50772
100 51234
100 52033
100 52959
100 55604
100 56744
100 57411
100 58053
100 58357
100 58545
100 59460
100 61841
100 62459
100 62515
100 65312
100 68166
100 68312
100 69376
100 71130
100 72577
100 73374
100 74624
100 74970
100 75398
100 76660
100 77060
100 77071
100 79628
100 83163
100 85660
100 85675
100 86402
100 86626
100 86672
100 88074
100 88701
100 89019
100 90408
100 91043
100 91274
100 91731
100 93841
100 94437
100 95647
100 99067
100 101268
100 102990
101 147
101 1320
101 1633
101 2105
101 2789
101 4342
101 10089
101 11815
101 11967
101 12361
101 13119
101 15312
101 16544
101 17601
101 18634
101 19805
101 20642
101 24886
101 25144
101 26530
101 26569
101 27308
101 28503
101 30250
101 30850
101 34075
101 35097
101 36100
101 36130
101 38242
101 38409
101 38539
101 42606
101 44085
101 44384
101 44449
101 48897
101 49133
101 50175
101 50879
101 51394
101 51411
101 51608
101 52661
101 55474
101 55893
101 57162
101 58212
101 59826
101 60976
101 61562
101 61884
101 62643
101 63765
101 64625
101 65352
101 68546
101 70439
101 71683
101 74281
101 74531
101 77267
101 81936
101 82459
101 83077
101 84629
101 84770
101 86631
101 86813
101 87280
101 87434
101 88715
101 89887
101 91308
101 93755
101 96126
101 98243
101 100177
101 101752
101 101952
101 103843
101 104798
101 106499
101 106954
101 106982
101 107532
101 111293
101 112688
101 113062
101 114030
102 3760
102 4237
102 5746
102 8225
102 8265
102 9002
102 9311
102 9438
102 12120
102 12225
102 13820
102 14935
102 15554
102 16446
102 17068
102 17486
102 17785
102 18309
102 18429
102 18840
102 20838
102 21784
102 22495
102 24538
102 25912
102 26245
102 29867
102 34150
102 34285
102 35999
102 36115
102 37792
102 38679
102 40147
102 41285
102 41328
102 42744
102 44455
102 45734
102 49723
102 52413
102 55571
102 55797
102 56298
102 57659
102 59176
102 59820
102 60536
102 65559
102 65816
102 67123
102 67573
102 68230
102 68843
102 70031
102 70053
102 72109
102 73280
102 73579
102 77170
102 79560
102 79825
102 81329
102 84731
102 85089
102 85802
102 86012
102 86627
102 87583
102 89018
102 91861
102 95408
102 95444
102 95824
102 98615
102 98617
102 98912
102 98938
102 100323
102 100521
102 100853
102 101817
102 103566
102 106305
102 107470
102 107814
102 108013
103 2614
103 3837
103 4278
103 4362
103 5333
103 6776
103 8365
103 8640
103 9345
103 10166
103 11388
103 13722
103 14908
103 17758
103 18296
103 18574
103 18707
103 19654
103 20726
103 23221
103 26260
103 26558
103 26750
103 29001
103 30655
103 31652
103 31710
103 32962
103 34325
103 34973
103 38997
103 39988
103 40289
103 41175
103 43096
103 45079
103 45604
103 46785
103 49423
103 49583
103 50081
103 52133
103 53099
103 53190
103 53598
103 54272
103 54375
103 55021
103 55838
103 58417
103 58661
103 60389
103 60560
103 62338
103 62514
103 63663
103 64165
103 65651
103 66064
103 67093
103 68575
103 69160
103 70625
103 72575
103 76008
103 76188
103 79564
103 80499
103 80997
103 81254
103 81367
103 82524
103 83483
103 86535
103 87486
103 87801
103 90624
103 90885
103 92342
103 92993
103 93364
103 93398
103 95025
103 95507
103 96855
103 97602
103 97906
103 98898
103 98941
103 99161
103 99689
103 100086
103 101155
103 104314
103 104347
103 104377
104 3647
104 4234
104 4501
104 4911
104 5129
104 5867
104 8340
104 11418
104 12747
104 13084
104 13364
104 15743
104 17925
104 18332
104 18351
104 18803
104 24739
104 24890
104 25003
104 25079
104 26682
104 27754
104 32026
104 33791
104 33982
104 34076
104 36222
104 36366
104 36433
104 38185
104 39353
104 39962
104 39966
104 41485
104 41676
104 41965
104 43486
104 45046
104 45785
104 46099
104 46374
104 48895
104 49101
104 49673
104 49748
104 51305
104 52509
104 52738
104 52925
104 55507
104 56456
104 57433
104 58403
104 58918
104 59219
104 59692
104 60337
104 61866
104 62933
104 63237
104 64862
104 67125
104 68806
104 71530
104 73604
104 74066
104 77759
104 79242
104 79401
104 79760
104 80218
104 82512
104 85185
104 91066
104 91595
104 92357
104 95034
104 96698
104 97408
104 97715
105 540
105 1581
105 1823
105 6842
105 7585
105 8698
105 10927
105 11999
105 12527
105 12641
105 21173
105 22675
105 22882
105 23171
105 23561
105 25513
105 26762
105 29928
105 32475
105 33553
105 34649
105 35671
105 36283
105 36511
105 37123
105 40490
105 41013
105 42625
105 43851
105 44398
105 44436
105 45222
105 46634
105 46679
105 47329
105 48611
105 48927
105 49963
105 50412
105 50454
105 50794
105 50948
105 51457
105 51577
105 54283
105 55456
105 55646
105 56119
105 57009
105 57791
105 60672
105 61416
105 61765
105 62678
105 66586
105 70658
105 72511
105 76847
105 78867
105 80881
105 81554
105 81648
105 82242
105 83660
105 83870
105 84743
105 85361
105 85752
105 87696
105 88425
105 88948
105 88980
105 90081
105 90713
105 91684
105 92897
105 93166
105 94943
105 94946
105 96790
105 97560
105 98573
105 100034
105 101265
105 101620
105 101647
105 102248
106 676
106 7232
106 9489
106 11436
106 11901
106 12903
106 13259
106 18751
106 18769
106 18817
106 19258
106 19312
106 19569
106 22049
106 23395
106 23648
106 25187
106 25530
106 25865
106 30683
106 30944
106 31066
106 31434
106 37965
106 38298
106 38501
106 40773
106 41362
106 43679
106 46025
106 47361
106 48130
106 54333
106 55551
106 56104
106 57057
106 57224
106 58075
106 59184
106 61476
106 61547
106 62274
106 63819
106 63993
106 64538
106 66478
106 69821
106 70656
106 73710
106 75301
106 76633
106 76930
106 76991
106 77248
106 82423
106 82863
106 83354
106 84732
106 87033
106 87572
106 89148
106 89160
106 90369
106 91514
106 93516
106 94439
106 94999
106 95178
106 95327
106 96384
106 97041
106 97950
106 99919
106 102216
107 2713
107 3398
107 5749
107 8467
107 9552
107 9620
107 9747
107 10865
107 11296
107 11558
107 12049
107 13580
107 13610
107 15187
107 16916
107 17456
107 19222
107 19479
107 19742
107 24358
107 24577
107 24942
107 25117
107 25201
107 26654
107 26672
107 26924
107 28514
107 29373
107 30059
107 32174
107 32342
107 32806
107 32924
107 33475
107 35312
107 35463
107 35912
107 36178
107 38250
107 38749
107 43415
107 44430
107 48500
107 49099
107 49427
107 52946
107 54683
107 54903
107 55688
107 55842
107 57023
107 57788
107 58032
107 58366
107 59974
107 60041
107 60349
107 60763
107 61026
107 61506
107 62315
107 62584
107 64097
107 64122
107 66249
107 66431
107 67754
107 69601
107 70877
107 72384
107 73236
107 73445
107 73917
107 74315
107 76245
107 77528
107 79523
107 80321
107 81554
107 81718
107 82077
107 82977
107 83958
107 84373
107 85830
107 94318
107 94921
107 96428
107 99451
107 100612
107 101031
107 102106
107 102281
107 102318
108 748
108 2840
108 4469
108 5037
108 5181
108 5405
108 6447
108 6841
108 7871
108 7876
108 8223
108 8483
108 8508
108 9270
108 10208
108 11096
108 11171
108 11322
108 13018
108 13053
108 14103
108 14408
108 14658
108 15078
108 15394
108 15451
108 15626
108 15732
108 20347
108 21038
108 21685
108 22570
108 23462
108 24920
108 28433
108 31053
108 34409
108 37494
108 40049
108 40450
108 40504
108 42902
108 44352
108 45183
108 46948
108 48174
108 49281
108 51095
108 52711
108 52722
108 55749
108 58317
108 59253
108 60716
108 63519
108 66028
108 66374
108 67119
108 68321
108 70087
108 70331
108 71430
108 71740
108 74134
108 75063
108 75764
108 80915
108 81267
108 85048
108 85538
108 85615
108 86004
108 86091
108 91240
108 91441
108 91536
108 93960
108 94685
108 97321
108 97555
108 97731
108 99686
108 99746
108 100177
108 100321
108 101075
108 102000
108 102337
108 102850
108 104831
108 105027
108 105345
109 607
109 649
109 1207
109 1467
109 5000
109 5409
109 6940
109 8652
109 8850
109 10738
109 12668
109 14184
109 16042
109 19673
109 19704
109 22915
109 23184
109 23907
109 25167
109 27042
109 30030
109 30383
109 32050
109 32298
109 33123
109 34020
109 34329
109 37521
109 38673
109 38920
109 40303
109 40802
109 44473
109 48365
109 50568
109 50573
109 51972
109 52736
109 53871
109 62465
109 65264
109 67289
109 67686
109 75341
109 78973
109 79694
109 80471
109 86013
109 86387
109 87057
109 87782
109 90417
109 91085
109 91894
109 93930
109 95594
109 97284
109 97619
109 97844
109 99070
110 365
110 396
110 475
110 1795
110 3355
110 4259
110 4334
110 5267
110 5312
110 6516
110 6915
110 8323
110 9984
110 10267
110 15025
110 15400
110 15448
110 16591
110 16671
110 16950
110 17529
110 18257
110 21245
110 25886
110 27315
110 27453
110 27958
110 29741
110 31905
110 32080
110 32946
110 34026
110 34075
110 34250
110 34667
110 35322
110 35723
110 36540
110 36753
110 39370
110 40070
110 40494
110 43109
110 45437
110 47426
110 48078
110 49949
110 50477
110 51157
110 51229
110 53289
110 55994
110 56716
110 61072
110 62490
110 66794
110 68332
110 68379
110 70180
110 70241
110 72385
110 72632
110 75033
110 75483
110 77367
110 79903
110 81513
110 82803
110 83808
110 84014
110 85847
110 93982
110 94999
110 95553
110 95820
110 98028
110 98777
110 98911
110 100339
110 101143
110 102851
111 811
111 866
111 2335
111 2918
111 3361
111 3485
111 4062
111 6413
111 7384
111 10419
111 12258
111 12814
111 12934
111 14544
111 17915
111 20036
111 20842
111 20847
111 20958
111 21432
111 21602
111 25005
111 28437
111 29286
111 30131
111 36737
111 38585
111 40031
111 40874
111 41944
111 43592
111 45139
111 45977
111 48996
111 51142
111 52548
111 54061
111 54170
111 57081
111 57953
111 59425
111 61836
111 62028
111 63834
111 64022
111 64334
111 64479
111 65786
111 66159
111 67161
111 68817
111 70516
111 71208
111 74414
111 76795
111 77189
111 77406
111 77535
111 83915
111 86803
111 87194
111 91755
111 91846
111 94239
111 95012
111 97238
111 97966
111 99257
111 99920
111 100210
111 102403
111 102898
111 105760
111 106032
111 106329
111 107187
112 2789
112 5822
112 7926
112 8581
112 10140
112 11267
112 11603
112 12756
112 13408
112 13488
112 13845
112 14974
112 15996
112 16607
112 17306
112 21055
112 22605
112 22620
112 23733
112 23861
112 25691
112 26452
112 28389
112 30256
112 30537
112 32105
112 32642
112 34385
112 37512
112 37537
112 43613
112 46089
112 46476
112 49781
112 51001
112 53384
112 53516
112 54247
112 54286
112 56127
112 56641
112 58251
112 60736
112 61134
112 61890
112 63166
112 64045
112 65257
112 65589
112 67237
112 68364
112 69112
112 69799
112 71031
112 71099
112 71545
112 73362
112 76627
112 77104
112 77635
112 79653
112 79665
112 80048
112 80755
112 81058
112 81124
112 81314
112 81893
112 82904
112 83777
112 84041
112 84151
112 84208
112 84798
112 85610
112 86009
112 87338
112 88035
112 88594
112 91966
112 94878
112 97226
112 98485
112 99389
112 99690
112 100774
112 101674
113 457
113 1313
113 8500
113 11781
113 15972
113 16343
113 16582
113 17457
113 18018
113 18609
113 19129
113 19961
113 24727
113 26086
113 26137
113 30529
113 30726
113 32160
113 33386
113 33874
113 34436
113 34840
113 35018
113 37067
113 37691
113 38019
113 38948
113 39269
113 44528
113 44671
113 45500
113 45667
113 46008
113 49759
113 50588
113 51298
113 53800
113 53965
113 55039
113 56042
113 57104
113 57626
113 58596
113 60259
113 62118
113 63046
113 63355
113 65199
113 68461
113 68597
113 72860
113 73967
113 74182
113 74549
113 74726
113 75176
113 75830
113 76768
113 77513
113 82829
113 83553
113 83803
113 84084
113 85297
113 85457
113 85682
113 85954
113 87219
113 88618
113 90081
113 90256
113 94870
113 97410
113 98593
114 703
114 1440
114 3531
114 10102
114 12892
114 13453
114 17068
114 21240
114 21431
114 21664
114 23570
114 24097
114 24377
114 27531
114 27894
114 28183
114 28244
114 29436
114 31766
114 36435
114 37002
114 39193
114 42299
114 42950
114 43899
114 45739
114 45787
114 49686
114 51965
114 52573
114 53120
114 53171
114 53580
114 59487
114 60996
114 61533
114 62132
114 64947
114 65787
114 68257
114 68667
114 68674
114 69888
114 70790
114 71069
114 71428
114 74519
114 78401
114 78985
114 80610
114 81766
114 84517
114 87900
114 88598
114 88903
114 90948
114 93936
114 94066
114 95405
114 97809
114 98208
114 98480
114 98703
114 98985
114 100864
115 224
115 759
115 1092
115 1716
115 2625
115 9121
115 11731
115 13258
115 18403
115 19131
115 22418
115 24616
115 27285
115 27700
115 28519
115 30832
115 32442
115 36904
115 38474
115 38594
115 42547
115 46356
115 46504
115 47113
115 47160
115 47983
115 49494
115 51107
115 52142
115 52898
115 53256
115 54511
115 59254
115 60166
115 62674
115 62896
115 63246
115 67952
115 73354
115 75416
115 75781
115 76315
115 77509
115 78110
115 78775
115 82116
115 82353
115 84692
115 86901
115 87839
115 90257
115 91172
115 93238
115 94812
115 102143
115 104118
115 104953
115 105085
115 106347
115 106680
115 107042
115 107480
115 109556
115 113732
115 115575
115 116094
116 629
116 1078
116 2414
116 5829
116 7470
116 7975
116 9561
116 10415
116 14875
116 15358
116 15718
116 15878
116 16475
116 18362
116 21197
116 22100
116 22472
116 23258
116 23793
116 23838
116 25789
116 27614
116 29671
116 31410
116 33157
116 35367
116 36117
116 37102
116 37831
116 38294
116 38821
116 40852
116 43676
116 43742
116 43941
116 47233
116 48631
116 50041
116 51026
116 51692
116 51800
116 51898
116 55675
116 57538
116 57628
116 58335
116 59652
116 61179
116 61719
116 65658
116 65895
116 67123
116 70887
116 75086
116 77977
116 78000
116 83015
116 83737
117 1101
117 3497
117 3521
117 8562
117 8648
117 9893
117 11563
117 14120
117 14706
117 16261
117 16594
117 23122
117 26437
117 30376
117 32413
117 36107
117 36897
117 37266
117 40621
117 40900
117 42894
117 43158
117 43506
117 44091
117 44780
117 46080
117 48627
117 49515
117 49607
117 49776
117 50742
117 52117
117 54337
117 55776
117 57604
117 57968
117 58053
117 60567
117 62242
117 65471
117 65902
117 66195
117 68008
117 71062
117 71487
117 72061
117 72082
117 72276
117 73331
117 73370
117 74956
117 75578
117 76292
117 76908
117 78738
117 78850
117 78866
117 80345
117 82154
118 3302
118 4376
118 6463
118 8702
118 10697
118 11026
118 11346
118 11581
118 11950
118 14093
118 14478
118 14481
118 14841
118 15425
118 15690
118 16479
118 17633
118 18439
118 20938
118 22540
118 23039
118 23733
118 25896
118 26476
118 26582
118 26841
118 27442
118 27844
118 30050
118 30818
118 31331
118 31708
118 32074
118 32486
118 32665
118 34178
118 34882
118 35409
118 35901
118 39447
118 40896
118 40916
118 40925
118 42249
118 42942
118 44030
118 44552
118 46320
118 46627
118 49941
118 50453
118 51981
118 55469
118 55542
119 4682
119 11786
119 11970
119 12436
119 13428
119 15039
119 16111
119 16415
119 16543
119 17281
119 18543
119 20572
119 20815
119 27386
119 28568
119 28728
119 29480
119 29570
119 36077
119 37868
119 39441
119 40703
119 42593
119 44506
119 48946
119 49498
119 49648
119 52460
119 52605
119 55364
119 58012
119 58726
119 58855
119 59727
119 59901
119 61364
119 62646
119 63324
119 64243
119 64390
119 65181
119 65184
119 66182
119 66228
119 66679
119 67742
119 68690
119 75260
119 80570
119 81270
119 81534
119 82543
119 82845
119 83281
119 85831
119 86580
119 87391
119 87459
119 88192
119 88689
120 94
120 1182
120 2115
120 3449
120 9569
120 11288
120 11852
120 15227
120 15940
120 17290
120 17355
120 17733
120 17820
120 18659
120 23487
120 25484
120 25769
120 27934
120 29605
120 30862
120 31592
120 33082
120 38140
120 38557
120 39287
120 42434
120 49913
120 51019
120 51825
120 57256
120 58743
120 58834
120 58882
120 61335
120 62461
120 63217
120 65048
120 65912
120 66531
120 67495
120 67727
120 68538
120 69437
120 70830
120 76888
120 77223
120 79979
120 82326
120 82754
121 280
121 544
121 1448
121 3700
121 4604
121 6510
121 7456
121 7900
121 8280
121 12438
121 12451
121 15038
121 15940
121 17494
121 17647
121 18269
121 19262
121 19932
121 23690
121 24804
121 25253
121 26714
121 26891
121 27283
121 27303
121 32331
121 33516
121 33795
121 33846
121 35459
121 36030
121 36235
121 37110
121 37284
121 39752
121 40486
121 40744
121 41669
121 43138
121 50746
121 50865
121 52864
121 53804
121 54083
121 56251
121 56293
121 56401
121 56507
121 58291
121 60075
121 64380
121 64469
121 67296
121 73265
121 73617
121 74079
121 74627
121 75704
121 76698
121 77818
121 78821
121 79412
121 80348
121 81984
121 83404
122 833
122 1236
122 2033
122 2780
122 5360
122 5575
122 6639
122 11699
122 12615
122 13012
122 14223
122 14301
122 18054
122 21503
122 22432
122 23576
122 24691
122 27264
122 27447
122 29418
122 29428
122 31982
122 33650
122 33979
122 34617
122 35989
122 39297
122 40592
122 41250
122 41538
122 43804
122 43990
122 45385
122 47838
122 50027
122 50189
122 50568
122 51520
122 52883
122 54093
122 54459
122 58265
122 60276
122 61858
122 62507
122 62898
122 63381
122 68766
122 70871
122 75390
122 76381
122 79699
122 81043
122 81044
122 82554
122 82955
122 83168
122 87441
122 88338
122 90077
122 91168
122 91248
122 92887
122 93327
122 95054
122 95211
122 95455
122 97577
122 98478
122 99507
122 101252
122 101581
122 102130
122 103733
122 103852
122 104287
122 104618
122 105588
122 106014
122 107334
122 107606
122 109992
122 110150
122 110219
122 111947
122 112653
122 112823
122 117915
122 118041
122 120514
122 122493
122 123069
122 124856
122 132471
122 132493
122 133735
122 138194
122 139054
122 141704
122 142223
122 143526
122 144461
122 146846
