19 676
19 1239
19 1404
19 3386
19 3451
19 4409
19 5051
19 5594
19 5650
19 6478
19 7573
19 7943
19 9037
19 9279
19 9447
19 10062
19 10661
19 10788
19 12659
19 12691
19 13457
19 13791
19 14458
19 14861
19 14941
19 15285
19 15482
19 16312
19 18592
19 19545
19 20673
19 20689
19 21081
19 21139
19 21840
19 22912
19 22913
19 24128
19 24227
19 24264
19 24691
19 24697
19 24987
19 25128
19 25296
19 25652
19 26379
19 26793
19 27710
19 28439
19 29295
19 29715
19 31896
19 32416
19 32470
19 32622
19 32990
19 33204
19 33277
19 34647
19 35789
19 35844
19 37129
19 37186
19 37751
19 41881
19 43411
19 45379
19 45900
19 46035
19 46157
19 47418
19 48132
19 49038
19 49175
19 50384
19 50981
19 51157
19 51441
19 52549
19 52743
19 53283
19 53546
19 54538
19 55250
19 55816
19 56565
19 57280
19 57379
19 57720
19 57926
19 57959
19 58227
19 58533
19 58726
19 58805
19 58861
19 59670
19 61229
19 61546
19 62813
19 64531
19 65953
19 67422
19 67705
19 68328
19 69485
19 71703
19 72636
19 72638
19 72770
19 72950
19 73279
19 75551
19 76655
19 76808
19 76845
19 76955
19 77559
19 78399
19 78492
19 78759
19 79129
19 79798
19 80567
19 83674
19 84276
19 85351
19 86304
19 86494
19 87020
19 87178
19 87270
19 88052
19 89413
19 90438
19 91739
19 93520
19 93551
19 93735
19 94251
19 94449
19 95003
19 95410
19 96349
19 96543
19 96741
19 96941
19 98447
19 99527
19 100884
19 101000
19 102236
19 103306
19 103628
19 104671
19 105250
19 105616
19 107861
20 901
20 1564
20 1714
20 2075
20 2081
20 2145
20 2197
20 2674
20 3685
20 4294
20 4846
20 5192
20 6441
20 6958
20 7337
20 7732
20 8052
20 8187
20 8738
20 10998
20 11039
20 11602
20 12551
20 13520
20 15046
20 15221
20 15831
20 16070
20 16312
20 16419
20 17011
20 18219
20 19871
20 22176
20 22659
20 23750
20 23927
20 26980
20 27077
20 28514
20 28720
20 29547
20 29649
20 29746
20 30497
20 30718
20 30995
20 31036
20 32062
20 32557
20 32658
20 32664
20 32784
20 33602
20 34356
20 34598
20 37811
20 37832
20 38208
20 38960
20 39279
20 40292
20 40333
20 41910
20 43792
20 44037
20 45817
20 47038
20 47221
20 48261
20 48391
20 48596
20 49367
20 49426
20 50095
20 50184
20 50553
20 51109
20 52008
20 52038
20 52117
20 53277
20 54011
20 54546
20 54969
20 55238
20 55928
20 56988
20 57112
20 57175
20 57776
20 58107
20 58545
20 60263
20 60726
20 62059
20 62569
20 62602
20 63009
20 63298
20 63695
20 64524
20 64682
20 64764
20 65614
20 65682
20 68221
20 68801
20 68960
20 69294
20 71313
20 72025
20 72586
20 72644
20 72673
20 72862
20 73669
20 74001
20 74144
20 74257
20 74381
20 74540
20 74749
20 75504
20 75705
20 76456
20 78280
20 78394
20 78819
20 78872
20 78957
20 79245
20 79622
20 80771
20 81586
20 82639
20 83736
20 84207
20 84454
20 84496
20 85352
20 86026
20 86255
20 86314
20 86513
20 86745
20 88401
20 89333
20 89433
20 89736
20 89968
20 90364
20 91651
20 91758
20 92155
20 93384
20 94295
20 94724
20 95324
20 96264
20 97962
20 98077
20 98525
20 98849
20 99128
20 99296
20 99445
20 99527
20 100036
20 102064
20 102106
20 102815
20 103586
20 103726
20 103980
20 104201
20 104368
20 104800
20 105279
20 105714
20 106178
20 107064
20 107854
20 108018
20 109458
20 109827
20 109952
20 110163
20 110561
20 112591
20 112986
20 113392
20 114849
20 115745
20 115841
20 116135
21 455
21 2392
21 3261
21 3517
21 5431
21 6724
21 7749
21 8509
21 8743
21 11862
21 12017
21 13317
21 13809
21 14073
21 15903
21 15923
21 16063
21 17246
21 17424
21 17590
21 17639
21 18487
21 22132
21 23646
21 24162
21 24893
21 25022
21 25187
21 25378
21 25524
21 25650
21 26050
21 26716
21 26728
21 27985
21 29824
21 31742
21 32977
21 33549
21 33865
21 34111
21 34556
21 35384
21 36226
21 36251
21 36394
21 36866
21 36916
21 36952
21 37250
21 37351
21 37561
21 37746
21 38395
21 38499
21 39015
21 40566
21 41475
21 41549
21 43539
21 44063
21 44518
21 44907
21 44954
21 45016
21 45037
21 47002
21 47267
21 47592
21 47686
21 48160
21 48250
21 48444
21 48979
21 49020
21 49471
21 51377
21 51396
21 52019
21 53447
21 53456
21 58189
21 58378
21 60401
21 61105
21 61644
21 62102
21 62236
21 63376
21 64968
21 65674
21 66746
21 68127
21 68343
21 68477
21 68811
21 68932
21 70306
21 70322
21 70368
21 70661
21 71177
21 71966
21 72753
21 72800
21 72957
21 73734
21 74794
21 74835
21 76205
21 76512
21 77326
21 77342
21 78232
21 78264
21 78955
21 79935
21 81308
21 81529
21 82383
21 83088
21 83313
21 83921
21 84034
21 85407
21 86210
21 86790
21 88204
21 88351
21 88746
21 89304
21 89999
21 91512
21 92489
21 94231
21 95840
21 96568
21 96710
21 97304
21 97442
21 98084
21 98369
21 98431
21 98769
21 99674
21 99734
21 100899
21 101140
21 101680
21 101894
21 101978
21 103381
21 103505
21 104555
21 105885
21 107844
21 110575
21 110928
21 111131
21 112974
21 114698
21 115084
21 115669
21 115940
21 116479
21 117103
21 117293
21 117593
21 117629
21 118187
21 118428
21 119183
21 120989
21 121251
21 122252
21 122396
21 122409
21 122718
21 123043
21 124448
21 127201
21 127659
21 127776
22 354
22 985
22 6896
22 7288
22 7555
22 8507
22 8637
22 9056
22 9510
22 10027
22 10744
22 11092
22 11200
22 11456
22 13015
22 13544
22 13625
22 13720
22 14173
22 15826
22 17129
22 17161
22 17325
22 17341
22 17939
22 18685
22 20662
22 21408
22 21618
22 23178
22 26339
22 26549
22 27255
22 28122
22 28324
22 28737
22 29558
22 29843
22 33286
22 34204
22 34805
22 34909
22 35776
22 36661
22 38396
22 38600
22 38783
22 40099
22 40534
22 42123
22 42632
22 43049
22 44233
22 46438
22 47256
22 47305
22 47459
22 48169
22 48344
22 48811
22 48858
22 49994
22 50055
22 50938
22 51139
22 51147
22 51606
22 51824
22 52241
22 52539
22 52694
22 53171
22 53428
22 53692
22 54440
22 54452
22 54587
22 56833
22 58221
22 58875
22 59432
22 62680
22 64117
22 65726
22 66123
22 66400
22 66980
22 68839
22 69871
22 70159
22 70717
22 71190
22 71999
22 72270
22 72271
22 73270
22 73642
22 73855
22 74031
22 75224
22 76279
23 804
23 6572
23 7226
23 7493
23 7691
23 7747
23 9601
23 9946
23 10186
23 11162
23 11285
23 11985
23 13265
23 16568
23 16621
23 19957
23 20564
23 20567
23 21131
23 21247
23 21885
23 22058
23 23833
23 23880
23 23926
23 24093
23 24412
23 24773
23 25180
23 25652
23 25893
23 27402
23 28281
23 28624
23 30062
23 30376
23 30487
23 30673
23 31229
23 34216
23 36326
23 36836
23 37530
23 38185
23 39093
23 42051
23 42358
23 43343
23 43365
23 43501
23 44167
23 44549
23 44816
23 44829
23 45837
23 46003
23 46490
23 46607
23 46644
23 46779
23 47379
23 48319
23 48661
23 55250
23 55434
23 56291
23 56499
23 56710
23 58573
23 58943
23 59333
23 60300
23 61184
23 63326
23 65775
23 66237
23 66820
23 67878
23 68820
23 69766
23 69813
23 70229
24 989
24 1184
24 1580
24 2348
24 3183
24 4287
24 4673
24 5121
24 5612
24 7645
24 7944
24 11194
24 11684
24 15010
24 17794
24 18019
24 18635
24 19239
24 19517
24 21385
24 21890
24 23203
24 24463
24 25995
24 26217
24 26325
24 26486
24 27172
24 28076
24 28314
24 28761
24 28775
24 28827
24 29309
24 29740
24 30421
24 31144
24 31392
24 31515
24 31837
24 32929
24 33341
24 33882
24 34114
24 35799
24 36142
24 37697
24 37744
24 37843
24 38054
24 40153
24 40298
24 40429
24 41106
24 41539
24 43795
24 44347
24 44632
24 44974
24 45454
24 46205
24 46438
24 46683
24 47457
25 4607
26 1756
26 3580
26 5160
26 6909
26 10023
26 10831
26 14590
26 14935
26 19228
26 21072
26 22244
26 22543
26 23257
26 28098
26 29360
26 30065
26 30714
26 31474
26 31570
26 33003
26 34811
26 34858
26 36626
26 37647
26 40157
26 40249
26 41201
26 42674
26 43103
26 44042
26 44530
26 46135
26 46762
26 47647
26 49205
26 49945
26 50389
26 50656
26 52500
26 54482
26 54686
26 56897
26 57745
26 63336
26 63385
26 74688
26 75040
27 9377
27 10515
27 14002
27 17457
27 19280
27 27642
27 34604
27 44760
27 61952
27 68883
27 72007
27 78039
27 106631
27 108186
27 113295
27 124164
27 127558
27 129711
28 5828
28 14567
28 42470
28 51374
28 57043
28 59201
28 69504
28 73865
28 80850
28 83331
28 88536
28 90767
28 100667
28 103532
28 115386
28 116062
28 122418
29 835
29 3048
29 3633
29 4428
29 9045
29 11608
29 11724
29 14290
29 17994
29 18545
29 21817
29 24306
29 24733
29 25251
29 25608
29 26359
29 26503
29 27536
29 27988
29 30194
29 31787
29 32348
29 32655
29 33598
29 34279
29 34752
29 35894
29 35960
29 36049
29 36310
29 36949
29 37187
29 38004
29 38606
29 39343
29 39359
29 39799
29 41041
29 41282
29 41519
29 42541
29 43402
29 43670
29 43971
29 45206
29 47283
29 47624
29 48230
29 48380
29 48460
29 50875
29 52001
29 52977
29 53120
29 53789
29 55183
29 56597
29 57231
29 58646
29 59122
29 59230
29 59410
29 59419
29 61317
29 62785
29 63775
29 64314
29 65163
29 65334
29 66226
29 69067
29 70439
29 71735
29 72676
29 72712
29 73328
29 73472
29 73907
29 73934
29 75250
29 76879
29 77413
29 77735
29 77932
29 77999
29 78522
29 82083
29 82841
29 84882
29 85112
29 86320
29 86388
29 87036
29 87284
29 88497
29 91035
29 92944
29 93877
29 94512
29 95444
29 97042
29 98123
29 98306
29 100596
29 100923
29 101802
29 102223
29 104350
29 105091
29 106811
29 107269
29 107834
29 108610
29 108936
29 109127
29 111931
29 112689
29 112971
29 113355
29 116814
29 118000
29 118192
29 120443
29 120983
29 122104
29 122465
29 123045
29 124704
29 127404
29 127815
29 128086
29 128237
29 128567
29 129364
29 129861
29 131465
29 132184
29 132559
29 133149
29 133571
29 133935
29 134833
29 136529
29 136908
29 137393
29 137932
29 138167
29 140456
29 140998
29 143974
29 144451
29 144634
29 144747
29 146074
29 147215
29 148320
29 153248
29 154006
29 155154
29 155535
29 156134
29 159909
29 161016
29 161266
30 180
30 257
30 1171
30 2400
30 2537
30 4063
30 4540
30 7021
30 11205
30 11498
30 12200
30 13240
30 17027
30 17318
30 18818
30 21528
30 21564
30 21939
30 23431
30 24300
30 24913
30 25056
30 25399
30 25641
30 26005
30 29026
30 30546
30 31923
30 32139
30 32409
30 35401
30 36000
30 38068
30 40312
30 42923
30 44972
30 45141
30 45688
30 45897
30 50095
30 57056
30 58382
30 58908
30 58919
30 59613
30 60388
30 60560
30 60667
30 61230
30 61522
30 62929
30 64145
30 64180
30 66624
30 66709
30 67758
30 68798
30 69096
30 69499
30 76110
30 77375
30 79642
30 80776
30 84660
30 85209
30 85253
30 85366
30 86324
30 86848
30 87995
30 88785
30 89093
30 91192
30 91897
30 94142
30 94444
30 94938
30 95347
30 96284
30 96362
30 96994
30 98624
30 98754
30 100451
30 102399
30 102736
30 104156
30 105761
30 106943
30 107031
30 107309
30 107524
30 107750
30 108974
30 109165
30 109988
30 115655
30 117758
30 120835
30 120880
30 120932
30 122092
30 122391
30 122538
30 123635
30 124227
30 126434
30 126503
30 127687
30 128304
30 129576
30 130848
30 131495
30 131609
30 131858
30 131872
30 132051
30 133504
30 134066
30 134851
30 134898
30 136183
30 136253
30 138775
30 139355
30 142583
30 144071
30 145587
31 505
31 5300
31 7033
31 7188
31 7404
31 7967
31 10074
31 10376
31 11130
31 11486
31 11634
31 12340
31 12634
31 16012
31 16057
31 16382
31 16675
31 18674
31 19592
31 19615
31 20918
31 22942
31 23407
31 24003
31 25140
31 27567
31 29236
31 30179
31 30470
31 31255
31 31337
31 31470
31 33199
31 33331
31 33632
31 34736
31 35005
31 35330
31 35350
31 37368
31 38561
31 39768
31 40525
31 45625
31 46722
31 47430
31 47440
31 48450
31 51125
31 52091
31 52492
31 52626
31 53744
31 54475
31 54897
31 57366
31 57840
31 57866
31 60029
31 62103
31 62736
31 63659
31 65109
31 66443
31 66924
31 67048
31 67150
31 67172
31 67475
31 67907
31 67961
31 69278
31 72125
31 73696
31 74556
31 75106
31 78227
31 79369
31 79741
31 80232
31 80651
31 80960
31 81534
31 85539
31 86093
31 88820
31 89138
31 90362
31 91972
31 92417
31 93962
31 94644
31 95218
31 95636
31 96796
31 97344
31 97921
31 98019
31 100144
31 100758
31 101447
31 101954
31 102906
31 103259
31 103912
31 103938
31 104687
31 105940
31 106165
31 106872
31 107179
31 108148
31 108672
31 108886
31 110023
31 110537
31 110740
31 111402
31 112713
31 113432
31 115729
31 115868
31 115966
31 116055
31 116378
31 117007
31 117791
31 117836
31 120132
31 120412
31 121130
31 121708
31 122691
31 122836
31 123152
31 123551
31 123996
31 125154
31 125405
31 125554
31 126209
31 126629
31 126893
31 127949
31 128888
31 129250
31 129360
31 129404
31 129878
31 131137
31 131205
31 131956
31 132739
31 133215
31 133299
31 133631
31 134143
31 134404
31 135251
31 135931
31 136499
31 137526
31 137704
31 138325
31 138539
31 139032
31 140979
31 142193
31 142428
31 142522
31 143980
31 145999
31 146137
31 146245
31 146417
31 146777
31 148952
31 149131
31 150098
31 150345
31 150396
31 150978
31 152913
31 155500
31 156603
31 157150
31 157392
31 158401
32 468
32 1695
32 2064
32 2836
32 3140
32 4203
32 4350
32 6506
32 7070
32 7424
32 8397
32 9237
32 13504
32 14883
32 14907
32 15950
32 17014
32 22401
32 24253
32 25572
32 25734
32 27311
32 28074
32 28663
32 28678
32 29040
32 30171
32 32007
32 32817
32 33780
32 35349
32 35554
32 35798
32 36881
32 37178
32 37346
32 38597
32 39512
32 40039
32 40363
32 41070
32 42617
32 44814
32 45005
32 49678
32 51940
32 52000
32 52938
32 53233
32 53309
32 54786
32 57183
32 57317
32 57447
32 58586
32 58589
32 61914
32 62328
32 62342
32 64584
32 64933
32 65563
32 66369
32 66391
32 66534
32 66859
32 67833
32 68791
32 70147
32 70592
32 70677
32 75324
32 76244
32 76634
32 79036
32 80644
32 84637
32 84948
32 85247
32 85444
32 85657
32 87624
32 87970
32 88242
32 89058
32 89914
32 90198
32 90687
32 91660
32 92385
32 93193
32 93585
32 94643
32 95217
32 95691
32 96197
32 97863
32 98228
32 98865
32 100429
32 100577
32 102551
32 103225
32 103954
32 104062
32 105349
32 105458
32 108223
32 109292
32 110321
32 111686
32 112294
32 112782
32 112999
32 113559
32 113697
32 114635
32 115750
32 115861
32 116063
32 117790
32 118112
32 118414
32 120571
32 121129
32 122011
32 124230
32 124749
32 126193
32 126396
32 126776
32 127090
32 127605
32 128799
32 130789
32 131312
32 132123
32 132297
32 133747
32 133883
32 134480
32 134491
32 134843
32 135007
32 135392
32 135928
32 136188
32 137747
32 138182
32 138229
32 138309
32 138323
32 138390
32 139110
32 139369
32 139424
32 141016
32 141202
32 142017
32 142222
32 142329
32 142777
32 143181
32 143774
32 144372
32 145881
32 146678
32 147782
32 147858
32 147872
32 148221
32 149943
32 150351
32 150693
32 150791
32 153117
32 153392
32 154895
32 155172
32 155727
33 184
33 522
33 685
33 686
33 902
33 1345
33 3129
33 4715
33 6638
33 7753
33 7942
33 8212
33 8321
33 8919
33 9594
33 10560
33 11622
33 12140
33 14505
33 16248
33 17409
33 17828
33 17855
33 19818
33 19945
33 21732
33 22909
33 23527
33 24685
33 26445
33 27733
33 28094
33 29101
33 29147
33 29528
33 29990
33 30089
33 31043
33 31316
33 34129
33 34369
33 34447
33 35958
33 36529
33 36924
33 39566
33 41933
33 47410
33 48955
33 49140
33 51655
33 53439
33 54168
33 54523
33 59121
33 62615
33 63175
33 64501
33 64584
33 66356
33 67383
33 67768
33 69720
33 71320
33 71790
33 72099
33 72812
33 76130
33 78325
33 78363
33 80154
33 80482
33 82040
33 82818
33 85354
33 89198
33 89764
33 92126
33 95555
33 98486
33 99881
33 101019
33 103384
33 107864
33 109608
33 111425
33 112697
33 115674
33 116393
33 117246
33 119036
33 121449
33 123376
33 125050
33 126005
33 128172
33 128396
33 130899
33 132110
33 138453
33 139124
33 139139
33 139550
33 140117
33 140854
33 141639
33 147784
33 147815
33 150964
33 152863
33 153358
33 153785
33 155399
34 116
34 5442
34 5974
34 7214
34 9791
34 10019
34 11736
34 13485
34 14352
34 14624
34 15394
34 15869
34 17415
34 17486
34 18382
34 19673
34 20299
34 20716
34 21319
34 21984
34 23148
34 25424
34 25666
34 26159
34 26624
34 29456
34 31849
34 32522
34 32972
34 35238
34 36114
34 38465
34 40183
34 41305
34 43133
34 44135
34 44579
34 44673
34 45746
34 47518
34 48489
34 48767
34 48812
34 49235
34 50322
34 51604
34 51811
34 53306
34 53557
34 57380
34 57777
34 57830
34 59013
34 61436
34 61531
34 62050
34 62150
34 65054
34 66857
34 71977
34 75851
34 75952
34 77731
34 78133
34 79255
34 79411
34 80288
34 81253
34 81739
34 83493
34 83877
34 86580
34 88713
34 91452
34 91579
34 92741
34 93172
34 93843
34 94066
34 94089
34 95875
34 97924
34 98326
34 99381
34 99466
34 99850
34 100684
34 100845
34 103700
34 104161
34 104885
34 107463
34 107966
34 108787
34 112680
34 112925
34 114277
34 114800
34 114894
34 115958
34 116449
34 118360
34 121940
34 127976
34 129480
34 129542
34 129564
34 130907
34 134934
34 137545
34 138555
34 139636
34 139702
34 139821
34 140956
34 141722
34 142142
34 145226
34 146084
34 147092
34 150033
34 150068
34 150179
34 151892
34 152182
34 153092
34 153306
34 154197
34 155320
34 155702
34 156411
34 159752
34 161104
34 161480
34 162597
34 164587
34 165472
34 165576
34 166571
34 166783
34 170383
34 171822
34 171924
34 175774
34 176712
34 177337
34 179564
34 180851
34 183741
34 184367
34 184675
34 185776
34 188121
34 191353
34 191515
34 191861
35 771
35 2034
35 3540
35 5876
35 6339
35 6352
35 6794
35 6859
35 10332
35 11175
35 12219
35 12592
35 14127
35 14248
35 17660
35 19198
35 21090
35 26425
35 26947
36 2615
36 4041
36 11726
36 13733
36 15145
36 15461
36 16064
36 17945
36 18930
36 20953
36 24586
36 28316
36 31299
36 31603
36 34230
36 34912
36 44788
36 48369
36 65922
36 68644
36 80531
36 95472
36 101656
36 105209
36 106719
36 107818
36 118478
36 118482
36 120234
36 124272
37 920
37 4411
37 14440
37 18171
37 20429
37 36196
37 41415
37 42584
37 44666
37 45401
37 48538
37 50950
37 51238
37 51870
37 57710
37 59992
37 60891
37 61528
37 75469
37 82353
37 85470
37 85543
37 88808
37 90403
37 90512
37 92671
37 95136
37 95730
37 98906
37 103814
37 107045
37 109143
37 114528
37 115839
37 122793
37 127917
37 127924
37 129217
37 129510
38 847
38 1994
38 2944
38 11825
38 12957
38 18883
38 24496
38 27194
38 30195
38 32961
38 41507
38 42893
38 43785
38 44350
38 45987
38 46711
38 47443
38 48717
38 52646
38 52980
38 54393
38 54411
38 54567
38 55283
38 55459
38 57912
38 69586
38 69622
38 72905
38 74296
38 80199
38 81523
38 81756
38 85421
38 86810
38 90767
38 91424
38 92227
38 94502
38 97353
38 97436
38 98170
38 106697
38 106989
38 110532
38 111999
38 113867
38 115862
38 120212
38 122086
38 125089
38 125233
38 127166
38 129395
38 132230
38 132447
38 132816
38 133791
38 137144
38 137656
39 87
39 4802
39 7518
39 13513
39 16431
39 21390
39 21864
39 22964
39 23686
39 25326
39 26260
39 26328
39 26332
39 27529
39 28625
39 29128
39 34828
39 35225
39 38117
39 39462
40 689
40 3762
40 3846
40 7312
40 8817
40 12036
40 12232
40 13212
40 14699
40 16030
40 16343
40 17981
40 18588
40 20934
40 26997
40 32194
40 34386
40 34411
40 38217
40 38634
40 43239
40 44806
40 45558
40 50815
40 52423
40 63207
40 71515
40 72164
40 74697
40 89448
40 89980
40 91240
40 91292
40 95071
40 97814
40 102121
40 104191
40 105437
40 108936
40 121422
40 128378
40 131747
40 132386
41 3647
41 4776
41 9162
41 12704
41 14367
41 21590
41 24458
41 26378
41 35437
41 37000
41 40424
41 43309
41 43385
41 44336
41 45746
41 47653
41 53194
41 54998
41 56641
41 57304
41 61680
41 62815
41 63312
42 2541
42 2801
42 3760
42 4451
42 5983
42 8492
42 9593
42 10643
42 11265
42 11610
42 12442
42 14617
42 15787
42 17277
42 17921
42 21833
42 24015
42 24092
42 25053
42 38877
42 40008
42 41347
42 42455
42 43886
42 44044
42 46279
42 56693
42 56724
42 57816
42 59088
42 59122
42 60040
42 61409
42 63882
42 65859
42 72954
42 74769
42 78013
42 79119
42 80641
42 83767
42 85204
42 86107
42 86313
43 103
43 421
43 733
43 2792
43 13962
43 14719
43 17408
43 18612
43 21034
43 21737
43 24636
43 28000
43 29215
43 31752
43 35525
43 37199
43 37690
43 38822
43 40305
43 42162
43 45760
43 49083
43 53414
43 56018
43 56145
43 59354
43 61676
43 62171
43 63238
44 1066
44 4199
44 4688
44 10529
44 10559
44 13094
44 15628
44 15713
44 17784
44 21827
44 22291
44 23372
44 28043
44 28185
44 30706
44 35599
44 40789
44 41919
44 42440
44 43298
44 44891
44 46475
44 49534
44 57950
44 59618
44 61699
44 66927
44 67340
44 68568
45 2095
45 7121
45 9110
45 9154
45 12836
45 14979
45 18342
45 18792
45 21207
45 21773
45 22484
45 28801
45 32734
45 34080
45 36399
45 36810
45 37165
45 43326
45 44628
45 46028
45 55692
45 57384
46 8771
46 9711
46 11622
46 17619
46 27895
46 36973
46 37296
46 41187
46 42037
46 45638
46 48394
46 48773
46 59786
46 61758
46 66007
46 69007
46 70986
46 72372
46 73616
46 74856
46 75038
46 75074
46 75252
46 78419
47 245
47 967
47 5710
47 9111
47 11393
47 11779
47 12241
47 20922
47 22619
47 24135
47 24271
47 25383
47 27832
47 34693
47 35091
47 36423
47 44825
47 48669
47 50903
47 56010
47 57553
47 58107
47 58909
47 60814
47 61317
47 65979
47 68569
47 69215
47 71266
47 72160
47 75193
48 708
48 2309
48 3429
48 5499
48 6575
48 7249
48 10558
48 20731
48 22382
48 22958
48 23922
48 31299
48 31791
48 32244
48 32491
48 36218
48 36412
48 37883
48 38744
48 39970
48 40819
48 43268
48 44382
48 44538
48 44974
48 44987
48 45161
48 45284
48 46599
48 47422
48 48497
48 49321
48 49596
48 49993
48 50222
48 51238
48 51419
48 52110
48 52505
48 53617
48 54414
48 56801
48 56907
48 56933
48 57562
48 58169
48 59087
48 59385
48 59715
48 60699
48 61488
48 63057
48 64773
48 64794
48 64891
48 65439
48 66091
48 68211
48 69215
48 70324
48 71181
48 73386
48 73867
48 74783
48 76849
48 76900
48 77393
48 77992
48 85004
48 87914
48 88353
48 90090
49 9
49 3821
49 4224
49 4335
49 4997
49 5287
49 7292
49 7299
49 7720
49 8326
49 8450
49 10981
49 11223
49 11276
49 13865
49 15109
49 15303
49 16433
49 17717
49 17754
49 19100
49 19372
49 19454
49 19465
49 19744
49 21844
49 21982
49 22791
49 22910
49 22966
49 23103
49 23162
49 23450
49 24336
49 24847
49 26871
49 27229
49 27669
49 28604
49 29905
49 30117
49 30429
49 31907
49 33208
49 33415
49 34102
49 34107
49 34693
49 35250
49 35563
49 35819
49 37555
49 38141
49 38834
49 39756
49 40259
49 40510
49 42057
49 43631
49 45301
49 46099
49 46658
49 46827
49 47601
49 47933
49 50064
49 50238
49 50540
49 53285
49 53484
49 55150
49 55284
49 55908
49 55923
49 56537
49 56763
49 59560
49 61517
49 61620
49 62499
49 62637
49 62657
49 64680
49 66410
49 67629
49 68171
49 68482
49 68647
49 71320
49 71708
49 73051
49 73303
49 77022
49 77160
49 77899
49 78109
49 78356
49 78774
49 79109
49 79262
49 79334
49 79483
49 80675
49 81691
49 82275
49 83465
49 84283
49 87286
49 88542
49 89023
49 89263
49 89704
49 89886
49 90829
49 91410
49 91479
50 9
50 1037
50 1296
50 1475
50 2171
50 2209
50 2550
50 3161
50 3234
50 3327
50 3777
50 3949
50 4578
50 4676
50 4910
50 5358
50 5588
50 6942
50 8257
50 10281
50 10810
50 11948
50 12397
50 14683
50 16404
50 16529
50 19425
50 19556
50 19736
50 20972
50 21959
50 22516
50 23185
50 23318
50 23340
50 23489
50 24743
50 25220
50 26464
50 27935
50 31267
50 31296
50 31907
50 35797
50 36590
50 37129
50 37228
50 37299
50 38154
50 38222
50 40245
50 41200
50 42363
50 42903
50 45747
50 47104
50 47278
50 47432
50 48205
50 49113
50 49354
50 49948
50 51189
50 51715
50 51736
50 52857
50 53297
50 54371
50 55572
50 55701
50 56276
50 58206
50 58640
50 59912
50 60256
50 60834
50 61430
50 63733
50 63983
50 65310
50 65934
50 66609
50 66791
50 67030
50 67461
50 67599
50 68725
50 68849
50 69416
50 69570
50 70434
50 70473
50 70873
50 71932
50 73743
50 73908
50 74968
50 74971
50 75744
50 76199
50 76472
50 77738
50 78144
50 78767
50 79270
50 79573
50 79952
50 80584
50 81884
50 82061
50 82685
50 83903
50 83998
50 85561
50 86007
50 86483
50 86669
50 87318
50 88019
50 88045
50 89043
50 89424
50 89462
50 90230
50 91712
50 92649
50 92671
50 94282
50 94989
50 95134
50 95182
50 95628
50 96129
50 96176
50 97170
50 99025
50 99165
50 99283
50 102123
50 102611
50 102808
50 103046
50 103351
50 103362
50 103374
50 103401
50 104154
50 105891
50 106793
50 107331
50 109207
50 109255
50 109437
50 110491
50 110757
50 111212
50 111490
50 112765
50 112779
50 112901
50 113009
50 113649
50 114254
50 115211
50 115620
50 118068
50 118125
50 118288
50 119635
50 119781
50 120170
50 121591
50 122602
50 122862
50 122972
50 123568
50 124480
50 124528
50 124542
50 126093
50 126776
50 126986
50 127028
50 127951
50 128308
50 130392
50 130414
50 130479
50 130641
50 131138
50 131737
50 132149
50 132632
50 133272
50 133881
50 134444
50 134663
50 135202
50 136995
50 137507
50 137543
50 138292
50 138950
50 140519
50 141345
50 141478
50 141817
50 143923
51 173
51 456
51 462
51 1402
51 2115
51 2290
51 3253
51 4900
51 5959
51 7929
51 8695
51 10483
51 11477
51 12718
51 13596
51 14495
51 15048
51 15231
51 15638
51 15783
51 15920
51 16423
51 17558
51 18439
51 18622
51 19554
51 20167
51 20236
51 20624
51 21003
51 21168
51 26061
51 26255
51 27249
51 29358
51 30954
51 31208
51 31556
51 32410
51 32621
51 33657
51 33976
51 34107
51 34323
51 34618
51 34764
51 36261
51 36312
51 37498
51 39061
51 39116
51 39905
51 40814
51 41641
51 41922
51 42178
51 43210
51 45006
51 46706
51 47123
51 47902
51 48135
51 49123
51 49366
51 50108
51 51162
51 51532
51 52734
51 53651
51 54201
51 54336
51 55469
51 55741
51 59437
51 63284
51 63338
51 63966
51 64079
51 64089
51 66026
51 67119
51 67441
51 67914
51 68129
51 69037
51 69532
51 72104
51 73872
51 75684
51 76105
51 82020
51 84377
51 87882
51 88796
51 90518
51 92997
51 94092
51 94464
51 96201
51 96494
51 97084
51 99602
51 103430
51 103559
51 105027
51 107709
51 108996
51 112002
51 117460
51 117595
51 117900
51 118893
52 879
52 1046
52 1767
52 4608
52 6565
52 7637
52 8586
52 11420
52 11840
52 12443
52 13150
52 16103
52 20421
52 21779
52 24051
52 26463
52 26489
52 28711
52 30476
52 33027
52 33703
52 34618
52 37342
52 37798
52 39262
52 40074
52 40487
52 40491
52 46081
52 49663
52 54632
52 55780
52 57676
52 66276
52 66979
52 72419
52 79123
52 86039
52 88618
52 91329
52 93390
52 95501
52 96197
52 108887
52 113636
53 5279
53 18857
53 21864
53 26133
53 27752
53 29368
53 33660
53 38307
53 38374
53 42747
53 43770
53 44267
53 45078
53 45332
53 47009
53 54361
53 56695
53 57724
53 58081
53 61966
53 67815
53 69615
53 70552
53 72538
53 73062
53 76779
53 79864
53 80351
53 82786
53 86465
53 88917
53 90149
53 90695
53 95704
53 97446
53 103234
53 108120
53 111383
54 6825
54 7188
54 12694
54 16358
54 19500
54 35747
54 36353
54 37466
54 41591
54 46203
54 47194
54 52009
54 53012
54 58512
54 68148
54 74600
54 79667
54 81863
54 84425
54 88915
54 89352
54 92007
54 93109
54 93889
54 94089
54 94093
54 94705
54 99912
54 103097
54 104301
54 119137
54 122520
54 125759
54 127894
54 128042
55 1001
55 14860
55 26193
55 27626
55 34500
55 40903
55 47429
55 54646
55 56186
55 57314
55 59178
55 61644
55 63723
55 70858
55 79325
55 85702
55 86055
55 88383
55 92976
55 96141
55 100380
55 101201
55 105969
56 2661
56 10434
56 18039
56 19952
56 26285
56 26530
56 29540
56 32454
56 33604
56 40683
56 44758
56 45194
56 46503
56 59975
56 64009
56 68781
56 83738
57 3769
57 7503
57 9213
57 11492
57 16910
57 17474
57 22221
57 27362
57 28865
57 28984
57 42600
57 54269
57 54347
57 64597
57 68189
57 70341
57 76267
57 77622
57 83683
57 89721
57 92937
58 875
58 38695
58 39468
58 44084
58 52033
58 53043
58 57625
58 57760
58 65282
58 67362
58 68179
58 69650
58 74502
58 76027
58 79976
59 1111
59 2719
59 6224
59 6266
59 16398
59 19030
59 21538
59 45399
59 47882
59 57185
59 59666
59 63745
59 64283
59 68809
59 84680
59 90980
59 91201
59 105055
59 105817
59 109545
59 110081
59 110767
59 114012
59 118620
60 4105
60 9737
60 12206
60 13594
60 13765
60 27710
60 34879
60 35916
60 39047
60 39571
60 39605
60 70191
60 73280
60 74578
60 80065
60 84054
60 84670
60 87486
60 88275
60 90238
60 92221
60 92680
60 104822
60 105341
60 107627
60 112422
60 118970
60 120642
60 123045
60 126121
60 127837
60 130273
60 131786
60 133829
60 134743
61 1241
61 8518
61 15369
61 17637
61 23608
61 23683
61 26476
61 27043
61 34461
61 34560
61 44593
61 46411
61 49947
61 51928
61 54792
61 57142
61 57326
61 58329
61 61215
61 68924
61 74476
61 76253
61 76548
61 79301
61 95754
61 99164
61 102836
61 103013
61 108083
61 115883
61 117639
61 123840
61 126454
61 134346
61 139630
61 141602
61 141950
61 143320
61 145121
61 151711
61 155657
61 163659
61 167761
61 167983
62 24
62 2632
62 3325
62 4417
62 5126
62 6254
62 10923
62 17534
62 19509
62 22369
62 27810
62 32593
62 34662
62 35206
62 35698
62 45617
62 47201
62 48817
62 49247
62 50859
62 63536
63 3406
63 8634
63 9324
63 14321
63 15429
63 16047
63 21614
63 24396
63 26206
63 26783
63 27232
63 27687
63 27807
63 33248
63 34596
63 34899
63 40987
63 59472
63 63903
63 65968
63 76691
63 83500
63 85883
63 91270
63 98202
63 98273
63 107664
63 108025
63 110395
63 115874
63 117074
63 118158
63 119503
63 123789
63 124845
63 127829
63 128934
63 132031
63 132387
63 135174
64 948
64 2324
64 4847
64 5839
64 6265
64 7904
64 8118
64 8202
64 8738
64 10445
64 10568
64 11894
64 13552
64 19836
64 23529
64 26025
64 27324
64 28905
64 30047
64 30387
64 36927
64 39673
64 41617
64 44610
64 46106
64 47242
64 49496
64 55347
64 60637
64 62855
64 67751
64 68546
64 68588
64 68899
64 71345
64 71490
64 72919
64 74853
64 76976
64 81908
64 82842
64 83869
64 87778
64 89789
64 90263
64 93695
64 94180
64 95432
64 95500
64 101729
64 108209
64 108631
64 110748
64 115364
64 115772
64 116342
64 116555
64 120977
64 123228
65 12975
65 17014
65 19116
65 19297
65 23004
65 29548
65 30330
65 33676
65 35716
65 36029
65 36345
65 38726
65 43480
65 43539
65 49002
65 51413
65 53416
65 54260
65 55919
65 56792
65 59505
65 62662
65 63237
65 64043
65 65301
65 70070
65 79552
65 81057
65 81500
65 82143
65 82679
65 87124
65 87801
65 87895
65 96176
65 97164
65 100178
65 102024
65 108624
65 110794
65 111797
65 113098
65 115464
65 116329
65 117842
65 120709
65 121863
65 122726
65 125511
65 126651
95 2542
95 7188
95 9837
95 13320
95 19978
95 29625
95 31838
95 35740
95 36961
95 39234
95 54328
95 57721
95 58613
95 58862
95 59594
95 61342
95 61544
95 67086
95 68992
95 69492
95 75991
95 80876
95 81358
95 82561
96 982
96 1145
96 1806
96 2923
96 3074
96 3558
96 6323
96 6844
96 9485
96 12998
96 15648
96 16469
96 20038
96 20836
96 22074
96 23494
96 25363
96 30028
96 31023
96 31432
96 34850
96 34891
96 38299
96 40506
96 43502
96 46244
96 48497
96 48845
96 53462
96 54154
96 57807
96 58755
96 60471
96 67438
96 68063
96 69599
96 70215
96 72466
96 74567
96 76072
96 77197
96 80425
96 84334
96 87649
96 88711
96 90350
96 91706
96 92928
96 94954
96 95153
96 96488
96 100859
96 102313
96 103591
96 104375
96 108578
97 4159
97 5453
97 13121
97 14141
97 15180
97 19841
97 21142
97 22978
97 25947
97 26032
97 26036
97 26144
97 31524
97 32630
97 35756
97 39485
97 40598
97 42207
97 42586
97 46563
97 53783
97 54448
97 54773
97 60590
97 64508
97 66798
97 68638
97 68720
97 70532
97 70543
97 70754
97 70972
97 74880
97 76713
97 77104
97 77959
97 79327
97 84848
97 86833
97 87854
97 91513
97 91577
97 93116
97 95657
97 96313
97 96990
97 98061
97 100529
97 100626
97 101665
97 110008
97 112155
97 113442
97 114629
97 115184
97 115828
97 116507
97 116540
98 2659
98 2972
98 7473
98 9488
98 12639
98 13159
98 16029
98 16619
98 16861
98 18168
98 18204
98 19461
98 19936
98 20118
98 26325
98 34399
98 35177
98 38019
98 38653
98 41933
98 43364
98 47347
98 48081
98 51225
98 54891
98 55061
98 56026
98 56644
98 58192
98 63613
98 70776
98 74244
99 4799
99 7266
99 10188
99 10779
99 12311
99 14184
99 18191
99 21517
99 22197
99 28387
99 30592
99 38623
99 39011
99 39722
99 42238
99 44273
99 45866
99 51331
99 53086
99 58891
99 60883
99 63180
99 66396
100 8516
100 8706
100 8736
100 18060
100 19800
100 20995
100 27017
100 28323
100 35777
100 37414
100 42573
100 46011
100 48793
100 49184
100 51020
100 53902
100 55248
100 63821
100 64709
100 67194
100 73129
100 82049
100 90198
100 94238
100 95584
100 95725
100 100141
101 5437
101 16099
101 17477
101 17916
101 32923
101 44134
101 47329
101 54738
101 58765
101 60498
101 62578
101 63575
101 67554
101 73556
101 74523
101 78077
101 78422
101 87569
101 90200
101 93357
101 94170
101 95371
101 96733
101 100654
101 103491
101 105194
102 8702
102 16221
102 17149
102 20539
102 21154
102 22869
102 26155
102 26393
102 29962
102 32276
102 34519
102 35946
102 37840
102 48926
102 49913
102 51331
102 53453
102 63523
102 71113
102 82435
102 91346
102 97520
102 98002
102 100966
102 107104
103 2616
103 6277
103 14436
103 15800
103 20938
103 23660
103 24020
103 25888
103 27518
103 31815
103 34245
103 35829
103 37125
103 38359
103 44413
103 53312
103 55438
103 57128
103 57508
103 61581
103 63342
103 63812
103 64842
103 65596
103 70225
103 71391
103 82671
103 87619
103 88707
103 98901
103 101724
103 102415
103 102796
104 12995
104 25691
104 27106
104 29541
104 35319
104 43995
104 58118
104 58606
104 62412
104 69704
104 74786
104 76260
104 76771
104 82359
104 85734
104 89770
104 91978
104 94809
104 95063
104 96532
104 97312
105 262
105 2442
105 2525
105 4530
105 6676
105 9106
105 10501
105 15388
105 18741
105 20349
105 21549
105 22058
105 27119
105 28411
105 31821
105 32248
105 37106
105 37375
105 40431
105 41889
105 42794
105 42918
105 46693
105 49951
105 51468
105 58396
105 63465
105 64621
105 69190
105 73914
105 76896
105 79096
105 87270
105 88607
105 95763
105 97289
105 97426
106 878
106 5267
106 6633
106 13826
106 17472
106 19356
106 19958
106 23189
106 25977
106 27158
106 29000
106 29092
106 29384
106 29664
106 31179
106 31725
106 34396
106 36849
106 38515
106 39013
106 40176
106 40930
106 43038
106 44205
106 45028
106 50170
106 50377
106 50682
106 51016
106 51161
106 51300
106 52077
106 52525
106 56711
106 59028
106 61811
106 62086
106 63223
106 63815
106 64920
106 66053
106 66217
106 67119
106 69373
106 69962
106 71929
106 72254
106 78056
106 78806
106 80812
106 82076
106 88362
106 91776
106 97701
106 99620
106 99628
106 102056
107 697
107 4594
107 4596
107 5304
107 6732
107 11671
107 15642
107 15817
107 21916
107 22514
107 25520
107 26389
107 27321
107 27368
107 29538
107 34411
107 34910
107 35271
107 48354
107 48520
107 52653
107 63910
107 63973
107 65467
107 66735
107 67515
107 70004
107 71771
107 72579
107 73099
107 74766
107 77341
107 80787
107 82616
107 83242
107 86110
107 88916
107 89174
107 90916
107 92644
107 93973
107 94347
107 94801
107 99670
107 102727
108 5713
108 8468
108 8608
108 26734
108 28614
108 30978
108 32588
108 36452
108 36844
108 37266
108 38528
108 44769
108 44880
108 45527
108 45649
108 50029
108 51796
108 51904
108 52107
108 52536
108 54384
108 55404
108 56793
108 57615
108 59033
108 59041
108 60493
108 61861
108 62481
108 63098
108 64973
108 65581
108 65607
108 65724
108 66044
108 66149
108 66334
108 66419
108 67984
108 68459
108 68770
108 69400
108 71854
108 72441
108 72490
108 72614
108 72706
108 73157
108 74030
108 76957
108 77070
108 82678
108 85446
108 86739
108 86798
108 87793
108 88261
108 89076
108 89674
108 90274
108 90322
108 93389
108 94596
108 94890
108 95684
108 97655
108 99318
108 100594
108 101095
108 101551
108 103895
109 293
109 1581
109 3180
109 4548
109 5560
109 7226
109 11787
109 13308
109 17939
109 18055
109 21282
109 23380
109 27436
109 27947
109 28353
109 29183
109 30021
109 32085
109 33270
109 35017
109 36843
109 37781
109 38536
109 40415
109 42909
109 46971
109 47911
109 48119
109 48462
109 52455
109 54229
109 56785
109 58929
109 60610
109 61268
109 66728
109 79991
109 80127
109 87925
109 94203
109 97179
110 9263
110 15819
110 16816
110 17122
110 19227
110 19941
110 21273
110 23144
110 23942
110 24243
110 25214
110 25365
110 26473
110 27176
110 27590
110 28673
110 29059
110 29091
110 30692
110 30783
110 32046
110 32913
110 33208
110 33841
110 33868
110 34070
110 34881
110 35434
110 36184
110 36872
110 37223
110 37230
110 37708
110 39209
110 43165
110 44193
110 44464
110 44733
110 45155
110 46628
110 47602
110 48084
110 48794
110 49195
110 49694
110 50202
110 50778
110 51077
110 51112
110 51713
110 52921
110 53025
110 54788
110 56942
110 57226
110 57242
110 59165
110 60525
110 60996
110 61148
110 61807
110 62072
110 62851
110 63052
110 71096
110 71398
110 71571
110 77983
110 79194
110 79883
110 80183
110 81866
110 82009
110 86033
110 87061
110 88194
110 89586
110 92455
110 92711
110 93582
110 103895
111 8512
111 11217
111 13040
111 13160
111 13514
111 13608
111 14384
111 14404
111 14929
111 15184
111 15909
111 21746
111 22159
111 22941
111 22945
111 23065
111 23244
111 26044
111 26086
111 27909
111 30730
111 31202
111 31450
111 32198
111 32221
111 32753
111 33062
111 33787
111 34693
111 35121
111 36449
111 36684
111 36847
111 37457
111 37588
111 38241
111 38995
111 40828
111 43641
111 44155
111 45479
111 46017
111 46787
111 47132
111 47208
111 48701
111 49780
111 50006
111 50852
111 51115
111 51781
111 52063
111 53476
111 55061
111 55589
111 56205
111 57566
111 58696
111 58740
111 59575
111 60984
111 61344
111 61470
111 62184
111 63486
111 63599
111 65633
111 65702
111 66733
111 67467
111 67663
111 69114
111 72174
111 74181
111 75264
111 75298
111 75380
111 75386
111 75495
111 76444
111 78944
111 79364
111 80008
111 81935
111 81982
111 82960
111 85821
111 86064
111 87108
111 87362
111 87654
111 87671
111 88161
111 88201
111 88488
111 88617
111 88959
111 89792
111 89927
111 92426
111 92545
111 92677
111 93761
111 93982
111 95341
111 96019
111 97096
111 97109
111 97249
111 97296
111 99877
111 100085
111 100613
111 100689
111 105453
112 181
112 2120
112 2594
112 3402
112 6136
112 7348
112 7395
112 7809
112 8926
112 8983
112 9080
112 11412
112 12085
112 12661
112 12689
112 14075
112 14679
112 16775
112 17316
112 17435
112 18034
112 19244
112 20472
112 21042
112 21089
112 21939
112 23925
112 24426
112 28312
112 32367
112 32466
112 33186
112 33245
112 33983
112 34190
112 35073
112 35623
112 36297
112 39091
112 40144
112 41589
112 44163
112 44244
112 44573
112 45374
112 46213
112 47564
112 47724
112 48913
112 49598
112 50695
112 54331
112 55267
112 55354
112 56312
112 58852
112 60069
112 60136
112 63107
112 66484
112 66555
112 68479
112 70322
112 71912
112 72367
112 73132
112 75148
112 75247
112 77415
112 77470
112 77740
112 78885
112 78964
112 79152
112 79373
112 80747
112 81830
112 82262
112 83122
112 83790
112 84071
112 85803
112 90087
112 90561
112 90614
112 91389
112 92107
112 92140
112 94027
112 94207
112 94786
112 96339
112 96394
112 97616
112 98103
112 100421
112 100852
112 101847
112 102272
113 347
113 7068
113 7858
113 12404
113 12923
113 13024
113 14058
113 14158
113 16232
113 16269
113 16713
113 18406
113 19286
113 20462
113 21764
113 22107
113 22734
113 24449
113 25615
113 26157
113 26964
113 27387
113 29921
113 29955
113 31064
113 31317
113 32822
113 32954
113 33139
113 33642
113 34538
113 35097
113 35253
113 39283
113 39688
113 40861
113 42127
113 43169
113 44818
113 45623
113 46866
113 48009
113 48363
113 54119
113 56606
113 57112
113 58423
113 58917
113 59437
113 60266
113 61098
113 62121
113 62321
113 63719
113 63738
113 63906
113 64995
113 66730
113 67609
113 67739
113 68498
113 68946
113 71181
113 71489
113 71695
113 76184
113 76967
113 77891
113 77985
113 78050
113 79468
113 79827
113 80836
113 81446
113 84421
113 85081
113 85652
113 86149
113 86484
113 86723
113 87099
113 87184
113 88275
113 88351
113 89053
113 90413
113 92802
113 93266
113 94648
113 94840
113 95742
113 96737
113 97119
113 97425
113 100174
113 100624
113 100637
114 3214
114 4629
114 4845
114 8195
114 11084
114 11507
114 11535
114 14400
114 15354
114 15812
114 19867
114 20352
114 22736
114 25024
114 26317
114 28625
114 29749
114 31350
114 33257
114 33800
114 35769
114 37425
114 37606
114 40417
114 41030
114 42633
114 44123
114 45046
114 50832
114 51228
114 51778
114 52979
114 53123
114 53509
114 55291
114 55998
114 58175
114 59943
114 60150
114 61110
114 65541
114 68066
114 73453
114 74310
114 78916
114 80390
114 82825
114 83431
114 85931
114 86579
114 86969
114 87034
114 87732
114 87789
114 88237
114 90685
114 91639
114 92180
114 93875
114 96146
114 96902
114 97014
114 97949
114 98565
114 99053
115 1050
115 5878
115 9919
115 13249
115 13414
115 14656
115 14891
115 18661
115 20834
115 23945
115 24931
115 25527
115 29747
115 31598
115 32715
115 33863
115 34120
115 45397
115 45698
115 48077
115 50188
115 52853
115 53569
115 54769
115 55135
115 55868
115 56095
115 57462
115 59217
115 62076
115 63018
115 63695
115 64066
115 65168
115 65382
115 66812
115 67183
115 67527
115 69322
115 71273
115 72228
115 73823
115 75471
115 75668
115 79559
115 85853
115 86454
115 86513
115 86769
115 88746
115 88908
115 88980
115 89054
115 89433
115 89480
115 96871
115 97266
115 98337
115 98507
115 99477
115 99911
115 101099
115 102295
115 102347
115 102407
115 105043
115 106742
115 107710
115 108827
115 109816
115 110391
115 110608
115 111757
115 112265
115 112314
115 115263
116 1371
116 2383
116 4188
116 4189
116 6093
116 7596
116 9028
116 11794
116 12525
116 14248
116 15260
116 15409
116 17239
116 18388
116 22004
116 22830
116 27167
116 27394
116 27724
116 28774
116 29588
116 31035
116 32519
116 41611
116 41866
116 42304
116 45553
116 46423
116 48427
116 48560
116 51109
116 51520
116 52543
116 54171
116 55882
116 56451
116 56871
116 58040
116 61252
116 63612
116 63806
116 64238
116 67014
116 67883
116 67891
116 71846
116 72977
116 73218
116 76525
116 77226
116 81759
116 84213
116 85129
117 8352
117 9313
117 10513
117 11343
117 15247
117 15838
117 16461
117 18868
117 19474
117 20403
117 23076
117 23222
117 25449
117 25504
117 27326
117 27602
117 28373
117 29778
117 31865
117 32062
117 33248
117 33360
117 33381
117 33479
117 33650
117 34574
117 37466
117 41026
117 42765
117 42895
117 47067
117 50889
117 52971
117 57517
117 61021
117 73238
117 75909
117 76241
117 82238
117 82805
118 2797
118 3796
118 4563
118 7520
118 12452
118 16008
118 22475
118 27955
118 29646
118 32702
118 33538
118 38330
118 38674
118 44401
119 7589
119 12336
119 12437
119 14858
119 20737
119 35408
119 40589
119 40744
119 41138
119 41390
119 41752
119 44979
119 45351
119 46743
119 47480
119 47880
119 49921
119 51431
119 53069
119 66411
119 68292
119 70913
119 82944
119 85491
120 2671
120 7560
120 12756
120 13381
120 26742
120 29258
120 31070
120 31263
120 31874
120 33591
120 60034
120 64398
120 67614
120 68593
120 75557
121 3741
122 1807
122 2059
122 2636
122 5236
122 7210
122 11501
122 13757
122 17898
122 20540
122 32663
122 32974
122 41667
122 41896
122 44298
122 45527
122 47906
122 58363
122 61552
122 65891
122 66032
122 67668
122 73595
122 73919
122 75197
122 76033
122 81464
122 83325
122 84202
122 92339
122 94839
122 96958
122 97613
122 100492
122 104373
122 111664
122 112389
122 116440
122 126187
122 137888
