36 179
36 792
36 877
36 2204
36 2639
36 3053
36 3972
36 4172
36 5095
36 6309
36 7523
36 8771
36 8778
36 9262
36 9806
36 11375
36 12554
36 12673
36 13804
36 14184
36 14200
36 14338
36 14388
36 14563
36 14679
36 15054
36 15199
36 15983
36 16251
36 16825
36 18188
36 18468
36 18695
36 19686
36 20453
36 20505
36 20533
36 21157
36 21417
36 21703
36 21919
36 22851
36 23526
36 24481
36 25279
36 27793
36 27799
36 28680
36 29069
36 29984
36 30013
36 30922
36 31230
36 31628
36 32250
36 33164
36 34154
36 34633
36 34756
36 36403
36 36455
36 36743
36 37196
36 37295
36 37299
36 37322
36 37542
36 37776
36 37827
36 38107
36 38365
36 40181
36 40831
36 40847
36 41487
36 41629
36 42310
36 42997
36 43240
36 43516
36 43653
36 44012
36 44185
36 44233
36 44264
36 44924
36 45075
36 45329
36 45592
36 46164
36 46558
36 48025
36 48568
36 50280
36 50416
36 52825
36 52850
36 52916
36 53889
36 54091
36 56538
36 56762
36 57173
36 57675
36 58449
36 61142
36 62740
36 64031
36 64064
36 70295
36 70976
36 72430
36 72504
36 72699
36 72763
36 73055
36 74268
36 76688
36 77704
36 77963
36 78382
36 79834
36 79841
36 80693
36 80808
36 81294
36 81640
36 83184
36 85514
36 85668
36 86132
36 86345
36 86558
36 86637
36 86642
36 86901
36 87106
36 88075
36 88349
36 91332
36 91609
36 91731
36 91779
36 92351
36 92595
36 92905
36 93811
36 93913
36 94035
36 94411
36 94456
36 97131
36 97580
36 97897
36 98523
36 99040
36 99358
36 100444
36 101251
36 102288
36 102291
36 102666
36 103311
36 103313
36 103464
36 104490
36 105771
36 106128
36 107991
36 108202
36 108946
36 109088
36 110646
36 112435
36 113174
36 113229
36 116643
36 117025
36 117958
36 118203
36 118541
36 118597
36 119623
36 119825
36 120553
36 122881
36 124190
36 124555
37 572
37 4843
37 8556
37 9183
37 9797
37 11272
37 11666
37 11737
37 11897
37 12464
37 13992
37 14529
37 15405
37 16075
37 16377
37 16686
37 17275
37 18116
37 18379
37 18818
37 19067
37 19124
37 19126
37 19352
37 23161
37 23724
37 25765
37 27198
37 27436
37 27765
37 27826
37 28078
37 28904
37 29414
37 30890
37 32116
37 33824
37 33829
37 33858
37 33970
37 34531
37 35497
37 35660
37 35913
37 35989
37 36788
37 38205
37 38349
37 41109
37 41175
37 42091
37 42629
37 43265
37 43392
37 43923
37 44067
37 44253
37 44311
37 46169
37 46436
37 48701
37 49522
37 49695
37 50356
37 50529
37 56340
37 59670
37 61958
37 65204
37 65511
37 65626
37 65759
37 66144
37 67756
37 69416
37 70091
37 70451
37 70869
37 72475
37 75881
37 76091
37 77101
37 77394
37 77809
37 78155
37 78736
37 79992
37 80759
37 80819
37 82078
37 82731
37 86170
37 86409
37 88573
37 88696
37 89260
37 91123
37 91158
37 91657
37 92845
37 94351
37 96455
37 97176
37 99166
37 99186
37 99915
37 100096
37 101007
37 101517
37 101578
37 101878
37 103050
37 103492
37 103563
37 103938
37 103994
37 104768
37 105335
37 105876
37 106156
37 106791
37 108659
37 110435
37 110694
37 111839
37 112120
37 113032
37 113954
37 114243
37 114592
37 114944
37 115006
37 116524
37 118227
37 118547
37 118984
37 119807
37 121202
37 121473
37 122357
37 124269
37 126146
37 126386
37 127331
37 129256
37 131147
37 132295
37 132408
37 132618
37 133732
37 133907
37 134268
37 136430
37 137996
37 138040
38 1504
38 1537
38 1948
38 2303
38 2709
38 2822
38 2939
38 3373
38 3520
38 3811
38 4308
38 5299
38 5743
38 5937
38 6449
38 6671
38 7782
38 7809
38 9278
38 9762
38 9849
38 10090
38 12105
38 12902
38 13413
38 14209
38 15191
38 16175
38 16463
38 17372
38 18328
38 18715
38 18986
38 20913
38 21241
38 23897
38 26259
38 27156
38 28411
38 28554
38 29203
38 29808
38 30165
38 31435
38 32094
38 32216
38 32444
38 33427
38 33602
38 33698
38 34296
38 34994
38 36975
38 37063
38 37279
38 37359
38 38287
38 39105
38 39382
38 40616
38 41768
38 46420
38 48132
38 49328
38 50071
38 50569
38 52667
38 52785
38 53253
38 53579
38 54184
38 55769
38 57276
38 58046
38 58359
38 59574
38 59685
38 59788
38 60116
38 60398
38 62114
38 62990
38 63589
38 63840
38 64051
38 64474
38 64747
38 65351
38 65769
38 66125
38 67073
38 67796
38 69874
38 69898
38 70029
38 70413
38 70809
38 71024
38 71268
38 71851
38 72208
38 72659
38 72806
38 73475
38 74548
38 75016
38 75262
38 75550
38 77385
38 77866
38 78416
38 78619
38 78774
38 79142
38 79591
38 80163
38 80212
38 80650
38 80932
38 81742
38 82022
38 83796
38 83849
38 83930
38 85615
38 85762
38 86236
38 86316
38 86979
38 87218
38 87864
38 89903
38 92026
38 92045
38 92244
38 92367
38 94172
38 94661
38 95163
38 96206
38 96491
38 96939
38 98259
38 99835
38 103043
38 103593
38 105393
38 105491
38 106999
38 107390
38 107596
38 107655
38 107806
38 109441
38 114113
38 116383
38 116489
38 117326
38 117478
38 117618
38 118901
38 119836
38 120311
38 121281
38 121458
38 121640
38 122277
38 124759
38 125316
38 125807
38 126487
38 128222
38 128377
38 130409
38 130414
38 131434
38 132074
38 132677
38 132686
38 132774
38 132984
38 133758
38 133792
38 133821
38 134688
38 134735
38 134905
38 135224
38 135241
38 136180
38 136262
38 136576
38 136995
38 137003
39 896
39 1573
39 2488
39 4751
39 5435
39 5690
39 5833
39 6111
39 6136
39 6153
39 6563
39 7091
39 7741
39 7995
39 8205
39 10583
39 10660
39 10671
39 10764
39 10819
39 11070
39 13323
39 13881
39 14594
39 15102
39 15148
39 16525
39 17756
39 18278
39 18622
39 18775
39 18808
39 18932
39 19891
39 20872
39 21087
39 21322
39 22196
39 22368
39 22630
39 22952
39 25438
39 25635
39 26628
39 26681
39 26732
39 27141
39 27458
39 27935
39 28664
39 30091
39 30605
39 31494
39 32798
39 32839
39 33581
39 36522
39 36987
39 37015
39 39170
39 40574
40 332
40 592
40 1286
40 2030
40 2840
40 3723
40 4267
40 4384
40 5145
40 7197
40 7261
40 7855
40 7956
40 8324
40 10260
40 10434
40 10809
40 11491
40 11803
40 12195
40 13082
40 13715
40 13734
40 14805
40 14958
40 15690
40 15909
40 18395
40 20012
40 20749
40 21257
40 22747
40 23004
40 23013
40 23317
40 23600
40 24088
40 24181
40 25089
40 26564
40 26699
40 27039
40 28515
40 28963
40 28969
40 29268
40 30074
40 30084
40 30496
40 30645
40 30646
40 30795
40 30907
40 30924
40 31152
40 31913
40 31990
40 32234
40 32361
40 33338
40 33450
40 35203
40 35586
40 35593
40 35762
40 36562
40 36943
40 37414
40 37422
40 37645
40 37746
40 38827
40 39374
40 41642
40 42715
40 42809
40 45578
40 46194
40 47381
40 47930
40 48573
40 49204
40 49228
40 49496
40 49871
40 50474
40 51126
40 51718
40 51931
40 52970
40 53083
40 53513
40 54025
40 54064
40 55797
40 55976
40 56028
40 56084
40 56136
40 56226
40 56555
40 56584
40 57263
40 57406
40 57408
40 57477
40 57555
40 58128
40 58318
40 58418
40 59601
40 59969
40 60010
40 60304
40 61702
40 61735
40 63698
40 63843
40 64343
40 65768
40 66113
40 66223
40 66706
40 67422
40 67475
40 68511
40 69130
40 69322
40 70098
40 70929
40 71545
40 71762
40 72516
40 73739
40 73829
40 73833
40 73853
40 74453
40 76180
40 76279
40 76280
40 76578
40 76980
40 77326
40 77544
40 78660
40 78673
40 81460
40 81514
40 82704
40 84165
40 84519
40 84679
40 84738
40 85533
40 86960
40 86993
40 87349
40 88963
40 89154
40 89409
40 89627
40 89891
40 90080
40 90345
40 91026
40 91860
40 92171
40 92385
40 92772
40 93167
40 93885
40 93919
40 93931
40 95295
40 95644
40 97407
40 97428
40 97521
40 99185
40 100010
40 100248
40 100844
40 101409
40 101732
40 101933
40 102309
40 103161
40 103994
40 104045
40 104821
40 106007
40 106087
40 106517
40 106571
40 106616
40 106763
40 107981
40 108256
40 108394
40 109143
40 110110
40 110197
40 111420
40 111713
40 112251
40 113120
40 113523
40 114131
40 114428
40 114434
40 114755
40 115464
40 115582
40 116241
40 116433
40 117163
40 118756
40 119784
40 119894
40 119966
40 120270
40 120321
40 120600
40 120801
40 120891
40 121817
40 122449
40 122565
40 122675
40 123360
40 124019
40 124306
40 124308
40 125755
40 125804
40 125879
40 126607
40 127043
40 128975
40 129141
40 129172
40 131053
40 131849
40 132177
40 132245
40 133558
40 133662
41 697
41 1559
41 2604
41 3080
41 3698
41 4034
41 4385
41 4659
41 5799
41 7763
41 8723
41 8785
41 8960
41 9208
41 9423
41 9825
41 9902
41 10392
41 10559
41 11186
41 11590
41 11866
41 11957
41 12167
41 12403
41 12674
41 12785
41 13731
41 13829
41 14115
41 14285
41 15302
41 15364
41 15673
41 15911
41 16459
41 17247
41 17498
41 18303
41 18469
41 19537
41 19640
41 20249
41 21343
41 22053
41 22401
41 22597
41 22931
41 23226
41 23645
41 23726
41 24309
41 24591
41 24649
41 24761
41 26314
41 27327
41 27647
41 28076
41 28362
41 28529
41 28690
41 29041
41 29125
41 29163
41 30304
41 30982
41 31286
41 32166
41 32245
41 32467
41 32502
41 33023
41 33620
41 34011
41 34166
41 34987
41 35553
41 35641
41 36249
41 36643
41 38062
41 38386
41 38675
41 39372
41 39762
41 41036
41 41076
41 41433
41 42894
41 43067
41 43428
41 44391
41 45138
41 45431
41 45993
41 46298
41 46868
41 47175
41 47371
41 48696
41 49042
41 49420
41 49742
41 50881
41 51134
41 51142
41 51155
41 51351
41 51427
41 51444
41 51762
41 51957
41 52744
41 53179
41 53494
41 53497
41 53724
41 54427
41 55949
41 56401
41 56810
41 57129
41 58226
41 59395
41 59452
41 59790
41 60074
41 60199
41 60761
41 60929
41 61035
41 61308
41 61843
41 62140
41 62404
41 62953
41 63256
41 63586
42 835
42 871
42 880
42 1131
42 2322
42 3186
42 3806
42 4556
42 4874
42 5008
42 6702
42 9801
42 10553
42 10562
42 10745
42 11575
42 12219
42 12297
42 12404
42 13153
42 13543
42 13802
42 14320
42 14450
42 14720
42 14724
42 14780
42 14833
42 15080
42 16412
42 16474
42 17441
42 17657
42 18929
42 19698
42 19784
42 19794
42 20519
42 20904
42 21113
42 21353
42 21797
42 21964
42 21991
42 22294
42 22740
42 23093
42 23786
42 24158
42 24948
42 24970
42 25136
42 25243
42 25346
42 25684
42 25938
42 26166
42 26327
42 27113
42 27664
42 27791
42 28460
42 28644
42 28844
42 28962
42 29592
42 29973
42 30818
42 31388
42 31818
42 31967
42 32440
42 32543
42 32608
42 32986
42 33744
42 34403
42 34689
42 34799
42 35029
42 36221
42 36616
42 37422
42 37454
42 37852
42 38014
42 38530
42 39011
42 39326
42 39430
42 39575
42 39834
42 39962
42 40317
42 40951
42 41622
42 42241
42 42801
42 43157
42 43328
42 43422
42 44142
42 44167
42 44352
42 44396
42 45016
42 45294
42 45688
42 45748
42 46033
42 46287
42 46552
42 47547
42 47679
42 47809
42 48545
42 48745
42 48880
42 52174
42 52198
42 52372
42 52379
42 52769
42 53040
42 53321
42 53463
42 53814
42 54048
42 54676
42 57225
42 57239
42 58073
42 58244
42 58370
42 58538
42 58658
42 59485
42 60503
42 62316
42 62737
42 63341
42 63394
42 64063
42 64424
42 64461
42 65478
42 65532
42 66660
42 67683
42 67976
42 68763
42 69910
42 70331
42 70789
42 71609
42 71865
42 72230
42 72348
42 72770
42 72776
42 72944
42 73307
42 73397
42 74142
42 74177
42 74287
42 74914
42 75439
42 75496
42 75799
42 76102
42 76117
42 77273
42 78027
42 78096
42 78112
42 78943
42 79022
42 79709
42 79734
42 79877
42 80452
42 80457
42 80572
42 80673
42 81116
42 81483
42 81585
42 81608
42 81868
42 82551
42 82896
42 83448
42 83890
42 84933
42 85202
42 85270
42 85505
42 85825
42 86318
42 86452
42 86612
42 86813
42 86841
42 87528
42 87606
42 87712
42 88184
42 88438
42 88443
43 860
43 892
43 1510
43 1628
43 1668
43 1942
43 1982
43 2173
43 2376
43 2673
43 2709
43 2806
43 2934
43 3054
43 4393
43 5250
43 5583
43 5712
43 5871
43 6425
43 7009
43 8085
43 8308
43 8316
43 8378
43 9737
43 9753
43 9868
43 9939
43 11083
43 11621
43 12240
43 12618
43 12663
43 12988
43 13465
43 14186
43 15120
43 15406
43 15412
43 15485
43 16576
43 17121
43 19116
43 19930
43 20206
43 20361
43 20496
43 20568
43 20642
43 20700
43 20732
43 20866
43 21234
43 21238
43 22642
43 22982
43 23641
43 23764
43 23918
43 25364
43 26201
43 26349
43 26867
43 27835
43 27860
43 28552
43 29107
43 29263
43 29899
43 29961
43 29980
43 30098
43 30671
43 31938
43 32447
43 33762
43 33919
43 34576
43 35217
43 35976
43 36121
43 36150
43 36438
43 36862
43 36872
43 36902
43 37865
43 37950
43 38050
43 39059
43 39253
43 39625
43 40075
43 40111
43 40342
43 40448
43 42391
43 42521
43 42845
43 43072
43 43154
43 44181
43 44442
43 44523
43 46154
43 47108
43 47729
43 48266
43 48653
43 48794
43 49779
43 50075
43 50267
43 50747
43 51261
43 51634
43 51708
43 52092
43 52420
43 52439
43 52860
43 53114
43 54421
43 55928
43 57990
43 58417
43 59125
43 59129
43 59411
43 59414
43 60812
43 61366
43 61539
43 62457
43 63097
43 63239
43 63992
43 64902
43 65256
43 66136
44 801
44 1338
44 1788
44 2009
44 2886
44 3418
44 4004
44 4278
44 4423
44 4443
44 4739
44 4791
44 5133
44 5293
44 5548
44 6408
44 7110
44 7427
44 7603
44 8323
44 8425
44 8653
44 8762
44 8810
44 9201
44 10271
44 10517
44 10889
44 12245
44 13182
44 14139
44 14142
44 14329
44 14617
44 15885
44 16963
44 17334
44 17427
44 18796
44 19799
44 20074
44 20391
44 20842
44 21075
44 21287
44 21841
44 21927
44 22205
44 22498
44 22552
44 22652
44 22785
44 23019
44 23602
44 23634
44 24894
44 26109
44 26497
44 26869
44 27638
44 28072
44 28617
44 28726
44 29026
44 29406
44 30214
44 30274
44 30382
44 31273
44 31431
44 31832
44 32143
44 33549
44 33935
44 34512
44 35170
44 35957
44 35971
44 36388
44 37023
44 37269
44 37805
44 37878
44 37888
44 40559
44 40985
44 42125
44 43428
44 43521
44 44777
44 44803
44 45102
44 45327
44 45354
44 45928
44 45939
44 46121
44 46746
44 47971
44 48077
44 48081
44 48216
44 48427
44 48494
44 48730
44 49460
44 49601
44 49771
44 49863
44 50279
44 51014
44 51536
44 51756
44 51828
44 52760
44 53001
44 53094
44 53590
44 53950
44 54138
44 54793
44 55011
44 55176
44 55371
44 55455
44 55914
44 56088
44 56149
44 56157
44 56380
44 57002
44 57391
44 57918
44 58376
44 58884
44 59776
44 59810
44 60868
44 61554
44 62111
44 62142
44 62899
44 62971
44 66154
44 66369
44 66396
44 66724
44 66993
44 66995
44 67425
44 67796
44 67980
44 68361
44 68443
45 855
45 1009
45 1216
45 1781
45 1878
45 1983
45 2756
45 3681
45 3738
45 4098
45 5877
45 6198
45 6858
45 7643
45 7672
45 7792
45 7898
45 8027
45 8041
45 9331
45 9357
45 9776
45 10107
45 11654
45 11658
45 12720
45 13226
45 14473
45 14733
45 14922
45 15583
45 16853
45 17072
45 17361
45 17369
45 17607
45 17748
45 17766
45 19031
45 19587
45 19976
45 21138
45 22001
45 23008
45 23794
45 23816
45 23872
45 24297
45 24606
45 26434
45 27090
45 27156
45 28209
45 28465
45 28686
45 28932
45 29076
45 29223
45 29579
45 29732
45 30763
45 31001
45 31105
45 31222
45 32236
45 32682
45 33172
45 33405
45 33634
45 34942
45 36192
45 38146
45 38246
45 38349
45 39655
45 40003
45 40093
45 41360
45 42484
45 42779
45 43263
45 43501
45 44763
45 46015
45 46038
45 47263
45 47472
45 48936
45 49433
45 49806
45 49855
45 50368
45 50502
45 51140
45 52210
45 53431
45 53703
45 54018
45 54595
45 55257
45 55329
45 55500
45 57041
45 57146
45 57255
45 58948
45 59104
45 59762
45 61185
45 61363
45 62181
45 63725
45 64065
45 65641
45 65789
45 65953
45 66210
45 66318
45 66620
46 513
46 1240
46 1559
46 1760
46 2013
46 2628
46 2759
46 4282
46 5512
46 5986
46 6008
46 6890
46 7623
46 8238
46 8609
46 8831
46 9124
46 10001
46 10166
46 10238
46 11242
46 11298
46 11788
46 11895
46 12200
46 12222
46 12661
46 13711
46 14713
46 15248
46 15545
46 15611
46 15714
46 16102
46 16104
46 17185
46 17283
46 17373
46 17671
46 18550
46 18916
46 19353
46 19433
46 20868
46 20955
46 20982
46 21201
46 21754
46 22251
46 23239
46 24260
46 24430
46 24914
46 26701
46 27433
46 27475
46 27560
46 28158
46 28191
46 28192
46 29160
46 29251
46 29865
46 30034
46 31535
46 32132
46 32452
46 32792
46 33562
46 34113
46 35051
46 35246
46 36216
46 36299
46 36631
46 36739
46 37011
46 38489
46 39002
46 39936
46 40454
46 40828
46 41646
46 42014
46 42462
46 42573
46 42898
46 44063
46 44176
46 44192
46 44463
46 44809
46 44968
46 45526
46 47413
46 47522
46 48204
46 49023
46 49043
46 49971
46 50001
46 50131
46 50557
46 50617
46 50969
46 51041
46 51063
46 51178
46 51396
46 51906
46 52123
46 52180
46 52648
46 52651
46 53412
46 53765
46 53961
46 54151
46 55192
46 56680
46 57045
46 57241
46 57831
46 58280
46 58811
46 59035
46 59108
46 59355
46 60283
46 61120
46 61513
46 61602
46 62286
46 62330
46 62721
46 63939
46 66015
46 66146
46 67523
46 67889
46 68096
46 69009
46 69257
46 69332
46 70545
46 71033
46 71802
46 72565
46 72676
46 72912
46 75126
46 77046
46 78014
46 78830
47 827
47 1712
47 1754
47 1824
47 2728
47 2805
47 3087
47 3878
47 6506
47 6561
47 7198
47 7480
47 9415
47 10781
47 11306
47 11890
47 12555
47 12601
47 12705
47 13278
47 13669
47 14418
47 15669
47 16731
47 18433
47 19321
47 19498
47 19591
47 19762
47 20276
47 20584
47 21520
47 21831
47 21940
47 22096
47 22157
47 22320
47 22478
47 22701
47 23409
47 23421
47 24097
47 26650
47 26702
47 26903
47 27700
47 28182
47 28803
47 30573
47 30693
47 31047
47 32380
47 34447
47 35585
47 35767
47 36380
47 36550
47 36609
47 36854
47 37445
47 37525
47 37592
47 38032
47 38177
47 39440
47 39857
47 40369
47 40456
47 40622
47 40854
47 40887
47 40913
47 41509
47 42081
47 42261
47 42504
47 43769
47 44374
47 44592
47 45465
47 45660
47 45801
47 45834
47 46401
47 46413
47 46606
47 50048
47 50187
47 50594
47 50724
47 50751
47 51756
47 51850
47 51937
47 52283
47 53270
47 53936
47 54647
47 54688
47 55084
47 57577
47 58127
47 59207
47 59376
47 60165
47 60421
47 60558
47 60786
47 61768
47 62277
47 62400
47 62705
47 62831
47 63711
47 64617
47 65082
47 65172
47 66221
47 67346
47 68909
47 69861
47 72469
47 72886
47 73763
47 73791
47 74114
47 75180
48 753
48 1271
48 2206
48 2437
48 2628
48 2727
48 2747
48 2875
48 2994
48 3074
48 3597
48 4378
48 4872
48 5857
48 5976
48 6146
48 7032
48 7209
48 7395
48 7872
48 8304
48 8813
48 8909
48 9434
48 9825
48 9914
48 10576
48 11182
48 11234
48 12008
48 12745
48 13456
48 15183
48 15279
48 15333
48 16002
48 16021
48 16409
48 16416
48 16881
48 18015
48 18268
48 18578
48 18862
48 19700
48 21563
48 22686
48 23783
48 24011
48 24509
48 25628
48 25662
48 26171
48 26237
48 26562
48 26601
48 27726
48 28312
48 29199
48 29338
48 29367
48 29375
48 29655
48 29919
48 32568
48 32810
48 33018
48 33164
48 35073
48 35752
48 36402
48 36754
48 36997
48 37680
48 37709
48 38078
48 38288
48 39223
48 39258
48 40537
48 40557
48 40664
48 40735
48 40866
48 41404
48 41975
48 42362
48 43573
48 44914
48 45641
48 46656
48 47292
48 48069
48 49643
48 51023
48 51922
48 52265
48 52513
48 52676
48 53131
48 53290
48 53399
48 53592
48 54470
48 54987
48 56043
48 58123
48 59151
48 61004
48 61104
48 61293
48 61482
48 61631
48 63826
48 65249
48 66043
48 66837
48 67819
48 67882
48 68006
48 70863
48 71185
48 71373
48 72990
48 73036
48 73894
48 74062
48 75263
48 76686
48 77004
48 77961
48 78028
48 78134
48 78317
48 79344
48 80116
48 80156
48 81539
48 83262
48 84060
48 84237
48 84276
48 85315
48 86145
48 87923
48 88218
48 90278
48 90714
48 90854
49 411
49 1147
49 1824
49 2037
49 2457
49 2777
49 3409
49 3424
49 3527
49 3752
49 6400
49 6675
49 8707
49 8856
49 9308
49 10074
49 13355
49 14029
49 14718
49 15797
49 16884
49 17047
49 17390
49 18442
49 18973
49 19181
49 19289
49 20183
49 20812
49 21058
49 21170
49 22180
49 23171
49 23288
49 23861
49 24551
49 27594
49 28426
49 28924
49 29410
49 30223
49 30658
49 31051
49 31298
49 31442
49 31587
49 33760
49 34010
49 34279
49 34311
49 34410
49 35220
49 35755
49 36898
49 37448
49 37712
49 37904
49 38035
49 38515
49 38601
49 38828
49 39834
49 40566
49 40999
49 41073
49 41620
49 42780
49 42884
49 43033
49 43487
49 43963
49 45334
49 46829
49 47254
49 48374
49 48978
49 49297
49 52359
49 53692
49 53947
49 54482
49 55097
49 57919
49 60152
49 61657
49 61706
49 62010
49 62824
49 62939
49 63003
49 63677
49 64716
49 64757
49 65316
49 65490
49 66076
49 66159
49 66612
49 66816
49 69103
49 70122
49 72184
49 72886
49 72908
49 73413
49 74021
49 74462
49 75077
49 75518
49 76139
49 77891
49 78697
49 78873
49 79968
49 81360
49 81824
49 82795
49 83344
49 83609
49 83818
49 83983
49 84024
49 84414
49 84828
49 84830
49 85860
49 86868
49 88629
49 89795
49 89992
49 90065
49 90661
49 90949
50 1089
50 1860
50 3050
50 3232
50 3691
50 3719
50 4174
50 4460
50 4630
50 5726
50 7211
50 7329
50 7554
50 8084
50 9274
50 10067
50 10342
50 10524
50 10790
50 11315
50 11679
50 13455
50 13729
50 14019
50 14207
50 14575
50 16005
50 16354
50 16590
50 17086
50 19855
50 19912
50 20162
50 20188
50 20542
50 22113
50 23436
50 24377
50 25165
50 25649
50 27280
50 27768
50 28762
50 29093
50 29626
50 30394
50 30876
50 31039
50 31046
50 31473
50 31543
50 32948
50 33658
50 33707
50 34340
50 34343
50 34459
50 34738
50 37331
50 37333
50 38169
50 39706
50 39831
50 40183
50 41508
50 41906
50 42000
50 42326
50 42494
50 43310
50 43929
50 44034
50 45275
50 45610
50 47937
50 52430
50 52695
50 52719
50 52775
50 52873
50 54888
50 54959
50 54962
50 55675
50 55771
50 56676
50 57756
50 59458
50 60429
50 60933
50 61453
50 62064
50 62066
50 62156
50 63132
50 63282
50 64266
50 64646
50 66060
50 66300
50 67378
50 70695
50 70801
50 71731
50 72098
50 74686
50 76093
50 78253
50 78441
50 80287
50 80386
50 81467
50 81979
50 82006
50 82690
50 83513
50 83669
50 84454
50 84456
50 84923
50 85436
50 85566
50 86212
50 86491
50 87089
50 87582
50 89025
50 89435
50 90074
50 90551
50 90669
50 91065
50 91157
50 91523
50 91784
50 92069
50 92185
50 92563
50 92914
50 93893
50 94766
50 95207
50 96340
50 96498
50 96937
50 97004
50 97845
50 97869
50 98671
50 98685
50 98708
50 99461
50 101139
50 101182
50 101673
50 101762
50 103654
50 104472
50 104875
50 105466
50 106146
50 107339
50 107647
50 107741
50 107970
50 108317
50 109871
50 110683
50 111604
50 111630
50 112745
50 113192
50 113316
50 113319
50 116428
50 117454
50 118361
50 118608
50 119655
50 119722
50 119774
50 120167
50 121418
50 121865
50 123633
50 123758
50 124760
50 124811
50 124886
50 125513
50 125873
50 125974
50 125976
50 127435
50 129368
50 129470
50 129801
50 131569
50 131764
50 131912
50 132255
50 132875
50 136103
50 136131
50 136199
50 137205
50 137394
50 138017
50 138117
50 138823
50 138877
50 139048
50 140028
50 140894
50 141352
50 143253
50 144338
51 151
51 1019
51 1836
51 2214
51 2573
51 3618
51 4178
51 4348
51 4572
51 7184
51 7590
51 7697
51 9351
51 9847
51 10105
51 10661
51 12712
51 13505
51 13544
51 13742
51 13974
51 14932
51 15129
51 15949
51 18559
51 19063
51 19533
51 19574
51 20191
51 20222
51 20344
51 20714
51 21057
51 21582
51 22911
51 23087
51 24161
51 24476
51 24846
51 25709
51 25806
51 26006
51 26359
51 26746
51 27160
51 27659
51 28613
51 31811
51 32434
51 33990
51 34166
51 34281
51 34959
51 35143
51 37936
51 38286
51 39309
51 39945
51 40629
51 41361
51 43098
51 43877
51 44243
51 45379
51 47605
51 48567
51 49554
51 49865
51 50475
51 52368
51 54116
51 54570
51 54821
51 57196
51 57325
51 57646
51 57647
51 57841
51 58696
51 59422
51 60029
51 60326
51 60852
51 60954
51 62377
51 62597
51 63200
51 63780
51 63887
51 64265
51 64490
51 65033
51 65417
51 65817
51 66304
51 66537
51 68359
51 69361
51 70872
51 71667
51 71945
51 73333
51 74032
51 74315
51 75213
51 75335
51 75406
51 75833
51 76457
51 78481
51 79676
51 80070
51 80431
51 81104
51 81297
51 81409
51 82419
51 82517
51 84090
51 84784
51 84962
51 84998
51 85231
51 85453
51 85748
51 87076
51 87362
51 87970
51 88784
51 88984
51 89003
51 89157
51 89463
51 89577
51 89692
51 90000
51 90853
51 90903
51 93436
51 93814
51 95864
51 95931
51 97209
51 97457
51 97576
51 97608
51 97730
51 97772
51 97889
51 98074
51 98092
51 98187
51 98391
51 98852
51 100643
51 101694
51 102114
51 102131
51 102416
51 104565
51 104875
51 104993
51 105401
51 105549
51 106132
51 106463
51 107273
51 107741
51 108455
51 109469
51 111654
51 112331
51 113561
51 114082
51 114373
51 115342
51 115729
51 115857
51 116296
51 116365
51 116491
51 116932
51 117792
51 117931
51 118162
51 118948
52 1356
52 1389
52 2281
52 3001
52 3448
52 3891
52 4323
52 4361
52 5549
52 5793
52 6025
52 6186
52 6721
52 7675
52 8176
52 9291
52 9820
52 12955
52 13898
52 14040
52 15052
52 15112
52 15213
52 15224
52 15998
52 17162
52 17827
52 19006
52 19050
52 19432
52 20456
52 20519
52 21339
52 21469
52 22036
52 22041
52 22435
52 22753
52 23413
52 24834
52 24847
52 25893
52 26328
52 27927
52 27983
52 28479
52 29180
52 29831
52 30013
52 30072
52 30220
52 31522
52 33527
52 33924
52 35177
52 35648
52 37250
52 37345
52 37579
52 37950
52 39095
52 39703
52 39769
52 41180
52 41736
52 42135
52 43153
52 44496
52 45454
52 46096
52 46812
52 46999
52 47156
52 47398
52 47565
52 48120
52 48982
52 49177
52 49309
52 50490
52 51844
52 51845
52 52331
52 52674
52 53195
52 53730
52 53743
52 53790
52 53882
52 54036
52 54302
52 56371
52 57346
52 57403
52 58972
52 60073
52 60620
52 61406
52 62507
52 62621
52 63748
52 64140
52 64170
52 64291
52 65436
52 67045
52 68820
52 68982
52 69993
52 70297
52 70354
52 70661
52 71331
52 71578
52 72209
52 72877
52 74307
52 74520
52 75374
52 76048
52 76293
52 76804
52 77327
52 77481
52 77483
52 77769
52 78273
52 78516
52 79007
52 80129
52 80385
52 81970
52 82151
52 82867
52 83026
52 83357
52 83985
52 84005
52 84583
52 85057
52 85517
52 86065
52 86814
52 87006
52 87183
52 87766
52 87960
52 88281
52 88503
52 88660
52 88680
52 89098
52 89343
52 89516
52 91246
52 91403
52 91688
52 92915
52 93016
52 97933
52 97955
52 98103
52 98416
52 99289
52 99481
52 99709
52 100127
52 100646
52 101961
52 101966
52 102001
52 103291
52 103502
52 103784
52 105813
52 106750
52 107466
52 107609
52 107658
52 107752
52 108453
52 108560
52 108872
52 109420
52 110214
52 110259
52 110586
52 111727
52 115054
52 115431
52 115733
52 115862
52 115869
52 116051
52 116143
52 116557
52 116664
52 118101
52 118318
53 65
53 422
53 747
53 1477
53 1746
53 2123
53 3502
53 4283
53 4694
53 5174
53 5504
53 5607
53 6422
53 6450
53 6934
53 6970
53 7038
53 7054
53 7311
53 7523
53 8344
53 8533
53 9799
53 10395
53 10540
53 11110
53 11182
53 11210
53 11267
53 11756
53 12258
53 12366
53 13036
53 14813
53 16259
53 16284
53 18070
53 18079
53 18236
53 19896
53 20242
53 20396
53 21124
53 21283
53 21406
53 21435
53 21470
53 21556
53 21794
53 21796
53 22263
53 25226
53 26051
53 26134
53 26262
53 26377
53 27444
53 28023
53 28056
53 28213
53 28332
53 28918
53 29668
53 31050
53 31196
53 31795
53 32068
53 32848
53 32902
53 33062
53 33267
53 33617
53 34238
53 34284
53 34429
53 34548
53 34550
53 34876
53 35419
53 35455
53 36029
53 36262
53 36332
53 36526
53 36697
53 37083
53 37194
53 37833
53 38049
53 38247
53 38406
53 40122
53 41546
53 42666
53 43274
53 43475
53 45193
53 45525
53 45561
53 46072
53 46092
53 47088
53 47189
53 48421
53 49052
53 49277
53 50453
53 51611
53 53093
53 54031
53 54538
53 55120
53 55630
53 55775
53 56011
53 57290
53 57713
53 57907
53 59072
53 59130
53 59492
53 60165
53 60339
53 61162
53 61460
53 62264
53 62550
53 62553
53 62560
53 62634
53 63534
53 64026
53 65713
53 66013
53 67058
53 68048
53 68642
53 68824
53 68943
53 68984
53 70502
53 70554
53 70765
53 71133
53 71917
53 72894
53 73766
53 74287
53 74996
53 75233
53 76163
53 76556
53 77027
53 77371
53 77558
53 77725
53 79258
53 79456
53 79631
53 79696
53 81814
53 81940
53 82160
53 82317
53 82377
53 83000
53 83169
53 84566
53 84824
53 85068
53 86528
53 87881
53 88388
53 88472
53 88776
53 88856
53 89566
53 89595
53 89941
53 90039
53 90157
53 90961
53 90975
53 90984
53 91547
53 92124
53 92986
53 93483
53 93626
53 94096
53 94184
53 94245
53 94880
53 95496
53 96422
53 97035
53 97050
53 97536
53 97619
53 98492
53 98908
53 99342
53 99507
53 99544
53 99664
53 100377
53 101136
53 101703
53 101891
53 101939
53 104174
53 104893
53 105528
53 106013
53 106262
53 106397
53 106575
53 106747
53 106848
53 106979
53 109292
53 110597
53 111184
53 111521
53 112075
53 112161
53 112500
53 113738
53 113952
53 114595
53 115445
53 115671
54 736
54 937
54 1354
54 1754
54 2015
54 3776
54 4007
54 4258
54 5010
54 6674
54 8267
54 8375
54 9185
54 9835
54 10005
54 10321
54 10694
54 10843
54 11049
54 11122
54 11130
54 11461
54 11515
54 12278
54 13046
54 14227
54 14272
54 14338
54 14937
54 15585
54 15802
54 15978
54 16371
54 16792
54 16861
54 17594
54 18623
54 19789
54 19889
54 20367
54 20372
54 21773
54 22577
54 22892
54 23210
54 23956
54 24088
54 25262
54 25269
54 27274
54 27453
54 27873
54 29294
54 29495
54 30066
54 30305
54 30646
54 31022
54 31134
54 31439
54 32406
54 32442
54 33762
54 33951
54 34143
54 35082
54 35282
54 35658
54 35821
54 35888
54 36671
54 38749
54 39778
54 40321
54 41169
54 41199
54 41267
54 41414
54 42468
54 42536
54 42585
54 42624
54 42639
54 42850
54 43244
54 43375
54 44183
54 44817
54 44948
54 45820
54 46040
54 46115
54 46172
54 46471
54 46667
54 46925
54 46974
54 47326
54 47417
54 47704
54 48024
54 49146
54 50413
54 50472
54 50781
54 50863
54 51635
54 51703
54 52359
54 52688
54 52865
54 52875
54 53019
54 53877
54 54989
54 55000
54 56247
54 56282
54 56359
54 58016
54 58116
54 58155
54 58221
54 58570
54 58639
54 58661
54 59387
54 59595
54 59742
54 59840
54 60395
54 60704
54 61269
54 61865
54 63483
54 64137
54 64183
54 65235
54 65858
54 66372
54 66517
54 67408
54 69058
54 70577
54 71021
54 72073
54 72356
54 72410
54 73570
54 73576
54 76216
54 76234
54 76283
54 76339
54 76486
54 77126
54 78137
54 78526
54 79029
54 79459
54 79692
54 80030
54 81227
54 82075
54 82520
54 83040
54 84763
54 84884
54 84949
54 85164
54 85932
54 86587
54 87367
54 87872
54 89200
54 89974
54 90266
54 91350
54 92497
54 92624
54 93007
54 94214
54 95121
54 95653
54 95666
54 96439
54 96872
54 97084
54 97217
54 97859
54 98183
54 98303
54 98483
54 98967
54 99520
54 99634
54 99808
54 100112
54 100152
54 100379
54 100408
54 102345
54 102598
54 102645
54 102897
54 105399
54 105875
54 106289
54 106642
54 107006
54 107031
54 107034
54 107512
54 107597
54 107614
54 107617
54 107771
54 108112
54 108927
54 109175
54 109647
54 109823
54 109895
54 110269
54 110535
54 110865
54 111566
54 111568
54 112217
54 112266
54 113581
54 113633
54 114524
54 114563
54 115036
54 116785
54 117210
54 118044
54 118440
54 118835
54 119183
54 119364
54 119849
54 120043
54 120181
54 120633
54 120635
54 120907
54 121304
54 121355
54 121733
54 122335
54 122579
54 122690
54 122859
54 123246
54 123928
54 124197
54 124314
54 124391
54 124406
54 125607
54 126016
54 126700
54 128156
54 129129
55 141
55 312
55 679
55 1159
55 1477
55 1869
55 1909
55 2438
55 2527
55 4542
55 4586
55 4698
55 4886
55 5031
55 5051
55 5223
55 6211
55 7093
55 7999
55 8371
55 8831
55 9215
55 9669
55 10743
55 10908
55 11899
55 12063
55 12434
55 12454
55 14891
55 15632
55 16128
55 17226
55 17507
55 17658
55 17876
55 19236
55 19772
55 20254
55 21144
55 21540
55 22118
55 23014
55 24312
55 25499
55 25616
55 26216
55 26436
55 26976
55 27224
55 27981
55 28363
55 28855
55 28878
55 28892
55 28968
55 29554
55 29576
55 30413
55 31724
55 31817
55 32084
55 32263
55 33310
55 33320
55 33511
55 33770
55 34300
55 34855
55 36548
55 37501
55 37670
55 37867
55 37892
55 38163
55 39377
55 40249
55 40593
55 41405
55 41970
55 42239
55 42471
55 42664
55 42890
55 43042
55 43203
55 43363
55 44311
55 44896
55 46296
55 46997
55 47434
55 48892
55 49265
55 49402
55 49405
55 49725
55 50911
55 51300
55 51371
55 51517
55 51518
55 52589
55 53592
55 53701
55 54087
55 54483
55 54897
55 55274
55 55310
55 55503
55 55944
55 56835
55 57172
55 59447
55 60792
55 61430
55 61832
55 62442
55 63017
55 63359
55 63743
55 64448
55 65141
55 65550
55 65757
55 65907
55 66154
55 66450
55 66543
55 67061
55 67984
55 68331
55 68914
55 69031
55 70404
55 71827
55 72087
55 72835
55 73032
55 73104
55 73168
55 73330
55 73957
55 74821
55 74913
55 75685
55 75995
55 76233
55 77097
55 77858
55 78076
55 78638
55 80060
55 80157
55 80177
55 80333
55 80710
55 81134
55 81730
55 81866
55 81934
55 82869
55 83613
55 83947
55 84115
55 84704
55 84982
55 85026
55 85067
55 85418
55 85764
55 85784
55 86633
55 86659
55 86863
55 87560
55 88489
55 88932
55 89221
55 90126
55 91049
55 94191
55 95450
55 95757
55 96315
55 96431
55 96574
55 97542
55 98400
55 99532
55 100442
55 101159
55 101196
55 101649
55 101710
55 102608
55 102850
55 102911
55 103355
55 103365
55 105283
55 106359
55 107206
55 107761
55 107925
55 108708
55 109947
55 109952
55 110779
55 111441
55 112049
55 112118
55 112385
55 112504
55 113206
56 32
56 374
56 624
56 1716
56 1907
56 2135
56 2300
56 2954
56 3433
56 4155
56 4327
56 5491
56 5614
56 6058
56 7011
56 7958
56 7966
56 8103
56 8464
56 8530
56 8585
56 8631
56 9185
56 10979
56 12833
56 12854
56 14000
56 14324
56 14898
56 14972
56 15884
56 16093
56 16103
56 16489
56 17319
56 17720
56 18154
56 18375
56 19180
56 19389
56 19530
56 20038
56 21610
56 21910
56 22310
56 22448
56 24751
56 24783
56 25911
56 25983
56 26433
56 26524
56 26945
56 27396
56 29054
56 29386
56 29680
56 29986
56 30401
56 30615
56 30633
56 30820
56 31263
56 32517
56 33395
56 34291
56 35890
56 36327
56 37566
56 37633
56 37872
56 39736
56 40126
56 40147
56 40154
56 40307
56 40842
56 41216
56 41450
56 41712
56 41999
56 42113
56 43307
56 45307
56 45447
56 45997
56 46468
56 47142
56 48448
56 48964
56 49486
56 50756
56 51530
56 52590
56 53094
56 53345
56 55513
56 57090
56 57119
56 57376
56 57413
56 58249
56 58608
56 58813
56 58959
56 59364
56 59713
56 59757
56 60368
56 60455
56 60555
56 61078
56 61557
56 61952
56 63680
56 64020
56 64657
56 64919
56 65164
56 65734
56 66811
56 67515
56 67921
56 68572
56 68636
56 69106
56 69231
56 69392
56 69670
56 69907
56 70584
56 70772
56 70918
56 72589
56 72602
56 72741
56 73831
56 74365
56 74896
56 75144
56 75167
56 75575
56 75877
56 76212
56 76708
56 77459
56 78727
56 79078
56 79630
56 80864
56 81333
56 81385
56 81626
56 82416
56 83212
56 84543
56 84546
56 84746
56 85248
56 85537
56 86585
56 86974
56 87939
56 88596
56 88713
56 89887
56 91441
56 92068
56 92102
56 92448
56 93538
56 93752
56 93933
56 95265
56 95879
56 96103
56 96715
56 98042
56 98527
56 99082
56 99261
56 100455
56 100658
56 101099
56 101570
56 102219
56 103461
56 104992
56 105210
56 105661
56 106777
56 107713
56 108285
57 116
57 994
57 1843
57 2319
57 3095
57 3546
57 4457
57 4547
57 4689
57 4953
57 5269
57 5555
57 6082
57 6433
57 6815
57 6918
57 7336
57 8585
57 9505
57 9652
57 10013
57 10312
57 11301
57 11942
57 12093
57 12757
57 13449
57 14042
57 15127
57 15619
57 16967
57 17000
57 17002
57 17236
57 18562
57 19838
57 20141
57 20229
57 20490
57 20749
57 21351
57 21860
57 22172
57 22769
57 23303
57 23679
57 25229
57 25956
57 26075
57 26112
57 26127
57 26780
57 27160
57 27325
57 27528
57 27750
57 28335
57 28457
57 28833
57 29864
57 30055
57 30702
57 33415
57 33554
57 33557
57 33566
57 33622
57 34040
57 34255
57 34326
57 34549
57 35165
57 35557
57 35594
57 35673
57 36399
57 36525
57 37529
57 37813
57 39640
57 39770
57 40122
57 40458
57 41389
57 43258
57 43655
57 43907
57 44010
57 44676
57 44874
57 46752
57 46852
57 47502
57 47944
57 47987
57 48579
57 48820
57 51166
57 51180
57 52151
57 52748
57 53964
57 54223
57 55044
57 55927
57 57946
57 58531
57 58945
57 58949
57 59082
57 59490
57 59806
57 60603
57 60838
57 61240
57 61787
57 62550
57 65043
57 65327
57 65356
57 65360
57 65731
57 66176
57 66623
57 67492
57 67953
57 67969
57 68347
57 68485
57 68535
57 68777
57 69109
57 69304
57 70254
57 70766
57 70792
57 70896
57 70916
57 71702
57 71844
57 72680
57 72844
57 72926
57 73663
57 74243
57 74931
57 75652
57 75982
57 76177
57 76493
57 76544
57 77270
57 77319
57 78738
57 78794
57 81085
57 81260
57 82065
57 82698
57 83269
57 83292
57 84960
57 85458
57 85757
57 86113
57 86372
57 87164
57 87168
57 87387
57 88015
57 88910
57 89389
57 90874
57 91343
57 91397
57 91784
57 92394
57 92433
57 92706
57 93688
57 93952
57 95540
57 96141
57 96201
57 96671
57 97078
57 97149
57 97576
57 97748
59 1911
59 2334
59 2575
59 2707
59 3607
59 3739
59 3835
59 3866
59 4050
59 4479
59 4506
59 5464
59 5756
59 6491
59 6615
59 7027
59 7478
59 9369
59 9438
59 10566
59 11670
59 12331
59 12760
59 12833
59 13084
59 13128
59 14261
59 15211
59 17594
59 17772
59 17963
59 18570
59 19120
59 19860
59 19901
59 19995
59 21318
59 22859
59 22864
59 23400
59 23638
59 24407
59 24817
59 25911
59 26006
59 26244
59 26424
59 27564
59 28161
59 29044
59 30729
59 31228
59 32447
59 32940
59 33744
59 33953
59 34223
59 34683
59 35180
59 35648
59 35656
59 36051
59 36254
59 36544
59 36642
59 37155
59 37212
59 37792
59 38899
59 38979
59 40218
59 41740
59 41950
59 41960
59 42007
59 42400
59 43573
59 43908
59 43995
59 44401
59 45269
59 45693
59 45772
59 45798
59 46500
59 46719
59 46750
59 47170
59 47896
59 49073
59 49461
59 50334
59 51013
59 52142
59 52218
59 52851
59 54349
59 54435
59 54582
59 56268
59 56793
59 57408
59 58260
59 58560
59 59363
59 60863
59 62151
59 62218
59 62266
59 62455
59 63763
59 64659
59 64872
59 65533
59 65606
59 66032
59 66699
59 67232
59 67311
59 67400
59 67412
59 67610
59 69081
59 69441
59 69749
59 69995
59 71173
59 71815
59 72116
59 72932
59 73225
59 73759
59 73890
59 75171
59 75202
59 75746
59 75938
59 76338
59 77088
59 77218
59 77799
59 79151
59 79173
59 80016
59 80161
59 80777
59 81060
59 81821
59 82216
59 82573
59 82737
59 83738
59 84830
59 85360
59 85703
59 85979
59 86195
59 87163
59 87224
59 90444
59 90600
59 90668
59 92036
59 92486
59 93508
59 93886
59 96126
59 96945
59 97306
59 97372
59 97392
59 97750
59 98273
59 99082
59 99193
59 99251
59 99510
59 99796
59 100324
59 100892
59 100941
59 101735
59 101758
59 101902
59 102258
59 102679
59 103124
59 103643
59 103832
59 104786
59 105078
59 106576
59 106801
59 106840
59 106970
59 107042
59 108023
59 108522
59 109723
59 110830
59 111576
59 112727
59 112929
59 113041
59 114377
59 114939
59 115803
59 116415
59 116478
59 116972
59 117883
59 118160
59 118465
59 118629
60 194
60 246
60 296
60 1422
60 2572
60 2864
60 3165
60 3258
60 3696
60 4719
60 4760
60 6056
60 6539
60 6880
60 7399
60 7888
60 9055
60 10442
60 11079
60 11869
60 11904
60 12493
60 12852
60 13191
60 14113
60 14899
60 15246
60 15831
60 16145
60 17222
60 17478
60 17909
60 19227
60 19626
60 19929
60 19962
60 20123
60 21220
60 21609
60 21865
60 22598
60 22738
60 23179
60 23217
60 23726
60 25165
60 25266
60 25422
60 25783
60 26079
60 26606
60 26844
60 26871
60 28170
60 29552
60 29587
60 29699
60 30572
60 30864
60 30978
60 31069
60 31197
60 31324
60 31638
60 33583
60 35380
60 36267
60 36398
60 36565
60 37312
60 37510
60 37916
60 38542
60 38578
60 40035
60 40140
60 40967
60 40978
60 42815
60 44452
60 46106
60 46650
60 46796
60 47024
60 48932
60 49407
60 50250
60 50282
60 51785
60 52094
60 52215
60 53204
60 53817
60 54097
60 54378
60 54710
60 55164
60 55551
60 55648
60 56071
60 56503
60 56684
60 56906
60 57470
60 57708
60 58033
60 59252
60 59259
60 59661
60 59701
60 59822
60 59958
60 61747
60 61807
60 61917
60 61956
60 62416
60 63083
60 63302
60 63815
60 63824
60 63976
60 65003
60 65651
60 65978
60 66496
60 67794
60 68184
60 68644
60 69231
60 69574
60 71040
60 71563
60 71677
60 71776
60 72464
60 73352
60 73405
60 73706
60 73821
60 73859
60 75077
60 75147
60 75426
60 75855
60 76536
60 77534
60 78550
60 78609
60 79378
60 79575
60 80002
60 80670
60 80695
60 81696
60 81721
60 82520
60 84323
60 84526
60 85508
60 85637
60 86970
60 88256
60 88535
60 89225
60 89679
60 89745
60 90460
60 91245
60 92160
60 92798
60 93016
60 93254
60 93275
60 93893
60 95415
60 95435
60 95893
60 95967
60 96313
60 97324
60 97556
60 97891
60 98294
60 98865
60 99036
60 99260
60 100540
60 101379
60 102896
60 104297
60 104975
60 106483
60 106485
60 107317
60 107740
60 109082
60 110361
60 110430
60 110829
60 111540
60 111718
60 112071
60 112381
60 112603
60 112895
60 113513
60 113612
60 114264
60 114534
60 114584
60 114959
60 115606
60 115657
60 116918
60 117311
60 117761
60 118240
60 118826
60 119521
60 119621
60 119650
60 120169
60 120482
60 120667
60 120886
60 120955
60 121273
60 121397
60 122295
60 122614
60 122710
60 122802
60 122919
60 123354
60 123746
60 123861
60 124302
60 126148
60 126256
60 128378
60 128638
60 128704
60 129788
60 130179
60 131812
60 131820
60 131867
60 132366
60 132667
60 133962
60 134252
60 134572
60 134585
60 134691
60 134825
60 135152
60 135740
60 137047
60 137239
60 137265
60 137417
60 137839
60 137940
60 137979
61 133
61 960
61 6175
61 6299
61 6742
61 7585
61 7589
61 8444
61 10528
61 10609
61 11332
61 11452
61 11741
61 12076
61 12241
61 12549
61 16980
61 17037
61 21315
61 21807
61 21943
61 22406
61 24399
61 24570
61 24639
61 24726
61 25264
61 26282
61 26729
61 26873
61 27840
61 27875
61 28695
61 29030
61 29982
61 30077
61 30179
61 30340
61 30580
61 30788
61 32843
61 33139
61 33162
61 33360
61 33580
61 36641
61 37685
61 38268
61 38791
61 39912
61 40150
61 40996
61 41963
61 43002
61 43285
61 43364
61 43640
61 43844
61 44086
61 44123
61 44545
61 45041
61 45269
61 45329
61 45802
61 46923
61 47409
61 48803
61 49367
61 49687
61 50187
61 50782
61 51677
61 51778
61 51878
61 52093
61 52175
61 54101
61 54371
61 54863
61 56127
61 56332
61 57522
61 59025
61 61776
61 64611
61 65257
61 65720
61 65755
61 65757
61 65855
61 66120
61 66895
61 67981
61 68712
61 68778
61 69315
61 69810
61 69869
61 70404
61 70719
61 70873
61 71031
61 71180
61 71576
61 71618
61 71666
61 71682
61 71726
61 72475
61 72656
61 72948
61 73128
61 74512
61 75247
61 76690
61 77351
61 79887
61 80058
61 81949
61 86032
61 86128
61 87257
61 88097
61 88461
61 89500
61 89592
61 90414
61 91004
61 93109
61 93195
61 94004
61 94503
61 94638
61 95288
61 95566
61 96357
61 96393
61 98412
61 98436
61 101008
61 101131
61 101231
61 103926
61 104254
61 105933
61 106017
61 109352
61 109527
61 110594
61 111718
61 112381
61 112496
61 112664
61 113527
61 114647
61 114675
61 115057
61 115409
61 116820
61 117050
61 117178
61 117433
61 117599
61 117999
61 118360
61 118404
61 120715
61 121547
61 121706
61 121959
61 122865
61 123482
61 123792
61 123977
61 124060
61 124092
61 124326
61 125594
61 126675
61 126780
61 126800
61 126940
61 127479
61 127915
61 128838
61 129218
61 129427
61 129669
61 130338
61 130651
61 132064
61 133005
61 133057
61 133178
61 133377
61 134566
61 135406
61 135460
61 135519
61 135847
61 135922
61 136387
61 136604
61 138387
61 139295
61 139326
61 139516
61 140579
61 141733
61 143237
61 143788
61 144560
61 144643
61 145547
61 145769
61 146665
61 150305
61 150340
61 151010
61 154703
61 154761
61 156066
61 156976
61 157014
61 157605
61 159161
61 159176
61 159409
61 159641
61 160072
61 160103
61 160427
61 161298
61 161665
61 162087
61 165193
61 165213
61 166107
61 166496
61 166592
61 167312
61 167845
61 168174
61 168309
61 168443
62 430
62 2946
62 2981
62 4364
62 4617
62 5004
62 5169
62 5763
62 5895
62 5928
62 5984
62 7051
62 7423
62 10000
62 10048
62 10659
62 11377
62 12274
62 12281
62 12364
62 13771
62 14925
62 16243
62 16325
62 16607
62 16723
62 16820
62 16907
62 17244
62 18927
62 19255
62 20595
62 20907
62 21139
62 22011
62 22058
62 22999
62 23125
62 23265
62 24144
62 24416
62 24930
62 25135
62 25184
62 25352
62 26431
62 28552
62 28728
62 29678
62 30821
62 30834
62 31167
62 32298
62 32485
62 33836
62 34300
62 34591
62 34796
62 35376
62 36062
62 37261
62 38617
62 39327
62 39739
62 40004
62 40610
62 40648
62 41346
62 41415
62 41729
62 41838
62 42440
62 42724
62 43318
62 43927
62 45645
62 45915
62 46340
62 47524
62 47684
62 50150
62 50483
62 51146
62 51194
62 51968
62 53663
62 54765
62 55269
62 56634
62 57960
62 58187
62 58350
62 58892
62 59112
62 59173
62 60182
62 61237
62 61891
62 62950
63 1603
63 2872
63 3431
63 3446
63 4899
63 5684
63 6153
63 7292
63 7841
63 8401
63 8621
63 9376
63 9447
63 9663
63 10597
63 13049
63 13380
63 14039
63 14245
63 15520
63 15855
63 17179
63 17274
63 17948
63 18202
63 18228
63 19314
63 19391
63 20743
63 22246
63 22823
63 23117
63 23730
63 23940
63 24838
63 25083
63 25322
63 25350
63 25537
63 26081
63 26326
63 28019
63 28609
63 28741
63 29654
63 30111
63 30454
63 30797
63 31799
63 31939
63 32469
63 32577
63 33139
63 33779
63 34484
63 35652
63 35966
63 36325
63 36799
63 37346
63 38542
63 39030
63 39091
63 39180
63 39566
63 40422
63 40472
63 42253
63 42683
63 43057
63 43277
63 43853
63 44067
63 45525
63 46238
63 49561
63 49864
63 50411
63 50810
63 51381
63 51843
63 53234
63 53307
63 53757
63 54718
63 56291
63 57726
63 58526
63 59095
63 60190
63 60261
63 60470
63 60825
63 60961
63 61528
63 62040
63 63085
63 63230
63 63869
63 66520
63 66691
63 68455
63 68937
63 69022
63 69817
63 70427
63 71066
63 71140
63 71606
63 71969
63 72131
63 72370
63 73652
63 73943
63 74667
63 74675
63 76036
63 76209
63 76901
63 77974
63 78617
63 79303
63 79485
63 79716
63 79868
63 80197
63 81051
63 81299
63 81684
63 81782
63 81890
63 83332
63 84273
63 84997
63 85904
63 86195
63 87448
63 87983
63 88158
63 88679
63 89504
63 89754
63 90824
63 91756
63 91901
63 92152
63 94307
63 94313
63 94799
63 95560
63 96211
63 96346
63 96528
63 97613
63 97694
63 99098
63 99384
63 99740
63 100269
63 100753
63 101444
63 101670
63 102955
63 105091
63 105543
63 105569
63 106486
63 107102
63 107615
63 107846
63 108064
63 108669
63 109020
63 109234
63 109254
63 111101
63 111444
63 112069
63 112421
63 112924
63 113201
63 113271
63 113417
63 113585
63 113628
63 114083
63 114109
63 114160
63 114365
63 114429
63 115466
63 115883
63 115938
63 116154
63 116965
63 117097
63 117826
63 118767
63 120010
63 120871
63 120877
63 121139
63 122402
63 122404
63 123261
63 123298
63 123534
63 123882
63 123961
63 124322
63 124471
63 125120
63 125596
63 125768
63 125774
63 125887
63 126037
63 126478
63 126528
63 127722
63 127858
63 127926
63 130600
63 131006
63 131331
63 133757
63 133964
63 134618
64 2061
64 2133
64 3527
64 3996
64 5819
64 6104
64 6329
64 7391
64 7434
64 9033
64 9103
64 9611
64 10247
64 10611
64 10992
64 11065
64 11335
64 11803
64 11892
64 14789
64 15706
64 16623
64 17087
64 17793
64 18446
64 19940
64 20129
64 20242
64 20415
64 21502
64 21661
64 22290
64 22820
64 24261
64 25706
64 27145
64 27625
64 27822
64 28262
64 30294
64 30955
64 31129
64 31774
64 31890
64 32957
64 33202
64 33428
64 34873
64 35376
64 35956
64 37329
64 38147
64 39079
64 39391
64 39466
64 39514
64 40075
64 40577
64 40909
64 41038
64 41380
64 41462
64 41609
64 41786
64 42478
64 43340
64 44368
64 45220
64 46012
64 46471
64 47568
64 48487
64 48919
64 49413
64 49512
64 49692
64 50240
64 50995
64 53368
64 53687
64 53863
64 54210
64 54984
64 54999
64 55724
64 55982
64 56017
64 56685
64 56772
64 57653
64 58008
64 59012
64 59099
64 61127
64 61814
64 62233
64 64552
64 65278
64 65311
64 65934
64 67618
64 67851
64 68104
64 68183
64 68211
64 69215
64 69273
64 69509
64 70865
64 71472
64 72146
64 72534
64 72990
64 73565
64 73570
64 74107
64 75556
64 75823
64 76634
64 76638
64 77350
64 78673
64 79514
64 79608
64 80145
64 81294
64 81820
64 82588
64 83402
64 84932
64 85656
64 86163
64 87312
64 87410
64 87641
64 88864
64 89806
64 89982
64 90368
64 91025
64 91268
64 91457
64 91865
64 92538
64 93060
64 93227
64 94649
64 95274
64 96577
64 96924
64 98534
64 98968
64 99662
64 100296
64 101167
64 101269
64 101526
64 101651
64 102356
64 103165
64 103369
64 104859
64 106284
64 108635
64 109194
64 110026
64 110664
64 111775
64 111861
64 112155
64 112476
64 112850
64 113067
64 114380
64 116820
64 117415
64 117699
64 117930
64 118100
64 118253
64 118391
64 119465
64 119579
64 120288
64 120642
64 121208
64 121826
64 122004
64 122685
64 123014
64 123861
64 124099
64 124647
64 124934
