19 2
19 22
19 26
19 29
19 35
19 37
19 60
19 65
19 72
19 76
19 83
19 91
19 111
19 128
19 140
19 148
19 158
19 170
19 173
19 177
19 178
19 187
19 190
19 198
19 212
19 219
19 223
19 227
19 234
19 248
19 256
19 257
19 265
19 266
19 277
19 278
19 279
19 297
19 298
19 307
19 312
19 320
19 328
19 329
19 332
19 346
19 347
19 356
19 359
19 360
19 367
19 370
19 371
19 372
19 376
19 383
19 388
19 390
19 393
19 403
19 405
19 420
19 433
19 434
19 452
19 465
19 467
19 479
19 491
19 518
19 525
19 526
19 536
19 545
19 564
19 565
19 573
19 580
19 586
19 588
19 591
19 598
19 605
19 610
19 614
19 632
19 636
19 649
19 651
19 660
19 672
19 675
19 676
19 678
19 679
19 681
19 710
19 719
19 720
19 726
19 734
19 735
19 742
19 747
19 749
19 751
19 752
19 759
19 768
19 770
19 773
19 779
19 808
19 819
19 821
19 825
19 836
19 849
19 857
19 868
19 903
19 910
19 915
19 937
19 945
19 947
19 955
19 957
19 960
19 964
19 973
19 976
19 980
19 986
19 994
19 996
19 1008
19 1017
19 1025
19 1044
19 1047
19 1049
19 1065
19 1067
19 1077
19 1083
19 1087
19 1094
19 1114
19 1121
19 1131
19 1133
19 1138
19 1143
19 1157
19 1167
19 1172
19 1198
19 1209
19 1216
19 1233
19 1238
19 1239
19 1242
19 1247
19 1254
19 1255
19 1260
19 1263
19 1272
19 1275
19 1276
19 1277
19 1293
19 1295
19 1301
19 1304
19 1311
19 1317
19 1322
19 1330
19 1350
19 1354
19 1360
19 1364
19 1382
19 1404
19 1406
19 1422
19 1425
19 1473
19 1475
19 1480
19 1497
19 1498
19 1503
19 1515
19 1533
19 1540
19 1552
19 1563
19 1567
19 1569
19 1574
19 1578
19 1581
19 1583
19 1584
19 1586
19 1587
19 1593
19 1596
19 1602
19 1610
19 1616
19 1620
19 1633
19 1640
19 1642
19 1647
19 1648
19 1664
19 1667
19 1676
19 1698
19 1703
19 1705
19 1707
19 1710
19 1714
19 1717
19 1725
19 1730
19 1735
19 1743
19 1769
19 1771
19 1772
19 1776
19 1777
19 1784
19 1794
19 1802
19 1809
19 1814
19 1824
19 1831
19 1838
19 1844
19 1846
19 1849
19 1852
19 1853
19 1854
19 1857
19 1873
19 1900
19 1905
19 1907
19 1908
19 1912
19 1914
19 1916
19 1919
19 1920
19 1930
19 1933
19 1936
19 1943
19 1955
19 1963
19 1978
19 1990
19 1993
19 1995
19 2008
19 2017
19 2021
19 2032
19 2040
19 2043
19 2046
19 2054
19 2062
19 2095
19 2112
19 2114
19 2118
19 2123
19 2125
19 2131
19 2135
19 2137
19 2154
19 2169
19 2176
19 2182
19 2187
19 2190
19 2207
19 2209
19 2213
19 2218
19 2239
19 2242
19 2251
19 2257
19 2265
19 2269
19 2277
19 2280
19 2285
19 2289
19 2296
19 2302
19 2304
19 2320
19 2326
19 2328
19 2343
19 2346
19 2349
19 2386
19 2401
19 2404
19 2415
19 2416
19 2419
19 2446
19 2448
19 2451
19 2465
