22 1
22 164
22 165
22 198
22 216
22 315
22 469
22 508
22 732
22 775
22 861
22 1076
22 1173
22 6109
22 6283
22 6466
22 6506
22 6511
22 6535
22 6671
22 6731
22 6745
22 6837
22 6988
22 7109
22 7224
22 7237
22 7269
22 7904
22 7916
22 7921
22 8141
22 8146
22 8262
22 8348
22 8446
22 8497
22 8631
22 8665
22 8703
22 8809
22 8818
22 8896
22 9041
22 9308
22 9526
22 9593
22 9601
22 9637
22 9735
22 9830
22 10151
22 10215
22 10310
22 10334
22 10395
22 10485
22 10516
22 10560
22 10596
22 10659
22 10739
22 10747
22 10768
22 10822
22 10828
22 10932
22 11038
22 11647
22 11761
22 11827
22 11981
22 11997
22 12040
22 12092
22 12147
22 12167
22 12290
22 12403
22 12404
22 12444
22 12450
22 12488
22 12528
22 12632
22 12649
22 12721
22 12778
22 12958
22 12990
22 13008
22 13124
22 13207
22 13213
22 13226
22 13290
22 13730
22 13791
22 13816
22 14085
22 14107
22 14228
22 14238
22 14292
22 14444
22 14515
22 14572
22 14641
22 14720
22 14742
22 15061
22 15091
22 15115
22 15225
22 15235
22 15548
22 15599
22 15711
22 15718
22 15805
22 15839
22 15902
22 15952
22 16271
22 16490
22 16501
22 16642
22 16653
22 16656
22 16992
22 17033
22 17085
22 17244
22 17253
22 17371
22 17498
22 17567
22 17927
22 17970
22 18020
22 18053
22 18686
22 18775
22 18800
22 18819
22 18946
22 19073
22 19274
22 19320
22 19533
22 19565
22 19593
22 19659
22 20062
22 20086
22 20159
22 20160
22 20222
22 20244
22 20285
22 20292
22 20640
22 20651
22 20689
22 20692
22 20853
22 20868
22 20962
22 21306
22 21333
22 21336
22 21350
22 21439
22 21468
22 21575
22 21614
22 21629
22 21664
22 21810
22 21852
22 22021
22 22043
22 22276
22 22352
22 22395
22 22421
22 22505
22 22671
22 22799
22 22915
22 22977
22 23032
22 23119
22 23120
22 23346
22 23348
22 23377
22 23380
22 23728
22 23831
22 23860
22 24041
22 24186
22 24352
22 24397
22 24404
22 24408
22 24640
22 24717
22 24840
22 25111
22 25136
22 25327
22 25372
22 25382
22 25464
22 25471
22 25593
22 25630
22 25666
22 25860
22 26066
22 26437
22 26441
22 26444
22 26567
22 26602
22 26835
22 26903
22 27044
22 27119
22 27138
22 27150
22 27188
22 27295
22 27327
22 27341
22 27348
22 27440
22 27465
22 27493
22 27582
22 27965
22 28088
22 28091
22 28119
22 28202
22 28399
22 28436
22 28451
22 28475
22 28573
22 28674
22 28782
22 28829
22 28836
22 29073
22 29174
22 29377
22 29392
22 29446
22 29616
22 29744
22 29765
22 29789
22 29841
22 29972
22 29983
22 30017
22 30116
22 30155
22 30192
22 30336
22 30371
22 30516
22 30526
22 30614
22 30684
22 30787
22 30832
22 30913
22 30950
22 31103
22 31225
22 31227
22 31238
22 31345
22 31902
22 31925
22 31945
22 32076
22 32113
22 32132
22 32278
22 32370
22 32738
22 32945
22 32992
22 33035
22 33182
22 33199
22 33239
22 33260
22 33530
22 33589
22 33600
22 33732
22 33735
22 33782
22 33807
22 33821
22 33866
22 33968
22 33993
22 34061
22 34066
22 34169
22 34186
22 34236
22 34393
22 34405
22 34424
22 34472
22 34487
22 34639
22 34660
22 34676
22 34742
22 34944
22 34985
22 35055
22 35183
22 35232
22 35295
22 35302
22 35378
22 35429
22 35541
22 35596
22 35599
22 35640
22 35684
22 35754
22 35769
22 35835
22 35850
22 35871
22 35974
22 35988
22 36078
22 36147
22 36162
22 36218
22 36289
22 36431
22 36474
22 36603
22 36849
22 36878
22 36917
22 37047
22 37049
22 37097
22 37181
22 37536
22 37583
22 37659
22 37673
22 37697
22 37799
22 37838
22 37941
22 37993
22 38051
22 38174
22 38178
22 38252
22 38254
22 38847
22 38876
22 39000
22 39032
22 39087
22 39347
22 39751
22 39906
22 39922
22 40065
22 40140
22 40236
22 40379
22 40535
22 40821
22 40894
22 41157
22 41205
22 41331
22 41339
22 41395
22 41430
22 41449
22 41490
22 41505
22 41618
22 41620
22 41660
22 41849
22 41850
22 41913
22 42001
22 42063
22 42177
22 42278
22 42283
22 42311
22 42317
22 42333
22 42413
22 42635
22 42667
22 42695
22 42721
22 42744
22 42871
22 42874
22 42963
22 43017
22 43091
22 43191
22 43501
22 43581
22 43675
22 43847
22 43869
22 43897
22 44004
22 44046
22 44054
22 44316
22 44418
22 44592
22 44670
22 44671
22 44743
22 44851
22 44859
22 44973
22 45239
22 45287
22 45385
22 45394
22 45447
22 45599
22 45630
22 45677
22 45753
22 45846
22 45928
22 45978
22 46034
22 46163
22 46222
22 46299
22 46655
22 46660
22 46693
22 46792
22 46861
22 46896
22 46967
22 47260
22 47274
22 47306
22 47323
22 47380
22 47450
22 47578
22 47859
22 47900
22 47975
22 47997
22 48126
22 48164
22 48222
22 48347
22 48386
22 48422
22 48637
22 48727
22 48779
22 48789
22 48794
22 48800
22 48932
22 48992
22 48999
22 49021
22 49024
22 49083
22 49152
22 49243
22 49365
22 49473
22 49524
22 49692
22 49802
22 49973
22 50012
22 50101
22 50139
22 50367
22 50404
22 50499
22 50621
22 50641
22 50651
22 50708
22 50810
22 50830
22 50996
22 51050
22 51082
22 51199
22 51208
22 51250
22 51285
22 51295
22 51309
22 51332
22 51354
22 51498
22 51583
22 51800
22 51802
22 51813
22 51818
22 51869
22 51871
22 52018
22 52110
22 52162
22 52383
22 52393
22 52489
22 52512
22 52625
22 52712
22 52792
22 52841
22 52965
22 53151
22 53217
22 53227
22 53267
22 53510
22 53537
22 53552
22 53553
22 53626
22 53659
22 53762
22 53810
22 53859
22 53955
22 53999
22 54000
22 54092
22 54103
22 54205
22 54291
22 54484
22 54556
22 54650
22 55060
22 55120
22 55187
22 55532
22 55794
22 55834
22 55887
22 55901
22 55903
22 55908
22 55992
22 56040
22 56081
22 56166
22 56170
22 56195
22 56216
22 56292
22 56298
22 56365
22 56394
22 56631
22 56682
22 56716
22 56864
22 57305
22 57315
22 57493
22 57573
22 57620
22 57626
22 57817
22 57823
22 57928
22 57929
22 58001
22 58038
22 58052
22 58124
22 58240
22 58267
22 58336
22 58513
22 58532
22 58562
22 58577
22 58786
22 58907
22 58913
22 58936
22 58983
22 59081
22 59131
22 59140
22 59160
22 59225
22 59265
22 59296
22 59327
22 59349
22 59360
22 59449
22 59451
22 59694
22 59750
22 59766
22 59797
22 59982
22 60017
22 60107
22 60151
22 60259
22 60363
22 60427
22 60433
22 60434
22 60441
22 60748
22 60819
22 60833
22 61136
22 61202
22 61218
22 61441
22 61514
22 61679
22 61725
22 61746
22 61795
22 61920
22 61977
22 61985
22 62127
22 62205
22 62255
22 62324
22 62410
22 62578
22 62639
22 62825
22 62975
22 63043
22 63257
22 63261
22 63354
22 63371
22 63464
22 63477
22 63510
22 63518
22 63672
22 63681
22 63755
22 63899
22 64102
22 64172
22 64243
22 64247
22 64265
22 64333
22 64345
22 64389
22 64537
22 64583
22 64968
22 65073
22 65082
22 65155
22 65188
22 65190
22 65260
22 65307
22 65373
22 65498
22 65581
22 65596
22 65666
22 65689
22 65744
22 65827
22 66059
22 66104
22 66226
22 66231
22 66239
22 66264
22 66349
22 66531
22 66614
22 66897
22 67124
22 67153
22 67263
22 67479
22 67487
22 67670
22 67728
22 67752
22 67781
22 68412
22 68440
22 68517
22 68650
22 68748
22 68795
22 68870
22 68890
22 68979
22 69157
22 69266
22 69300
22 69397
22 69510
22 69557
22 69710
22 69826
22 69904
22 69925
22 70243
22 70292
22 70371
22 70533
22 70722
22 70770
22 70844
22 70853
22 70863
22 70877
22 70981
22 71003
22 71010
22 71240
22 71270
22 71442
22 71477
22 71509
22 71604
22 71628
22 71775
22 71806
22 71825
22 71925
22 72019
22 72068
22 72158
22 72224
22 72248
22 72474
22 72728
22 72858
22 72911
22 72963
22 72984
22 73065
22 73169
22 73356
22 73361
22 73424
22 73691
22 73813
22 73822
22 73864
22 73901
22 73903
22 74114
22 74117
22 74271
22 74315
22 74339
22 74498
22 74626
22 74632
22 74688
22 74700
22 74746
22 74757
22 74785
22 74952
22 74972
22 74988
22 75035
22 75097
22 75225
22 75249
22 75256
22 75278
22 75331
22 75381
22 75446
22 75553
22 75581
22 75741
22 75961
22 75990
22 76488
22 76497
22 76766
22 76830
22 77019
22 77138
22 77155
22 77205
22 77277
22 77345
22 77352
22 77409
22 77450
