19 790
19 3366
19 5524
19 9140
19 16672
19 21129
19 25524
19 26977
19 27718
19 32306
19 32685
19 39892
19 47481
19 48700
19 50733
19 52111
19 53726
19 55451
19 56275
19 57908
19 60579
19 64594
19 65705
19 67719
19 77769
19 79063
19 84875
19 85340
19 85860
19 94864
19 95349
19 95378
19 95986
19 101716
19 102342
19 103184
19 104427
19 105277
19 106331
20 925
20 2100
20 2618
20 3568
20 7334
20 15148
20 25667
20 26598
20 30731
20 34266
20 38464
20 41522
20 42756
20 43633
20 43721
20 43755
20 45801
20 47975
20 48458
20 48616
20 51192
20 52699
20 54449
20 60761
20 63299
20 69459
20 69510
20 72295
20 72740
20 80181
20 80583
20 81287
20 81565
20 86658
20 89629
20 90637
20 92002
20 93564
20 97730
20 100223
20 102568
20 103376
20 103530
20 105009
20 106776
20 109711
20 110889
20 112450
20 115888
20 116118
20 116320
21 1874
21 3054
21 13437
21 18766
21 19975
21 24317
21 25339
21 25928
21 26869
21 33109
21 33359
21 35117
21 37937
21 47840
21 48021
21 51156
21 55068
21 60674
21 60895
21 66317
21 67030
21 70949
21 73756
21 77990
21 81823
21 85576
21 88581
21 89407
21 89852
21 93322
21 94060
21 98480
21 100884
21 102196
21 102281
21 102479
21 107429
21 108101
21 111230
21 111529
21 122527
21 123756
21 127039
22 216
22 8262
22 8446
22 10932
22 12167
22 12528
22 20086
22 27440
22 35378
22 35541
22 41490
22 41618
22 45287
22 45753
22 48727
22 49021
22 49692
22 53510
22 59360
22 62255
22 62410
22 63899
22 67263
22 67728
22 70770
22 73356
22 74700
22 74746
22 75990
23 616
23 9133
23 9908
23 10516
23 13251
23 14172
23 14667
23 18439
23 19456
23 21930
23 22343
23 22810
23 28433
23 33456
23 33548
23 34136
23 35372
23 35526
23 38264
23 41143
23 41855
23 42364
23 46828
23 48617
23 49667
23 51406
23 52096
23 61753
23 70317
24 1993
24 4374
24 5445
24 6735
24 11250
24 14291
24 15241
24 15524
24 17016
24 18033
24 26129
24 30127
24 30259
24 30572
24 32946
24 39834
24 42338
24 42802
24 44799
25 3886
26 4449
26 5358
26 7378
26 7558
26 7663
26 11575
26 13886
26 14247
26 14379
26 17902
26 18316
26 18354
26 20865
26 22937
26 25216
26 32103
26 32431
26 33751
26 39834
26 47787
26 52319
26 55015
26 67536
26 68662
27 9336
27 19218
27 22962
27 34928
27 56891
27 61001
27 69442
27 91897
27 103638
27 104905
27 107294
27 110255
27 113347
27 123703
28 15008
28 35008
28 50411
28 56703
28 58663
28 74331
28 74741
28 81187
28 81331
28 82090
28 120842
29 2248
29 4132
29 13894
29 17969
29 23565
29 24589
29 25331
29 33808
29 40613
29 41875
29 41972
29 53966
29 56681
29 57434
29 57467
29 57839
29 59390
29 59847
29 64627
29 69037
29 75075
29 76288
29 86226
29 86988
29 87178
29 88793
29 94048
29 96911
29 99538
29 100059
29 101030
29 102206
29 102868
29 105339
29 111753
29 115481
29 119150
29 121025
29 126695
29 127823
29 128324
29 130893
29 132965
29 135271
29 141213
29 146272
29 150192
29 151035
29 151586
29 161639
30 9280
30 13485
30 16843
30 19899
30 20089
30 21630
30 22078
30 25428
30 30311
30 31792
30 32638
30 32763
30 37368
30 38004
30 42496
30 55384
30 58760
30 67190
30 67493
30 68690
30 69254
30 69990
30 73915
30 75737
30 77170
30 79971
30 83704
30 97558
30 100163
30 103767
30 104172
30 104658
30 104889
30 105035
30 106557
30 106907
30 113505
30 113977
30 115019
30 123461
30 124489
30 124995
30 126625
30 131086
30 132559
30 136027
30 138001
30 138098
30 145668
31 4109
31 7978
31 8697
31 9703
31 10501
31 11771
31 15175
31 21735
31 21859
31 26710
31 30937
31 35509
31 37748
31 38439
31 43951
31 44094
31 46409
31 48334
31 50146
31 58467
31 61091
31 61171
31 62215
31 63950
31 68039
31 70257
31 71482
31 72227
31 73088
31 74597
31 76788
31 79294
31 82878
31 82957
31 84001
31 86488
31 86912
31 90153
31 90960
31 94156
31 98315
31 100160
31 100253
31 101724
31 101962
31 107646
31 113118
31 113208
31 113819
31 116518
31 116989
31 120130
31 129079
31 134816
31 142402
31 143183
31 146826
31 146878
31 147680
31 155957
31 158913
32 46
32 2292
32 4813
32 5333
32 6949
32 8830
32 9573
32 10050
32 21480
32 26251
32 27203
32 27269
32 30551
32 30682
32 34255
32 34685
32 38000
32 38874
32 43029
32 47845
32 54185
32 56156
32 57908
32 64713
32 65033
32 65579
32 73719
32 74874
32 82116
32 84277
32 84708
32 85587
32 85956
32 86127
32 89329
32 89892
32 92782
32 94552
32 94816
32 101468
32 104968
32 105392
32 105624
32 107612
32 111225
32 111867
32 120569
32 121725
32 123215
32 124761
32 127033
32 127522
32 133211
32 135156
32 135972
32 139326
32 141149
32 141307
32 141654
32 143266
32 143596
32 144727
32 154644
33 406
33 4082
33 4975
33 6632
33 10526
33 11901
33 13374
33 14578
33 18447
33 27655
33 29094
33 31198
33 43854
33 45169
33 48513
33 55173
33 58995
33 59299
33 64577
33 69694
33 72556
33 73173
33 76722
33 80523
33 82195
33 87538
33 87683
33 91021
33 98137
33 102053
33 102895
33 103937
33 104537
33 105991
33 108382
33 110404
33 111523
33 116481
33 118528
33 119497
33 120301
33 131754
33 135775
33 140997
33 148333
33 148766
33 152296
33 155648
34 1310
34 1781
34 2626
34 4606
34 6433
34 7902
34 8954
34 9594
34 11060
34 12586
34 14194
34 28769
34 50000
34 54931
34 60871
34 77279
34 84247
34 84571
34 97379
34 104756
34 113014
34 114258
34 123812
34 124237
34 138201
34 143617
34 148979
34 149304
34 150635
34 151522
34 156077
34 156311
34 161356
34 162876
34 164084
34 171513
34 175796
34 179286
34 181601
34 186192
34 188755
34 191213
36 1647
36 1863
36 4132
36 15783
36 16509
36 24520
36 26821
36 32078
36 35036
36 42053
36 45988
36 52949
36 60104
36 83391
36 85213
36 85504
36 96583
36 96881
36 97633
36 100481
36 107205
36 110385
36 111919
36 115379
36 116310
36 118957
36 119314
36 122721
37 1350
37 2756
37 3776
37 17325
37 18231
37 19847
37 20562
37 22218
37 24598
37 26678
37 28204
37 34028
37 40936
37 45048
37 47743
37 50354
37 52076
37 52529
37 53431
37 55327
37 55682
37 56944
37 65019
37 66700
37 68474
37 70727
37 75331
37 84097
37 101496
37 102885
37 103574
37 104059
37 105956
37 115181
37 118083
37 121987
37 132911
37 137561
38 4248
38 4434
38 6722
38 8559
38 10224
38 14872
38 16504
38 22339
38 26563
38 32833
38 37355
38 38381
38 43099
38 50626
38 53553
38 54391
38 55963
38 62176
38 63474
38 64187
38 69363
38 77639
38 78942
38 92009
38 100837
38 108497
38 113367
38 116145
38 116535
38 118492
38 119442
38 119542
38 120321
38 131260
38 132744
38 134941
38 135212
39 1270
39 1637
39 13481
39 14773
39 19150
39 19680
39 20553
39 23515
39 23537
39 29437
39 29570
39 33499
40 6050
40 6584
40 8229
40 9226
40 12250
40 31533
40 45532
40 46801
40 50961
40 52084
40 53667
40 53912
40 53919
40 58101
40 62921
40 65843
40 68731
40 70470
40 75327
40 77146
40 77683
40 78027
40 80321
40 82585
40 84201
40 88834
40 89244
40 91669
40 93249
40 94217
40 95680
40 96675
40 99289
40 102799
40 103068
40 103110
40 105246
40 106171
40 115109
40 115633
40 116248
40 117239
40 121269
40 124464
40 127583
40 128073
40 130269
41 159
41 6559
41 16267
41 17517
41 19075
41 21469
41 22568
41 26389
41 35907
41 37173
41 38746
41 41929
41 48036
41 55563
41 56816
41 59502
42 6032
42 8497
42 10429
42 12700
42 13767
42 18861
42 30217
42 36075
42 38421
42 45515
42 46684
42 47084
42 55767
42 59859
42 61351
42 62735
42 64179
42 64978
42 65614
42 66946
42 71409
42 78197
42 80737
42 86507
42 86756
42 87905
43 2149
43 8398
43 16876
43 19544
43 20087
43 24082
43 28106
43 29267
43 31683
43 33863
43 34597
43 35955
43 44917
43 48354
43 49741
43 53893
43 62092
43 62168
44 9819
44 11473
44 16170
44 24348
44 27228
44 27334
44 37215
44 42485
44 45863
44 52664
44 55746
44 59707
44 62019
45 1503
45 4028
45 9843
45 13706
45 17946
45 18569
45 24434
45 25406
45 31922
45 35267
45 40541
45 47317
45 60278
46 937
46 6578
46 13810
46 17100
46 17600
46 17937
46 19177
46 24654
46 25072
46 27519
46 29200
46 38463
46 40723
46 41235
46 43230
46 47069
46 50565
46 51365
46 52450
46 55800
46 59643
46 64114
46 68105
46 69115
46 77200
46 77813
47 4110
47 15135
47 16675
47 17068
47 17993
47 19521
47 21995
47 23804
47 24275
47 24903
47 25184
47 26344
47 29149
47 30354
47 32598
47 33603
47 38118
47 38697
47 39624
47 41338
47 42660
47 43656
47 45283
47 53046
47 57232
47 57635
47 58312
47 58851
47 65849
47 70640
47 71749
47 74774
48 1013
48 5176
48 13575
48 14520
48 18647
48 18915
48 24146
48 26929
48 39379
48 42008
48 42780
48 45510
48 47055
48 51037
48 51351
48 52154
48 53661
48 56327
48 58213
48 59761
48 60078
48 60714
48 63339
48 68674
48 69055
48 69163
48 69305
48 70419
48 75075
48 82759
48 84443
48 86112
48 86557
48 88276
48 90301
49 3108
49 7102
49 8879
49 9183
49 16391
49 18398
49 29664
49 32456
49 33434
49 37490
49 37985
49 39164
49 39582
49 40087
49 42492
49 43006
49 44976
49 45170
49 47289
49 48359
49 50452
49 50934
49 53948
49 54240
49 58206
49 58587
49 60515
49 64905
49 67582
49 73064
49 75413
49 76055
49 76746
49 78394
49 80422
49 86247
49 88578
49 90566
50 13415
50 14429
50 16926
50 18904
50 21832
50 28282
50 28920
50 34435
50 37095
50 47371
50 49246
50 50459
50 53825
50 56297
50 56514
50 57546
50 63904
50 64595
50 72403
50 75668
50 77533
50 78813
50 83009
50 83125
50 83664
50 83806
50 89084
50 89141
50 90561
50 96920
50 98734
50 100889
50 101735
50 104402
50 108577
50 111516
50 111912
50 112212
50 114083
50 117088
50 118602
50 119408
50 123700
50 128391
50 134354
50 135267
50 141065
50 142695
50 144565
51 1437
51 2342
51 2835
51 4610
51 5518
51 9610
51 9671
51 11775
51 12042
51 22786
51 24925
51 25400
51 28886
51 30198
51 31107
51 38047
51 39386
51 40383
51 42070
51 46689
51 46763
51 47062
51 48229
51 53825
51 56361
51 56496
51 57534
51 57816
51 60499
51 64081
51 70974
51 74867
51 81167
51 82230
51 82882
51 83244
51 85014
51 92814
51 98653
51 99137
51 99147
51 102988
51 103128
51 104764
51 110545
51 111993
51 118414
52 668
52 1440
52 1775
52 4157
52 5681
52 6883
52 7266
52 10895
52 11187
52 15593
52 16293
52 18435
52 27184
52 27678
52 28523
52 28752
52 29570
52 31211
52 32744
52 33452
52 33678
52 39748
52 46889
52 47447
52 53627
52 56013
52 60054
52 60751
52 61531
52 63846
52 74688
52 75520
52 76619
52 94273
52 101427
52 103806
52 107371
52 109780
52 113950
53 976
53 5557
53 9507
53 14754
53 15777
53 27863
53 32201
53 35254
53 36564
53 39230
53 40795
53 42760
53 46346
53 48343
53 48363
53 50714
53 59845
53 61172
53 61417
53 62137
53 65056
53 68401
53 77569
53 77691
53 78551
53 79010
53 86498
53 86989
53 88978
53 89633
53 92374
53 94958
53 104559
53 105516
53 107041
53 111605
53 112122
53 113092
53 115155
53 115737
54 1204
54 10529
54 10970
54 11318
54 11995
54 13736
54 15738
54 22266
54 22987
54 23328
54 25088
54 27979
54 28627
54 31293
54 31373
54 33274
54 33314
54 35274
54 35937
54 36978
54 38164
54 45692
54 48016
54 49100
54 52896
54 53971
54 59087
54 59730
54 61938
54 65009
54 70077
54 70689
54 73784
54 78079
54 78897
54 82747
54 84981
54 93618
54 94522
54 95317
54 101937
54 103621
54 111735
54 113576
54 115391
54 118193
54 122433
54 124978
55 11340
55 18323
55 18880
55 28702
55 29544
55 31503
55 32724
55 39828
55 42983
55 43211
55 47800
55 51943
55 55301
55 58135
55 60182
55 60697
55 63425
55 64563
55 64858
55 68542
55 74892
55 76406
55 77170
55 78490
55 79916
55 80690
55 80980
55 84331
55 86880
55 88637
55 98117
55 102030
55 102224
55 102998
55 106157
55 107745
55 111141
55 113163
56 7950
56 11607
56 24935
56 25257
56 29449
56 31144
56 31801
56 34000
56 35085
56 35297
56 44391
56 46254
56 46259
56 46550
56 47500
56 48710
56 50591
56 51970
56 56387
56 59942
56 60193
56 61950
56 62759
56 66284
56 70765
56 71461
56 78963
56 82804
56 83667
56 83830
56 84167
56 88457
56 90006
56 91696
56 108564
57 3084
57 3874
57 4864
57 5391
57 6799
57 7486
57 9786
57 10792
57 14511
57 17122
57 18915
57 21650
57 22184
57 22765
57 32172
57 35583
57 35968
57 36047
57 37543
57 37726
57 38761
57 39152
57 40385
57 58466
57 61911
57 61981
57 62185
57 63472
57 69429
57 76942
57 77481
57 80253
57 80737
57 81527
57 82483
57 88219
57 89070
57 90536
57 95455
57 96822
59 4292
59 13436
59 13600
59 17738
59 17869
59 19156
59 24911
59 25295
59 26894
59 27682
59 28790
59 31788
59 31908
59 35547
59 42508
59 43951
59 44454
59 45438
59 46178
59 46674
59 48547
59 51281
59 53485
59 57084
59 57853
59 60424
59 61520
59 63387
59 66347
59 68686
59 69237
59 71736
59 75812
59 83140
59 83208
59 87686
59 87771
59 87876
59 88009
59 96944
59 97503
59 102020
59 103769
59 110458
59 111076
59 112426
59 112990
60 1028
60 3071
60 4141
60 6655
60 7103
60 7755
60 8584
60 12359
60 14543
60 15721
60 17943
60 17982
60 19074
60 20521
60 20662
60 22380
60 29432
60 29532
60 33034
60 34288
60 34590
60 35476
60 35497
60 37677
60 39782
60 42490
60 42889
60 48441
60 48716
60 50117
60 51906
60 54388
60 57879
60 58620
60 60990
60 61345
60 62009
60 63881
60 67622
60 68466
60 69724
60 70820
60 71778
60 78349
60 80397
60 85256
60 92536
60 92787
60 98239
60 107115
60 107875
60 109203
60 121817
60 123954
60 124480
60 124920
60 128067
60 128664
60 129426
60 134096
60 134891
60 136800
60 136874
60 137353
60 137793
61 1181
61 7249
61 9594
61 13407
61 17410
61 18948
61 21384
61 21651
61 35643
61 36986
61 41764
61 44100
61 44592
61 52576
61 53096
61 54997
61 56499
61 57801
61 57970
61 58917
61 59441
61 60870
61 62382
61 66394
61 69497
61 71811
61 77882
61 79370
61 79744
61 80305
61 85400
61 85915
61 86963
61 87556
61 87821
61 89246
61 91601
61 91875
61 93430
61 94208
61 96509
61 98312
61 99881
61 99993
61 101612
61 103703
61 104730
61 104791
61 109133
61 115283
61 115522
61 116415
61 116496
61 117464
61 117935
61 118536
61 118598
61 118728
61 119215
61 123687
61 127304
61 128720
61 129789
61 131380
61 134225
61 138589
61 139919
61 140620
61 141349
61 147448
61 150919
61 151473
61 151911
61 154742
61 159670
61 159861
61 159914
61 160284
61 162175
61 163503
61 164046
61 166200
61 167553
62 3974
62 4741
62 5899
62 10463
62 12194
62 13776
62 13951
62 14635
62 15498
62 21266
62 22646
62 23989
62 26201
62 32237
62 34186
62 35477
62 35721
62 35996
62 39106
62 39795
62 39842
62 40014
62 43657
62 43693
62 44801
62 47195
62 48294
62 49663
62 51314
62 51594
62 54377
62 60993
63 4990
63 9950
63 10064
63 10074
63 15899
63 15985
63 16444
63 19142
63 19835
63 20977
63 28011
63 29619
63 30624
63 30732
63 31493
63 32745
63 32811
63 36474
63 39140
63 39828
63 45477
63 45765
63 47787
63 49540
63 50072
63 51394
63 56512
63 61740
63 64775
63 66610
63 68562
63 72575
63 74862
63 77497
63 80449
63 83841
63 84324
63 84457
63 84954
63 86239
63 88827
63 89958
63 91996
63 93471
63 94087
63 94243
63 101925
63 102919
63 103649
63 103769
63 104508
63 106190
63 108259
63 110289
63 113548
63 114491
63 115008
63 118533
63 119325
63 119523
63 121695
63 122196
63 122625
63 123506
63 123802
63 126367
63 126763
63 129683
63 131724
63 133947
63 134843
63 135057
64 126
64 2084
64 4329
64 5005
64 5948
64 11245
64 12479
64 16011
64 16081
64 16700
64 17899
64 19765
64 20448
64 20842
64 22023
64 23655
64 28788
64 32284
64 32942
64 37542
64 39810
64 41672
64 43520
64 43723
64 46210
64 47071
64 47120
64 48163
64 48520
64 49803
64 49849
64 51816
64 51844
64 55096
64 57832
64 63033
64 65025
64 65047
64 65299
64 65510
64 65696
64 67406
64 67858
64 71804
64 72272
64 72650
64 74602
64 74685
64 75313
64 75640
64 76260
64 80103
64 81813
64 82058
64 84379
64 85271
64 92457
64 94373
64 95039
64 98814
64 99881
64 101803
64 102897
64 104706
64 104759
64 105264
64 105934
64 106267
64 108626
64 109082
64 109588
64 110882
64 112673
64 113101
64 113534
64 115818
64 116469
64 118325
64 119915
64 122640
64 124286
64 124669
