62 15
62 26
62 172
62 204
62 301
62 427
62 451
62 472
62 853
62 904
62 1005
62 1039
62 1110
62 1201
62 1269
62 1276
62 1347
62 1390
62 1403
62 1404
62 1445
62 1464
62 1473
62 1558
62 1685
62 1724
62 1749
62 1880
62 1902
62 1943
62 2118
62 2144
62 2150
62 2161
62 2367
62 2466
62 2515
62 2673
62 2676
62 2845
62 2978
62 3014
62 3104
62 3513
62 3660
62 3724
62 3766
62 3791
62 3898
62 3937
62 3952
62 3977
62 4006
62 4148
62 4288
62 4415
62 4430
62 4904
62 5020
62 5146
62 5158
62 5173
62 5244
62 5256
62 5335
62 5445
62 5494
62 5557
62 5729
62 5819
62 5821
62 5865
62 5867
62 6121
62 6271
62 6368
62 6528
62 6868
62 6937
62 6974
62 6980
62 7082
62 7121
62 7277
62 7439
62 7565
62 7681
62 7768
62 7873
62 7921
62 8027
62 8101
62 8361
62 8456
62 8480
62 8628
62 8668
62 8743
62 8761
62 8830
62 9023
62 9025
62 9234
62 9273
62 9423
62 9447
62 9628
62 9661
62 9765
62 9815
62 9949
62 9976
62 10020
62 10033
62 10198
62 10225
62 10295
62 10509
62 10527
62 10681
62 10746
62 11527
62 11541
62 11770
62 12002
62 12013
62 12160
62 12326
62 12411
62 12545
62 12563
62 12693
62 12851
62 12880
62 13001
62 13027
62 13112
62 13148
62 13212
62 13274
62 13344
62 13411
62 13621
62 13681
62 13844
62 13858
62 13865
62 14066
62 14192
62 14211
62 14262
62 14311
62 14380
62 14387
62 14402
62 14613
62 14657
62 14694
62 14792
62 14906
62 14969
62 15236
62 15266
62 15301
62 15306
62 15517
62 15680
62 15693
62 15857
62 15877
62 15982
62 16177
62 16211
62 16309
62 16442
62 16595
62 16682
62 16849
62 16875
62 16995
62 17207
62 17370
62 17388
62 17452
62 17510
62 17809
62 17819
62 17836
62 17881
62 18273
62 18379
62 18633
62 18897
62 18932
62 19054
62 19090
62 19093
62 19345
62 19393
62 19519
62 19694
62 19764
62 19808
62 19862
62 20152
62 20183
62 20186
62 20227
62 20408
62 20450
62 20523
62 20655
62 20677
62 20709
62 20717
62 20723
62 20766
62 20919
62 21395
62 21449
62 21471
62 21831
62 21848
62 22007
62 22178
62 22480
62 22503
62 22784
62 22825
62 22927
62 23053
62 23382
62 23405
62 23529
62 23905
62 23962
62 24048
62 24245
62 24595
62 24850
62 24997
62 25037
62 25202
62 25474
62 25658
62 25697
62 25738
62 25777
62 25864
62 26196
62 26305
62 26316
62 26350
62 26583
62 26767
62 26871
62 27091
62 27248
62 27293
62 27503
62 27631
62 27643
62 27682
62 27744
62 27834
62 27858
62 27869
62 28237
62 28527
62 28539
62 28581
62 28598
62 28859
62 28934
62 29084
62 29092
62 29189
62 29400
62 29451
62 29470
62 29498
62 29696
62 29805
62 29903
62 29999
62 30040
62 30264
62 30374
62 30380
62 30486
62 30557
62 30671
62 31225
62 31372
62 31394
62 31487
62 31559
62 31561
62 31617
62 31741
62 32009
62 32105
62 32282
62 32290
62 32294
62 32341
62 32389
62 32440
62 32850
62 32907
62 33111
62 33164
62 33206
62 33209
62 33362
62 33443
62 33640
62 33700
62 33919
62 34035
62 34367
62 34427
62 34469
62 34497
62 34499
62 34529
62 34546
62 34598
62 34605
62 34702
62 35039
62 35160
62 35297
62 35598
62 35768
62 35942
62 36000
62 36103
62 36305
62 36359
62 36363
62 36572
62 36582
62 36644
62 36779
62 36895
62 37111
62 37131
62 37172
62 37173
62 37247
62 37283
62 37310
62 37393
62 37406
62 37442
62 37591
62 37684
62 37686
62 37983
62 38092
62 38138
62 38229
62 38434
62 38450
62 38468
62 39163
62 39267
62 39358
62 39429
62 39494
62 39500
62 39994
62 40035
62 40086
62 40295
62 40308
62 40512
62 40762
62 40836
62 40882
62 41356
62 41547
62 41661
62 41670
62 41911
62 42087
62 42223
62 42514
62 42656
62 42854
62 42906
62 42917
62 42968
62 43133
62 43136
62 43223
62 43278
62 43484
62 43555
62 43624
62 43687
62 43826
62 44034
62 44067
62 44310
62 44363
62 44650
62 44654
62 44923
62 44980
62 44998
62 45043
62 45047
62 45101
62 45136
62 45230
62 45288
62 45345
62 45412
62 45817
62 45862
62 45957
62 46120
62 46180
62 46188
62 46243
62 46273
62 46288
62 46391
62 46459
62 46733
62 46774
62 46841
62 46910
62 46988
62 47087
62 47219
62 47230
62 47332
62 47463
62 47559
62 47566
62 47586
62 47753
62 47883
62 48062
62 48141
62 48366
62 48487
62 48563
62 49088
62 49234
62 49567
62 49591
62 49702
62 49897
62 49928
62 49939
62 50081
62 50265
62 50286
62 50292
62 50304
62 50377
62 50401
62 50460
62 50619
62 50740
62 50807
62 50816
62 51051
62 51076
62 51203
62 51259
62 51326
62 51332
62 51342
62 51404
62 51663
62 51848
62 51861
62 51905
62 51949
62 52024
62 52402
62 52439
62 52495
62 52798
62 52927
62 52973
62 53178
62 53226
62 53269
62 53347
62 53549
62 53559
62 53560
62 53603
62 53783
62 53955
62 53983
62 54220
62 54350
62 54365
62 54556
62 54616
62 54855
62 54885
62 54919
62 55065
62 55068
62 55161
62 55206
62 55505
62 55555
62 55586
62 55730
62 55799
62 55809
62 55988
62 56183
62 56408
62 56631
62 56658
62 56852
62 56853
62 56889
62 56926
62 57611
62 57632
62 57648
62 57661
62 57681
62 57726
62 57751
62 57794
62 57913
62 58051
62 58206
62 58255
62 58302
62 58777
62 59092
62 59313
62 59352
62 59423
62 59454
62 59547
62 59630
62 59747
62 59758
62 59796
62 59981
62 59994
62 60067
62 60122
62 60162
62 60296
62 60324
62 60365
62 60449
62 60454
62 60486
62 60497
62 60705
62 60888
62 60972
62 61120
62 61134
62 61199
62 61352
62 61367
62 61388
62 61489
62 61607
62 61709
62 61948
62 61969
62 61991
62 62114
62 62145
62 62259
62 62507
62 62615
62 62710
62 62835
62 62977
62 63082
62 63117
62 63168
62 63213
62 63214
62 63301
62 63369
62 63434
62 63460
62 63501
62 63635
62 63640
62 63648
62 63735
62 63759
63 43
63 211
63 429
63 477
63 482
63 584
63 649
63 673
63 702
63 728
63 882
63 1227
63 1261
63 1274
63 1288
63 1348
63 1424
63 1714
63 1828
63 1856
63 2155
63 2304
63 2367
63 2436
63 2561
63 2571
63 2640
63 2679
63 2693
63 2702
63 2786
63 2825
63 2831
63 3006
63 3044
63 3170
63 3190
63 3266
63 3282
63 3479
63 3541
63 3638
63 3781
63 3859
63 3863
63 4026
63 4083
63 4172
63 4336
63 4483
63 4713
63 4720
63 4729
63 4732
63 4737
63 4789
63 4898
63 5069
63 5082
63 5215
63 5264
63 5428
63 5462
63 5760
63 5862
63 5922
63 6208
63 6228
63 6404
63 6543
63 6578
63 6775
63 6955
63 7003
63 7064
63 7133
63 7188
63 7370
63 7426
63 7637
63 7837
63 7989
63 8054
63 8062
63 8074
63 8394
63 8470
63 8796
63 8957
63 9122
63 9509
63 9622
63 9727
63 9804
63 9921
63 10073
63 10081
63 10174
63 10254
63 10414
63 10455
63 10639
63 10746
63 10840
63 10864
63 11182
63 11347
63 11402
63 11432
63 11505
63 11689
63 11972
63 11994
63 12130
63 12203
63 12226
63 12322
63 12364
63 12489
63 12567
63 12606
63 12625
63 12991
63 13235
63 13288
63 13356
63 13581
63 13959
63 14161
63 14399
63 14434
63 14472
63 14776
63 14854
63 15004
63 15175
63 15206
63 15341
63 15416
63 15794
63 15908
63 16070
63 16072
63 16215
63 16263
63 16474
63 16619
63 16817
63 16892
63 17012
63 17044
63 17098
63 17270
63 17377
63 17429
63 17450
63 17508
63 17516
63 17586
63 17637
63 17838
63 17852
63 17859
63 17971
63 17986
63 18076
63 18289
63 18293
63 18296
63 18843
63 18942
63 18966
63 18967
63 18999
63 19452
63 19467
63 19592
63 19606
63 19621
63 19673
63 19728
63 19756
63 19830
63 19837
63 19916
63 20093
63 20095
63 20148
63 20303
63 20348
63 20427
63 20648
63 21054
63 21077
63 21280
63 21372
63 21698
63 21825
63 21838
63 21855
63 22080
63 22334
63 22494
63 22540
63 22806
63 23067
63 23144
63 23214
63 23327
63 23421
63 23441
63 23499
63 23566
63 23616
63 23764
63 23900
63 23963
63 24001
63 24024
63 24097
63 24282
63 24504
63 24592
63 24601
63 24636
63 24799
63 24943
63 25139
63 25144
63 25217
63 25235
63 25288
63 25325
63 25335
63 25365
63 25370
63 25379
63 25380
63 25428
63 25595
63 25819
63 25822
63 25994
63 26121
63 26184
63 26198
63 26253
63 26265
63 26387
63 26402
63 26458
63 26536
63 26540
63 26641
63 26763
63 26785
63 26809
63 26816
63 26818
63 26917
63 26936
63 27058
63 27228
63 27322
63 27382
63 27411
63 27482
63 27645
63 27651
63 27668
63 27669
63 27736
63 27768
63 27890
63 27897
63 27915
63 28082
63 28113
63 28240
63 28290
63 28321
63 28350
63 28619
63 28959
63 29208
63 29262
63 29379
63 29615
63 29659
63 29749
63 29757
63 29766
63 29834
63 30011
63 30157
63 30336
63 30722
63 30725
63 30884
63 30906
63 30938
63 31150
63 31203
63 31250
63 31372
63 31444
63 31455
63 31469
63 31735
63 31744
63 31798
63 31872
63 32176
63 32299
63 32311
63 32543
63 32566
63 32897
63 32961
63 33154
63 33238
63 33455
63 33456
63 33637
63 34042
63 34087
63 34309
63 34354
63 34397
63 34771
63 34862
63 35035
63 35055
63 35085
63 35160
63 35497
63 35605
63 35662
63 35677
63 36248
63 36265
63 36479
63 36517
63 36617
63 36701
63 36787
63 36945
63 37133
63 37207
63 37746
63 37765
63 37909
63 37929
63 38063
63 38084
63 38258
63 38381
63 38594
63 38651
63 38690
63 38813
63 38895
63 39043
63 39257
63 39260
63 39501
63 39902
63 40172
63 40238
63 40241
63 40254
63 40445
63 40526
63 40665
63 41092
63 41248
63 41349
63 41420
63 41494
63 41585
63 41633
63 41842
63 41892
63 42118
63 42127
63 42147
63 42242
63 42320
63 42572
63 42664
63 42700
63 42707
63 42871
63 43087
63 43167
63 43198
63 43315
63 43418
63 43500
63 43517
63 43737
63 43842
63 43973
63 43999
63 44033
63 44489
63 44490
63 44518
63 44580
63 44641
63 44651
63 44775
63 44784
63 44819
63 44885
63 45012
63 45077
63 45112
63 45125
63 45224
63 45248
63 45356
63 45470
63 45527
63 45543
63 45654
63 45730
63 45827
63 45850
63 46223
63 46306
63 46417
63 46437
63 46463
63 46471
63 46495
63 47007
63 47123
63 47174
63 47199
63 47259
63 47429
63 47585
63 47617
63 47723
63 48072
63 48298
63 48326
63 48502
63 48519
63 48574
63 48644
63 48698
63 48927
63 49076
63 49167
63 49337
63 49351
63 49517
63 49693
63 49729
63 49794
63 49836
63 50030
63 50348
63 50706
63 50755
63 50870
63 50936
63 51106
63 51165
63 51431
63 51638
63 51813
63 51904
63 51942
63 52166
63 52196
63 52220
63 52258
63 52600
63 52902
63 52906
63 52913
63 52942
63 53025
63 53060
63 53098
63 53161
63 53232
63 53277
63 53381
63 53534
63 53796
63 53820
63 54015
63 54102
63 54164
63 54352
63 54426
63 54491
63 54552
63 54609
63 54650
63 54797
63 54824
63 54892
63 54947
63 55094
63 55117
63 55178
63 55188
63 55326
63 55354
63 55516
63 55585
63 55596
63 55659
63 55794
63 55961
63 56195
63 56264
63 56362
63 56376
63 56474
63 56539
63 56672
63 56675
63 56718
63 56760
63 57220
63 57224
63 57279
63 57327
63 57334
63 57348
63 57359
63 57377
63 57752
63 57849
63 57954
63 57989
63 58057
63 58203
63 58267
63 58393
63 58445
63 58552
63 58567
63 58613
63 58672
63 58679
63 58893
63 58947
63 59391
63 59394
63 59525
63 59708
63 59763
63 59777
63 59806
63 59892
63 59902
63 60021
63 60030
63 60165
63 60169
63 60342
63 60383
63 60496
63 60611
63 60618
63 60634
63 60973
63 61008
63 61015
63 61250
63 61266
63 61552
63 61628
63 61643
63 61704
63 61718
63 61755
63 61800
63 61816
63 61911
63 62251
63 62299
63 62402
63 62515
63 62570
63 62627
63 62723
63 62919
63 62977
63 63091
63 63113
63 63249
63 63444
63 63448
63 63643
63 63694
63 63779
63 64188
63 64204
63 64592
63 64786
63 64894
63 65055
63 65164
63 65204
63 65284
63 65322
63 65368
63 65438
63 65607
63 65619
63 65841
63 65956
63 66131
63 66148
63 66226
63 66247
63 66333
63 66474
63 66572
63 66575
63 66595
63 66604
63 66790
63 66866
63 66921
63 66990
63 67179
63 67225
63 67260
63 67312
63 67390
63 67428
63 67499
63 67504
63 67528
63 67772
63 67817
63 67883
63 67954
63 68109
63 68173
63 68203
63 68223
63 68299
63 68309
63 68326
63 68359
63 68461
63 68513
63 68710
63 68827
63 68899
63 68999
63 69136
63 69156
63 69247
63 69284
63 69417
63 69447
63 69454
63 69593
63 69616
63 69889
63 70006
63 70065
63 70238
63 70250
63 70355
63 70482
63 70547
63 70554
63 70562
63 70637
63 70651
63 70792
63 70842
63 71020
63 71199
63 71219
63 71252
63 71342
63 71383
63 71456
63 71535
63 71667
63 71712
63 72035
63 72150
63 72452
63 72487
63 72770
63 72822
63 72876
63 72883
63 72892
63 72940
63 72961
63 72981
63 73152
63 73255
63 73286
63 73582
63 73584
63 73612
63 74113
63 74218
63 74445
63 74741
63 74791
63 74810
63 74820
63 74885
63 74895
63 75000
63 75173
63 75237
63 75915
63 76067
63 76154
63 76343
63 76373
63 76418
63 76506
63 76572
63 76717
63 76845
63 76906
63 76944
63 77072
63 77091
63 77239
63 77268
63 77351
63 77358
63 77475
63 77673
63 78120
63 78145
63 78347
63 78401
63 78452
63 78498
63 78552
63 79058
63 79079
63 79160
63 79352
63 79502
63 79629
63 79819
63 79876
63 79892
63 79911
63 79989
63 80067
63 80103
63 80312
63 80349
63 80389
63 80421
63 80466
63 80660
63 80738
63 80762
63 80842
63 80932
63 81058
63 81121
63 81203
63 81313
63 81326
63 81454
63 81637
63 81647
63 81694
63 81994
63 82055
63 82357
63 82515
63 82652
63 82683
63 82715
63 82880
63 82909
63 82953
63 83094
63 83190
63 83330
63 83625
63 84219
63 84350
63 84432
63 84543
63 84817
63 84858
63 84961
63 85043
63 85400
63 85479
63 85498
63 85563
63 85749
63 85830
63 85998
63 86042
63 86179
63 86186
63 86246
63 86349
63 86400
63 86415
63 86756
63 86892
63 86907
63 86977
63 87002
63 87103
63 87117
63 87208
63 87433
63 87542
63 87644
63 87713
63 87755
63 87799
63 87829
63 87849
63 87952
63 88072
63 88305
63 88349
63 88537
63 88607
63 88898
63 88974
63 89093
63 89304
63 89319
63 89492
63 89742
63 90464
63 90478
63 90601
63 90668
63 90785
63 91181
63 91420
63 91474
63 91526
63 91758
63 91773
63 92043
63 92127
63 92198
63 92207
63 92248
63 92275
63 92290
63 92305
63 92380
63 92385
63 92483
63 92496
63 92531
63 92538
63 92678
63 92814
63 92874
63 93015
63 93114
63 93179
63 93409
63 93422
63 93431
63 93484
63 93493
63 93508
63 93646
63 93814
63 93891
63 94268
63 94324
63 94409
63 94511
63 94601
63 94859
63 94876
63 94963
63 95051
63 95098
63 95160
63 95193
63 95267
63 95333
63 95421
63 95504
63 95532
63 95718
63 95903
63 96001
63 96091
63 96094
63 96124
63 96161
63 96375
63 96708
63 96812
63 96931
63 97176
63 97218
63 97241
63 97365
63 97484
63 97524
63 97552
63 97950
63 98076
63 98092
63 98102
63 98210
63 98276
63 98328
63 98410
63 98490
63 98642
63 98714
63 99171
63 99250
63 99493
63 99593
63 99692
63 99865
63 99892
63 99902
63 99981
63 100353
63 100619
63 101461
63 101493
63 101684
63 101743
63 101859
63 102266
63 102271
63 102428
63 102456
63 102606
63 102675
63 102731
63 102860
63 102909
63 103000
63 103167
63 103387
63 103422
63 104303
63 104544
63 104603
63 104745
63 104764
63 104784
63 104788
63 105000
63 105097
63 105103
63 105147
63 105311
63 105534
63 105751
63 105805
63 105875
63 105891
63 105929
63 105932
63 106070
63 106162
63 106373
63 106473
63 106485
63 106498
63 106681
63 106694
63 106847
63 106937
63 106966
63 107049
63 107052
63 107066
63 107076
63 107165
63 107169
63 107260
63 107357
63 107539
63 107579
63 107645
63 107767
63 107768
63 107821
63 108037
63 108047
63 108155
63 108177
63 108253
63 108813
63 108850
63 108855
63 108890
63 109112
63 109137
63 109342
63 109385
63 109469
63 109531
63 109672
63 109769
63 109895
63 109907
63 110122
63 110149
63 110153
63 110166
63 110196
63 110338
63 110442
63 110824
63 111178
63 111185
63 111341
63 111407
63 111657
63 111694
63 111721
63 111802
63 111909
63 111935
63 111938
63 112045
63 112330
63 112358
63 112390
63 112476
63 112762
63 112997
63 113000
63 113070
63 113422
63 113497
63 113579
63 113677
63 113718
63 113749
63 113810
63 113891
63 113927
63 113928
63 113959
63 114110
63 114154
63 114280
63 114334
63 114357
63 114417
63 114508
63 114605
63 114686
63 114705
63 114813
63 114842
63 114879
63 115009
63 115076
63 115208
63 115428
63 115645
63 115656
63 115910
63 115973
63 116070
63 116108
63 116171
63 116187
63 116414
63 116580
63 116593
63 116634
63 116683
63 116686
63 116699
63 116705
63 116727
63 116823
63 116828
63 116900
63 116924
63 117060
63 117277
63 117349
63 117441
63 117464
63 117539
63 117626
63 117754
63 117885
63 117903
63 117936
63 118011
63 118083
63 118095
63 118455
63 118504
63 118605
63 118641
63 118673
63 118866
63 118964
63 119221
63 119258
63 119380
63 119430
63 119492
63 119600
63 119606
63 119624
63 119766
63 119842
63 119994
63 120002
63 120257
63 120262
63 120650
63 120760
63 120911
63 120963
63 121138
63 121583
63 121589
63 121699
63 121713
63 121749
63 121973
63 122004
63 122250
63 122504
63 122571
63 122621
63 122666
63 122705
63 122981
63 123590
63 123606
63 123682
63 123703
63 123744
63 123850
63 123905
63 123924
63 124028
63 124117
63 124360
63 124507
63 124528
63 124532
63 124615
63 124646
63 124682
63 124686
63 124717
63 124722
63 124794
63 124859
63 124973
63 125018
63 125085
63 125090
63 125330
63 125473
63 125627
63 125763
63 125799
63 125893
63 125954
63 126026
63 126173
63 126252
63 126289
63 126329
63 126372
63 126417
63 126502
63 126505
63 126652
63 126669
63 126738
63 126828
63 126847
63 126909
63 126973
63 127221
63 127242
63 127378
63 127409
63 127463
63 127551
63 127614
63 127814
63 127912
63 127971
63 128007
63 128389
63 128472
63 128547
63 128750
63 128954
63 129060
63 129062
63 129121
63 129145
63 129151
63 129154
63 129289
63 129309
63 129315
63 129597
63 129909
63 129940
63 130059
63 130066
63 130070
63 130120
63 130150
63 130151
63 130380
63 130491
63 130716
63 130724
63 130864
63 131397
63 131462
63 131712
63 131722
63 131774
63 131916
63 131942
63 132355
63 132461
63 132489
63 132600
63 132666
63 132716
63 132897
63 132978
63 133037
63 133326
63 133328
63 133463
63 133672
63 134030
63 134058
63 134163
63 134358
63 134455
63 134620
63 134709
63 134756
63 134875
63 135079
63 135085
63 135141
63 135187
63 135451
63 135471
63 135616
64 164
64 179
64 184
64 331
64 557
64 627
64 740
64 899
64 941
64 1042
64 1053
64 1063
64 1161
64 1252
64 1381
64 1411
64 1599
64 1650
64 1902
64 2199
64 2486
64 2524
64 2543
64 2571
64 2696
64 2707
64 2709
64 3026
64 3193
64 3658
64 3750
64 4062
64 4172
64 4345
64 4563
64 4726
64 4833
64 4855
64 4955
64 5158
64 5535
64 5699
64 5751
64 5834
64 5989
64 6175
64 6280
64 6493
64 6649
64 6728
64 6730
64 6957
64 7017
64 7042
64 7084
64 7115
64 7153
64 7298
64 7413
64 7661
64 7953
64 8001
64 8356
64 8383
64 8880
64 8918
64 8952
64 9118
64 9135
64 9136
64 9151
64 9294
64 9482
64 9543
64 9564
64 9583
64 9708
64 9713
64 9863
64 9872
64 9885
64 10001
64 10043
64 10148
64 10259
64 10337
64 10395
64 10548
64 10598
64 10629
64 10671
64 10783
64 10810
64 10904
64 11038
64 11093
64 11143
64 11193
64 11274
64 11333
64 11399
64 11549
64 11554
64 11770
64 11783
64 11842
64 11858
64 12015
64 12087
64 12226
64 12255
64 12359
64 12368
64 12382
64 12387
64 12492
64 12568
64 12574
64 12598
64 12706
64 12739
64 12789
64 12961
64 12994
64 12997
64 13070
64 13168
64 13206
64 13219
64 13265
64 13533
64 13551
64 13566
64 13591
64 13663
64 13773
64 13825
64 13850
64 13855
64 14004
64 14018
64 14153
64 14164
64 14226
64 14255
64 14336
64 14392
64 14402
64 14610
64 14624
64 14677
64 14796
64 14878
64 15036
64 15042
64 15286
64 15346
64 15387
64 15465
64 15566
64 15633
64 15709
64 15737
64 15785
64 15979
64 16126
64 16171
64 16244
64 16253
64 16264
64 16270
64 16357
64 16366
64 16404
64 16433
64 16604
64 16816
64 16846
64 17119
64 17254
64 17272
64 17358
64 17668
64 17688
64 17693
64 17832
64 17932
64 17935
64 18020
64 18039
64 18259
64 18308
64 18316
64 18579
64 18616
64 18860
64 18885
64 19086
64 19445
64 19735
64 19819
64 19848
64 19984
64 20043
64 20066
64 20309
64 20349
64 20367
64 20400
64 20575
64 20599
64 20769
64 20773
64 20778
64 20827
64 20865
64 20946
64 21009
64 21245
64 21287
64 21313
64 21386
64 21714
64 21788
64 22067
64 22111
64 22596
64 22630
64 22683
64 22780
64 23222
64 23309
64 23325
64 23344
64 23626
64 23676
64 24069
64 24648
64 24681
64 24801
64 24825
64 24918
64 24933
64 24941
64 25015
64 25060
64 25105
64 25262
64 25411
64 25413
64 25488
64 25731
64 25746
64 26170
64 26266
64 26422
64 26431
64 26532
64 26665
64 26780
64 27044
64 27164
64 27205
64 27273
64 27379
64 27561
64 27630
64 27650
64 27661
64 27773
64 27878
64 28005
64 28045
64 28091
64 28204
64 28352
64 28357
64 28791
64 28802
64 28892
64 29021
64 29300
64 29388
64 29647
64 29784
64 29834
64 29847
64 29862
64 29996
64 30005
64 30292
64 30608
64 30789
64 30802
64 30893
64 31107
64 31122
64 31126
64 31140
64 31267
64 31537
64 31570
64 31597
64 31601
64 31644
64 31710
64 31756
64 31822
64 31945
64 31961
64 31968
64 31971
64 32083
64 32107
64 32136
64 32215
64 32334
64 32343
64 32442
64 32545
64 32643
64 32868
64 32903
64 32990
64 33256
64 33327
64 33720
64 33752
64 33765
64 33796
64 33838
64 33972
64 34155
64 34167
64 34230
64 34340
64 34534
64 34540
64 34698
64 34746
64 34845
64 34965
64 35461
64 35464
64 35610
64 35705
64 36145
64 36205
64 36207
64 36692
64 36741
64 37156
64 37317
64 37425
64 37596
64 37621
64 37648
64 37711
64 37712
64 37996
64 38049
64 38295
64 38385
64 38428
64 38449
64 38470
64 38486
64 38609
64 38751
64 38794
64 38900
64 38906
64 38918
64 39046
64 39398
64 39688
64 39711
64 39867
64 39999
64 40091
64 40154
64 40354
64 40390
64 40457
64 40483
64 40558
64 40618
64 40814
64 40872
64 41021
64 41186
64 41281
64 41315
64 41326
64 41353
64 41396
64 41403
64 41428
64 41496
64 41551
64 41558
64 41572
64 41594
64 41727
64 41744
64 41761
64 41775
64 41832
64 41945
64 42066
64 42075
64 42131
64 42139
64 42156
64 42248
64 42467
64 42481
64 42549
64 42682
64 42701
64 42842
64 42874
64 42880
64 42953
64 42965
64 42999
64 43130
64 43183
64 43218
64 43902
64 43932
64 43996
64 44079
64 44218
64 44418
64 44420
64 44452
64 44562
64 44566
64 44808
64 44809
64 45047
64 45160
64 45401
64 45498
64 45666
64 45682
64 45688
64 45720
64 45805
64 45892
64 46006
64 46225
64 46384
64 46653
64 46699
64 46809
64 46825
64 46983
64 47065
64 47181
64 47213
64 47265
64 47352
64 47471
64 47766
64 47795
64 47847
64 47872
64 47883
64 47919
64 47967
64 47980
64 48008
64 48025
64 48316
64 48463
64 48644
64 48735
64 48749
64 48998
64 49129
64 49161
64 49287
64 49371
64 49493
64 49526
64 49533
64 49620
64 49641
64 49679
64 49787
64 50027
64 50044
64 50093
64 50133
64 50371
64 50463
64 50636
64 50691
64 50739
64 50803
64 50931
64 50999
64 51137
64 51178
64 51375
64 51423
64 51730
64 51838
64 51882
64 52030
64 52079
64 52195
64 52227
64 52260
64 52271
64 52364
64 52394
64 52496
64 52606
64 52833
64 52902
64 53059
64 53098
64 53123
64 53351
64 53388
64 53401
64 53691
64 53744
64 53762
64 53800
64 53828
64 54089
64 54109
64 54262
64 54377
64 54498
64 54622
64 54645
64 54736
64 54849
64 55022
64 55084
64 55283
64 55382
64 55433
64 55448
64 55617
64 55663
64 55952
64 56234
64 56390
64 56565
64 56612
64 56737
64 56791
64 56794
64 56828
64 56901
64 56924
64 56929
64 57000
64 57051
64 57225
64 57232
64 57495
64 57525
64 57552
64 57569
64 57573
64 57662
64 57727
64 58018
64 58050
64 58104
64 58159
64 58203
64 58297
64 58408
64 58628
64 58673
64 58681
64 58766
64 58801
64 58808
64 58832
64 58953
64 59000
64 59269
64 59374
64 59389
64 59438
64 59592
64 59703
64 59706
64 59730
64 60045
64 60193
64 60403
64 60612
64 60734
64 60752
64 60794
64 61084
64 61343
64 61404
64 61423
64 61439
64 61458
64 61739
64 61903
64 62098
64 62205
64 62235
64 62260
64 62395
64 62462
64 62580
64 62703
64 63032
64 63038
64 63086
64 63132
64 63274
64 63467
64 63545
64 63881
64 64135
64 64238
64 64303
64 64381
64 64409
64 64442
64 64507
64 64545
64 64617
64 64760
64 64851
64 65010
64 65027
64 65028
64 65217
64 65602
64 65781
64 65892
64 65971
64 66074
64 66421
64 66484
64 66756
64 66872
64 66930
64 67044
64 67111
64 67308
64 67391
64 67434
64 67521
64 67565
64 67702
64 67800
64 67889
64 67949
64 68111
64 68213
64 68813
64 68929
64 68945
64 69025
64 69067
64 69298
64 69342
64 69353
64 69401
64 69412
64 69421
64 69439
64 69599
64 69679
64 69687
64 69723
64 69767
64 69805
64 69823
64 69833
64 69992
64 70070
64 70174
64 70196
64 70234
64 70261
64 70322
64 70403
64 70526
64 70588
64 70944
64 71057
64 71292
64 71407
64 71447
64 71460
64 71578
64 71799
64 71901
64 71927
64 72199
64 72363
64 72406
64 72418
64 72701
64 72709
64 72859
64 73075
64 73329
64 73398
64 73492
64 73820
64 74040
64 74103
64 74202
64 74219
64 74225
64 74236
64 74251
64 74340
64 74678
64 74717
64 74996
64 75001
64 75052
64 75188
64 75272
64 75321
64 75711
64 75894
64 75903
64 75957
64 76049
64 76051
64 76169
64 76210
64 76476
64 76493
64 76500
64 76571
64 76610
64 76654
64 76767
64 76906
64 76950
64 77186
64 77404
64 77544
64 77828
64 77885
64 78040
64 78134
64 78275
64 78313
64 78400
64 78521
64 78709
64 78727
64 78730
64 78801
64 78839
64 78902
64 79264
64 79281
64 79306
64 79377
64 79451
64 79546
64 79642
64 79788
64 80000
64 80196
64 80283
64 80387
64 80405
64 80509
64 80513
64 80558
64 80818
64 80960
64 80966
64 81047
64 81074
64 81223
64 81237
64 81341
64 81358
64 81421
64 81654
64 81682
64 81901
64 82199
64 82311
64 82509
64 82785
64 83003
64 83255
64 83311
64 83390
64 83425
64 83632
64 83816
64 83840
64 83959
64 83996
64 84019
64 84129
64 84240
64 84250
64 84579
64 85014
64 85025
64 85077
64 85095
64 85292
64 85309
64 85376
64 85934
64 85941
64 85964
64 86027
64 86129
64 86165
64 86193
64 86214
64 86252
64 86364
64 86401
64 86720
64 86757
64 86817
64 87111
64 87129
64 87179
64 87188
64 87191
64 87488
64 87642
64 87779
64 88010
64 88079
64 88205
64 88587
64 88616
64 88855
64 88869
64 88960
64 89025
64 89035
64 89105
64 89189
64 89370
64 89452
64 89474
64 89533
64 89592
64 89646
64 89790
64 89844
64 89904
64 90143
64 90207
64 90323
64 90405
64 90505
64 90698
64 90837
64 90846
64 90881
64 91076
64 91492
64 91610
64 91621
64 91635
64 91661
64 91716
64 91853
64 91879
64 91913
64 92140
64 92142
64 92261
64 92575
64 92666
64 92782
64 92818
64 92845
64 93033
64 93097
64 93477
64 93732
64 93764
64 93846
64 93886
64 93904
64 93926
64 93962
64 94027
64 94108
64 94334
64 94454
64 94457
64 94559
64 94617
64 94705
64 95002
64 95065
64 95146
64 95267
64 95385
64 95408
64 95557
64 95729
64 95749
64 95856
64 95874
64 96160
64 96167
64 96188
64 96281
64 96421
64 96440
64 96461
64 96470
64 96540
64 96612
64 96712
64 96829
64 96910
64 96937
64 97033
64 97062
64 97172
64 97355
64 97452
64 97565
64 97601
64 97647
64 97847
64 97862
64 97951
64 98023
64 98065
64 98282
64 98592
64 98824
64 98833
64 98887
64 99318
64 99323
64 99398
64 99404
64 99432
64 99447
64 99542
64 99555
64 99645
64 100272
64 100330
64 100611
64 100632
64 100783
64 100861
64 101113
64 101161
64 101295
64 101359
64 101436
64 101498
64 101515
64 101575
64 101677
64 101765
64 101788
64 101853
64 101975
64 102070
64 102151
64 102164
64 102373
64 102668
64 102669
64 102760
64 102826
64 102861
64 102875
64 102926
64 103043
64 103338
64 103342
64 103360
64 103420
64 103573
64 103714
64 103826
64 103924
64 104026
64 104139
64 104182
64 104473
64 104506
64 104718
64 104720
64 104818
64 104966
64 105045
64 105126
64 105140
64 105251
64 105304
64 105320
64 105349
64 105374
64 105474
64 105626
64 105738
64 105753
64 105756
64 105967
64 105998
64 106046
64 106120
64 106331
64 106346
64 106536
64 106598
64 106602
64 106822
64 106869
64 106870
64 107056
64 107071
64 107088
64 107210
64 107284
64 107746
64 107754
64 107807
64 107920
64 107927
64 108246
64 108470
64 108547
64 108597
64 108723
64 108831
64 108891
64 109111
64 109154
64 109186
64 109198
64 109238
64 109497
64 109748
64 109751
64 109825
64 109939
64 110112
64 110224
64 110288
64 110538
64 110544
64 110574
64 110669
64 110788
64 110827
64 110913
64 110916
64 110957
64 111067
64 111184
64 111279
64 111291
64 111296
64 111371
64 111429
64 111482
64 111495
64 111497
64 111664
64 111684
64 111790
64 111836
64 111926
64 111934
64 112035
64 112537
64 112561
64 112662
64 112762
64 112813
64 112891
64 113063
64 113139
64 113169
64 113175
64 113237
64 113409
64 113479
64 113521
64 113580
64 113626
64 114079
64 114313
64 114376
64 114438
64 114711
64 114826
64 115025
64 115069
64 115196
64 115397
64 115529
64 115597
64 115672
64 116291
64 116652
64 116847
64 116871
64 116966
64 117278
64 117359
64 117438
64 117448
64 117546
64 117703
64 117721
64 117806
64 118066
64 118146
64 118228
64 118318
64 118319
64 118398
64 118485
64 118617
64 118703
64 118824
64 118884
64 118971
64 119187
64 119226
64 119402
64 119509
64 119609
64 119655
64 119698
64 119768
64 119790
64 119852
64 119859
64 119948
64 119955
64 120109
64 120197
64 120258
64 120270
64 120298
64 120581
64 120862
64 121024
64 121293
64 121380
64 121611
64 121848
64 121907
64 121972
64 121995
64 122265
64 122368
64 122705
64 122711
64 122758
64 122925
64 123208
64 123226
64 123349
64 123604
64 123661
64 123737
64 123903
64 123980
64 124009
64 124071
64 124072
64 124165
64 124485
64 124575
64 124798
64 124891
64 124952
64 125007
64 125109
64 125155
64 125177
64 125302
64 125360
64 125385
64 125407
65 11
65 198
65 293
65 681
65 717
65 958
65 973
65 1011
65 1025
65 1105
65 1382
65 1396
65 12846
65 12868
65 13082
65 13133
65 13324
65 13349
65 13463
65 13540
65 13669
65 13888
65 13954
65 14006
65 14048
65 14172
65 14251
65 14297
65 14532
65 14534
65 14590
65 14600
65 14667
65 14778
65 14872
65 14880
65 14936
65 14988
65 15025
65 15163
65 15228
65 15332
65 15347
65 15359
65 15900
65 16205
65 16216
65 16550
65 16632
65 16647
65 16680
65 16708
65 16794
65 16880
65 16920
65 17181
65 17264
65 17473
65 17474
65 17568
65 17579
65 17626
65 17850
65 18137
65 18258
65 18282
65 18410
65 18429
65 18618
65 18655
65 18675
65 18694
65 18807
65 18910
65 19054
65 19112
65 19173
65 19333
65 19573
65 19577
65 19600
65 19943
65 19945
65 19984
65 20011
65 20076
65 20105
65 20302
65 20909
65 21021
65 21063
65 21124
65 21182
65 21248
65 21329
65 21495
65 21626
65 21775
65 21824
65 21903
65 22185
65 22229
65 22311
65 22407
65 22509
65 23101
65 23219
65 23302
65 23313
65 23708
65 23770
65 23906
65 24079
65 24108
65 24116
65 24153
65 24195
65 24271
65 24493
65 24545
65 24909
65 25030
65 25352
65 25769
65 25798
65 26012
65 26429
65 26462
65 26484
65 26515
65 26545
65 26564
65 26584
65 26592
65 26601
65 26636
65 26671
65 26738
65 26782
65 26864
65 26945
65 27058
65 27182
65 27350
65 27639
65 27770
65 27935
65 28033
65 28208
65 28260
65 28265
65 28326
65 28365
65 28458
65 28469
65 28523
65 28677
65 29019
65 29092
65 29144
65 29151
65 29181
65 29234
65 29398
65 29488
65 29578
65 29615
65 29659
65 29684
65 29760
65 30060
65 30118
65 30155
65 30182
65 30256
65 30310
65 30534
65 30885
65 30933
65 31306
65 31349
65 31770
65 31795
65 31887
65 32004
65 32025
65 32110
65 32217
65 32263
65 32418
65 32668
65 32707
65 32749
65 32893
65 32996
65 33038
65 33057
65 33089
65 33097
65 33123
65 33251
65 33295
65 33392
65 33413
65 33719
65 33874
65 34190
65 34340
65 34407
65 34557
65 34714
65 35029
65 35071
65 35291
65 35342
65 35503
65 35680
65 35689
65 35723
65 35902
65 36115
65 36308
65 36466
65 36524
65 36709
65 36954
65 36999
65 37019
65 37075
65 37135
65 37352
65 37390
65 37479
65 37488
65 37651
65 37785
65 37802
65 38067
65 38151
65 38265
65 38275
65 38295
65 38369
65 38788
65 38857
65 39089
65 39265
65 39466
65 39535
65 39657
65 39757
65 39767
65 39872
65 39990
65 40083
65 40125
65 40313
65 40439
65 40620
65 40678
65 40796
65 40835
65 40912
65 40921
65 40925
65 40973
65 41067
65 41180
65 41449
65 41458
65 41606
65 41795
65 41934
65 42309
65 42331
65 42402
65 42437
65 42562
65 42685
65 42790
65 42827
65 43499
65 43505
65 43531
65 43584
65 43601
65 43648
65 43720
65 43893
65 43914
65 43937
65 44073
65 44109
65 44134
65 44366
65 44374
65 44610
65 44716
65 44737
65 44906
65 44941
65 44998
65 45251
65 45672
65 45688
65 45756
65 45791
65 45836
65 45908
65 45918
65 46018
65 46068
65 46151
65 46220
65 46399
65 47198
65 47203
65 47545
65 47595
65 47604
65 47637
65 47881
65 47976
65 48078
65 48829
65 48900
65 49117
65 49119
65 49497
65 50103
65 50139
65 50426
65 50433
65 50458
65 50462
65 50474
65 50655
65 50756
65 50955
65 50959
65 51228
65 51580
65 51707
65 51800
65 51869
65 52056
65 52186
65 52211
65 52317
65 52337
65 52419
65 52462
65 52517
65 52518
65 52666
65 52676
65 53107
65 53493
65 53865
65 53887
65 53979
65 54026
65 54091
65 54491
65 55363
65 55496
65 55521
65 55539
65 55650
65 55835
65 55850
65 55870
65 55892
65 55969
65 56046
65 56355
65 56369
65 56568
65 56668
65 56700
65 56764
65 56845
65 56849
65 57327
65 57339
65 57813
65 58236
65 58359
65 58648
65 58862
65 58996
65 59403
65 59451
65 59712
65 59728
65 59754
65 59930
65 60000
65 60191
65 60485
65 60608
65 60838
65 60847
65 60868
65 60878
65 60894
65 60925
65 61096
65 61114
65 61183
65 61246
65 61917
65 62006
65 62240
65 62337
65 62368
65 62377
65 62518
65 62574
65 62661
65 62788
65 62883
65 62947
65 63023
65 63172
65 63308
65 63559
65 63593
65 63775
65 63801
65 63852
65 63993
65 64118
65 64220
65 64273
65 64285
65 64496
65 64643
65 64703
65 64734
65 64829
65 64877
65 64929
65 65064
65 65094
65 65157
65 65493
65 65772
65 66033
65 66242
65 66323
65 66387
65 66406
65 66463
65 66506
65 66562
65 66651
65 66919
65 66950
65 67017
65 67076
65 67097
65 67145
65 67156
65 67166
65 67197
65 67222
65 67348
65 67639
65 67652
65 67832
65 67893
65 67895
65 67924
65 68146
65 68280
65 68371
65 68382
65 68404
65 68516
65 68537
65 68645
65 68800
65 68846
65 69117
65 69135
65 69204
65 69533
65 69600
65 69637
65 69754
65 70032
65 70860
65 70891
65 70946
65 71174
65 71240
65 71467
65 71527
65 71687
65 71868
65 71964
65 71969
65 71995
65 72125
65 72135
65 72323
65 72325
65 72437
65 72542
65 72605
65 72627
65 72690
65 72804
65 72857
65 72926
65 72966
65 72977
65 73216
65 73226
65 73410
65 73706
65 73748
65 73931
65 74145
65 74153
65 74182
65 74332
65 74544
65 74623
65 74790
65 74801
65 74877
65 75072
65 75086
65 75188
65 75304
65 75360
65 75506
65 75615
65 75628
65 75687
65 75758
65 75850
65 75904
65 76154
65 76218
65 76361
65 76380
65 76426
65 76546
65 76727
65 76774
65 76779
65 77112
65 77210
65 77380
65 77412
65 77601
65 77900
65 77917
65 78017
65 78056
65 78191
65 78308
65 78381
65 78415
65 78428
65 78453
65 78466
65 78518
65 78688
65 78738
65 78895
65 78910
65 78962
65 78989
65 79046
65 79069
65 79213
65 79336
65 79372
65 79511
65 79526
65 79591
65 79611
65 79620
65 79822
65 80218
65 80316
65 80527
65 80640
65 80676
65 80685
65 80855
65 80882
65 81273
65 81311
65 81400
65 81872
65 82019
65 82238
65 82258
65 82267
65 82511
65 82624
65 82729
65 82759
65 82890
65 83075
65 83111
65 83267
65 83364
65 83397
65 83673
65 83707
65 83815
65 83904
65 83951
65 83992
65 84045
65 84209
65 84236
65 84239
65 84245
65 84420
65 84489
65 84614
65 84690
65 84699
65 84705
65 84713
65 84800
65 84904
65 84970
65 84976
65 85242
65 85484
65 85745
65 86141
65 86244
65 86360
65 86426
65 86430
65 86510
65 86551
65 86584
65 86923
65 86979
65 87168
65 87205
65 87248
65 87295
65 87450
65 87570
65 87633
65 87722
65 87767
65 87848
65 87855
65 87910
65 87977
65 88212
65 88271
65 88586
65 88685
65 88757
65 88771
65 88802
65 88855
65 88936
65 88946
65 88965
65 89187
65 89261
65 89276
65 89425
65 89703
65 89825
65 89890
65 89891
65 90029
65 90103
65 90106
65 90417
65 90526
65 90530
65 90545
65 90658
65 90694
65 90727
65 90947
65 91147
65 91278
65 91353
65 91411
65 91482
65 91672
65 91714
65 91761
65 91824
65 91831
65 92061
65 92270
65 92363
65 92653
65 92734
65 92795
65 92869
65 92963
65 93014
65 93027
65 93065
65 93381
65 93561
65 93581
65 93645
65 93653
65 93794
65 93801
65 93944
65 94277
65 94316
65 94469
65 94493
65 94596
65 94616
65 94728
65 94845
65 94939
65 95130
65 95213
65 95369
65 95429
65 95623
65 95838
65 95852
65 95961
65 96173
65 96193
65 96259
65 96304
65 96305
65 96337
65 96427
65 96540
65 96638
65 97117
65 97332
65 97464
65 97487
65 97498
65 97575
65 97751
65 97849
65 97852
65 97952
65 97989
65 98009
65 98118
65 98205
65 98416
65 98680
65 98806
65 98936
65 98998
65 99036
65 99186
65 99190
65 99231
65 99309
65 99324
65 99382
65 99407
65 99515
65 99518
65 99584
65 99738
65 99923
65 99928
65 100087
65 100089
65 100143
65 100329
65 100470
65 100949
65 100973
65 101252
65 101290
65 101326
65 101457
65 101504
65 101539
65 101592
65 101679
65 101869
65 102039
65 102077
65 102136
65 102337
65 102464
65 102736
65 102742
65 102768
65 102947
65 102969
65 103194
65 103358
65 103389
65 103391
65 103582
65 103644
65 103696
65 103815
65 103916
65 104028
65 104115
65 104185
65 104200
65 104330
65 104338
65 104394
65 104414
65 104686
65 104749
65 104920
65 105066
65 105071
65 105147
65 105170
65 105199
65 105232
65 105444
65 105675
65 105736
65 105829
65 105837
65 106065
65 106610
65 106740
65 107027
65 107105
65 107135
65 107405
65 107407
65 107448
65 107471
65 107495
65 107544
65 107647
65 107817
65 107966
65 108061
65 108118
65 108187
65 108189
65 108243
65 108292
65 108365
65 108426
65 108524
65 108663
65 108926
65 109051
65 109170
65 109172
65 109176
65 109193
65 109228
65 109233
65 109442
65 109510
65 109545
65 109626
65 109786
65 109898
65 109923
65 109929
65 109986
65 110260
65 110301
65 110391
65 110396
65 110565
65 110745
65 110751
65 110990
65 111073
65 111077
65 111428
65 111442
65 111642
65 111696
65 111835
65 112021
65 112028
65 112152
65 112156
65 112185
65 112230
65 112527
65 112918
65 113070
65 113182
65 113240
65 113355
65 113371
65 113372
65 113507
65 113570
65 113776
65 113809
65 113860
65 113902
65 114019
65 114022
65 114172
65 114173
65 114215
65 114284
65 114458
65 114481
65 114568
65 114673
65 114801
65 114851
65 114857
65 115026
65 115032
65 115120
65 115163
65 115360
65 115923
65 116101
65 116118
65 116129
65 116149
65 116194
65 116240
65 116312
65 116325
65 116405
65 116421
65 116674
65 116679
65 116800
65 116903
65 117085
65 117127
65 117131
65 117481
65 117777
65 117792
65 117797
65 117831
65 117957
65 118198
65 118206
65 118257
65 118414
65 118447
65 118470
65 118594
65 118762
65 118763
65 118802
65 118873
65 118964
65 119033
65 119143
65 119200
65 119321
65 119422
65 119481
65 119498
65 119608
65 119636
65 119947
65 120032
65 120359
65 120659
65 120906
65 120908
65 120909
65 121068
65 121199
65 121356
65 121394
65 121547
65 121670
65 121688
65 121734
65 121791
65 121824
65 121832
65 121837
65 121952
65 121987
65 122081
65 122220
65 122250
65 122262
65 122565
65 122660
65 122931
65 123014
65 123040
65 123049
65 123092
65 123146
65 123317
65 123357
65 123365
65 123539
65 123632
65 123725
65 123728
65 123817
65 123924
65 124508
65 124679
65 124904
65 124965
65 125055
65 125132
65 125719
65 125870
65 125961
65 126232
65 126270
65 126298
65 126424
66 6
66 85
66 110
66 112
66 118
66 153
66 156
66 169
66 182
66 348
66 410
66 757
66 788
66 868
66 918
66 954
66 955
66 1026
66 1425
66 1627
66 1683
66 1786
66 1793
66 1883
66 2209
66 2280
66 2313
66 2452
66 2650
66 2667
66 2888
66 3083
66 3110
66 3243
66 3799
66 3882
66 3970
66 3994
66 3997
66 4005
66 4012
66 4231
66 4251
66 4264
66 4265
66 4323
66 4328
66 4395
66 4436
66 4512
66 4550
66 4624
66 4659
66 4790
66 4832
66 4858
66 4949
66 5055
66 5185
66 5225
66 5276
66 5326
66 5480
66 5621
66 6100
66 6138
66 6194
66 6218
66 6427
66 6627
66 6702
66 7025
66 7057
66 7084
66 7090
66 7106
66 7194
66 7208
66 7221
66 7392
66 7415
66 7554
66 7611
66 7737
66 7928
66 8072
66 8202
66 8223
66 8257
66 8371
66 8386
66 8446
66 8519
66 8541
66 8654
66 8749
66 8962
66 9321
66 9358
66 9464
66 9658
66 9786
66 10074
66 10093
66 10193
66 10276
66 10303
66 10342
66 10450
66 10471
66 10495
66 10508
66 10640
66 10884
66 10965
66 11015
66 11086
66 11400
66 11422
66 11450
66 11525
66 11938
66 11972
66 11988
66 12270
66 12280
66 12314
66 12325
66 12362
66 12558
66 12741
66 12885
66 13118
66 13274
66 13334
66 13652
66 13815
66 13817
66 14040
66 14051
66 14378
66 14454
66 14533
66 14734
66 14787
66 14815
66 15198
66 15602
66 15746
66 16067
66 16079
66 16150
66 16280
66 16295
66 16506
66 16731
66 16885
66 16901
66 17118
66 17140
66 17275
66 17622
66 17684
66 17743
66 17785
66 17813
66 18008
66 18120
66 18163
66 18217
66 18259
66 18300
66 18345
66 18463
66 18512
66 18565
66 18596
66 18751
66 18857
66 18863
66 19231
66 19274
66 19480
66 19739
66 19766
66 19839
66 19973
66 20041
66 20105
66 20264
66 20290
66 20294
66 20348
66 20464
66 20471
66 20474
66 21043
66 21113
66 21174
66 21240
66 21385
66 21409
66 21539
66 21541
66 21566
66 21647
66 21668
66 21676
66 21686
66 21779
66 21866
66 21980
66 22076
66 22210
66 22394
66 22500
66 22598
66 22612
66 22706
66 22753
66 22785
66 22825
66 22921
66 23058
66 23342
66 23368
66 23435
66 23601
66 23706
66 23945
66 23988
66 24191
66 24262
66 24353
66 24407
66 24441
66 24591
66 24599
66 24624
66 24958
66 25014
66 25323
66 25369
66 25420
66 25431
66 25444
66 25488
66 25501
66 25512
66 25587
66 25610
66 25635
66 25755
66 25801
66 25828
66 25830
66 25918
66 25988
66 26066
66 26078
66 26106
66 26206
66 26291
66 26455
66 26607
66 26684
66 26911
66 26941
66 27000
66 27077
66 27140
66 27351
66 27455
66 27462
66 27566
66 27601
66 27752
66 27810
66 27861
66 27866
66 27886
66 27908
66 28086
66 28161
66 28196
66 28226
66 28644
66 28702
66 28749
66 29031
66 29074
66 29125
66 29236
66 29469
66 29531
66 29629
66 29760
66 29832
66 29843
66 29935
66 29938
66 29978
66 30041
66 30245
66 30889
66 31362
66 31499
66 31579
66 31615
66 31676
66 31716
66 31844
66 31846
66 31925
66 32293
66 32332
66 32388
66 32885
66 32946
66 33078
66 33481
66 33582
66 33647
66 33771
66 33895
66 33950
66 34071
66 34136
66 34230
66 34307
66 34481
66 34542
66 34604
66 34614
66 34824
66 34855
66 34864
66 34881
66 35016
66 35105
66 35312
66 35314
66 35396
66 35434
66 35455
66 35489
66 35635
66 35777
66 35976
66 36087
66 36140
66 36169
66 36192
66 36239
66 36468
66 36498
66 36513
66 36598
66 36718
66 36843
66 36867
66 36886
66 36975
66 36987
66 37068
66 37069
66 37124
66 37196
66 37208
67 3
67 161
67 452
67 533
67 614
67 724
67 732
67 844
67 968
67 981
67 1093
67 1130
67 1374
67 1392
67 1610
67 1705
67 1751
67 1818
67 1854
67 2504
67 2513
67 2527
67 2613
67 2738
67 2747
67 2862
67 2886
67 3017
67 3214
67 3247
67 3492
67 3508
67 3573
67 3688
67 3725
67 3837
67 3970
67 4136
67 4352
67 4364
67 4785
67 4903
67 5040
67 5115
67 5419
67 5486
67 5645
67 5866
67 5870
67 6094
67 6118
67 6195
67 6491
67 6573
67 6581
67 6595
67 6606
67 6989
67 7120
67 7181
67 7384
67 7474
67 7596
67 7740
67 7816
67 7954
67 8074
67 8157
67 8177
67 8230
67 8407
67 8462
67 8527
67 8555
67 8617
67 8796
67 8901
67 8930
67 8957
67 9084
67 9216
67 9221
67 9239
67 9421
67 9448
67 9739
67 9964
67 10307
67 10371
67 10509
67 10605
67 10631
67 10695
67 10790
67 11510
67 11648
67 11744
67 12003
67 12016
67 12050
67 12233
67 12335
67 12384
67 12426
67 12458
67 12524
67 12633
67 12635
67 12653
67 12851
67 12921
67 12977
67 13004
67 13067
67 13082
67 13099
67 13105
67 13343
67 13369
67 13441
67 13466
67 13630
67 13778
67 13781
67 13789
67 13843
67 14131
67 14409
67 14412
67 14536
67 14759
67 14981
67 15178
67 15212
67 15335
67 15506
67 15603
67 15614
67 15695
67 15716
67 15780
67 16040
67 16055
67 16073
67 16155
67 16187
67 16194
67 16511
67 16558
67 16731
67 16834
67 16981
67 17070
67 17107
67 17439
67 17462
67 17556
67 17570
67 17596
67 17690
67 17707
67 17980
67 18085
67 18265
67 18485
67 18563
67 18632
67 18657
67 18734
67 18806
67 19130
67 19336
67 19420
67 19426
67 19582
67 19875
67 19940
67 20046
67 20205
67 20215
67 20273
67 20341
67 20354
67 20398
67 20421
67 20492
67 20582
67 20627
67 20732
67 20791
67 20797
67 20872
67 21075
67 21089
67 21127
67 21291
67 21293
67 21407
67 21685
67 21724
67 21870
67 21893
67 22022
67 22156
67 22244
67 22320
67 22544
67 22687
67 22982
67 23010
67 23577
67 23595
67 23649
67 24011
67 24155
67 24158
67 24487
67 24567
67 24676
67 24786
67 24847
67 24900
67 25144
67 25272
67 25322
67 25363
67 25375
67 25384
67 25514
67 25658
67 25786
67 25871
67 25935
67 26065
67 26092
67 26132
67 26144
67 26169
67 26455
67 26578
67 26662
67 26779
67 26941
67 26947
67 27041
67 27119
67 27166
67 27308
67 27656
67 27737
67 27826
67 28037
67 28294
67 28605
67 28629
67 28666
67 28811
67 28960
67 28979
67 28989
67 29031
67 29065
67 29120
67 29370
67 29390
67 29520
67 29528
67 29558
67 29809
67 29880
67 30021
67 30313
67 30388
67 30478
67 30602
67 30615
67 30642
67 30663
67 30689
67 30838
67 30849
67 30992
67 31391
67 31405
67 31633
67 31685
67 31875
67 32035
67 32099
67 32101
67 32170
67 32230
67 32314
67 32381
67 32654
67 32975
67 33066
67 33361
67 33406
67 33437
67 33483
67 33523
67 33530
67 34163
67 34229
67 34407
67 34569
67 34689
67 34716
67 34740
67 34832
67 34891
67 34964
67 35046
67 35121
67 35451
67 35475
67 35571
67 35594
67 35702
67 35785
67 35790
67 35808
67 35827
67 35845
67 35866
67 35882
67 35895
67 35965
67 36130
67 36177
67 36298
67 36425
67 36537
67 36788
67 36793
67 36828
67 36895
67 37170
67 37191
67 37341
67 37346
67 37408
67 37414
67 37462
67 37547
67 37556
67 37657
67 37680
67 37682
67 37779
67 37825
67 38033
67 38121
67 38257
67 38455
67 38761
67 38906
67 38971
67 39005
67 39185
67 39203
67 39441
67 39766
67 39798
67 40113
67 40156
67 40258
67 40492
67 40803
67 40968
67 41076
67 41134
67 41330
67 41578
67 41942
67 42021
67 42189
67 42219
67 42482
67 42580
67 42606
67 42757
67 42872
67 42903
67 43233
67 43250
67 43416
67 43811
67 43952
67 44003
67 44050
67 44087
67 44177
67 44190
67 44379
67 44411
67 44678
67 44902
67 45050
67 45111
67 45123
67 45302
67 45336
67 45607
67 46135
67 46516
67 46601
67 46769
67 46863
67 46872
67 46911
67 46963
67 46972
67 47028
67 47162
67 47199
67 47226
67 47255
67 47286
67 47391
67 47434
67 47832
67 47881
67 47938
67 47973
67 48002
67 48030
67 48397
67 48403
67 48409
67 48496
67 48588
67 48755
67 48809
67 49069
67 49079
67 49096
67 49306
67 49348
67 49569
67 49792
67 49795
67 49841
67 49989
67 50001
67 50090
67 50094
67 50205
67 50298
67 50412
67 50468
67 50484
67 50813
67 50822
67 50863
67 50893
67 50961
67 51015
67 51292
67 51346
67 51395
67 51442
67 51497
67 51531
67 51668
67 51772
67 51933
67 51980
67 52073
67 52110
67 52112
67 52271
67 52431
67 52491
67 52509
67 52525
67 52700
67 52711
67 52770
67 52808
67 52851
67 52893
67 52996
67 53020
67 53271
67 53281
67 53554
67 53657
67 53777
67 53779
67 54121
67 54171
67 54282
67 54308
67 54546
67 54553
67 54594
67 54878
67 54956
67 55012
67 55071
67 55333
67 55338
67 55439
67 55561
67 55853
67 55909
67 56068
67 56069
67 56296
67 56346
67 56367
67 56419
67 56631
67 56655
67 56746
67 56973
67 57077
67 57090
67 57121
67 57241
67 57271
67 57513
67 57585
67 57604
67 57614
67 57633
67 57634
67 57678
67 57689
67 57719
67 57725
67 57829
67 57892
67 58167
67 58323
67 58382
67 58398
67 58500
67 58513
67 58653
67 58891
67 58914
67 58924
67 58950
67 59029
67 59220
67 59350
67 59360
67 59506
67 59531
67 59542
67 59923
67 59948
67 59971
67 59975
67 60013
67 60074
67 60155
67 60257
67 60334
67 60452
67 60654
67 60752
67 60759
67 61117
67 61167
67 61326
67 61425
67 61539
67 61595
67 61667
67 61850
67 61881
67 61969
67 62134
67 62227
67 62257
67 62626
67 62767
67 62901
67 62904
67 62935
67 63048
67 63085
67 63155
67 63268
67 63331
67 63338
67 63360
67 63473
67 63537
67 63633
67 63740
67 63755
67 63919
67 63974
67 64082
67 64085
67 64301
67 64453
67 64539
67 64601
67 64640
67 64735
67 64764
67 64766
67 64936
67 65030
67 65046
67 65291
67 65603
67 65645
67 65672
67 65683
67 65810
67 65842
67 65917
67 65936
67 65940
67 65947
67 65979
67 66194
67 66256
67 66269
67 66303
67 66515
67 66539
67 66682
67 66814
67 67157
67 67191
67 67374
67 67594
67 67601
67 68057
67 68167
67 68185
67 68189
67 68532
67 68661
67 68797
67 68813
67 68815
67 68896
67 69130
67 69136
67 69405
67 69436
67 69599
67 69643
67 69764
67 69872
67 69983
67 70079
67 70135
67 70484
67 70825
67 70911
67 70932
67 71086
67 71089
67 71090
67 71267
67 71291
67 71375
67 71546
67 71550
67 71666
67 71710
67 71834
67 71996
67 72181
67 72218
67 72223
67 72297
67 72298
67 72361
67 72514
67 72552
67 72556
67 72572
67 72579
67 72653
67 72660
67 72684
67 72744
67 73023
67 73125
67 73132
67 73196
67 73273
67 73427
67 73515
67 73527
67 73598
67 73794
67 73890
67 73985
67 74558
67 74598
67 74873
67 75016
67 75146
67 75214
67 75335
67 75481
67 75529
67 75566
67 75574
67 75594
67 75714
67 75929
67 76080
67 76670
67 76697
67 76839
67 76840
67 76897
67 76948
67 76983
67 77044
67 77146
67 77164
67 77280
67 77375
67 77409
67 77450
67 77532
67 77634
67 77637
67 77643
67 77701
67 77881
67 77952
67 77962
67 78345
67 78381
67 78650
67 78684
67 78892
67 79240
67 79308
67 79331
67 79552
67 79556
67 79592
67 79652
67 79754
67 79995
67 80036
67 80056
67 80107
67 80120
67 80125
67 80319
67 80351
67 80565
67 80621
67 80638
67 80811
67 80856
67 81057
67 81086
67 81242
67 81301
67 81334
67 81516
67 81622
67 82008
67 82235
67 82398
67 82487
67 82607
67 82637
67 82789
67 83014
67 83094
67 83263
67 83331
67 83565
67 83603
67 83703
67 83807
67 83848
67 84073
67 84166
67 84233
67 84254
67 84287
67 84320
67 84374
67 84673
67 84729
67 84904
67 84906
67 85143
67 85267
67 85405
67 85482
67 85545
67 85779
67 85873
67 86043
67 86048
67 86218
67 86339
67 86414
67 86521
67 86549
67 86796
67 86995
67 87044
67 87222
67 87292
67 87531
67 87614
67 87641
67 87679
67 87763
67 87823
67 87863
67 87967
67 88113
67 88606
67 88632
67 88676
67 88779
67 89094
67 89224
67 89388
67 89399
67 89683
67 89791
67 90174
67 90201
67 90232
67 90658
67 90705
67 90717
67 90851
67 90916
67 90942
67 91091
67 91431
67 91724
67 91995
67 92042
67 92088
67 92215
67 92279
67 92345
67 92440
67 92575
67 92596
67 92664
67 92878
67 92940
67 92963
67 93446
67 93578
67 93738
67 93794
67 93947
67 93984
67 94042
67 94057
67 94059
67 94099
67 94112
67 94203
67 94227
67 94297
67 94328
67 94427
67 94472
67 94691
67 94702
67 94706
67 94907
67 94979
67 95104
67 95189
67 95290
67 95326
67 95391
67 95720
67 95734
67 95737
67 95856
67 95875
67 95900
67 95918
67 96371
67 96568
67 96669
67 96751
67 96841
67 96871
67 96912
67 97013
67 97236
67 97315
67 97334
67 97383
67 97455
67 97505
67 97540
67 97615
67 97632
67 97762
67 97868
67 97873
67 98210
67 98359
67 98674
67 98705
67 99380
67 99440
67 99683
67 99756
67 99801
67 99943
67 100031
67 100038
67 100104
67 100145
67 100168
67 100177
67 100204
67 100210
67 100245
67 100249
67 100285
67 100372
67 100531
67 100560
67 100570
67 100616
67 100623
67 100795
67 100904
67 100914
67 100933
67 101055
67 101058
67 101068
67 101078
67 101143
67 101160
67 101329
67 101389
67 101393
67 101410
67 101529
67 101578
67 101628
67 101656
67 101698
67 101891
67 102023
67 102100
67 102310
67 102320
67 102328
67 102483
67 102633
67 102678
67 102689
67 102709
67 102763
67 102779
67 102833
67 102840
67 102930
67 103012
67 103019
67 103024
67 103209
67 103257
67 103296
67 103377
67 103386
67 103395
67 103403
67 103482
67 103505
67 103522
67 103570
67 103634
67 103652
67 103682
67 103756
67 103951
67 103955
67 103996
67 103998
67 104024
67 104174
67 104224
67 104533
67 104546
67 104568
67 104621
67 104646
67 104682
67 104718
67 104775
67 104877
67 104945
67 105003
67 105037
67 105086
67 105245
67 105294
67 105484
67 105554
67 105729
67 105754
67 105899
67 105946
67 106012
67 106085
67 106133
67 106140
67 106202
67 106239
67 106297
67 106432
67 106492
67 106613
67 106926
67 106937
67 107068
67 107144
67 107149
67 107271
67 107316
67 107348
67 107467
67 107575
67 107724
67 107923
67 107950
67 107974
67 108010
67 108044
67 108083
67 108096
67 108233
67 108309
67 108364
67 108391
67 108410
67 108418
67 108503
67 108506
67 108611
67 108639
67 108789
67 108907
67 108921
67 108953
67 108968
67 109033
67 109056
67 109128
67 109186
67 109229
67 109244
67 109281
67 109294
67 109328
67 109387
67 109405
67 109432
67 109449
67 109479
67 109553
67 109638
67 109699
67 109776
67 109897
67 109974
67 109991
67 109999
67 110035
67 110047
67 110059
67 110092
67 110106
67 110112
67 110195
67 110252
67 110289
67 110309
67 110373
67 110456
67 110504
67 110736
67 110759
67 110817
67 110846
67 110946
67 110955
67 111001
67 111043
67 111056
67 111106
67 111123
67 111263
67 111455
67 111560
67 111670
67 111738
67 111757
67 111807
67 111895
67 111919
67 111924
67 111949
67 112036
67 112134
67 112461
67 112563
67 112652
67 112672
67 112689
67 112800
67 112896
67 112898
67 112912
67 112960
67 113107
67 113143
67 113172
67 113208
67 113218
67 113324
67 113371
67 113519
67 113548
67 113612
67 113630
67 113684
67 113710
67 113729
67 113799
67 113865
67 114033
67 114091
67 114162
67 114164
67 114197
67 114244
67 114261
67 114328
67 114362
67 114423
67 114459
67 114496
67 114544
67 114613
67 114669
67 114719
67 114859
67 114864
67 114912
67 114932
67 114960
67 114977
67 114998
67 115001
67 115039
67 115103
67 115167
67 115276
67 115323
67 115374
67 115389
67 115445
67 115464
67 115474
67 115476
67 115533
67 115607
67 115649
67 115674
67 115678
67 115697
67 115705
67 115797
67 115810
67 115897
67 116039
67 116173
67 116195
69 69
69 275
69 348
69 426
69 550
69 574
69 873
69 906
69 1113
69 1142
69 1155
69 1221
69 1253
69 1292
69 1301
69 1303
69 1403
69 1552
69 2066
69 2081
69 2185
69 2430
69 2451
69 2477
69 2538
69 2742
69 2746
69 2800
69 2802
69 2900
69 3069
69 3187
69 3220
69 3267
69 3280
69 3377
69 3389
69 3473
69 3530
69 3630
69 3698
69 3702
69 3768
69 3800
69 3908
69 3982
69 4109
69 4148
69 4308
69 4412
69 4422
69 4605
69 4633
69 4675
69 4775
69 4812
69 5001
69 5020
69 5118
69 5361
69 5409
69 5443
69 5480
69 5501
69 5507
69 5657
69 5923
69 6182
69 6219
69 6338
69 6627
69 6706
69 6745
69 6860
69 6868
69 6911
69 7051
69 7459
69 7670
69 7682
69 7890
69 7961
69 8023
69 8034
69 8057
69 8104
69 8345
69 8513
69 8576
69 8621
69 8672
69 8890
69 9006
69 9180
69 9381
69 9741
69 9877
69 9990
69 10133
69 10238
69 10346
69 10451
69 10591
69 10604
69 10648
69 10662
69 10773
69 10775
69 10987
69 11054
69 11192
69 11349
69 11429
69 11802
69 11932
69 11960
69 11987
69 12076
69 12109
69 12159
69 12284
69 12439
69 12540
69 12681
69 12767
69 12865
69 12969
69 12970
69 12988
69 13031
69 13390
69 13400
69 13469
69 13517
69 13570
69 13571
69 13854
69 13890
69 13957
69 14126
69 14169
69 14280
69 14296
69 14329
69 14409
69 14910
69 15021
69 15110
69 15131
69 15337
69 15403
69 15439
69 15500
69 15728
69 15896
69 15936
69 15979
69 16077
69 16114
69 16431
69 16519
69 16570
69 16600
69 16604
69 16816
69 16875
69 17005
69 17196
69 17211
69 17234
69 17372
69 17839
69 17841
69 18175
69 18207
69 18283
69 18413
69 18454
69 18562
69 18615
69 18734
69 18797
69 18883
69 18886
69 18927
69 19013
69 19198
69 19248
69 19420
69 19499
69 19569
69 19585
69 19596
69 19693
69 19808
69 19993
69 20027
69 20066
69 20120
69 20127
69 20278
69 20408
69 20606
69 20669
69 21057
69 21342
69 21496
69 21518
69 21624
69 21902
69 21952
69 21967
69 22366
69 22373
69 22474
69 22501
69 22597
69 22808
69 22930
69 23422
69 23947
69 24056
69 24156
69 24189
69 24203
69 24324
69 24455
69 24600
69 24624
69 24703
69 24762
69 24825
69 25056
69 25134
69 25477
69 25570
69 25773
69 25805
69 25859
69 25879
69 26178
69 26357
69 26398
69 26413
69 26533
69 26603
69 26665
69 26681
69 26780
69 27274
69 27279
69 27560
69 27624
69 27742
69 27889
69 28025
69 28053
69 28282
69 28394
69 28517
69 28669
69 28720
69 28731
69 28757
69 28764
69 28784
69 28822
69 28868
69 28882
69 28896
69 28923
69 28988
69 28997
69 29032
69 29048
69 29092
69 29095
69 29292
69 29524
69 29895
69 29911
69 29984
69 30105
69 30272
69 30286
69 30368
69 30377
69 30384
69 30415
69 30433
69 30559
69 30706
69 30821
69 30972
69 31217
69 31305
69 31412
69 31475
69 31577
69 31676
69 31740
69 31757
69 31984
69 32405
69 32521
69 32553
69 32603
69 32709
69 32715
69 32961
69 33022
69 33059
69 33123
69 33182
69 33309
69 33470
69 33549
69 33703
69 33872
69 33916
69 33938
69 34103
69 34139
69 34334
69 34410
69 34991
69 35222
69 35244
69 35259
69 35615
69 35738
69 35759
69 35814
69 35885
69 35967
69 36181
69 36203
69 36223
69 36490
69 36526
69 36531
69 36580
69 36613
69 36654
69 36915
69 36997
69 37117
69 37129
69 37147
69 37258
69 37477
69 37487
69 37534
69 37551
69 37576
69 37605
69 37627
69 37882
69 37957
69 38026
69 38049
69 38235
69 38491
69 38514
69 38856
69 39010
69 39127
69 39307
69 39380
69 39656
69 39728
69 39734
69 39740
69 40151
69 40186
69 40203
69 40260
69 40419
69 40428
69 40441
69 40526
69 40553
69 40627
69 40724
69 40737
69 40812
69 41001
69 41058
69 41062
69 41100
69 41291
69 41471
69 41500
69 41581
69 41604
69 41642
69 41675
69 42069
69 42195
69 42225
69 42323
69 42498
69 42644
69 43017
69 43369
69 43641
69 43901
69 43980
69 44009
69 44018
69 44086
69 44179
69 44261
69 44374
69 44437
69 44468
69 44538
69 44680
69 45079
69 45182
69 45479
69 45657
69 45718
69 45729
69 45872
69 45944
69 46048
69 46055
69 46148
69 46366
69 46378
69 46387
69 46414
69 46865
69 47091
69 47277
69 47339
69 47476
69 47575
69 47640
69 47770
69 47797
69 48003
69 48018
69 48261
69 48307
69 48612
69 48663
69 48699
69 48932
69 48961
69 49212
69 49214
69 49511
69 49613
69 49620
69 49839
69 50008
69 50083
69 50313
69 50563
69 50670
69 50845
69 50926
69 51215
69 51357
69 51459
69 51726
69 51758
69 52093
69 52310
69 52608
69 52673
69 52679
69 52734
69 52816
69 52853
69 52907
69 52971
69 53001
69 53241
69 53281
69 53322
69 53361
69 53407
69 53481
69 53588
69 53639
69 53776
69 53876
69 53901
69 53973
69 54130
69 54196
69 54357
69 54429
69 54463
69 54530
69 54587
69 54763
69 54788
69 54825
69 54836
69 54996
69 55250
69 55311
69 55365
69 55576
69 55694
69 55760
69 55787
69 55808
69 55994
69 56060
69 56077
69 56147
69 56152
69 56357
69 56367
69 56464
69 56509
69 56658
69 56678
69 56699
69 56841
69 56904
69 56954
69 56959
69 57033
69 57232
69 57297
69 57423
69 57632
69 57701
69 57890
69 58028
69 58051
69 58224
69 58561
69 58582
69 58642
69 58731
69 59051
69 59236
69 59502
69 59580
69 59600
69 59605
69 59614
69 59768
69 59801
69 60163
69 60250
69 60787
69 61133
69 61147
69 61149
69 61166
69 61207
69 61296
69 61380
69 61604
69 61831
69 62118
69 62122
69 62332
69 62367
69 62530
69 62796
69 62871
69 62874
69 62902
69 63105
69 63500
69 63708
69 63807
69 63822
69 63927
69 64011
69 64117
69 64147
69 64317
69 64399
69 64476
69 64661
69 64879
69 65234
69 65239
69 65251
69 65253
69 65342
69 65394
69 65421
69 65755
69 65922
69 65928
69 66130
69 66197
69 66234
69 66275
69 66445
69 66446
69 66476
69 66619
69 66621
69 66735
69 66768
69 66844
69 66940
69 67384
69 67422
69 67509
69 67602
69 67942
69 67986
69 68111
69 68162
69 68252
69 68324
69 68495
69 68510
69 68661
69 68665
69 68799
69 68812
69 68878
69 68898
69 68960
69 68983
69 69048
69 69064
69 69260
69 69295
69 69379
69 69520
69 69569
69 69590
69 69625
69 69737
69 70271
69 70344
69 70362
69 70789
69 70803
69 70966
69 70970
69 71031
69 71089
69 71092
69 71097
69 71128
69 71132
69 71221
69 71249
69 71528
69 71675
69 71696
69 71786
69 71803
69 71904
69 72018
69 72150
69 72200
69 72340
69 72347
69 72365
69 72432
69 72458
69 72520
69 72606
69 72796
69 72959
69 73104
69 73149
69 73180
69 73388
69 73398
69 73687
69 73758
69 73786
69 73797
69 73799
69 73829
69 73887
69 74014
69 74217
69 74259
69 74356
69 74369
69 74387
69 74418
69 74599
69 74611
69 74634
69 74640
69 74752
69 74822
69 75331
69 75373
69 75572
69 75641
69 75871
69 76181
69 76186
69 76257
69 76310
69 76420
69 76545
69 76734
69 76952
69 77251
69 77442
69 77554
69 77652
69 77734
69 77815
69 77910
69 77971
69 78232
69 78363
69 78412
69 78428
69 78527
69 78652
69 78704
69 78859
69 78902
69 78907
69 79332
69 79410
69 79534
69 79550
69 79717
69 79868
69 80140
69 80257
69 80268
69 80272
69 80495
69 80600
69 80710
69 80729
69 81044
69 81065
69 81385
69 81452
69 81560
69 81677
69 81683
69 81688
69 81715
69 81856
69 81933
69 82040
69 82161
69 82247
69 82442
69 82521
69 82965
69 83023
69 83052
69 83177
69 83529
69 83601
69 83616
69 83857
69 83918
69 83943
69 84354
69 84368
69 84401
69 84601
69 84713
69 84881
69 84925
69 85185
69 85244
69 85283
69 85352
69 85355
69 85381
69 85438
69 85495
69 85800
69 85811
69 85828
69 85943
69 86080
69 86585
69 86607
69 86634
69 86759
69 86770
69 86812
69 86948
69 86973
69 87052
69 87121
69 87190
69 87278
69 87535
69 87617
69 87621
69 87828
69 87931
69 88039
69 88169
69 88519
69 88592
69 88910
69 88941
69 88990
69 89198
69 89216
69 89566
69 89675
69 89832
69 89906
69 89931
69 90197
69 90267
69 90270
69 90294
69 90304
69 90332
69 90468
69 90494
69 90578
69 91373
69 91438
69 91517
69 91526
69 91695
69 91709
69 91988
69 92061
69 92163
69 92220
69 92266
69 92268
69 92341
69 92357
69 92391
69 92559
69 92663
69 92696
69 92817
69 92823
69 92830
69 93033
69 93134
69 93166
69 93378
69 93400
69 93586
69 93727
69 93872
69 94059
69 94081
69 94105
69 94139
69 94229
69 94274
69 94351
69 94437
69 94455
69 94622
69 94674
69 94677
69 94805
69 95046
69 95145
69 95211
69 95241
69 95336
69 95678
69 95779
69 95800
69 95876
69 96207
69 96546
69 96896
69 96905
69 96987
69 97503
69 97689
69 97866
69 98077
69 98094
69 98101
69 98135
69 98165
69 98276
69 98399
69 98736
69 98761
69 98807
69 98919
69 98970
69 99121
69 99346
69 99426
69 99610
69 99680
69 99835
69 100001
69 100196
69 100215
69 100228
69 100294
69 100451
69 101370
69 101384
69 101433
69 101438
69 101499
69 101572
69 101707
69 101798
69 101822
69 102051
69 102108
69 102145
69 102216
69 102559
69 102616
69 102657
69 102898
69 103039
69 103051
69 103070
69 103342
69 103432
69 103468
69 103611
69 103741
69 104007
69 104168
69 104317
69 104502
69 104509
69 104621
69 104796
69 104890
69 105100
69 105146
69 105180
69 105189
69 105261
69 105516
69 105632
69 105726
69 105737
69 105739
69 105793
69 105813
69 105990
69 106169
69 106318
69 106324
69 106347
69 106410
69 106632
69 106835
69 107080
69 107343
69 107372
69 107387
69 107438
69 107478
69 107683
69 107754
69 108126
69 108149
69 108261
69 108625
69 108636
69 108781
69 109060
69 109271
69 109279
69 109519
69 109548
69 109799
69 109903
69 109973
69 110072
69 110363
69 110424
69 110455
69 110536
69 110563
69 110698
69 110716
69 110862
69 110907
69 111170
69 111303
69 111445
69 111484
69 111782
69 111914
69 111936
69 112022
69 112053
69 112122
69 112231
69 112392
69 112529
69 112638
69 112700
69 112715
69 112856
69 112964
69 113089
69 113095
69 113134
69 113269
69 113324
69 113698
69 113765
69 113788
69 113841
69 113853
69 113921
69 113966
69 114210
69 114257
69 114274
69 114347
69 114877
69 114910
69 114975
69 114976
69 114982
69 115000
69 115034
69 115191
69 115282
69 115367
69 115455
69 115494
69 115589
69 115679
69 115694
69 115822
69 116039
69 116056
69 116077
69 116089
69 116110
69 116210
69 116503
69 116568
69 116622
69 116699
69 116707
69 116750
69 116943
69 117024
69 117042
69 117050
69 117058
69 117545
69 117649
69 117821
69 117868
69 117918
69 117947
69 118097
69 118447
69 118502
69 118681
69 118711
69 119054
69 119248
69 119258
69 119415
69 119422
69 119476
69 119563
69 119568
69 119815
69 119994
69 120001
69 120201
69 120335
69 120552
69 120574
69 120781
69 120909
69 120927
69 121057
69 121294
69 121298
69 121487
69 121759
69 121803
69 121924
69 122091
69 122102
69 122380
69 122569
69 122874
69 123033
69 123069
69 123151
69 123401
69 123467
69 123490
69 123615
69 123675
69 123716
69 123769
69 123908
69 123927
69 123996
69 124029
69 124209
69 124239
69 124292
69 124404
69 124513
69 124766
69 124861
69 124971
69 125057
69 125091
69 125131
69 125151
69 125340
69 125766
69 125862
69 125962
69 126033
69 126132
69 126273
69 126527
69 126546
69 126649
69 126674
69 126689
69 126718
69 126797
69 126813
69 127065
69 127128
69 127184
69 127270
69 127364
69 127429
69 127528
69 127532
69 127647
69 127804
69 127812
69 128040
69 128092
69 128345
69 128442
69 128457
69 128623
69 128670
69 128806
69 128936
69 128950
69 129117
69 129122
69 129233
69 129325
69 129341
69 129581
69 129615
69 129657
69 129747
69 129821
69 130144
69 130346
69 130434
69 130581
69 130739
69 130946
69 130969
69 131131
69 131212
69 131221
69 131399
69 131485
69 131506
69 131588
69 131608
69 131641
69 131780
69 131971
69 132042
69 132116
69 132124
69 132460
69 132493
69 132511
69 132648
69 132658
69 132691
69 132908
69 132995
69 133051
69 133151
69 133160
69 133165
69 133180
69 133261
69 133386
69 133698
69 133743
69 133951
69 134124
69 134435
69 134507
69 134619
69 134761
69 134818
69 134935
69 134977
69 134987
69 134996
69 135102
69 135107
69 135172
69 135241
69 135471
69 135633
69 135706
69 135862
69 135892
69 135956
69 136057
69 136090
69 136139
69 136261
69 136282
69 136569
69 136647
69 136803
69 136813
69 136888
69 137057
69 137129
69 137185
69 137363
69 137398
69 137749
69 137835
69 138150
69 138295
69 138538
69 138562
69 138697
69 138878
69 138887
69 139002
69 139054
69 139055
69 139056
69 139239
69 139247
69 139338
69 139440
69 139582
69 139710
69 139729
69 139816
69 139839
69 139866
69 140080
69 140131
69 140190
69 140220
69 140331
69 140352
69 140401
69 140592
69 140800
69 141042
69 141053
69 141110
69 141327
69 141450
69 141820
69 141828
69 141944
69 142201
69 142356
69 142847
69 143011
69 143205
69 143221
69 143259
69 143288
69 143370
69 143442
69 143513
69 143538
69 143658
69 143693
69 143733
69 143816
69 143876
69 144208
69 144279
69 144355
69 144385
69 144512
69 144596
69 145219
69 145266
69 145299
69 145326
69 145423
69 145493
69 145593
69 145688
69 145693
69 145724
69 145953
69 145984
69 146076
69 146129
69 146138
69 146148
69 146228
69 146369
69 146462
69 146775
69 146842
69 147155
69 147305
69 147325
69 147332
69 147391
69 147481
69 147483
69 147534
69 147587
69 147694
69 148156
69 148382
69 148525
69 148608
69 148692
69 149037
69 149316
69 149417
69 149491
69 149532
69 149618
69 149632
69 149657
69 149797
69 149957
69 149970
69 150114
69 150172
69 150254
69 150374
69 150641
69 150891
69 150934
69 151035
69 151263
69 151567
69 151569
69 151582
69 151767
69 152303
69 152502
69 152573
69 152694
69 152839
69 152867
69 153091
69 153120
69 153200
69 153271
69 153430
69 153433
69 153565
69 153577
69 153580
69 153645
69 153682
69 154045
69 154066
69 154187
69 154250
69 154264
69 154295
69 154338
69 154536
69 154548
69 154691
69 154707
69 154760
69 155099
69 155264
69 155345
69 155383
69 155525
69 155616
69 155675
69 155733
69 155837
69 155844
69 155883
69 155918
69 155936
69 156037
69 156104
69 156105
69 156365
69 156393
69 156483
69 156568
69 156778
69 157110
69 157140
69 157384
69 157397
69 157650
69 157676
69 157842
69 158021
69 158023
69 158206
69 158455
69 158569
69 158613
69 158723
69 158757
69 158797
69 158841
69 158923
69 159080
69 159209
69 159343
69 159357
69 159455
69 159812
69 159853
69 159956
69 160251
69 160368
69 160403
69 160422
69 160432
69 160441
69 160476
69 160482
69 160803
69 160894
69 160922
69 161036
69 161086
69 161126
69 161183
69 161274
69 161384
69 161463
69 161687
69 161714
69 162195
69 162454
69 162576
69 162789
69 163020
69 163504
69 163615
69 163652
69 163748
69 163757
69 163781
69 163830
69 163921
69 164101
69 164164
69 164167
69 164182
69 164192
69 164417
69 164545
69 164693
69 165094
69 165197
69 165214
69 165513
69 165579
69 165657
69 165833
69 165949
69 165959
69 165976
69 166045
69 166225
69 166234
69 166294
69 166309
69 166325
69 166454
69 166797
69 166888
69 166964
69 167044
69 167079
69 167218
69 167260
69 167302
69 167427
69 167539
69 167778
69 167801
69 167917
69 168257
69 168315
69 168532
69 168582
69 168700
69 168731
69 168768
69 168843
69 168864
69 169313
69 169459
69 169498
69 169539
69 169616
69 169677
69 169683
69 169721
69 169809
69 169850
69 169863
69 169896
69 169909
69 169989
69 170037
69 170219
69 170239
69 170243
69 170289
69 170518
69 170807
69 170810
69 170819
69 171046
69 171172
69 171293
69 171618
69 171731
69 171771
69 172124
69 172216
69 172249
69 172288
69 172321
69 172376
69 172487
69 173066
69 173248
69 173406
69 173411
69 173431
69 173496
69 173552
69 173647
69 173675
69 173716
69 173809
69 173903
69 174139
69 174231
69 174257
69 174263
69 174359
69 174368
69 174426
69 174451
69 174595
69 174637
69 174663
69 174709
69 174747
69 175030
69 175039
69 175048
69 175097
69 175133
69 175157
69 175172
69 175364
69 175509
69 175520
69 175733
69 176019
69 176252
69 176285
69 176464
69 176557
69 176658
69 176870
69 176880
69 176934
69 176941
69 177157
69 177193
69 177393
69 177423
69 177554
69 177598
69 177620
69 177717
69 177724
69 178043
69 178118
69 178189
69 178224
69 178247
69 178259
69 178308
69 178505
69 178552
69 178554
69 178562
69 178794
69 178870
69 178931
69 179113
69 179189
69 179967
69 180038
69 180375
69 180481
69 180576
69 180639
69 180686
69 180712
69 180769
69 180775
69 180866
69 180984
69 180994
69 181099
69 181150
69 181174
69 181294
69 181300
69 181364
69 181479
69 181581
69 181626
69 181641
69 181942
69 182009
69 182147
69 182149
69 182320
69 182362
69 182533
69 182545
69 182692
69 182761
69 182802
69 182935
69 182971
69 182986
69 183010
69 183096
69 183142
69 183278
69 183310
69 183444
69 183466
69 183476
69 183645
69 183654
69 183944
69 183965
69 184257
69 184378
69 184580
69 184597
69 184720
69 184755
69 184785
69 184889
69 184957
69 185181
69 185230
69 185284
69 185345
69 185422
69 185540
69 185570
69 185647
69 185798
69 185878
69 186080
69 186083
69 186242
69 186303
69 186593
69 186604
69 186771
69 187186
69 187201
69 187243
69 187275
69 187366
69 187414
69 187546
69 187683
69 187757
69 188092
69 188134
69 188234
69 188318
69 188555
69 188650
69 188705
69 188840
69 188971
69 189065
69 189172
69 189188
69 189230
69 189253
69 189296
69 189375
69 189406
69 189536
69 189540
69 189554
69 189759
69 189909
69 189976
69 190124
69 190258
69 190395
69 190473
69 190904
69 190922
69 190928
69 190971
69 191010
69 191049
69 191063
69 191149
69 191224
69 191230
69 191321
69 191380
69 191446
69 191460
69 191478
69 191489
69 191573
69 191654
69 191849
69 192050
69 192078
69 192091
69 192228
69 192257
69 192390
69 192418
69 192433
69 192450
69 192543
69 192548
69 192721
69 192843
69 192921
69 192922
69 192967
69 193399
69 193713
69 193797
69 193937
69 193970
69 194037
69 194100
69 194116
69 194132
69 194137
69 194263
69 194275
69 194379
69 194430
69 194437
69 194773
69 194886
69 195048
69 195057
69 195136
69 195283
69 195373
69 195407
69 195424
69 195491
69 195666
69 195777
69 195893
69 196279
69 196351
69 196427
69 196448
69 196612
69 196688
69 196715
69 196782
69 196787
69 197577
69 197713
69 197884
69 198121
69 198200
69 198386
69 198415
69 198431
69 198522
69 198622
69 198648
69 198938
69 198941
69 199009
69 199039
69 199254
69 199722
69 199996
69 200071
69 200436
69 200703
69 201028
69 201134
69 201151
69 201182
69 201323
69 201375
69 201382
69 201466
69 201738
69 201880
69 201940
69 201978
69 202095
69 202239
