64 164
64 179
64 184
64 331
64 557
64 627
64 740
64 899
64 941
64 1042
64 1053
64 1063
64 1161
64 1252
64 1381
64 1411
64 1599
64 1650
64 1902
64 2199
64 2486
64 2524
64 2543
64 2571
64 2696
64 2707
64 2709
64 3026
64 3193
64 3658
64 3750
64 4062
64 4172
64 4345
64 4563
64 4726
64 4833
64 4855
64 4955
64 5158
64 5535
64 5699
64 5751
64 5834
64 5989
64 6175
64 6280
64 6493
64 6649
64 6728
64 6730
64 6957
64 7017
64 7042
64 7084
64 7115
64 7153
64 7298
64 7413
64 7661
64 7953
64 8001
64 8356
64 8383
64 8880
64 8918
64 8952
64 9118
64 9135
64 9136
64 9151
64 9294
64 9482
64 9543
64 9564
64 9583
64 9708
64 9713
64 9863
64 9872
64 9885
64 10001
64 10043
64 10148
64 10259
64 10337
64 10395
64 10548
64 10598
64 10629
64 10671
64 10783
64 10810
64 10904
64 11038
64 11093
64 11143
64 11193
64 11274
64 11333
64 11399
64 11549
64 11554
64 11770
64 11783
64 11842
64 11858
64 12015
64 12087
64 12226
64 12255
64 12359
64 12368
64 12382
64 12387
64 12492
64 12568
64 12574
64 12598
64 12706
64 12739
64 12789
64 12961
64 12994
64 12997
64 13070
64 13168
64 13206
64 13219
64 13265
64 13533
64 13551
64 13566
64 13591
64 13663
64 13773
64 13825
64 13850
64 13855
64 14004
64 14018
64 14153
64 14164
64 14226
64 14255
64 14336
64 14392
64 14402
64 14610
64 14624
64 14677
64 14796
64 14878
64 15036
64 15042
64 15286
64 15346
64 15387
64 15465
64 15566
64 15633
64 15709
64 15737
64 15785
64 15979
64 16126
64 16171
64 16244
64 16253
64 16264
64 16270
64 16357
64 16366
64 16404
64 16433
64 16604
64 16816
64 16846
64 17119
64 17254
64 17272
64 17358
64 17668
64 17688
64 17693
64 17832
64 17932
64 17935
64 18020
64 18039
64 18259
64 18308
64 18316
64 18579
64 18616
64 18860
64 18885
64 19086
64 19445
64 19735
64 19819
64 19848
64 19984
64 20043
64 20066
64 20309
64 20349
64 20367
64 20400
64 20575
64 20599
64 20769
64 20773
64 20778
64 20827
64 20865
64 20946
64 21009
64 21245
64 21287
64 21313
64 21386
64 21714
64 21788
64 22067
64 22111
64 22596
64 22630
64 22683
64 22780
64 23222
64 23309
64 23325
64 23344
64 23626
64 23676
64 24069
64 24648
64 24681
64 24801
64 24825
64 24918
64 24933
64 24941
64 25015
64 25060
64 25105
64 25262
64 25411
64 25413
64 25488
64 25731
64 25746
64 26170
64 26266
64 26422
64 26431
64 26532
64 26665
64 26780
64 27044
64 27164
64 27205
64 27273
64 27379
64 27561
64 27630
64 27650
64 27661
64 27773
64 27878
64 28005
64 28045
64 28091
64 28204
64 28352
64 28357
64 28791
64 28802
64 28892
64 29021
64 29300
64 29388
64 29647
64 29784
64 29834
64 29847
64 29862
64 29996
64 30005
64 30292
64 30608
64 30789
64 30802
64 30893
64 31107
64 31122
64 31126
64 31140
64 31267
64 31537
64 31570
64 31597
64 31601
64 31644
64 31710
64 31756
64 31822
64 31945
64 31961
64 31968
64 31971
64 32083
64 32107
64 32136
64 32215
64 32334
64 32343
64 32442
64 32545
64 32643
64 32868
64 32903
64 32990
64 33256
64 33327
64 33720
64 33752
64 33765
64 33796
64 33838
64 33972
64 34155
64 34167
64 34230
64 34340
64 34534
64 34540
64 34698
64 34746
64 34845
64 34965
64 35461
64 35464
64 35610
64 35705
64 36145
64 36205
64 36207
64 36692
64 36741
64 37156
64 37317
64 37425
64 37596
64 37621
64 37648
64 37711
64 37712
64 37996
64 38049
64 38295
64 38385
64 38428
64 38449
64 38470
64 38486
64 38609
64 38751
64 38794
64 38900
64 38906
64 38918
64 39046
64 39398
64 39688
64 39711
64 39867
64 39999
64 40091
64 40154
64 40354
64 40390
64 40457
64 40483
64 40558
64 40618
64 40814
64 40872
64 41021
64 41186
64 41281
64 41315
64 41326
64 41353
64 41396
64 41403
64 41428
64 41496
64 41551
64 41558
64 41572
64 41594
64 41727
64 41744
64 41761
64 41775
64 41832
64 41945
64 42066
64 42075
64 42131
64 42139
64 42156
64 42248
64 42467
64 42481
64 42549
64 42682
64 42701
64 42842
64 42874
64 42880
64 42953
64 42965
64 42999
64 43130
64 43183
64 43218
64 43902
64 43932
64 43996
64 44079
64 44218
64 44418
64 44420
64 44452
64 44562
64 44566
64 44808
64 44809
64 45047
64 45160
64 45401
64 45498
64 45666
64 45682
64 45688
64 45720
64 45805
64 45892
64 46006
64 46225
64 46384
64 46653
64 46699
64 46809
64 46825
64 46983
64 47065
64 47181
64 47213
64 47265
64 47352
64 47471
64 47766
64 47795
64 47847
64 47872
64 47883
64 47919
64 47967
64 47980
64 48008
64 48025
64 48316
64 48463
64 48644
64 48735
64 48749
64 48998
64 49129
64 49161
64 49287
64 49371
64 49493
64 49526
64 49533
64 49620
64 49641
64 49679
64 49787
64 50027
64 50044
64 50093
64 50133
64 50371
64 50463
64 50636
64 50691
64 50739
64 50803
64 50931
64 50999
64 51137
64 51178
64 51375
64 51423
64 51730
64 51838
64 51882
64 52030
64 52079
64 52195
64 52227
64 52260
64 52271
64 52364
64 52394
64 52496
64 52606
64 52833
64 52902
64 53059
64 53098
64 53123
64 53351
64 53388
64 53401
64 53691
64 53744
64 53762
64 53800
64 53828
64 54089
64 54109
64 54262
64 54377
64 54498
64 54622
64 54645
64 54736
64 54849
64 55022
64 55084
64 55283
64 55382
64 55433
64 55448
64 55617
64 55663
64 55952
64 56234
64 56390
64 56565
64 56612
64 56737
64 56791
64 56794
64 56828
64 56901
64 56924
64 56929
64 57000
64 57051
64 57225
64 57232
64 57495
64 57525
64 57552
64 57569
64 57573
64 57662
64 57727
64 58018
64 58050
64 58104
64 58159
64 58203
64 58297
64 58408
64 58628
64 58673
64 58681
64 58766
64 58801
64 58808
64 58832
64 58953
64 59000
64 59269
64 59374
64 59389
64 59438
64 59592
64 59703
64 59706
64 59730
64 60045
64 60193
64 60403
64 60612
64 60734
64 60752
64 60794
64 61084
64 61343
64 61404
64 61423
64 61439
64 61458
64 61739
64 61903
64 62098
64 62205
64 62235
64 62260
64 62395
64 62462
64 62580
64 62703
64 63032
64 63038
64 63086
64 63132
64 63274
64 63467
64 63545
64 63881
64 64135
64 64238
64 64303
64 64381
64 64409
64 64442
64 64507
64 64545
64 64617
64 64760
64 64851
64 65010
64 65027
64 65028
64 65217
64 65602
64 65781
64 65892
64 65971
64 66074
64 66421
64 66484
64 66756
64 66872
64 66930
64 67044
64 67111
64 67308
64 67391
64 67434
64 67521
64 67565
64 67702
64 67800
64 67889
64 67949
64 68111
64 68213
64 68813
64 68929
64 68945
64 69025
64 69067
64 69298
64 69342
64 69353
64 69401
64 69412
64 69421
64 69439
64 69599
64 69679
64 69687
64 69723
64 69767
64 69805
64 69823
64 69833
64 69992
64 70070
64 70174
64 70196
64 70234
64 70261
64 70322
64 70403
64 70526
64 70588
64 70944
64 71057
64 71292
64 71407
64 71447
64 71460
64 71578
64 71799
64 71901
64 71927
64 72199
64 72363
64 72406
64 72418
64 72701
64 72709
64 72859
64 73075
64 73329
64 73398
64 73492
64 73820
64 74040
64 74103
64 74202
64 74219
64 74225
64 74236
64 74251
64 74340
64 74678
64 74717
64 74996
64 75001
64 75052
64 75188
64 75272
64 75321
64 75711
64 75894
64 75903
64 75957
64 76049
64 76051
64 76169
64 76210
64 76476
64 76493
64 76500
64 76571
64 76610
64 76654
64 76767
64 76906
64 76950
64 77186
64 77404
64 77544
64 77828
64 77885
64 78040
64 78134
64 78275
64 78313
64 78400
64 78521
64 78709
64 78727
64 78730
64 78801
64 78839
64 78902
64 79264
64 79281
64 79306
64 79377
64 79451
64 79546
64 79642
64 79788
64 80000
64 80196
64 80283
64 80387
64 80405
64 80509
64 80513
64 80558
64 80818
64 80960
64 80966
64 81047
64 81074
64 81223
64 81237
64 81341
64 81358
64 81421
64 81654
64 81682
64 81901
64 82199
64 82311
64 82509
64 82785
64 83003
64 83255
64 83311
64 83390
64 83425
64 83632
64 83816
64 83840
64 83959
64 83996
64 84019
64 84129
64 84240
64 84250
64 84579
64 85014
64 85025
64 85077
64 85095
64 85292
64 85309
64 85376
64 85934
64 85941
64 85964
64 86027
64 86129
64 86165
64 86193
64 86214
64 86252
64 86364
64 86401
64 86720
64 86757
64 86817
64 87111
64 87129
64 87179
64 87188
64 87191
64 87488
64 87642
64 87779
64 88010
64 88079
64 88205
64 88587
64 88616
64 88855
64 88869
64 88960
64 89025
64 89035
64 89105
64 89189
64 89370
64 89452
64 89474
64 89533
64 89592
64 89646
64 89790
64 89844
64 89904
64 90143
64 90207
64 90323
64 90405
64 90505
64 90698
64 90837
64 90846
64 90881
64 91076
64 91492
64 91610
64 91621
64 91635
64 91661
64 91716
64 91853
64 91879
64 91913
64 92140
64 92142
64 92261
64 92575
64 92666
64 92782
64 92818
64 92845
64 93033
64 93097
64 93477
64 93732
64 93764
64 93846
64 93886
64 93904
64 93926
64 93962
64 94027
64 94108
64 94334
64 94454
64 94457
64 94559
64 94617
64 94705
64 95002
64 95065
64 95146
64 95267
64 95385
64 95408
64 95557
64 95729
64 95749
64 95856
64 95874
64 96160
64 96167
64 96188
64 96281
64 96421
64 96440
64 96461
64 96470
64 96540
64 96612
64 96712
64 96829
64 96910
64 96937
64 97033
64 97062
64 97172
64 97355
64 97452
64 97565
64 97601
64 97647
64 97847
64 97862
64 97951
64 98023
64 98065
64 98282
64 98592
64 98824
64 98833
64 98887
64 99318
64 99323
64 99398
64 99404
64 99432
64 99447
64 99542
64 99555
64 99645
64 100272
64 100330
64 100611
64 100632
64 100783
64 100861
64 101113
64 101161
64 101295
64 101359
64 101436
64 101498
64 101515
64 101575
64 101677
64 101765
64 101788
64 101853
64 101975
64 102070
64 102151
64 102164
64 102373
64 102668
64 102669
64 102760
64 102826
64 102861
64 102875
64 102926
64 103043
64 103338
64 103342
64 103360
64 103420
64 103573
64 103714
64 103826
64 103924
64 104026
64 104139
64 104182
64 104473
64 104506
64 104718
64 104720
64 104818
64 104966
64 105045
64 105126
64 105140
64 105251
64 105304
64 105320
64 105349
64 105374
64 105474
64 105626
64 105738
64 105753
64 105756
64 105967
64 105998
64 106046
64 106120
64 106331
64 106346
64 106536
64 106598
64 106602
64 106822
64 106869
64 106870
64 107056
64 107071
64 107088
64 107210
64 107284
64 107746
64 107754
64 107807
64 107920
64 107927
64 108246
64 108470
64 108547
64 108597
64 108723
64 108831
64 108891
64 109111
64 109154
64 109186
64 109198
64 109238
64 109497
64 109748
64 109751
64 109825
64 109939
64 110112
64 110224
64 110288
64 110538
64 110544
64 110574
64 110669
64 110788
64 110827
64 110913
64 110916
64 110957
64 111067
64 111184
64 111279
64 111291
64 111296
64 111371
64 111429
64 111482
64 111495
64 111497
64 111664
64 111684
64 111790
64 111836
64 111926
64 111934
64 112035
64 112537
64 112561
64 112662
64 112762
64 112813
64 112891
64 113063
64 113139
64 113169
64 113175
64 113237
64 113409
64 113479
64 113521
64 113580
64 113626
64 114079
64 114313
64 114376
64 114438
64 114711
64 114826
64 115025
64 115069
64 115196
64 115397
64 115529
64 115597
64 115672
64 116291
64 116652
64 116847
64 116871
64 116966
64 117278
64 117359
64 117438
64 117448
64 117546
64 117703
64 117721
64 117806
64 118066
64 118146
64 118228
64 118318
64 118319
64 118398
64 118485
64 118617
64 118703
64 118824
64 118884
64 118971
64 119187
64 119226
64 119402
64 119509
64 119609
64 119655
64 119698
64 119768
64 119790
64 119852
64 119859
64 119948
64 119955
64 120109
64 120197
64 120258
64 120270
64 120298
64 120581
64 120862
64 121024
64 121293
64 121380
64 121611
64 121848
64 121907
64 121972
64 121995
64 122265
64 122368
64 122705
64 122711
64 122758
64 122925
64 123208
64 123226
64 123349
64 123604
64 123661
64 123737
64 123903
64 123980
64 124009
64 124071
64 124072
64 124165
64 124485
64 124575
64 124798
64 124891
64 124952
64 125007
64 125109
64 125155
64 125177
64 125302
64 125360
64 125385
64 125407
65 11
65 198
65 293
65 681
65 717
65 958
65 973
65 1011
65 1025
65 1105
65 1382
65 1396
65 12846
65 12868
65 13082
65 13133
65 13324
65 13349
65 13463
65 13540
65 13669
65 13888
65 13954
65 14006
65 14048
65 14172
65 14251
65 14297
65 14532
65 14534
65 14590
65 14600
65 14667
65 14778
65 14872
65 14880
65 14936
65 14988
65 15025
65 15163
65 15228
65 15332
65 15347
65 15359
65 15900
65 16205
65 16216
65 16550
65 16632
65 16647
65 16680
65 16708
65 16794
65 16880
65 16920
65 17181
65 17264
65 17473
65 17474
65 17568
65 17579
65 17626
65 17850
65 18137
65 18258
65 18282
65 18410
65 18429
65 18618
65 18655
65 18675
65 18694
65 18807
65 18910
65 19054
65 19112
65 19173
65 19333
65 19573
65 19577
65 19600
65 19943
65 19945
65 19984
65 20011
65 20076
65 20105
65 20302
65 20909
65 21021
65 21063
65 21124
65 21182
65 21248
65 21329
65 21495
65 21626
65 21775
65 21824
65 21903
65 22185
65 22229
65 22311
65 22407
65 22509
65 23101
65 23219
65 23302
65 23313
65 23708
65 23770
65 23906
65 24079
65 24108
65 24116
65 24153
65 24195
65 24271
65 24493
65 24545
65 24909
65 25030
65 25352
65 25769
65 25798
65 26012
65 26429
65 26462
65 26484
65 26515
65 26545
65 26564
65 26584
65 26592
65 26601
65 26636
65 26671
65 26738
65 26782
65 26864
65 26945
65 27058
65 27182
65 27350
65 27639
65 27770
65 27935
65 28033
65 28208
65 28260
65 28265
65 28326
65 28365
65 28458
65 28469
65 28523
65 28677
65 29019
65 29092
65 29144
65 29151
65 29181
65 29234
65 29398
65 29488
65 29578
65 29615
65 29659
65 29684
65 29760
65 30060
65 30118
65 30155
65 30182
65 30256
65 30310
65 30534
65 30885
65 30933
65 31306
65 31349
65 31770
65 31795
65 31887
65 32004
65 32025
65 32110
65 32217
65 32263
65 32418
65 32668
65 32707
65 32749
65 32893
65 32996
65 33038
65 33057
65 33089
65 33097
65 33123
65 33251
65 33295
65 33392
65 33413
65 33719
65 33874
65 34190
65 34340
65 34407
65 34557
65 34714
65 35029
65 35071
65 35291
65 35342
65 35503
65 35680
65 35689
65 35723
65 35902
65 36115
65 36308
65 36466
65 36524
65 36709
65 36954
65 36999
65 37019
65 37075
65 37135
65 37352
65 37390
65 37479
65 37488
65 37651
65 37785
65 37802
65 38067
65 38151
65 38265
65 38275
65 38295
65 38369
65 38788
65 38857
65 39089
65 39265
65 39466
65 39535
65 39657
65 39757
65 39767
65 39872
65 39990
65 40083
65 40125
65 40313
65 40439
65 40620
65 40678
65 40796
65 40835
65 40912
65 40921
65 40925
65 40973
65 41067
65 41180
65 41449
65 41458
65 41606
65 41795
65 41934
65 42309
65 42331
65 42402
65 42437
65 42562
65 42685
65 42790
65 42827
65 43499
65 43505
65 43531
65 43584
65 43601
65 43648
65 43720
65 43893
65 43914
65 43937
65 44073
65 44109
65 44134
65 44366
65 44374
65 44610
65 44716
65 44737
65 44906
65 44941
65 44998
65 45251
65 45672
65 45688
65 45756
65 45791
65 45836
65 45908
65 45918
65 46018
65 46068
65 46151
65 46220
65 46399
65 47198
65 47203
65 47545
65 47595
65 47604
65 47637
65 47881
65 47976
65 48078
65 48829
65 48900
65 49117
65 49119
65 49497
65 50103
65 50139
65 50426
65 50433
65 50458
65 50462
65 50474
65 50655
65 50756
65 50955
65 50959
65 51228
65 51580
65 51707
65 51800
65 51869
65 52056
65 52186
65 52211
65 52317
65 52337
65 52419
65 52462
65 52517
65 52518
65 52666
65 52676
65 53107
65 53493
65 53865
65 53887
65 53979
65 54026
65 54091
65 54491
65 55363
65 55496
65 55521
65 55539
65 55650
65 55835
65 55850
65 55870
65 55892
65 55969
65 56046
65 56355
65 56369
65 56568
65 56668
65 56700
65 56764
65 56845
65 56849
65 57327
65 57339
65 57813
65 58236
65 58359
65 58648
65 58862
65 58996
65 59403
65 59451
65 59712
65 59728
65 59754
65 59930
65 60000
65 60191
65 60485
65 60608
65 60838
65 60847
65 60868
65 60878
65 60894
65 60925
65 61096
65 61114
65 61183
65 61246
65 61917
65 62006
65 62240
65 62337
65 62368
65 62377
65 62518
65 62574
65 62661
65 62788
65 62883
65 62947
65 63023
65 63172
65 63308
65 63559
65 63593
65 63775
65 63801
65 63852
65 63993
65 64118
65 64220
65 64273
65 64285
65 64496
65 64643
65 64703
65 64734
65 64829
65 64877
65 64929
65 65064
65 65094
65 65157
65 65493
65 65772
65 66033
65 66242
65 66323
65 66387
65 66406
65 66463
65 66506
65 66562
65 66651
65 66919
65 66950
65 67017
65 67076
65 67097
65 67145
65 67156
65 67166
65 67197
65 67222
65 67348
65 67639
65 67652
65 67832
65 67893
65 67895
65 67924
65 68146
65 68280
65 68371
65 68382
65 68404
65 68516
65 68537
65 68645
65 68800
65 68846
65 69117
65 69135
65 69204
65 69533
65 69600
65 69637
65 69754
65 70032
65 70860
65 70891
65 70946
65 71174
65 71240
65 71467
65 71527
65 71687
65 71868
65 71964
65 71969
65 71995
65 72125
65 72135
65 72323
65 72325
65 72437
65 72542
65 72605
65 72627
65 72690
65 72804
65 72857
65 72926
65 72966
65 72977
65 73216
65 73226
65 73410
65 73706
65 73748
65 73931
65 74145
65 74153
65 74182
65 74332
65 74544
65 74623
65 74790
65 74801
65 74877
65 75072
65 75086
65 75188
65 75304
65 75360
65 75506
65 75615
65 75628
65 75687
65 75758
65 75850
65 75904
65 76154
65 76218
65 76361
65 76380
65 76426
65 76546
65 76727
65 76774
65 76779
65 77112
65 77210
65 77380
65 77412
65 77601
65 77900
65 77917
65 78017
65 78056
65 78191
65 78308
65 78381
65 78415
65 78428
65 78453
65 78466
65 78518
65 78688
65 78738
65 78895
65 78910
65 78962
65 78989
65 79046
65 79069
65 79213
65 79336
65 79372
65 79511
65 79526
65 79591
65 79611
65 79620
65 79822
65 80218
65 80316
65 80527
65 80640
65 80676
65 80685
65 80855
65 80882
65 81273
65 81311
65 81400
65 81872
65 82019
65 82238
65 82258
65 82267
65 82511
65 82624
65 82729
65 82759
65 82890
65 83075
65 83111
65 83267
65 83364
65 83397
65 83673
65 83707
65 83815
65 83904
65 83951
65 83992
65 84045
65 84209
65 84236
65 84239
65 84245
65 84420
65 84489
65 84614
65 84690
65 84699
65 84705
65 84713
65 84800
65 84904
65 84970
65 84976
65 85242
65 85484
65 85745
65 86141
65 86244
65 86360
65 86426
65 86430
65 86510
65 86551
65 86584
65 86923
65 86979
65 87168
65 87205
65 87248
65 87295
65 87450
65 87570
65 87633
65 87722
65 87767
65 87848
65 87855
65 87910
65 87977
65 88212
65 88271
65 88586
65 88685
65 88757
65 88771
65 88802
65 88855
65 88936
65 88946
65 88965
65 89187
65 89261
65 89276
65 89425
65 89703
65 89825
65 89890
65 89891
65 90029
65 90103
65 90106
65 90417
65 90526
65 90530
65 90545
65 90658
65 90694
65 90727
65 90947
65 91147
65 91278
65 91353
65 91411
65 91482
65 91672
65 91714
65 91761
65 91824
65 91831
65 92061
65 92270
65 92363
65 92653
65 92734
65 92795
65 92869
65 92963
65 93014
65 93027
65 93065
65 93381
65 93561
65 93581
65 93645
65 93653
65 93794
65 93801
65 93944
65 94277
65 94316
65 94469
65 94493
65 94596
65 94616
65 94728
65 94845
65 94939
65 95130
65 95213
65 95369
65 95429
65 95623
65 95838
65 95852
65 95961
65 96173
65 96193
65 96259
65 96304
65 96305
65 96337
65 96427
65 96540
65 96638
65 97117
65 97332
65 97464
65 97487
65 97498
65 97575
65 97751
65 97849
65 97852
65 97952
65 97989
65 98009
65 98118
65 98205
65 98416
65 98680
65 98806
65 98936
65 98998
65 99036
65 99186
65 99190
65 99231
65 99309
65 99324
65 99382
65 99407
65 99515
65 99518
65 99584
65 99738
65 99923
65 99928
65 100087
65 100089
65 100143
65 100329
65 100470
65 100949
65 100973
65 101252
65 101290
65 101326
65 101457
65 101504
65 101539
65 101592
65 101679
65 101869
65 102039
65 102077
65 102136
65 102337
65 102464
65 102736
65 102742
65 102768
65 102947
65 102969
65 103194
65 103358
65 103389
65 103391
65 103582
65 103644
65 103696
65 103815
65 103916
65 104028
65 104115
65 104185
65 104200
65 104330
65 104338
65 104394
65 104414
65 104686
65 104749
65 104920
65 105066
65 105071
65 105147
65 105170
65 105199
65 105232
65 105444
65 105675
65 105736
65 105829
65 105837
65 106065
65 106610
65 106740
65 107027
65 107105
65 107135
65 107405
65 107407
65 107448
65 107471
65 107495
65 107544
65 107647
65 107817
65 107966
65 108061
65 108118
65 108187
65 108189
65 108243
65 108292
65 108365
65 108426
65 108524
65 108663
65 108926
65 109051
65 109170
65 109172
65 109176
65 109193
65 109228
65 109233
65 109442
65 109510
65 109545
65 109626
65 109786
65 109898
65 109923
65 109929
65 109986
65 110260
65 110301
65 110391
65 110396
65 110565
65 110745
65 110751
65 110990
65 111073
65 111077
65 111428
65 111442
65 111642
65 111696
65 111835
65 112021
65 112028
65 112152
65 112156
65 112185
65 112230
65 112527
65 112918
65 113070
65 113182
65 113240
65 113355
65 113371
65 113372
65 113507
65 113570
65 113776
65 113809
65 113860
65 113902
65 114019
65 114022
65 114172
65 114173
65 114215
65 114284
65 114458
65 114481
65 114568
65 114673
65 114801
65 114851
65 114857
65 115026
65 115032
65 115120
65 115163
65 115360
65 115923
65 116101
65 116118
65 116129
65 116149
65 116194
65 116240
65 116312
65 116325
65 116405
65 116421
65 116674
65 116679
65 116800
65 116903
65 117085
65 117127
65 117131
65 117481
65 117777
65 117792
65 117797
65 117831
65 117957
65 118198
65 118206
65 118257
65 118414
65 118447
65 118470
65 118594
65 118762
65 118763
65 118802
65 118873
65 118964
65 119033
65 119143
65 119200
65 119321
65 119422
65 119481
65 119498
65 119608
65 119636
65 119947
65 120032
65 120359
65 120659
65 120906
65 120908
65 120909
65 121068
65 121199
65 121356
65 121394
65 121547
65 121670
65 121688
65 121734
65 121791
65 121824
65 121832
65 121837
65 121952
65 121987
65 122081
65 122220
65 122250
65 122262
65 122565
65 122660
65 122931
65 123014
65 123040
65 123049
65 123092
65 123146
65 123317
65 123357
65 123365
65 123539
65 123632
65 123725
65 123728
65 123817
65 123924
65 124508
65 124679
65 124904
65 124965
65 125055
65 125132
65 125719
65 125870
65 125961
65 126232
65 126270
65 126298
65 126424
66 6
66 85
66 110
66 112
66 118
66 153
66 156
66 169
66 182
66 348
66 410
66 757
66 788
66 868
66 918
66 954
66 955
66 1026
66 1425
66 1627
66 1683
66 1786
66 1793
66 1883
66 2209
66 2280
66 2313
66 2452
66 2650
66 2667
66 2888
66 3083
66 3110
66 3243
66 3799
66 3882
66 3970
66 3994
66 3997
66 4005
66 4012
66 4231
66 4251
66 4264
66 4265
66 4323
66 4328
66 4395
66 4436
66 4512
66 4550
66 4624
66 4659
66 4790
66 4832
66 4858
66 4949
66 5055
66 5185
66 5225
66 5276
66 5326
66 5480
66 5621
66 6100
66 6138
66 6194
66 6218
66 6427
66 6627
66 6702
66 7025
66 7057
66 7084
66 7090
66 7106
66 7194
66 7208
66 7221
66 7392
66 7415
66 7554
66 7611
66 7737
66 7928
66 8072
66 8202
66 8223
66 8257
66 8371
66 8386
66 8446
66 8519
66 8541
66 8654
66 8749
66 8962
66 9321
66 9358
66 9464
66 9658
66 9786
66 10074
66 10093
66 10193
66 10276
66 10303
66 10342
66 10450
66 10471
66 10495
66 10508
66 10640
66 10884
66 10965
66 11015
66 11086
66 11400
66 11422
66 11450
66 11525
66 11938
66 11972
66 11988
66 12270
66 12280
66 12314
66 12325
66 12362
66 12558
66 12741
66 12885
66 13118
66 13274
66 13334
66 13652
66 13815
66 13817
66 14040
66 14051
66 14378
66 14454
66 14533
66 14734
66 14787
66 14815
66 15198
66 15602
66 15746
66 16067
66 16079
66 16150
66 16280
66 16295
66 16506
66 16731
66 16885
66 16901
66 17118
66 17140
66 17275
66 17622
66 17684
66 17743
66 17785
66 17813
66 18008
66 18120
66 18163
66 18217
66 18259
66 18300
66 18345
66 18463
66 18512
66 18565
66 18596
66 18751
66 18857
66 18863
66 19231
66 19274
66 19480
66 19739
66 19766
66 19839
66 19973
66 20041
66 20105
66 20264
66 20290
66 20294
66 20348
66 20464
66 20471
66 20474
66 21043
66 21113
66 21174
66 21240
66 21385
66 21409
66 21539
66 21541
66 21566
66 21647
66 21668
66 21676
66 21686
66 21779
66 21866
66 21980
66 22076
66 22210
66 22394
66 22500
66 22598
66 22612
66 22706
66 22753
66 22785
66 22825
66 22921
66 23058
66 23342
66 23368
66 23435
66 23601
66 23706
66 23945
66 23988
66 24191
66 24262
66 24353
66 24407
66 24441
66 24591
66 24599
66 24624
66 24958
66 25014
66 25323
66 25369
66 25420
66 25431
66 25444
66 25488
66 25501
66 25512
66 25587
66 25610
66 25635
66 25755
66 25801
66 25828
66 25830
66 25918
66 25988
66 26066
66 26078
66 26106
66 26206
66 26291
66 26455
66 26607
66 26684
66 26911
66 26941
66 27000
66 27077
66 27140
66 27351
66 27455
66 27462
66 27566
66 27601
66 27752
66 27810
66 27861
66 27866
66 27886
66 27908
66 28086
66 28161
66 28196
66 28226
66 28644
66 28702
66 28749
66 29031
66 29074
66 29125
66 29236
66 29469
66 29531
66 29629
66 29760
66 29832
66 29843
66 29935
66 29938
66 29978
66 30041
66 30245
66 30889
66 31362
66 31499
66 31579
66 31615
66 31676
66 31716
66 31844
66 31846
66 31925
66 32293
66 32332
66 32388
66 32885
66 32946
66 33078
66 33481
66 33582
66 33647
66 33771
66 33895
66 33950
66 34071
66 34136
66 34230
66 34307
66 34481
66 34542
66 34604
66 34614
66 34824
66 34855
66 34864
66 34881
66 35016
66 35105
66 35312
66 35314
66 35396
66 35434
66 35455
66 35489
66 35635
66 35777
66 35976
66 36087
66 36140
66 36169
66 36192
66 36239
66 36468
66 36498
66 36513
66 36598
66 36718
66 36843
66 36867
66 36886
66 36975
66 36987
66 37068
66 37069
66 37124
66 37196
66 37208
67 3
67 161
67 452
67 533
67 614
67 724
67 732
67 844
67 968
67 981
67 1093
67 1130
67 1374
67 1392
67 1610
67 1705
67 1751
67 1818
67 1854
67 2504
67 2513
67 2527
67 2613
67 2738
67 2747
67 2862
67 2886
67 3017
67 3214
67 3247
67 3492
67 3508
67 3573
67 3688
67 3725
67 3837
67 3970
67 4136
67 4352
67 4364
67 4785
67 4903
67 5040
67 5115
67 5419
67 5486
67 5645
67 5866
67 5870
67 6094
67 6118
67 6195
67 6491
67 6573
67 6581
67 6595
67 6606
67 6989
67 7120
67 7181
67 7384
67 7474
67 7596
67 7740
67 7816
67 7954
67 8074
67 8157
67 8177
67 8230
67 8407
67 8462
67 8527
67 8555
67 8617
67 8796
67 8901
67 8930
67 8957
67 9084
67 9216
67 9221
67 9239
67 9421
67 9448
67 9739
67 9964
67 10307
67 10371
67 10509
67 10605
67 10631
67 10695
67 10790
67 11510
67 11648
67 11744
67 12003
67 12016
67 12050
67 12233
67 12335
67 12384
67 12426
67 12458
67 12524
67 12633
67 12635
67 12653
67 12851
67 12921
67 12977
67 13004
67 13067
67 13082
67 13099
67 13105
67 13343
67 13369
67 13441
67 13466
67 13630
67 13778
67 13781
67 13789
67 13843
67 14131
67 14409
67 14412
67 14536
67 14759
67 14981
67 15178
67 15212
67 15335
67 15506
67 15603
67 15614
67 15695
67 15716
67 15780
67 16040
67 16055
67 16073
67 16155
67 16187
67 16194
67 16511
67 16558
67 16731
67 16834
67 16981
67 17070
67 17107
67 17439
67 17462
67 17556
67 17570
67 17596
67 17690
67 17707
67 17980
67 18085
67 18265
67 18485
67 18563
67 18632
67 18657
67 18734
67 18806
67 19130
67 19336
67 19420
67 19426
67 19582
67 19875
67 19940
67 20046
67 20205
67 20215
67 20273
67 20341
67 20354
67 20398
67 20421
67 20492
67 20582
67 20627
67 20732
67 20791
67 20797
67 20872
67 21075
67 21089
67 21127
67 21291
67 21293
67 21407
67 21685
67 21724
67 21870
67 21893
67 22022
67 22156
67 22244
67 22320
67 22544
67 22687
67 22982
67 23010
67 23577
67 23595
67 23649
67 24011
67 24155
67 24158
67 24487
67 24567
67 24676
67 24786
67 24847
67 24900
67 25144
67 25272
67 25322
67 25363
67 25375
67 25384
67 25514
67 25658
67 25786
67 25871
67 25935
67 26065
67 26092
67 26132
67 26144
67 26169
67 26455
67 26578
67 26662
67 26779
67 26941
67 26947
67 27041
67 27119
67 27166
67 27308
67 27656
67 27737
67 27826
67 28037
67 28294
67 28605
67 28629
67 28666
67 28811
67 28960
67 28979
67 28989
67 29031
67 29065
67 29120
67 29370
67 29390
67 29520
67 29528
67 29558
67 29809
67 29880
67 30021
67 30313
67 30388
67 30478
67 30602
67 30615
67 30642
67 30663
67 30689
67 30838
67 30849
67 30992
67 31391
67 31405
67 31633
67 31685
67 31875
67 32035
67 32099
67 32101
67 32170
67 32230
67 32314
67 32381
67 32654
67 32975
67 33066
67 33361
67 33406
67 33437
67 33483
67 33523
67 33530
67 34163
67 34229
67 34407
67 34569
67 34689
67 34716
67 34740
67 34832
67 34891
67 34964
67 35046
67 35121
67 35451
67 35475
67 35571
67 35594
67 35702
67 35785
67 35790
67 35808
67 35827
67 35845
67 35866
67 35882
67 35895
67 35965
67 36130
67 36177
67 36298
67 36425
67 36537
67 36788
67 36793
67 36828
67 36895
67 37170
67 37191
67 37341
67 37346
67 37408
67 37414
67 37462
67 37547
67 37556
67 37657
67 37680
67 37682
67 37779
67 37825
67 38033
67 38121
67 38257
67 38455
67 38761
67 38906
67 38971
67 39005
67 39185
67 39203
67 39441
67 39766
67 39798
67 40113
67 40156
67 40258
67 40492
67 40803
67 40968
67 41076
67 41134
67 41330
67 41578
67 41942
67 42021
67 42189
67 42219
67 42482
67 42580
67 42606
67 42757
67 42872
67 42903
67 43233
67 43250
67 43416
67 43811
67 43952
67 44003
67 44050
67 44087
67 44177
67 44190
67 44379
67 44411
67 44678
67 44902
67 45050
67 45111
67 45123
67 45302
67 45336
67 45607
67 46135
67 46516
67 46601
67 46769
67 46863
67 46872
67 46911
67 46963
67 46972
67 47028
67 47162
67 47199
67 47226
67 47255
67 47286
67 47391
67 47434
67 47832
67 47881
67 47938
67 47973
67 48002
67 48030
67 48397
67 48403
67 48409
67 48496
67 48588
67 48755
67 48809
67 49069
67 49079
67 49096
67 49306
67 49348
67 49569
67 49792
67 49795
67 49841
67 49989
67 50001
67 50090
67 50094
67 50205
67 50298
67 50412
67 50468
67 50484
67 50813
67 50822
67 50863
67 50893
67 50961
67 51015
67 51292
67 51346
67 51395
67 51442
67 51497
67 51531
67 51668
67 51772
67 51933
67 51980
67 52073
67 52110
67 52112
67 52271
67 52431
67 52491
67 52509
67 52525
67 52700
67 52711
67 52770
67 52808
67 52851
67 52893
67 52996
67 53020
67 53271
67 53281
67 53554
67 53657
67 53777
67 53779
67 54121
67 54171
67 54282
67 54308
67 54546
67 54553
67 54594
67 54878
67 54956
67 55012
67 55071
67 55333
67 55338
67 55439
67 55561
67 55853
67 55909
67 56068
67 56069
67 56296
67 56346
67 56367
67 56419
67 56631
67 56655
67 56746
67 56973
67 57077
67 57090
67 57121
67 57241
67 57271
67 57513
67 57585
67 57604
67 57614
67 57633
67 57634
67 57678
67 57689
67 57719
67 57725
67 57829
67 57892
67 58167
67 58323
67 58382
67 58398
67 58500
67 58513
67 58653
67 58891
67 58914
67 58924
67 58950
67 59029
67 59220
67 59350
67 59360
67 59506
67 59531
67 59542
67 59923
67 59948
67 59971
67 59975
67 60013
67 60074
67 60155
67 60257
67 60334
67 60452
67 60654
67 60752
67 60759
67 61117
67 61167
67 61326
67 61425
67 61539
67 61595
67 61667
67 61850
67 61881
67 61969
67 62134
67 62227
67 62257
67 62626
67 62767
67 62901
67 62904
67 62935
67 63048
67 63085
67 63155
67 63268
67 63331
67 63338
67 63360
67 63473
67 63537
67 63633
67 63740
67 63755
67 63919
67 63974
67 64082
67 64085
67 64301
67 64453
67 64539
67 64601
67 64640
67 64735
67 64764
67 64766
67 64936
67 65030
67 65046
67 65291
67 65603
67 65645
67 65672
67 65683
67 65810
67 65842
67 65917
67 65936
67 65940
67 65947
67 65979
67 66194
67 66256
67 66269
67 66303
67 66515
67 66539
67 66682
67 66814
67 67157
67 67191
67 67374
67 67594
67 67601
67 68057
67 68167
67 68185
67 68189
67 68532
67 68661
67 68797
67 68813
67 68815
67 68896
67 69130
67 69136
67 69405
67 69436
67 69599
67 69643
67 69764
67 69872
67 69983
67 70079
67 70135
67 70484
67 70825
67 70911
67 70932
67 71086
67 71089
67 71090
67 71267
67 71291
67 71375
67 71546
67 71550
67 71666
67 71710
67 71834
67 71996
67 72181
67 72218
67 72223
67 72297
67 72298
67 72361
67 72514
67 72552
67 72556
67 72572
67 72579
67 72653
67 72660
67 72684
67 72744
67 73023
67 73125
67 73132
67 73196
67 73273
67 73427
67 73515
67 73527
67 73598
67 73794
67 73890
67 73985
67 74558
67 74598
67 74873
67 75016
67 75146
67 75214
67 75335
67 75481
67 75529
67 75566
67 75574
67 75594
67 75714
67 75929
67 76080
67 76670
67 76697
67 76839
67 76840
67 76897
67 76948
67 76983
67 77044
67 77146
67 77164
67 77280
67 77375
67 77409
67 77450
67 77532
67 77634
67 77637
67 77643
67 77701
67 77881
67 77952
67 77962
67 78345
67 78381
67 78650
67 78684
67 78892
67 79240
67 79308
67 79331
67 79552
67 79556
67 79592
67 79652
67 79754
67 79995
67 80036
67 80056
67 80107
67 80120
67 80125
67 80319
67 80351
67 80565
67 80621
67 80638
67 80811
67 80856
67 81057
67 81086
67 81242
67 81301
67 81334
67 81516
67 81622
67 82008
67 82235
67 82398
67 82487
67 82607
67 82637
67 82789
67 83014
67 83094
67 83263
67 83331
67 83565
67 83603
67 83703
67 83807
67 83848
67 84073
67 84166
67 84233
67 84254
67 84287
67 84320
67 84374
67 84673
67 84729
67 84904
67 84906
67 85143
67 85267
67 85405
67 85482
67 85545
67 85779
67 85873
67 86043
67 86048
67 86218
67 86339
67 86414
67 86521
67 86549
67 86796
67 86995
67 87044
67 87222
67 87292
67 87531
67 87614
67 87641
67 87679
67 87763
67 87823
67 87863
67 87967
67 88113
67 88606
67 88632
67 88676
67 88779
67 89094
67 89224
67 89388
67 89399
67 89683
67 89791
67 90174
67 90201
67 90232
67 90658
67 90705
67 90717
67 90851
67 90916
67 90942
67 91091
67 91431
67 91724
67 91995
67 92042
67 92088
67 92215
67 92279
67 92345
67 92440
67 92575
67 92596
67 92664
67 92878
67 92940
67 92963
67 93446
67 93578
67 93738
67 93794
67 93947
67 93984
67 94042
67 94057
67 94059
67 94099
67 94112
67 94203
67 94227
67 94297
67 94328
67 94427
67 94472
67 94691
67 94702
67 94706
67 94907
67 94979
67 95104
67 95189
67 95290
67 95326
67 95391
67 95720
67 95734
67 95737
67 95856
67 95875
67 95900
67 95918
67 96371
67 96568
67 96669
67 96751
67 96841
67 96871
67 96912
67 97013
67 97236
67 97315
67 97334
67 97383
67 97455
67 97505
67 97540
67 97615
67 97632
67 97762
67 97868
67 97873
67 98210
67 98359
67 98674
67 98705
67 99380
67 99440
67 99683
67 99756
67 99801
67 99943
67 100031
67 100038
67 100104
67 100145
67 100168
67 100177
67 100204
67 100210
67 100245
67 100249
67 100285
67 100372
67 100531
67 100560
67 100570
67 100616
67 100623
67 100795
67 100904
67 100914
67 100933
67 101055
67 101058
67 101068
67 101078
67 101143
67 101160
67 101329
67 101389
67 101393
67 101410
67 101529
67 101578
67 101628
67 101656
67 101698
67 101891
67 102023
67 102100
67 102310
67 102320
67 102328
67 102483
67 102633
67 102678
67 102689
67 102709
67 102763
67 102779
67 102833
67 102840
67 102930
67 103012
67 103019
67 103024
67 103209
67 103257
67 103296
67 103377
67 103386
67 103395
67 103403
67 103482
67 103505
67 103522
67 103570
67 103634
67 103652
67 103682
67 103756
67 103951
67 103955
67 103996
67 103998
67 104024
67 104174
67 104224
67 104533
67 104546
67 104568
67 104621
67 104646
67 104682
67 104718
67 104775
67 104877
67 104945
67 105003
67 105037
67 105086
67 105245
67 105294
67 105484
67 105554
67 105729
67 105754
67 105899
67 105946
67 106012
67 106085
67 106133
67 106140
67 106202
67 106239
67 106297
67 106432
67 106492
67 106613
67 106926
67 106937
67 107068
67 107144
67 107149
67 107271
67 107316
67 107348
67 107467
67 107575
67 107724
67 107923
67 107950
67 107974
67 108010
67 108044
67 108083
67 108096
67 108233
67 108309
67 108364
67 108391
67 108410
67 108418
67 108503
67 108506
67 108611
67 108639
67 108789
67 108907
67 108921
67 108953
67 108968
67 109033
67 109056
67 109128
67 109186
67 109229
67 109244
67 109281
67 109294
67 109328
67 109387
67 109405
67 109432
67 109449
67 109479
67 109553
67 109638
67 109699
67 109776
67 109897
67 109974
67 109991
67 109999
67 110035
67 110047
67 110059
67 110092
67 110106
67 110112
67 110195
67 110252
67 110289
67 110309
67 110373
67 110456
67 110504
67 110736
67 110759
67 110817
67 110846
67 110946
67 110955
67 111001
67 111043
67 111056
67 111106
67 111123
67 111263
67 111455
67 111560
67 111670
67 111738
67 111757
67 111807
67 111895
67 111919
67 111924
67 111949
67 112036
67 112134
67 112461
67 112563
67 112652
67 112672
67 112689
67 112800
67 112896
67 112898
67 112912
67 112960
67 113107
67 113143
67 113172
67 113208
67 113218
67 113324
67 113371
67 113519
67 113548
67 113612
67 113630
67 113684
67 113710
67 113729
67 113799
67 113865
67 114033
67 114091
67 114162
67 114164
67 114197
67 114244
67 114261
67 114328
67 114362
67 114423
67 114459
67 114496
67 114544
67 114613
67 114669
67 114719
67 114859
67 114864
67 114912
67 114932
67 114960
67 114977
67 114998
67 115001
67 115039
67 115103
67 115167
67 115276
67 115323
67 115374
67 115389
67 115445
67 115464
67 115474
67 115476
67 115533
67 115607
67 115649
67 115674
67 115678
67 115697
67 115705
67 115797
67 115810
67 115897
67 116039
67 116173
67 116195
