66 673
66 819
66 1285
66 1947
66 2001
66 2055
66 3008
66 3153
66 4218
66 4874
66 5183
66 5533
66 6131
66 6133
66 6929
66 7005
66 7403
66 8350
66 9017
66 9152
66 9622
66 9797
66 9965
66 10259
66 10375
66 10407
66 10409
66 10496
66 10756
66 11040
66 11869
66 12007
66 12256
66 12419
66 12620
66 12686
66 15406
66 17004
66 17529
66 17787
66 18045
66 18070
66 19779
66 19909
66 20398
66 20874
66 21296
66 21417
66 21449
66 22304
66 22582
66 23054
66 23145
66 24954
66 25422
66 25462
66 25863
66 27098
66 27139
66 27940
66 27944
66 28784
66 29600
66 29741
66 31108
66 31872
66 32451
66 32907
66 33540
66 34647
66 34734
66 34973
66 35008
66 35374
66 35861
66 35869
66 35937
66 36382
66 36518
75 875
75 1091
75 1333
75 2018
75 2314
75 2973
75 3540
75 3743
75 3795
75 3887
75 5142
75 5511
75 5790
75 5949
75 6456
75 6471
75 7878
75 8083
75 9137
75 9629
75 10077
75 10252
75 10598
75 10685
75 11277
75 11619
75 11867
75 12876
75 12979
75 13069
75 13247
75 14273
75 14399
75 14501
75 15735
75 16136
75 16656
75 16952
75 19955
75 20283
75 20929
75 20957
75 20991
75 21136
75 21253
75 21988
75 22652
75 23072
75 23128
75 23734
75 23922
75 23956
75 24112
75 25374
75 25638
75 25692
75 26387
75 27214
75 27493
75 27531
75 27692
75 28056
75 28073
75 28306
75 28778
75 29526
75 29563
75 30117
75 31791
75 31803
75 32310
75 33097
75 33548
75 34730
75 34889
75 35697
75 36294
75 37169
75 37201
75 37214
75 38351
75 38581
75 39080
75 39989
75 41423
75 41862
75 42106
75 42149
75 43178
75 43368
75 43622
75 44005
75 44628
75 44654
75 44714
75 45237
75 45748
75 45979
75 46821
75 47046
75 47305
75 47808
75 48291
75 49484
75 50510
75 51152
75 52164
75 52605
75 52824
75 53307
75 53779
75 54032
75 54379
75 54383
75 54661
75 54672
75 54889
75 55446
75 55585
75 55624
75 55876
75 55997
75 56162
75 56202
75 56550
75 56622
75 56740
75 56854
75 56972
75 58333
75 58624
75 58986
75 59348
75 59351
75 59476
75 59962
75 60594
75 60636
75 61732
75 62026
75 62102
75 62351
75 62421
75 62655
75 63188
75 63225
75 63334
75 63345
75 64466
75 64471
75 65086
75 65798
75 66161
75 66895
75 67049
75 67633
75 67635
75 67691
75 67697
75 67953
75 68038
75 68641
75 69313
75 69353
75 70029
75 70523
75 70741
75 71123
75 71950
75 72580
75 73425
75 73428
75 74607
75 75426
75 75546
75 75559
75 75731
75 76068
75 76266
75 77475
75 77735
75 77802
75 78344
75 78523
75 78843
75 79028
75 79532
75 79607
75 79688
75 79959
75 80154
75 80217
75 81116
75 82533
75 82671
75 82755
75 83341
75 84391
75 84469
75 85217
75 86283
75 86442
75 86669
75 86713
75 87013
75 87440
75 87474
75 87718
75 87917
75 88190
75 88338
75 88842
75 90312
75 90389
75 90522
75 90578
75 92182
75 92699
69 3
69 67
69 1087
69 1238
69 1490
69 1531
69 1801
69 1871
69 2316
69 2856
69 2919
69 3151
69 3248
69 3408
69 3799
69 4426
69 4694
69 5781
69 5876
69 6077
69 6190
69 7003
69 7108
69 7314
69 7333
69 7411
69 7582
69 7979
69 8351
69 8954
69 9134
69 9581
69 10278
69 10442
69 11869
69 13163
69 13183
69 13220
69 13319
69 13329
69 13388
69 14550
69 14753
69 14858
69 15290
69 16008
69 16080
69 17222
69 17436
69 18296
69 18793
69 19101
69 19136
69 19195
69 19847
69 20336
69 20398
69 20663
69 21509
69 21859
69 22718
69 22957
69 23093
69 23304
69 23505
69 24026
69 24284
69 24450
69 24816
69 25086
69 25603
69 25895
69 26862
69 27705
69 29734
69 30419
69 30881
69 31247
69 32313
69 32433
69 32678
69 33179
69 33249
69 33261
69 33463
69 33904
69 34001
69 35381
69 36830
69 37181
69 37899
69 38027
69 38277
69 38293
69 39185
69 40011
69 40126
69 40605
69 40740
69 40961
69 41011
69 41509
69 41586
69 41914
69 41983
69 42908
69 42992
69 43060
69 43432
69 43716
69 45020
69 45464
69 45978
69 46023
69 46113
69 46451
69 46874
69 47040
69 47214
69 47574
69 48011
69 48309
69 48315
69 48489
69 48727
69 49337
69 50258
69 50282
69 50424
69 51016
69 51086
69 51541
69 51679
69 51766
69 52188
69 53993
69 54118
69 54950
69 55020
69 55031
69 55066
69 55505
69 56236
69 56414
69 56804
69 57130
69 57535
69 57600
69 57880
69 58050
69 58065
69 58251
69 58291
69 58377
69 58408
69 58515
69 58670
69 59621
69 59969
69 60018
69 60827
69 62215
69 63129
69 63159
69 63257
69 64624
69 64752
69 64883
69 67248
69 67338
69 67859
69 67952
69 68721
69 69178
69 70259
69 70450
69 71270
69 71964
69 72226
69 72293
69 72464
69 72777
69 72837
69 73834
69 74852
69 75126
69 75153
69 76141
69 76285
69 76563
69 77258
69 77820
69 77921
69 78971
69 79117
69 79537
69 81093
69 81579
69 83190
69 83419
69 84603
69 84610
69 84700
69 84861
69 85161
69 87188
69 87208
69 87221
69 87447
69 88083
69 88090
69 89410
69 89421
70 243
70 524
70 1235
70 2198
70 2781
70 3146
70 3476
70 3543
70 3729
70 4445
70 4463
70 4947
70 4966
70 5156
70 5296
70 5308
70 5955
70 7390
70 7661
70 7819
70 8027
70 8215
70 8463
70 9118
70 9461
70 10176
70 10337
70 11403
70 11911
70 12481
70 12739
70 12767
70 13633
70 13883
70 14495
70 14930
70 14957
70 15293
70 15420
70 15684
70 15864
70 16499
70 17662
70 18467
70 18671
70 19440
70 19567
70 21659
70 22591
70 22897
70 23044
70 23051
70 24193
70 24338
70 24951
70 26631
70 26874
70 27236
70 27346
70 27479
70 29208
70 29295
70 29453
70 29860
70 29865
70 30197
70 30215
70 30375
70 30611
70 31097
70 31861
70 32152
70 32811
70 32882
70 32918
70 33090
70 33320
70 34857
70 35849
70 36516
70 36723
70 36727
70 36886
70 36981
70 37076
70 37817
70 37842
70 38129
70 38221
70 38682
70 39277
70 39430
70 39745
70 39746
70 40584
70 40873
70 41584
70 41778
70 42086
70 42633
70 43119
70 43275
70 44482
70 44835
70 46313
70 46508
70 47472
70 47846
70 47890
70 48100
70 49021
70 49214
70 49308
70 49681
70 49696
70 49877
70 49910
70 49959
70 50947
70 51254
70 51413
70 51686
70 51818
70 52247
70 52800
70 53206
70 53465
70 53791
70 53868
70 55064
70 55491
70 55822
70 55874
70 56942
70 57714
70 57946
70 58159
70 58340
70 58359
70 59942
70 60754
70 60786
70 61069
70 61203
70 61588
70 62201
70 62235
70 62307
70 63935
70 64387
70 64526
70 65365
70 65738
70 66234
70 66959
70 67499
70 67740
70 67924
70 68077
70 68564
70 68583
70 68843
70 68910
70 69635
70 71094
70 71123
70 71352
70 72183
70 72279
70 72943
70 74133
70 75334
70 76850
70 76952
70 77373
70 77641
70 77918
70 78342
70 78602
70 78865
70 78898
70 78919
70 79860
70 80209
70 80331
70 80369
70 80531
70 81251
70 81270
70 81413
70 81769
70 82033
70 82509
70 83731
70 84653
70 85511
70 85794
70 86742
70 87218
70 87699
70 88340
70 88544
70 88650
70 88772
70 88879
70 89136
67 191
67 199
67 860
67 2068
67 2417
67 2833
67 4111
67 4197
67 5191
67 5333
67 5679
67 6082
67 6148
67 8094
67 9804
67 9955
67 10324
67 10853
67 11102
67 11202
67 12165
67 12333
67 13085
67 13986
67 14375
67 15414
67 15496
67 15769
67 16262
67 16439
67 16833
67 17042
67 17725
67 17734
67 17938
67 18495
67 19448
67 20173
67 20229
67 20463
67 21037
67 21739
67 22466
67 22549
67 23528
67 23927
67 23969
67 24122
67 24750
67 25082
67 25136
67 26687
67 26695
67 26881
67 27168
67 28010
67 28414
67 29760
67 30909
67 31398
67 33368
67 33723
67 33740
67 34008
67 34066
67 34320
67 34536
67 34566
67 34712
67 35130
67 35526
67 35621
67 35651
67 35875
67 36851
67 37282
67 38078
67 38824
67 39153
67 40089
67 40490
67 40500
67 41475
67 41547
67 41910
67 42046
67 42339
67 42764
67 42773
67 43835
67 44109
67 44192
67 44597
67 45476
67 45478
67 46079
67 46387
67 46659
67 46813
67 47949
67 47961
67 48671
67 48694
67 48951
67 49767
67 49926
67 49928
67 50012
67 50282
67 50340
67 50364
67 50386
67 51573
67 51934
67 52014
67 52169
67 52184
67 52778
67 52897
67 52953
67 53125
67 53515
67 54120
67 54935
67 54938
67 55122
67 55675
67 55728
67 56546
67 56682
67 56864
67 56882
67 57080
67 57089
67 57665
67 57733
67 58121
67 58123
67 58901
67 59315
67 59553
67 59910
67 60151
67 61757
67 62643
67 63185
67 63735
67 64060
67 64134
67 64141
67 64306
67 65132
67 65451
67 65676
67 65843
67 66309
67 66321
67 67361
67 68014
67 68262
67 69098
67 70209
67 70922
67 71145
67 71838
67 73109
67 73337
67 73390
67 73483
67 74017
67 74024
67 74278
67 74289
67 74381
67 74425
67 74984
67 75546
67 75741
67 76509
67 76851
67 76977
67 77083
67 77965
67 78159
67 78378
67 79288
67 79462
67 80265
67 80337
67 80494
67 81477
67 81897
67 82167
67 83700
67 84799
67 85518
67 87015
67 87079
67 87601
67 88949
67 89029
67 89264
67 89534
67 89597
67 90042
67 90144
67 90610
67 90870
67 90926
67 92523
67 92857
67 93047
67 93898
67 93993
67 94487
67 94524
67 94553
67 94908
67 95107
67 95925
67 96289
67 96327
67 96762
73 272
73 526
73 970
73 1039
73 2230
73 2316
73 2518
73 3134
73 3183
73 3347
73 3578
73 3678
73 3680
73 3910
73 4351
73 4738
73 4809
73 5424
73 5505
73 5612
73 5719
73 5888
73 6995
73 6999
73 7122
73 7326
73 7509
73 8122
73 8226
73 8301
73 8347
73 8436
73 8450
73 8584
73 8596
73 9628
73 9664
73 11257
73 11259
73 11802
73 11882
73 12471
73 12772
73 12925
73 12976
73 13048
73 13673
73 13820
73 13911
73 14104
73 14241
73 14314
73 14619
73 14748
73 16406
73 16498
73 17029
73 17754
73 18088
73 18093
73 20700
73 21823
73 21862
73 22301
73 22429
73 22641
73 22926
73 23231
73 23900
73 23970
73 24101
73 25681
73 25729
73 25882
73 25975
73 26023
73 26292
73 26356
73 27140
73 27150
73 27407
73 28069
73 28370
73 28662
73 28908
73 29173
73 29201
73 29544
73 29920
73 30187
73 30247
73 30529
73 30656
73 31288
73 31760
73 32244
73 32389
73 32471
73 32988
73 33266
73 33284
73 33494
73 33502
73 33626
73 33924
73 34423
73 34598
73 36495
73 36532
73 36617
73 36628
73 37032
73 37496
73 37817
73 38081
73 38198
73 38210
73 38665
73 40564
73 40766
73 40827
73 41523
73 42737
73 43468
73 43669
73 43760
73 43806
73 44182
73 44813
73 44833
73 45314
73 45329
73 45683
73 45985
73 46008
73 46688
73 46784
73 47955
73 48466
73 48500
73 48929
73 49354
73 49855
73 50444
73 50795
73 50936
73 51217
73 51725
73 52585
73 52628
73 53000
73 53509
73 53753
73 53857
73 54173
73 54367
73 54384
73 54533
73 54573
73 55434
73 56039
73 56184
73 56236
73 56374
73 56425
73 58082
73 59007
73 59090
73 59626
73 59691
73 60611
73 60685
73 60823
73 61659
73 61721
73 62128
73 62165
73 62249
73 62332
73 62396
73 62530
73 63605
73 63646
73 63678
73 63991
73 64079
73 64293
73 64345
73 64682
73 64922
73 65280
73 65327
73 65399
73 65435
73 65757
73 65766
73 66593
73 66777
73 67624
73 67840
73 68430
73 68495
73 68846
73 69663
73 69987
73 70053
73 70352
73 70730
73 71276
73 71359
73 71754
73 71893
73 72604
73 74179
73 74244
73 74374
73 74441
73 74625
73 74953
73 75182
73 75426
73 75549
73 75631
73 76679
73 76771
73 76794
73 77517
73 78037
73 78065
73 78775
73 79008
73 79213
73 80152
73 80498
73 80678
73 81971
73 82378
73 83025
73 83899
73 85784
73 86114
73 86290
73 86904
73 87487
73 87775
73 88226
73 88967
73 89393
73 89540
73 90125
73 91669
71 669
71 1145
71 1180
71 1492
71 1855
71 2252
71 2393
71 2526
71 2825
71 3192
71 3437
71 3487
71 4107
71 4702
71 5112
71 5162
71 5611
71 5725
71 6175
71 6433
71 6436
71 6775
71 6900
71 7166
71 8366
71 8773
71 8893
71 9211
71 9639
71 10077
71 10628
71 11423
71 12445
71 13737
71 16102
71 16986
71 17012
71 17220
71 19220
71 20049
71 20071
71 20195
71 20317
71 20601
71 21516
71 21609
71 22330
71 22342
71 22772
71 23126
71 23513
71 24262
71 24366
71 24937
71 25316
71 25635
71 25786
71 26983
71 27077
71 27239
71 27532
71 27577
71 27707
71 27927
71 28140
71 28201
71 28253
71 28318
71 28410
71 28631
71 29198
71 29523
71 29531
71 29893
71 30056
71 30144
71 30206
71 30210
71 30386
71 30733
71 30765
71 30881
71 31014
71 31021
71 33484
71 34550
71 35310
71 35438
71 35958
71 37207
71 37589
71 38144
71 38186
71 38269
71 40113
71 40137
71 40663
71 40808
71 42677
71 44002
71 45010
71 45889
71 46994
71 47024
71 47091
71 47567
71 47936
71 48714
71 51370
71 51405
71 52678
71 52824
71 53615
71 53674
71 53999
71 54420
71 56116
71 56314
71 56575
71 56997
71 57117
71 57330
71 57562
71 57936
71 58247
71 58421
71 58811
71 58856
71 58911
71 59144
71 59511
71 59634
71 59851
71 60109
71 60193
71 61636
71 62144
71 62498
71 62728
71 63384
71 63445
71 64518
71 64533
71 64580
71 66076
71 66664
71 67398
71 67589
71 67633
71 67687
71 68013
71 68038
71 68919
71 69675
71 69863
71 70828
71 71078
71 71436
71 71665
71 71726
71 71863
71 72091
71 72338
71 72553
71 73272
71 73380
71 74129
71 75305
71 75445
71 75625
71 76050
71 76801
71 78946
71 79828
71 80041
71 80184
71 80244
71 80487
71 80741
71 80933
71 81877
71 82352
71 83026
71 83847
71 83989
71 84399
71 85028
71 85273
71 85459
71 85723
71 86249
71 86300
71 86809
71 87266
71 87278
71 88093
71 88316
71 88584
71 88613
71 88648
71 88868
71 89126
71 89427
71 90218
71 90219
71 90838
71 90851
71 91072
71 91243
71 91308
71 92188
71 92274
71 92952
71 93201
71 93207
78 68
78 323
78 840
78 998
78 1068
78 1146
78 1357
78 1492
78 1852
78 2516
78 2545
78 3009
78 3856
78 4080
78 5263
78 5421
78 6694
78 6753
78 7058
78 8022
78 8691
78 8948
78 8976
78 9410
78 9688
78 9834
78 10080
78 10473
78 10553
78 10645
78 10847
78 11052
78 11121
78 11186
78 11297
78 11356
78 11602
78 11636
78 11772
78 11942
78 12048
78 12827
78 12845
78 13869
78 14089
78 14123
78 15393
78 15515
78 15641
78 15739
78 15907
78 16337
78 16691
78 17202
78 17227
78 17261
78 17851
78 19274
78 20114
78 20328
78 20584
78 20821
78 21360
78 22607
78 22997
78 23728
78 23808
78 23845
78 25351
78 25633
78 26201
78 27529
78 27764
78 27911
78 28008
78 28551
78 28756
78 28929
78 29227
78 29789
78 29824
78 30120
78 30548
78 30721
78 31496
78 31557
78 32105
78 32407
78 32474
78 33490
78 33669
78 33980
78 34075
78 34167
78 34365
78 34860
78 35143
78 36353
78 37325
78 38935
78 39455
78 39639
78 40395
78 40502
78 41177
78 41661
78 42235
78 42378
78 42609
78 42927
78 43234
78 43237
78 43445
78 43696
78 43779
78 44227
78 44301
78 44716
78 45913
78 46044
78 46311
78 46438
78 46539
78 47059
78 47316
78 47348
78 47633
78 47687
78 47733
78 48596
78 48768
78 49208
78 49730
78 49837
78 49919
78 51471
78 51652
78 51704
78 51916
78 52020
78 52074
78 52088
78 52100
78 52133
78 52598
78 52869
78 53261
78 54252
78 54800
78 55031
78 57885
78 57906
78 57942
78 58487
78 59549
78 60081
78 60127
78 60726
78 61484
78 63582
78 63620
78 63746
78 63751
78 65989
78 66613
78 66914
78 67321
78 67821
78 68815
78 69206
78 69233
78 69385
78 70091
78 70118
78 70130
78 70324
78 70581
78 70915
78 70940
78 71531
78 71788
78 71895
78 72045
78 72165
78 72339
78 72484
78 72711
78 72830
78 73497
78 73543
78 73792
78 73826
78 73939
78 74978
78 75092
78 75405
78 75567
78 75644
78 75713
78 76580
78 76743
78 76951
78 77163
78 77184
78 77441
78 77918
78 77977
78 78099
78 79059
78 79679
78 79776
78 79877
78 79987
78 80370
78 80551
78 80578
78 80733
78 80747
78 81261
78 81417
78 81717
78 82605
78 82721
78 83186
78 83374
78 83501
78 83938
78 84109
78 84893
78 85248
78 85379
78 85632
78 88957
78 88980
78 89273
78 89736
78 90034
78 90123
78 91013
78 91997
78 92636
78 92892
78 92973
78 93005
78 93129
78 93358
78 93518
78 94092
78 94431
78 94601
78 94851
72 572
72 709
72 1971
72 2426
72 2525
72 2840
72 3278
72 3687
72 4241
72 4695
72 4979
72 5021
72 5050
72 5677
72 6022
72 6554
72 6768
72 6816
72 8668
72 9173
72 9455
72 9476
72 9660
72 10898
72 11091
72 11686
72 11737
72 11806
72 13032
72 13267
72 14074
72 14269
72 14410
72 14811
72 15410
72 15711
72 16047
72 16146
72 16586
72 17305
72 17919
72 18281
72 18473
72 18799
72 18817
72 19025
72 20165
72 22190
72 22286
72 22756
72 22906
72 22944
72 23022
72 23207
72 23704
72 24649
72 24841
72 24930
72 26156
72 27659
72 27753
72 28079
72 28984
72 29151
72 29218
72 29384
72 29556
72 30040
72 30186
72 30394
72 30439
72 30856
72 31078
72 31203
72 31544
72 32020
72 33256
72 33492
72 34038
72 35676
72 36008
72 36014
72 36227
72 36921
72 37359
72 38080
72 38466
72 38615
72 38929
72 39263
72 41227
72 41347
72 41550
72 41725
72 42078
72 42089
72 42343
72 42464
72 42907
72 43621
72 44366
72 44583
72 46403
72 46692
72 47157
72 47204
72 47527
72 47922
72 47983
72 48071
72 48680
72 48690
72 48711
72 49150
72 49770
72 49810
72 49918
72 50218
72 50751
72 51140
72 51239
72 51397
72 51484
72 51661
72 52244
72 52673
72 52702
72 52856
72 53021
72 53797
72 53893
72 53894
72 54181
72 54234
72 55034
72 55492
72 55637
72 55640
72 57256
72 57354
72 57511
72 57971
72 57982
72 58017
72 58318
72 58429
72 59250
72 60165
72 60343
72 60653
72 61288
72 62234
72 63384
72 64029
72 64255
72 64450
72 64912
72 65077
72 65314
72 65369
72 65733
72 65828
72 65905
72 66244
72 67017
72 67188
72 67463
72 67532
72 67574
72 67637
72 67720
72 68040
72 68079
72 68961
72 68967
72 69307
72 69483
72 69915
72 70681
72 70977
72 71389
72 71516
72 71894
72 72639
72 72696
72 75090
72 75211
72 76627
72 76643
72 77205
72 77884
72 78421
72 79363
72 79656
72 80402
72 80522
72 81412
72 81638
72 81933
72 82067
72 82800
72 82824
72 83180
72 83412
72 83419
72 83451
72 83505
72 83611
72 84267
72 84732
72 85610
72 85813
72 86047
72 86055
72 86210
72 86533
72 86655
72 87822
72 89943
72 90098
72 90256
72 90399
72 90657
72 90873
72 91260
72 91516
72 91612
72 92484
72 93316
72 93424
72 93682
72 94413
72 94528
72 94764
72 94876
72 94888
79 520
79 1090
79 1558
79 1739
79 2442
79 2542
79 2798
79 2829
79 3180
79 3346
79 3455
79 3658
79 3840
79 4225
79 4355
79 5699
79 5887
79 6003
79 6540
79 6728
79 7152
79 8087
79 8911
79 9803
79 10003
79 10013
79 10043
79 10906
79 11622
79 11625
79 11844
79 12769
79 12948
79 13024
79 13403
79 14716
79 14999
79 15241
79 16019
79 16505
79 16746
79 16792
79 16794
79 16920
79 16937
79 17232
79 17329
79 17921
79 18115
79 19248
79 19983
79 20328
79 20456
79 20503
79 21053
79 21869
79 22589
79 22902
79 23631
79 23703
79 23876
79 24432
79 24875
79 24900
79 25352
79 25639
79 25738
79 25798
79 25827
79 26467
79 27124
79 27729
79 27903
79 27961
79 29379
79 29855
79 30207
79 30680
79 31107
79 31824
79 31834
79 32205
79 34036
79 34120
79 34981
79 35547
79 35591
79 37028
79 37443
79 37790
79 38211
79 38643
79 39006
79 39088
79 39146
79 39222
79 39650
79 39734
79 39779
79 40078
79 40496
79 40823
79 41771
79 41821
79 42009
79 42745
79 42806
79 42888
79 42961
79 43347
79 43541
79 43998
79 44177
79 44609
79 45004
79 46040
79 46072
79 46093
79 46157
79 46852
79 46947
79 47136
79 47583
79 47793
79 47959
79 48083
79 48230
79 49037
79 50168
79 50412
79 50906
79 51484
79 51601
79 51897
79 52952
79 53317
79 53972
79 54122
79 54218
79 54283
79 54669
79 54794
79 55042
79 55467
79 56096
79 56802
79 57232
79 58177
79 58271
79 58297
79 58601
79 58970
79 62034
79 63490
79 63642
79 64257
79 64344
79 65204
79 65614
79 66919
79 67060
79 67135
79 67341
79 67428
79 67967
79 68089
79 68167
79 68349
79 68438
79 69309
79 69507
79 70169
79 70999
79 71315
79 71987
79 72485
79 72911
79 72993
79 73055
79 73359
79 73668
79 73756
79 74240
79 75558
79 75888
79 76197
79 76599
79 76928
79 77381
79 78188
79 78473
79 78553
79 78886
79 79297
79 79646
79 79716
79 79724
79 79858
79 80155
79 80330
79 80727
79 80787
79 80794
79 80999
79 81009
79 81811
79 81970
79 82250
79 82659
79 83016
79 83366
79 83640
79 83805
79 83864
79 84195
79 84647
79 84733
79 85211
79 85314
79 85431
79 85980
79 86092
79 87274
79 87702
79 87907
79 87917
79 88114
79 88368
79 88676
79 89339
79 90637
79 90644
79 91101
79 91338
79 92037
79 93568
79 93843
79 93887
79 94127
79 94289
79 95307
79 95829
79 96010
79 96020
79 96140
79 96381
79 96429
77 98
77 405
77 843
77 1304
77 1905
77 1929
77 1970
77 2042
77 2431
77 2630
77 3128
77 4216
77 4679
77 4736
77 5162
77 5314
77 5394
77 6134
77 6579
77 6678
77 7374
77 7641
77 8141
77 8489
77 8667
77 10711
77 11513
77 11528
77 12180
77 12462
77 12808
77 12861
77 13154
77 13713
77 14689
77 14899
77 15421
77 15455
77 15503
77 15672
77 16574
77 16618
77 17148
77 17769
77 18451
77 19177
77 19807
77 21662
77 21769
77 21793
77 21818
77 22250
77 22514
77 22920
77 23501
77 24711
77 24907
77 26403
77 26982
77 27089
77 28294
77 28357
77 29848
77 30187
77 30361
77 30419
77 31089
77 31528
77 31707
77 31953
77 32030
77 32477
77 32742
77 33510
77 34213
77 34559
77 34719
77 35050
77 35208
77 35216
77 35276
77 36080
77 36266
77 36276
77 36790
77 36890
77 37333
77 37950
77 38361
77 38996
77 39179
77 39216
77 39352
77 39534
77 40583
77 41916
77 42292
77 42812
77 42890
77 43408
77 43451
77 44203
77 45042
77 45243
77 45726
77 45727
77 47045
77 47193
77 47364
77 50532
77 51385
77 51425
77 52194
77 52576
77 52835
77 52881
77 53117
77 53370
77 53465
77 53746
77 53820
77 54380
77 54594
77 55692
77 56491
77 56510
77 56523
77 56708
77 57452
77 57531
77 57533
77 59542
77 60027
77 61185
77 61471
77 61475
77 61521
77 61823
77 62184
77 62205
77 63195
77 63563
77 63615
77 64003
77 64478
77 64709
77 66149
77 66754
77 68398
77 69006
77 69455
77 69508
77 69681
77 71307
77 73064
77 73080
77 73483
77 74350
77 75019
77 75383
77 76148
77 76160
77 76250
77 76738
77 77049
77 78520
77 79006
77 79129
77 79336
77 79385
77 79545
77 79659
77 80050
77 80189
77 80348
77 80664
77 80805
77 82454
77 82675
77 83996
77 84229
77 84360
77 84870
77 84947
77 85614
77 85759
77 85808
77 86263
77 86546
77 86897
77 87419
77 87467
77 87643
77 87846
77 87883
77 88153
77 88502
77 88726
77 89573
77 89973
77 90057
77 90236
77 91188
77 91293
77 91684
77 91715
77 91798
77 92111
77 92141
77 92541
77 93915
77 94376
77 94802
76 653
76 1848
76 1878
76 2030
76 2371
76 2505
76 2975
76 3239
76 3277
76 4224
76 4327
76 4492
76 5012
76 5520
76 5994
76 6148
76 6858
76 7392
76 8009
76 8191
76 8543
76 9193
76 9912
76 10305
76 11373
76 11873
76 12076
76 12854
76 14810
76 15717
76 16310
76 16355
76 16513
76 16529
76 16702
76 17658
76 17914
76 18147
76 19591
76 19847
76 20145
76 21001
76 21108
76 21198
76 21932
76 22256
76 22355
76 23200
76 23376
76 24399
76 24981
76 25358
76 25398
76 25604
76 26132
76 26572
76 27495
76 27874
76 28104
76 28220
76 28898
76 29334
76 29800
76 30082
76 30240
76 30360
76 30425
76 30838
76 30870
76 31014
76 31092
76 31472
76 31533
76 31616
76 31644
76 32610
76 32679
76 32758
76 33114
76 33406
76 33491
76 33740
76 34018
76 34267
76 34574
76 34847
76 35020
76 35237
76 35408
76 36848
76 37719
76 38024
76 38047
76 38078
76 38351
76 38524
76 39197
76 39630
76 40823
76 40885
76 40935
76 41618
76 42097
76 42485
76 42632
76 42728
76 43088
76 44146
76 44351
76 44732
76 45132
76 45257
76 45884
76 46126
76 46699
76 46983
76 46992
76 47121
76 47895
76 49195
76 49870
76 50399
76 50624
76 51124
76 51357
76 51648
76 51699
76 55591
76 55803
76 55818
76 56418
76 56528
76 56709
76 56728
76 56815
76 56859
76 57064
76 57900
76 58495
76 58571
76 58792
76 59577
76 59590
76 60444
76 62387
76 62532
76 63593
76 63828
76 63920
76 64432
76 64447
76 65476
76 65709
76 65825
76 65879
76 66023
76 66136
76 66776
76 67158
76 67253
76 67442
76 67486
76 67981
76 68549
76 69024
76 70533
76 71283
76 71378
76 71407
76 71457
76 71599
76 72301
76 72708
76 73190
76 73301
76 74040
76 74958
76 75057
76 76885
76 77621
76 77676
76 77780
76 77921
76 79019
76 79375
76 79864
76 80105
76 80358
76 80652
76 81046
76 81487
76 81822
76 81990
76 82104
76 82795
76 83225
76 83607
76 83778
76 84529
76 84816
76 84923
76 85145
76 85550
76 85563
76 86130
76 86239
76 86662
76 87186
76 87550
76 88044
76 88995
76 89224
76 89654
76 89873
76 89988
76 90414
76 90728
76 91205
76 91366
76 91409
76 91592
76 93415
76 93739
76 93803
76 93931
76 94276
76 94357
76 95216
76 95379
76 95549
76 95868
76 96024
67 97018
67 97371
67 97856
67 98011
67 98088
67 98885
67 98909
67 99162
67 99491
70 223480
70 223761
70 223814
70 224141
70 224331
70 225181
70 225391
70 225735
79 97431
79 98149
79 98908
79 99230
79 99294
79 100696
79 101464
79 101592
79 101767
79 101922
79 101959
79 102609
79 103463
79 103822
79 104177
79 104256
79 104709
79 104739
79 104799
79 105043
79 105120
79 105517
79 105607
79 105705
79 105823
79 107058
79 107245
79 107296
79 107393
79 107503
79 108039
79 108129
79 108283
79 108437
79 109429
79 110134
79 110593
77 96357
77 96417
77 96851
77 98110
77 98207
77 98463
77 98491
77 98605
77 98629
77 98735
77 99342
77 99736
77 100045
77 100082
77 101021
77 101737
77 102351
77 102618
77 102817
77 103047
77 103067
77 103183
77 103475
77 103517
77 103712
77 104139
77 104189
77 104507
77 104543
77 105411
77 105558
77 105778
77 106762
77 107004
77 107628
77 107689
77 108305
77 108595
77 108607
77 108707
77 109732
77 110631
75 92823
75 93082
75 93957
75 93969
75 93986
75 94616
75 94844
75 95295
75 95332
75 95534
75 96088
75 96402
75 96738
75 97605
75 97696
75 98153
75 98553
75 99280
75 99753
75 99948
75 100479
75 101589
75 102792
75 103043
75 104461
75 105149
75 105715
75 106018
75 107870
75 107975
75 108441
75 108571
75 108922
75 109367
75 109544
75 109690
75 109922
75 110104
75 110366
75 110733
75 111331
75 111463
75 111496
75 111805
75 112157
75 112613
75 113316
75 113528
75 114187
75 114365
75 114585
75 114743
75 114871
75 115228
75 115843
75 116111
75 116506
75 117034
75 117439
75 117597
75 118194
75 118446
75 118858
75 119287
75 119307
75 119308
75 119321
75 119337
75 119343
75 119751
75 120062
75 120504
75 121140
75 121573
75 121585
75 122019
75 122099
75 122254
75 122333
81 375
81 385
81 910
81 1908
81 2096
81 2157
81 2386
81 3247
81 3299
81 3355
81 4088
81 4356
81 4377
81 4384
81 5096
81 5420
81 5427
81 7376
81 7530
81 7606
81 7678
81 7792
81 8019
81 8817
81 9334
81 9388
81 9728
81 9971
81 10062
81 10853
81 12253
81 12255
81 12339
81 12681
81 12974
81 13064
81 13290
81 13358
81 13782
81 13800
81 14083
81 14124
81 14347
81 14398
81 15122
81 15736
81 16135
81 16547
81 16648
81 17007
81 17663
81 18139
81 18418
81 18560
81 18897
81 18942
81 19318
81 20427
81 20851
81 21340
81 21480
81 21492
81 22428
81 22490
81 22514
81 23774
81 23853
81 24112
81 24184
81 24424
81 24483
81 24541
81 24710
81 24745
81 26117
81 26261
81 26615
81 26631
81 26803
81 27569
81 27598
81 27868
81 27936
81 27965
81 28094
81 28335
81 30196
81 30201
81 30962
81 31272
81 31283
81 31839
81 32868
81 33156
81 33205
81 33626
81 34100
81 34442
81 34583
81 34878
81 35977
81 36165
81 36313
81 36618
81 36721
81 37220
81 37256
81 37288
81 37327
81 37492
81 38008
81 39275
81 39276
81 39597
81 39658
81 39998
81 40561
81 40617
81 41025
81 41124
81 41638
81 42176
81 42333
81 42411
81 43070
81 43237
81 43804
81 43925
81 44034
81 44084
81 44192
81 44599
81 45428
81 46868
81 47626
81 48057
81 48251
81 48367
81 48438
81 48610
81 48882
81 49281
81 49627
81 50148
81 50560
81 51208
81 51554
81 53379
81 55717
81 56629
81 56920
81 57184
81 57527
81 58200
81 58636
81 58769
81 59036
81 59253
81 59870
81 60833
81 61274
81 62060
81 62313
81 63037
81 64356
81 64572
81 64911
81 65508
81 65572
81 66861
81 67115
81 67821
81 68083
81 68223
81 68355
81 68808
81 69446
81 70387
81 70774
81 70874
81 70952
81 71017
81 71142
81 71418
81 71443
81 72543
81 73729
81 74223
81 74966
81 75572
81 75890
81 76055
81 76249
72 231982
72 231992
72 232286
72 232869
72 233502
72 233890
72 235266
72 235384
72 235935
72 236236
78 95309
78 95496
78 96570
78 96854
78 97979
78 98095
78 98510
78 99091
78 99450
78 99538
78 99892
78 100023
78 100263
78 100860
78 102175
78 102610
78 102930
78 103267
78 103419
78 103862
78 103892
78 104356
78 104923
78 104976
78 105162
78 105171
78 105549
78 105848
78 106039
78 106154
78 106274
78 106852
78 107023
78 107824
78 107853
78 107940
78 109078
78 109171
78 109266
78 109583
78 109768
78 109842
78 110225
78 110373
78 110433
78 110765
78 112825
78 112860
78 112882
78 113003
78 113240
78 113433
78 113769
78 113840
78 115052
78 115085
78 115929
78 116035
78 116342
78 116600
78 116853
78 117146
78 118541
78 119097
78 119319
78 119879
78 121499
78 121701
78 122216
78 123592
78 123601
78 123834
78 123879
78 123980
78 124624
78 124939
78 125529
78 125573
73 92009
73 92346
73 92354
73 93093
73 94242
73 94894
73 95248
73 95625
73 96114
73 96678
73 96834
73 97382
73 97569
73 97801
73 98482
73 98833
73 99083
73 99460
73 99926
73 100728
73 101066
73 101299
73 102332
73 102429
73 102560
73 102744
73 102804
73 104224
73 104424
73 105125
73 105408
73 105655
73 105935
73 107538
73 107553
73 107877
73 107947
73 108401
73 108526
73 108827
73 108901
73 109130
73 110273
73 110496
73 111029
73 111142
73 111253
73 112153
73 112316
73 112498
73 112525
73 112646
73 114029
73 114341
73 114526
73 114659
73 115237
73 115769
73 115997
73 116066
73 116635
73 117291
73 117555
73 117578
73 118405
73 118653
73 119151
73 119782
73 120289
73 120416
73 120687
73 121110
73 121150
73 121475
73 121962
73 122380
73 122501
73 122737
73 122952
73 123216
73 123561
76 96677
76 96814
76 97260
76 98395
76 98854
76 99646
76 100031
76 100143
76 100189
76 100634
76 101050
76 101633
76 101648
76 102185
76 103348
76 103370
76 103646
76 105778
76 106291
76 106755
76 107393
76 107395
76 107397
76 107792
76 107855
76 107934
76 108392
76 108719
76 108809
76 109052
76 109265
76 109307
76 109528
76 110083
76 110164
76 110312
76 111113
76 111431
76 112121
76 113207
76 113598
76 113793
76 114487
76 114972
76 115248
76 115333
76 115473
76 115744
76 116336
76 116723
76 117505
76 117514
76 118081
76 118738
76 118919
76 118921
76 119555
76 121161
76 121298
76 121695
76 121981
76 122331
76 122427
76 122591
76 122714
76 122952
76 123475
76 123618
76 123782
76 124323
76 124760
76 125116
76 125782
76 125918
76 126844
76 126968
76 127059
76 127717
76 127836
76 127844
82 577
82 749
82 998
82 1287
82 1459
82 1514
82 2240
82 2316
82 3323
82 3768
82 4004
82 4569
82 5306
82 6279
82 6868
82 7502
82 7682
82 8175
82 8177
82 8394
82 8415
82 8840
82 9087
82 9541
82 9904
82 10667
82 11579
82 11908
82 11915
82 12594
82 12696
82 13129
82 13409
82 13603
82 13604
82 14081
82 14091
82 14158
82 14175
82 14470
82 14549
82 14625
82 14706
82 15188
82 15405
82 15514
82 15535
82 16182
82 16730
82 16837
82 17842
82 18054
82 18141
82 18313
82 18577
82 18678
82 18726
82 18854
82 19024
82 19046
82 19324
82 20114
82 20216
82 20317
82 20378
82 20732
82 21276
82 21383
82 21650
82 21853
82 22282
82 23502
82 24668
82 24828
82 25170
82 25224
82 25458
82 26045
82 26156
82 26645
82 27131
82 27560
82 27883
82 27892
82 27984
82 28205
82 28225
82 28265
82 28404
82 28721
82 28797
82 28922
82 29033
82 29087
82 29244
82 29291
82 29773
82 29808
82 29895
82 30234
82 30606
82 30682
82 30975
82 31230
82 31511
82 32246
82 32792
82 32947
82 33568
82 33811
82 34068
82 34394
82 34607
82 34897
82 35161
82 35778
82 36484
82 37239
82 37440
82 37717
82 38119
82 38262
82 38646
82 38722
82 39450
82 39965
82 40070
82 40124
82 40239
82 40372
82 40471
82 40800
82 41672
82 41934
82 43021
82 43704
82 43830
82 44468
82 44486
82 44760
82 44848
82 44999
82 45048
82 46024
82 46528
82 46553
82 46917
82 47173
82 47193
82 47518
82 48197
82 48669
82 48824
82 49200
82 50826
82 51249
82 52615
82 53096
82 53212
82 53478
82 54471
82 54483
82 54641
82 54950
82 55989
82 56609
82 56937
82 57032
82 57344
82 58217
82 58663
82 58985
82 59108
82 59141
82 59539
82 60042
82 60222
69 89772
69 89994
69 90309
69 90360
69 91044
69 91435
69 91840
69 92388
69 92462
69 92509
69 92554
69 92962
69 93899
69 94114
69 94626
69 95011
69 95019
69 96813
69 97016
69 97243
69 98550
69 98678
69 98952
69 99086
69 99430
69 100297
69 101428
69 101487
69 102404
69 102974
69 103305
69 103329
69 103761
69 104417
69 104523
69 106896
69 108119
69 108450
69 109408
69 109539
69 109551
69 110051
69 110055
69 110459
69 110689
69 110711
69 111077
69 111281
69 111888
69 113054
69 113063
69 113763
69 113858
69 114758
69 114869
69 114978
69 115461
69 115469
69 115564
69 116071
69 116124
69 116413
69 117004
69 117446
69 117812
69 118235
69 118427
69 120172
69 120547
69 121719
69 121839
69 122896
69 123444
69 123577
69 124920
69 125095
69 126231
69 126806
69 127176
69 127218
69 128087
69 128264
69 128340
69 129091
69 129651
69 129692
69 130341
69 130890
69 131193
69 131231
69 131654
69 131776
69 132440
69 132646
69 132802
69 134006
69 134577
69 134813
69 135164
69 136146
69 136285
69 137420
69 138580
69 139396
69 140807
69 141205
69 141239
69 141290
69 141426
69 141733
69 141998
69 142551
69 142806
69 142991
69 143069
69 143077
69 143522
69 143780
69 143952
69 144119
69 144299
69 145365
69 145951
69 146331
69 148023
69 148129
69 148888
69 148966
69 149414
69 149534
69 150109
69 150110
69 150600
69 150931
69 151089
69 151655
69 152136
69 152311
69 152333
69 152551
69 152823
69 153625
69 153728
69 153751
69 153960
69 154005
69 154333
69 155095
69 155443
69 155496
69 155514
69 155515
69 155664
69 157376
69 157827
69 158038
69 158390
69 158402
69 158442
69 158482
69 159459
69 159738
69 160188
69 160315
69 160593
69 160871
69 161189
69 161765
69 161848
69 162054
69 162579
69 163072
69 163267
69 163902
69 164066
69 164433
69 164578
69 165262
69 166154
69 166334
69 166585
69 167522
69 168175
69 170082
69 170172
69 170418
69 170552
69 170580
69 170836
69 171261
69 171356
69 171642
69 172351
69 172352
69 173016
69 173111
69 173247
69 173873
69 174001
69 174485
69 175198
69 175403
69 175459
69 175826
69 175893
69 175907
69 175933
69 176623
69 177181
69 177274
69 177744
69 178597
69 178609
69 178731
69 179248
69 179264
69 179475
69 179655
69 179834
69 180047
69 180528
69 181280
69 181354
69 181554
69 181977
69 181994
69 182109
70 89363
70 90409
70 90575
70 90582
70 91383
70 91581
70 91839
70 91967
70 92152
70 92329
70 92705
70 92777
70 93227
70 93366
70 94068
70 94237
70 94600
70 95342
70 95605
70 95763
70 96207
70 96471
70 96496
70 96529
70 97210
70 98116
70 98279
70 98287
70 98948
70 99312
70 99367
70 99469
70 99800
70 99824
70 100333
70 100635
70 101042
70 101043
70 101672
70 103217
70 103701
70 103959
70 104484
70 104694
70 104923
70 105141
70 106097
70 106111
70 106405
70 106534
70 106933
70 107466
70 107803
70 107919
70 108156
70 108942
70 108982
70 109249
70 109254
70 110129
70 110457
70 110621
70 111258
70 111821
70 113034
70 113430
70 113516
70 113694
70 114764
70 114835
70 115645
70 115665
70 115922
70 115996
70 116543
70 116661
70 116669
70 116891
70 117440
70 117830
70 117938
70 118560
70 119879
70 120268
70 120668
70 120786
70 121435
70 122253
70 122375
70 122588
70 122876
70 123149
70 123633
70 124407
70 125458
70 125662
70 125688
70 126420
70 126463
70 126798
70 127166
70 127363
70 128396
70 128515
70 128747
70 128925
70 128943
70 129081
70 129217
70 129313
70 130438
70 131796
70 131826
70 131889
70 132478
70 132651
70 133194
70 133226
70 133315
70 134114
70 134601
70 134728
70 135090
70 135668
70 135793
70 136061
70 136542
70 136812
70 136910
70 136953
70 137038
70 137585
70 137635
70 138144
70 138526
70 138840
70 138895
70 138937
70 139607
70 140545
70 141472
70 141611
70 142258
70 142362
70 142568
70 142680
70 142790
70 143183
70 143486
70 143775
70 143987
70 144341
70 144755
70 145163
70 145423
70 146078
70 146243
70 146416
70 146419
70 146714
70 147517
70 148004
70 148134
70 148689
70 148755
70 148955
70 150016
70 150211
70 150952
70 151091
70 151454
70 151497
70 151867
70 152138
70 152339
70 152562
70 152708
70 152784
70 153042
70 153330
70 153601
70 153641
70 153995
70 154194
70 154313
70 154673
70 154865
70 154987
70 155119
70 157795
70 157862
70 158621
70 158657
70 158998
70 159295
70 159734
70 159799
70 159856
70 159918
70 160402
70 160530
70 161001
70 161161
70 161895
70 161944
70 162061
70 162407
70 162422
70 162505
70 162680
70 162743
70 163407
70 163644
70 163936
70 165044
70 165796
70 166522
70 166722
70 167260
70 167347
70 167645
70 167958
70 168166
70 168341
70 168540
70 168594
70 169101
70 169478
70 170119
70 170210
70 170483
70 171045
70 171431
70 172586
70 172782
70 173205
70 173302
70 173360
70 173566
70 173700
70 173754
70 174420
72 95692
72 96071
72 96366
72 97062
72 97954
72 98007
72 98202
72 98358
72 98677
72 98750
72 99284
72 100154
72 100236
72 100406
72 100456
72 101308
72 101627
72 102042
72 103153
72 103281
72 103344
72 103366
72 103857
72 104550
72 104568
72 104817
72 104824
72 104838
72 105478
72 105499
72 105573
72 105679
72 105686
72 105760
72 106560
72 106924
72 107078
72 107119
72 108044
72 108693
72 108857
72 109051
72 109665
72 110500
72 111158
72 112220
72 112390
72 112428
72 113111
72 113293
72 113402
72 113531
72 113597
72 113713
72 113757
72 113888
72 114045
72 114101
72 115196
72 115531
72 115544
72 115869
72 115933
72 116022
72 116023
72 116143
72 116623
72 116668
72 116718
72 117048
72 117146
72 117307
72 118172
72 118238
72 118334
72 118951
72 119058
72 119167
72 119270
72 119308
72 120088
72 121078
72 121549
72 122259
72 122745
72 123584
72 124618
72 124926
72 125838
72 126047
72 126796
72 127989
72 128009
72 128412
72 129361
72 130692
72 130772
72 131824
72 132237
72 132909
72 133861
72 134116
72 134719
72 134893
72 135514
72 135634
72 136009
72 136103
72 137811
72 137957
72 138258
72 138470
72 139056
72 140198
72 140863
72 141160
72 141525
72 142050
72 142217
72 142363
72 143564
72 144662
72 145857
72 146490
72 146954
72 147199
72 147298
72 147467
72 147720
72 148248
72 148508
72 148765
72 149485
72 149507
72 149775
72 150528
72 151142
72 151343
72 152182
72 152195
72 152362
72 152494
72 152585
72 152627
72 153006
72 153473
72 153498
72 153764
72 153951
72 154028
72 154281
72 154381
72 154527
72 154901
72 155400
72 155820
72 155848
72 155914
72 156221
72 156260
72 156264
72 156643
72 156708
72 157570
72 157959
72 158294
72 158432
72 160548
72 160732
72 161199
72 162057
72 162343
72 162703
72 163127
72 164356
72 165049
72 165054
72 165151
72 165844
72 166038
72 166404
72 166666
72 166742
72 166978
72 167905
72 168106
72 168450
72 169926
72 169990
72 170851
72 171858
72 172588
72 172763
72 173506
72 173646
72 173976
72 174442
72 174700
72 174764
72 174782
72 174982
72 175088
72 175377
72 175417
72 175471
72 176276
72 176916
72 177353
72 177591
72 177717
72 178090
72 178253
72 178254
72 179183
72 179640
72 180736
72 181141
72 181655
72 182271
72 182339
72 182707
72 182765
72 183414
72 183467
72 184936
72 186316
72 186370
72 186487
72 186560
72 188166
72 188229
71 93568
71 93737
71 95012
71 95039
71 97043
71 98013
71 98217
71 98251
71 98327
71 98390
71 98489
71 98571
71 99117
71 99331
71 99545
71 100355
71 100566
71 101055
71 101062
71 101724
71 101732
71 101861
71 102327
71 102508
71 103034
71 103279
71 104181
71 104309
71 104887
71 105223
71 105349
71 105477
71 105635
71 105837
71 106015
71 106094
71 106256
71 106688
71 106711
71 107552
71 107684
71 107711
71 108013
71 108448
71 108550
71 108597
71 108719
71 109939
71 111098
71 111525
71 111774
71 111848
71 112115
71 112276
71 113302
71 113323
71 113661
71 113701
71 114391
71 114686
71 114943
71 115664
71 115900
71 116425
71 116863
71 116883
71 117544
71 118254
71 118672
71 120037
71 120770
71 120947
71 121059
71 121261
71 121408
71 121452
71 121467
71 121606
71 121702
71 122141
71 123221
71 123331
71 123349
71 123476
71 123832
71 123855
71 124120
71 124260
71 124285
71 124932
71 125501
71 125629
71 125658
71 125757
71 125978
71 126155
71 126705
71 127362
71 127379
71 127686
71 128857
71 129716
71 130586
71 130676
71 130939
71 131042
71 131478
71 131541
71 132804
71 133474
71 135150
71 135458
71 135876
71 136816
71 137941
71 138092
71 138416
71 138843
71 138941
71 138988
71 139525
71 140532
71 140717
71 140757
71 141032
71 141870
71 141914
71 142435
71 142856
71 143762
71 143986
71 144261
71 144362
71 144695
71 145091
71 145382
71 145443
71 146271
71 146438
71 146475
71 147168
71 147616
71 147712
71 147767
71 148021
71 148158
71 148248
71 148258
71 149258
71 150222
71 150886
71 151023
71 151198
71 151243
71 151916
71 151935
71 152279
71 152310
71 152595
71 152946
71 153364
71 153997
71 154658
71 154784
71 154788
71 154866
71 155905
71 156451
71 156739
71 157072
71 157895
71 158381
71 158527
71 158985
71 159299
71 159590
71 160469
71 160717
71 161804
71 162112
71 162122
71 163029
71 163060
71 163096
71 163927
71 164018
71 164489
71 165575
71 166106
71 166261
71 167396
71 168079
71 168196
71 168570
71 169092
71 169097
71 169679
71 169937
71 170510
71 171809
71 171908
71 171953
71 172266
71 173848
71 174573
71 175903
71 176612
71 176800
71 177005
71 177250
71 177647
71 177924
71 178946
71 179081
71 179411
71 179683
71 179715
71 179994
71 180225
71 182218
71 183019
71 183185
71 183429
71 183605
71 183772
71 183840
71 184037
71 184251
71 184741
69 183337
69 183937
69 184178
69 184313
69 184730
69 184773
69 185211
69 186190
69 186612
69 187104
69 187657
69 188765
69 188774
69 188997
69 189388
69 190144
69 190404
69 190828
69 191214
69 191600
69 191601
69 192233
69 192606
69 192942
69 193464
69 193522
69 193609
69 194027
69 194444
69 195027
69 195328
69 197337
69 197564
69 199283
69 199318
69 199847
69 199916
69 200236
69 200505
69 201574
69 201624
69 201737
80 280
80 506
80 610
80 736
80 1148
80 1985
80 2322
80 2369
80 8940
80 9035
80 9144
80 11002
80 11195
80 12006
80 12037
80 12179
80 13728
80 14988
80 15232
80 15917
80 16195
80 16376
80 17104
80 17832
80 17903
80 18608
80 18866
80 19041
80 19138
80 19508
80 20610
80 21606
80 22198
80 22555
80 23163
80 23476
80 23958
80 24286
80 24713
80 24838
80 24891
80 25035
80 25401
80 25451
80 26098
80 26910
80 27955
80 28042
80 28139
80 28717
80 29081
80 29290
80 29776
80 30106
80 30211
80 30830
80 31367
80 31725
80 32321
80 32493
80 32565
80 32851
80 33546
80 34127
80 34466
80 34728
80 35211
80 36194
80 36892
80 37018
80 37041
80 37221
80 37314
80 37976
80 38037
80 38161
80 38405
80 38444
80 39537
80 39783
80 40253
80 40312
80 42026
80 42177
80 42336
80 42498
80 42718
80 42866
80 43184
80 43359
80 43475
80 43840
80 43885
80 43937
80 44159
80 44246
80 45225
80 45513
80 45622
80 46853
80 47045
80 49410
80 49516
80 49532
80 49544
80 50279
80 50320
80 50701
80 50945
80 50984
80 51088
80 52425
80 52600
80 52692
80 56031
80 56433
80 57170
80 58145
80 58469
80 58813
80 59065
80 59263
80 59441
80 59448
80 59760
80 60153
80 60358
80 60437
80 60829
80 61154
80 61204
80 62026
80 62086
80 62546
80 62788
80 62917
80 64755
80 65441
80 66213
80 66472
80 66642
80 67106
80 67408
80 67771
80 68082
80 68262
80 68386
80 68746
80 69663
80 69980
80 70370
80 70618
80 70744
80 70788
80 71549
80 71929
80 71947
80 72097
80 72553
80 73080
80 74753
80 74841
80 76163
80 77097
80 77140
80 78012
80 78776
80 80183
80 81212
80 81552
80 81584
80 81810
80 82388
80 82952
80 83048
80 83555
80 83843
80 84241
80 84934
80 85269
80 86648
80 88081
80 88680
80 88719
80 88758
80 89344
80 90105
80 90920
80 90941
80 90973
80 91965
80 92084
80 93079
80 93757
80 94287
80 95172
80 95346
80 95716
80 96091
80 96318
80 96949
80 97129
80 97364
80 97511
80 99261
80 99530
80 99560
80 99563
71 185782
71 185894
71 186449
71 186806
71 187246
71 187551
71 187588
71 188184
71 188455
71 188650
71 188758
71 190228
71 191369
71 191843
71 192266
71 194309
71 194570
71 194602
71 195275
71 195375
71 195765
71 196158
71 196692
71 196893
71 196904
71 197011
71 197787
71 198176
71 198514
71 198941
71 199336
71 199468
71 199799
71 199923
71 200392
71 201057
71 202369
71 202824
71 203218
71 203589
71 203738
71 203848
71 204041
71 204202
71 204412
71 204534
71 204660
71 204922
71 205033
71 205091
71 205499
71 205699
71 205754
71 205962
71 206039
71 207051
71 207447
71 207718
71 207739
71 207906
71 209316
71 209572
71 209864
71 210759
71 211427
71 211801
71 212302
80 101254
80 101474
80 101515
80 101720
80 102324
80 102813
80 103327
80 103947
80 104008
80 105064
80 105374
80 105754
80 105783
80 105788
80 106469
80 106639
80 106881
80 107157
80 107834
80 108178
80 108427
80 109603
80 109765
80 109975
80 110002
80 110095
80 110726
80 111436
80 111639
74 96
74 132
74 1701
74 3464
74 3896
74 4413
74 4922
74 5258
74 5642
74 5974
74 6867
74 6971
74 7199
74 7469
74 7554
74 7881
74 8086
74 8287
74 8373
74 8537
74 8872
74 9063
74 9416
74 10511
74 10608
74 11872
74 12448
74 12636
74 12668
74 13041
74 14050
74 14287
74 15744
74 16095
74 16285
74 16488
74 16785
74 16840
74 16851
74 17245
74 17673
74 17934
74 18368
74 18986
74 19183
74 19235
74 19374
74 19601
74 19691
74 20151
74 20573
74 20772
74 21175
74 21244
74 21376
74 21463
74 21669
74 22275
74 22317
74 22568
74 22943
74 23220
74 24296
74 24889
74 25449
74 25799
74 26109
74 26189
74 26831
74 27882
74 28204
74 28399
74 28846
74 29501
74 30142
74 30640
74 31263
74 31643
74 32545
74 33140
74 33292
74 33914
74 33998
74 34204
74 35110
74 35114
74 35164
74 35505
74 36433
74 36616
74 36775
74 37214
74 37530
74 37871
74 38075
74 38215
74 38926
74 38964
74 39091
74 39320
74 39460
74 39872
74 39954
74 40159
74 40362
74 40477
74 40926
74 41866
74 43101
74 43605
74 44247
74 44415
74 44425
74 44564
74 44751
74 44926
74 45724
74 46684
74 46694
74 46709
74 47043
74 47364
74 49072
74 49430
74 50707
74 51234
74 51253
74 51254
74 51387
74 51976
74 52609
74 54151
74 54193
74 54560
74 55060
74 55354
74 55451
74 55510
74 55579
74 55752
74 55782
74 56121
74 56126
74 56505
74 56989
74 57216
74 57418
74 57675
74 58800
74 58986
74 59216
74 61717
74 62183
74 63512
74 63699
74 64154
74 64251
74 65477
74 65630
74 66256
74 66820
74 67127
74 67266
74 67392
74 67407
74 67565
74 67637
74 67720
74 68271
74 68442
74 68948
74 69243
74 69493
74 71613
74 71620
74 72665
74 73249
74 73792
74 73847
74 73870
74 73893
74 74226
74 75026
74 75517
74 76184
74 76232
74 76692
74 76886
74 77249
74 77632
74 78328
74 78352
74 79333
74 80301
74 81326
74 82380
74 83074
74 84208
74 84249
74 84423
74 84713
74 85226
74 85578
74 85718
74 86024
74 86160
74 86507
74 86828
74 87100
74 87234
74 87275
74 87318
74 87722
74 87735
74 87765
74 88795
74 89850
74 89913
74 90217
74 90235
74 90554
74 90674
74 90729
74 90832
74 91093
74 91378
74 92080
74 92252
74 92314
70 175160
70 175489
70 176044
70 176471
70 176851
70 177182
70 180909
70 181106
70 181134
70 181323
70 184102
70 184507
70 184654
70 184809
70 185287
70 185440
70 185560
70 187477
70 187556
70 187788
70 187878
70 188359
70 188757
70 189018
70 189144
70 189312
70 189484
70 189532
70 190056
70 190064
70 191027
70 191067
70 191158
70 191388
70 192261
70 193124
70 193364
70 193434
70 193539
70 193808
70 193817
70 194510
70 194919
70 195117
70 195518
70 195605
70 196148
70 196469
70 196527
70 197299
70 197834
70 198174
70 198370
70 198595
70 198632
70 198828
70 199337
70 200435
70 200507
70 200917
70 201624
70 201709
70 201884
70 201967
70 202520
70 202650
70 203220
70 203294
70 204211
70 204260
70 204403
70 204820
70 204933
70 205370
70 205506
70 206153
70 206242
70 207707
70 208010
70 208270
70 208616
70 209124
70 209503
70 209668
70 210350
70 211226
70 211345
70 211761
70 212036
70 213739
70 213854
70 213909
70 214265
70 214416
70 214627
70 215063
70 215483
70 216600
70 216705
70 217303
70 217543
70 217615
70 217978
70 218596
70 218699
70 219746
70 219822
70 219941
70 222160
70 222353
70 222490
70 222651
70 222725
72 188503
72 188776
72 189354
72 190466
72 190656
72 190779
72 191136
72 192180
72 192547
72 193321
72 194104
72 194492
72 195013
72 195125
72 195912
72 196322
72 196618
72 197085
72 197703
72 197710
72 198340
72 198412
72 199294
72 199885
72 200007
72 200092
72 200509
72 200687
72 200879
72 200981
72 201296
72 201448
72 201977
72 202087
72 202147
72 203691
72 203840
72 203870
72 205413
72 205455
72 205545
72 207390
72 208597
72 210057
72 211048
72 211348
72 211369
72 211463
72 211487
72 212100
72 212202
72 212944
72 213076
72 213140
72 213734
72 214266
72 214795
72 214863
72 215136
72 215764
72 216850
72 217739
72 218107
72 218425
72 219274
72 219293
72 219522
72 220034
72 221972
72 222300
72 222575
72 222954
72 223954
72 224018
72 224326
72 224406
72 225565
72 225583
72 226245
72 226289
72 226357
72 226682
72 227594
72 227651
72 228677
72 228710
72 229813
72 229823
72 229983
72 230389
72 230399
72 230511
72 230940
72 231251
74 93912
74 93990
74 95228
74 95390
74 95502
74 95694
74 95742
74 96419
74 96792
74 96835
74 96915
74 97003
74 97717
74 98964
74 99094
74 99209
74 99519
74 100221
74 100396
74 101877
74 102321
74 102929
74 103436
74 103784
74 103789
74 104857
74 105190
74 105391
74 105484
74 105878
74 106942
74 107342
74 108574
74 109814
74 110154
74 110381
74 110626
74 110952
74 111499
74 112008
74 112986
74 113293
74 113365
74 113401
74 114453
74 114841
74 115444
74 115770
74 115832
