95 100
95 183
95 259
95 510
95 790
95 1077
95 1614
95 1671
95 1678
95 1712
95 1718
95 2010
95 2210
95 2224
95 2340
95 2697
95 3690
95 4263
95 4274
95 5157
95 5171
95 5326
95 5508
95 6366
95 6575
95 7206
95 7306
95 7320
95 7563
95 7651
95 7846
95 8393
95 8806
95 8844
95 9375
95 9664
95 9909
95 10145
95 10472
95 10615
95 10652
95 11023
95 11144
95 11208
95 11322
95 11330
95 11680
95 11864
95 11876
95 11915
95 12768
95 12877
95 13468
95 13502
95 13573
95 13600
95 13888
95 14064
95 14255
95 14655
95 14681
95 14843
95 14890
95 15423
95 15533
95 15853
95 15930
95 15931
95 16034
95 16225
95 16465
95 16568
95 16621
95 16738
95 16869
95 16936
95 17010
95 17036
95 17652
95 17690
95 17782
95 17819
95 17836
95 18107
95 18150
95 18299
95 18592
95 18748
95 18987
95 19123
95 19144
95 19566
95 20413
95 20444
95 20557
95 20699
95 21318
95 21397
95 21399
95 21519
95 21705
95 21962
95 22276
95 22531
95 22650
95 22848
95 22921
95 22993
95 23196
95 23274
95 23355
95 23641
95 23652
95 23661
95 23786
95 24009
95 24401
95 25058
95 25187
95 25216
95 25225
95 25700
95 25962
95 26121
95 26198
95 26429
95 26510
95 26814
95 27652
95 27769
95 27782
95 27910
95 28116
95 28123
95 28275
95 28599
95 28731
95 29355
95 29533
95 29963
95 29972
95 30131
95 30220
95 30315
95 30367
95 30758
95 30936
95 31103
95 31150
95 31451
95 31562
95 32341
95 32420
95 32843
95 33076
95 33511
95 34151
95 34207
95 34371
95 34649
95 34985
95 35072
95 35155
95 35214
95 35258
95 35495
95 35546
95 35656
95 35988
95 36031
95 36049
95 36391
95 36818
95 37140
95 37238
95 37409
95 37603
95 37906
95 37926
95 38186
95 38239
95 38560
95 38635
95 38798
95 38841
95 38919
95 38988
95 39055
95 39289
95 39441
95 39623
95 40049
95 40116
95 40295
95 40350
95 40542
95 40606
95 40683
95 40922
95 41045
95 41105
95 41332
95 41382
95 41486
95 41588
95 41630
95 41935
95 42019
95 42306
95 42648
95 42910
95 42917
95 43155
95 43300
95 43716
95 43793
95 43795
95 43846
95 43984
95 44164
95 44225
95 44429
95 44645
95 45022
95 45094
95 45215
95 45257
95 45409
95 45898
95 46165
95 46290
95 46825
95 46974
95 47125
95 47241
95 47510
95 47955
95 48422
95 48464
95 48533
95 48658
95 48856
95 49013
95 49042
95 49073
95 49138
95 49973
95 50247
95 50833
95 51104
95 51140
95 51707
95 51811
95 52032
95 52430
95 52567
95 52935
95 53013
95 53325
95 53932
95 54001
95 54354
95 54397
95 54470
95 54596
95 54620
95 54894
95 54906
95 54941
95 54969
95 55133
95 55297
95 55349
95 55398
95 55402
95 55407
95 55516
95 55691
95 56182
95 56271
95 56307
95 56355
95 56442
95 56621
95 57093
95 57204
95 57421
95 57591
95 57691
95 57738
95 57945
95 57987
95 57989
95 58092
95 58326
95 58381
95 59225
95 59234
95 59721
95 59881
95 60579
95 60629
95 60770
95 60804
95 60841
95 60918
95 61140
95 61164
95 61281
95 61360
95 61478
95 61539
95 61635
95 61838
95 61933
95 61950
95 61970
95 62103
95 62176
95 62377
95 62576
95 62793
95 62977
95 62978
95 63239
95 63244
95 64639
95 64651
95 64825
95 64997
95 65119
95 65132
95 65403
95 65464
95 65874
95 66003
95 66316
95 66370
95 66641
95 66712
95 66876
95 67315
95 67646
95 67711
95 67860
95 68226
95 68836
95 69403
95 69721
95 71260
95 71266
95 71309
95 71679
95 71694
95 72157
95 72647
95 72801
95 73239
95 73372
95 73449
95 73641
95 73766
95 73917
95 73999
95 74211
95 74407
95 74687
95 75072
95 75335
95 75783
95 76228
95 76392
95 77042
95 77084
95 77140
95 77566
95 77602
95 77713
95 77804
95 77925
95 78200
95 78268
95 78354
95 78568
95 78616
95 78722
95 78918
95 78945
95 78988
95 79177
95 79423
95 79843
95 80033
95 80060
95 80314
95 80878
95 80970
95 80971
95 81447
95 81488
95 81743
95 81785
95 82109
95 82337
95 82455
95 82744
95 82760
95 82816
95 82906
95 83043
95 83867
95 83926
