           1           2           1
    0.0+     1 1   8.603       0.000    
    0.0-     2 1   9.449       0.000    
    1.0+     1 1   23.39       0.000    
    1.0+     1 2   25.81       0.000    
    1.0+     3 3   5.002       0.000    
    1.0-     0 1   30.04       0.000    
    1.0-     2 2   28.35       0.000    
    1.0-     2 3   21.94       0.000    
    2.0+     1 1   38.99       0.000    
    2.0+     1 2   43.02       0.000    
    2.0+     3 3   8.337       0.000    
    2.0+     3 4   10.01       0.000    
    2.0-     0 1   50.07       0.000    
    2.0-     2 2   47.25       0.000    
    2.0-     2 3   36.56       0.000    
    2.0-     4 4  0.5870       0.000    
    3.0+     1 1   60.22       0.000    
    3.0+     3 2   11.67       0.000    
    3.0+     3 3   14.01       0.000    
    3.0+     5 4  0.6658E-01   0.000    
    3.0-     2 1   66.15       0.000    
    3.0-     2 2   51.19       0.000    
    3.0-     4 3  0.8218       0.000    
    3.0-     4 4  0.8669       0.000    
    4.0+     3 1   15.01       0.000    
    4.0+     3 2   18.02       0.000    
    4.0+     5 3  0.8560E-01   0.000    
    4.0+     5 4  0.8701E-01   0.000    
    4.0-     2 1   65.81       0.000    
    4.0-     4 2   1.057       0.000    
    4.0-     4 3   1.115       0.000    
    4.0-     6 4  0.7129E-02   0.000    
    5.0+     3 1   22.02       0.000    
    5.0+     5 2  0.1046       0.000    
    5.0+     5 3  0.1063       0.000    
    5.0+     7 4  0.7301E-03   0.000    
    5.0-     4 1   1.291       0.000    
    5.0-     4 2   1.362       0.000    
    5.0-     6 3  0.8713E-02   0.000    
    5.0-     6 4  0.8753E-02   0.000    
    6.0+     5 1  0.1236       0.000    
    6.0+     5 2  0.1257       0.000    
    6.0+     7 3  0.8629E-03   0.000    
    6.0+     7 4  0.8632E-03   0.000    
    6.0-     4 1   1.610       0.000    
    6.0-     6 2  0.1030E-01   0.000    
    6.0-     6 3  0.1034E-01   0.000    
    6.0-     8 4  0.7287E-04   0.000    
