46 947
65 13555
52 114769
65 14289
52 116878
46 3677
23 13142
27 15974
39 8053
65 20194
39 9800
46 12098
51 58220
110 64669
23 19660
37 77802
65 62261
117 60186
65 23963
117 60644
110 67096
46 15473
23 22533
46 15849
27 71337
52 62237
65 26031
117 63446
37 84791
37 85334
65 67913
23 25472
117 65456
65 68831
51 68992
23 26542
51 69404
117 66884
110 74090
37 89555
110 75023
110 75846
54 71263
65 30008
37 91923
117 69202
52 70030
27 109019
110 76842
46 23608
117 71231
51 74742
52 72838
54 75020
52 73975
65 74832
39 24965
39 25798
39 25947
117 76701
52 79206
117 78381
39 28814
110 80332
38 2144
37 98333
117 80395
110 81754
23 39898
46 33091
46 33812
39 32488
37 103547
110 85581
39 33220
46 35664
65 40278
39 34953
51 85336
54 84981
65 41895
37 108929
52 85966
65 84273
65 84665
110 90456
51 88471
46 39929
46 40018
46 41256
110 92626
46 41679
37 113713
37 113728
23 49539
65 45421
51 93621
37 115895
110 96040
51 94839
52 93434
23 52699
51 96213
46 45933
37 119102
110 97933
119 58049
37 120948
51 98845
51 98973
52 97841
54 98218
119 59946
65 92686
110 101591
119 61497
52 100943
119 62177
23 59221
119 63244
38 20843
110 103911
119 64736
23 61069
23 61114
65 51992
37 127863
96 6703
51 106331
65 52843
52 104916
38 24645
51 108119
54 109376
65 54149
37 131128
51 109595
65 103263
96 9012
37 133079
37 133365
37 133673
119 72703
51 111528
119 74504
38 29590
65 106427
22 60192
65 106927
119 77815
22 61920
61 163140
22 63129
61 163377
38 33583
65 60833
22 8202
22 64333
52 3699
119 81705
22 11121
96 17653
52 4291
119 82309
119 82676
22 12209
95 1836
37 137820
100 56252
22 13901
96 20124
22 15225
22 15235
64 3953
64 4201
100 60475
38 130441
64 4582
95 6051
95 6086
64 5396
55 3084
38 132889
37 240
26 4283
100 63981
22 20086
95 9227
52 13684
22 21350
26 6554
26 6641
26 6830
64 9437
64 9934
22 23642
100 69940
96 30159
100 70373
22 24918
100 70648
55 10580
52 18432
96 31513
100 72391
38 53556
100 72938
64 12894
26 12123
100 73461
22 28359
96 34639
64 15553
95 17858
52 23831
96 36139
96 36469
64 16812
55 17071
38 59245
95 19910
95 20525
95 20648
26 18674
55 18571
64 107238
100 76062
26 20587
96 39859
64 108141
55 21716
22 35850
37 22620
52 28991
22 36585
95 24566
64 110236
100 80251
40 66967
96 43258
100 82231
62 2764
55 25364
26 25474
22 40236
26 27592
64 26739
96 46617
62 5685
52 35178
22 42227
64 115386
37 30541
64 28046
64 116464
95 30584
52 37745
40 78986
62 9006
64 120092
64 31147
26 34043
26 34198
52 40476
95 33967
37 36383
100 95771
95 34605
62 11699
55 35970
26 35403
37 38613
55 36825
52 43432
62 13239
55 37878
52 44725
95 36885
37 40887
48 2486
22 52561
95 37701
95 38408
62 15498
55 40474
22 55100
22 55755
100 104156
48 6724
26 44153
37 47986
40 90337
64 41925
62 19993
26 45832
40 91953
62 21089
95 44014
95 44530
48 13306
52 56829
26 50050
37 54132
26 52496
53 62271
110 6597
26 54732
62 27760
110 8860
110 9096
26 68035
62 29231
62 29642
40 108400
28 15425
28 25023
53 71521
40 111563
53 73160
122 63323
122 64151
110 14051
34 78616
34 78766
28 45456
48 26709
62 33803
48 27425
122 67823
59 1348
61 107071
53 79593
48 28931
34 85038
59 1869
34 85195
110 18522
110 19011
28 65332
34 90635
122 72459
61 111349
110 21369
28 74152
110 21747
122 73551
34 93370
62 39062
61 112610
61 112769
62 39927
122 76358
53 15121
122 77241
61 114080
48 35580
122 78109
62 41247
62 42479
53 17899
53 86924
34 103099
53 18745
53 19352
34 105270
62 44900
28 105676
111 63965
59 11287
59 11664
59 11904
28 114795
122 79225
53 93156
110 32387
48 44339
122 81393
53 95254
53 95534
53 95584
48 45542
111 69443
61 54929
111 69786
111 69900
111 70270
110 36058
59 17785
111 72955
48 49029
122 86900
61 127007
48 50359
53 29465
53 29576
34 115859
111 75098
61 60422
122 89418
122 89821
59 19692
53 30910
61 62225
61 130986
61 63560
59 21197
110 40826
34 122722
122 93116
62 56840
48 54897
122 95643
53 35392
110 42917
122 96599
34 129045
59 23837
110 43640
110 43642
122 97573
61 133940
62 59781
61 134657
110 44994
53 38426
111 78473
59 25976
118 2508
111 79915
111 80935
59 27536
53 41260
111 84029
122 103336
53 42748
53 43049
118 6026
118 6284
59 31683
53 44888
65 114489
65 114592
65 114642
111 88698
118 8513
61 142989
53 45838
110 53456
111 89913
122 109364
111 90529
111 90668
53 47420
65 117040
53 47570
61 145672
34 151697
118 11091
118 12454
59 35823
61 80792
111 95719
118 14845
53 52086
53 52592
51 114595
24 150
61 83026
118 15433
55 56452
107 802
65 122648
111 98762
61 84706
24 1993
65 124118
61 152036
111 100306
61 86466
55 60925
24 4732
107 3739
111 100975
107 4377
32 144973
61 89932
59 42796
32 146236
111 102639
34 2781
107 5660
32 147177
111 104635
24 8554
34 7251
32 150368
24 13063
34 161916
34 9710
34 162313
34 9951
118 27225
107 11576
59 49351
59 49418
34 11406
24 15461
34 12491
118 28988
34 13576
61 102344
118 30743
34 16290
64 54154
63 54288
107 16161
64 55284
64 55399
118 32406
118 32465
118 32558
54 3736
64 56944
63 57070
34 173281
118 34353
107 19080
118 36212
55 83308
118 36781
24 28344
32 64160
34 25121
64 63825
63 65424
64 64751
34 28480
118 39994
107 23347
63 68573
29 125813
34 184231
54 13604
118 41893
29 126465
63 70129
24 34002
24 34295
34 185512
118 43509
64 70609
55 95468
32 74509
118 45533
29 128236
34 35188
104 55034
118 46755
29 131108
104 57033
24 39895
107 29901
34 39856
34 39932
55 103061
55 103063
118 50195
104 61258
107 32029
64 72613
55 104768
118 51290
54 24667
118 52325
61 158754
54 25006
61 158998
63 76737
104 64906
118 53250
24 47504
29 140587
107 35241
54 28431
64 79464
104 69627
64 79990
32 85216
34 49028
56 895
107 38246
104 2642
32 88523
43 2962
29 145834
54 32265
104 74289
56 2890
64 84383
64 84388
43 4825
107 41158
63 87843
29 149375
54 34958
32 94760
104 76066
29 151526
54 120159
56 7036
43 10270
54 38657
54 124532
64 92154
63 94508
107 46221
43 12447
104 12312
54 128146
54 42029
64 94398
63 95612
107 49737
63 95701
43 16089
56 15326
63 97441
64 96610
54 44222
64 96780
34 62964
64 98205
63 99715
54 45986
64 99501
63 100424
34 64742
104 17843
42 265
104 18232
29 163049
43 21612
32 112616
32 112724
104 82475
42 2852
54 50409
42 3391
104 83873
56 23423
104 22784
43 26319
56 24233
106 3030
34 75597
106 3475
54 55771
104 24863
63 103707
63 103773
106 4448
106 5196
56 27465
104 91116
106 6733
104 27800
56 59342
104 28490
104 28857
106 8137
63 109532
42 13737
19 1398
38 65362
56 63576
106 9573
120 55918
19 2951
19 3121
19 3366
104 31289
120 57680
56 66080
38 70884
19 5716
106 11779
56 35954
38 72861
120 60408
19 7064
63 114827
43 38622
43 38744
63 115564
42 20683
43 38968
106 14230
38 76129
43 39371
43 39432
104 35715
63 116915
104 35787
29 1026
43 40400
120 65483
99 59210
29 2713
56 75746
19 11317
99 60720
38 83986
38 84486
120 69104
99 61839
120 69769
120 69860
38 85328
120 70119
38 85939
63 121478
106 19199
120 70994
99 64667
120 72584
120 73367
99 67040
56 48016
120 73975
19 16726
99 68665
106 22514
120 76432
104 45552
104 45907
104 45960
29 13663
106 24741
19 21149
63 127892
29 17123
106 26653
120 81569
56 56013
106 27333
33 134954
120 84708
33 136304
42 39860
38 100116
42 41582
38 100798
33 140530
19 28655
56 92769
120 3462
56 93099
63 134632
63 134998
106 33223
29 25850
106 33901
42 44679
19 32429
42 45884
31 124864
42 46453
29 28316
120 9001
56 103415
33 148744
106 38509
56 105138
42 50361
120 12570
42 51805
42 52358
56 108660
33 153298
106 41986
31 134375
38 118331
29 37110
29 37368
19 41744
31 136452
42 55683
48 66656
19 42684
106 45231
59 50886
59 50910
122 119540
59 52251
31 140748
122 121465
48 73758
48 75793
29 44744
48 76668
43 57080
43 58299
120 22864
59 56813
106 52803
59 57904
29 48006
105 14
120 25139
48 80060
115 198
122 129920
122 130173
29 51331
43 66486
31 152312
31 152759
48 83359
29 53681
30 65768
30 65934
59 65305
115 3218
95 56260
115 3647
122 133718
30 69363
122 135135
101 60676
105 6142
95 59260
122 135899
31 158436
48 89694
105 6864
115 5837
59 69362
101 61911
59 69821
101 62188
115 6256
122 137742
96 109429
30 74664
105 8977
105 9139
115 8261
95 64730
122 139117
40 1720
122 140522
120 35253
122 141496
95 68286
101 69332
122 141910
101 70347
101 71063
30 82001
119 3949
30 83425
30 83771
119 4511
120 38920
103 4209
120 41952
120 42104
59 79980
40 11329
59 81882
119 9616
21 5610
103 10470
103 11019
115 13443
101 77176
101 77360
101 77736
59 87083
59 87799
105 24832
40 17994
120 48760
120 49185
103 12868
103 13097
103 13407
120 50553
21 9538
115 16392
101 82086
120 51360
21 10890
30 100246
101 83593
120 51609
103 15601
103 16439
114 65061
120 53676
59 93266
119 19350
59 94118
114 67440
101 89870
30 107947
40 25494
105 32535
21 15922
105 33079
119 22797
115 23553
59 97796
114 71948
101 94359
101 94554
101 95235
105 35736
119 25122
115 25446
103 23943
40 30775
101 97259
115 26398
100 1320
101 98250
101 98573
114 76795
105 38580
21 22238
21 22690
100 3762
40 34816
105 39577
100 4421
63 11900
21 24465
100 6632
119 32154
100 7124
101 102459
40 38859
63 14389
119 32700
21 27708
105 55886
63 15468
105 43993
105 57264
103 32580
119 34394
21 31117
40 43379
115 36061
119 36813
63 19035
63 19212
105 62247
119 37613
103 35732
114 84772
105 62671
119 37909
105 48766
21 34239
105 49779
40 47545
105 50486
21 35361
103 37824
103 38115
40 48963
105 51692
100 16068
105 52046
105 52087
105 52819
100 17300
63 24301
105 53681
60 105403
119 43287
105 70000
105 70241
60 107719
40 53311
63 26471
114 94830
119 45209
105 72092
114 95303
63 27200
63 27419
115 45688
100 20725
115 46224
57 580
115 46854
102 58773
119 48088
60 110555
63 30620
102 62273
60 113516
21 47228
102 63547
57 5393
119 51877
103 48612
103 48618
57 6715
102 65346
21 50546
21 50567
102 67665
21 50849
21 51060
100 27904
105 78069
115 53774
105 78313
105 78560
60 118540
102 69458
60 118623
57 9623
115 54357
100 29319
100 29383
63 37974
57 12749
57 59380
105 85006
57 59778
47 5838
102 76838
102 76893
105 86295
105 86787
96 51890
63 41049
102 77864
57 16234
57 62571
105 88939
57 17392
96 54145
47 9393
63 44648
100 38281
100 38840
100 39354
102 78557
60 130607
47 13620
97 7164
57 23774
42 57740
63 47710
57 23888
57 72809
57 72849
57 73039
60 132924
29 63373
102 80793
105 97334
47 15225
29 64271
102 82293
60 134549
96 64283
100 42936
96 64945
102 83329
60 135319
105 99558
29 67200
97 10535
102 84404
102 84577
47 17418
100 43915
105 100206
29 69348
47 18983
97 12451
47 20588
57 81703
31 341
102 88721
102 88945
42 70109
102 89957
42 72036
97 15962
102 91202
42 72375
31 5563
29 79545
51 3384
57 36142
31 8856
100 51522
47 26809
102 95860
51 4405
100 51713
100 52012
57 37865
102 96714
31 10910
47 27726
29 84612
47 28330
102 98463
31 11361
57 40441
102 99817
96 76853
97 22990
97 22999
57 86654
42 81420
57 42518
41 2300
96 78785
57 43007
19 54611
102 101506
42 84507
51 12400
97 25737
57 45052
19 57653
29 88283
19 58767
57 47034
29 89579
102 105337
102 106016
57 48354
51 17141
57 92778
97 29894
41 8685
96 87394
57 93878
29 94744
47 39064
41 10163
57 95612
57 96863
31 20568
60 1849
97 33549
19 69101
19 70583
19 71018
19 71548
29 102513
57 54423
29 103339
96 94721
51 22216
19 74661
29 106177
97 38270
60 7145
29 109094
29 109989
41 20396
107 53314
97 40854
114 2415
41 21431
51 27772
47 50744
97 42430
97 42685
31 32299
60 11677
97 43119
97 43237
31 33715
19 78898
29 114294
97 54027
41 26990
114 8558
51 33100
60 15958
31 39351
60 16882
107 65429
60 17420
51 35785
97 60941
107 66346
19 88292
31 42428
114 12967
19 89938
114 14083
19 92233
20 8799
60 21020
19 92995
51 41024
19 94272
41 37861
107 75536
97 70054
107 75781
97 70323
114 18640
31 50294
97 72167
60 25561
40 114712
40 115134
117 2638
117 2702
51 46453
40 116194
114 20493
117 2906
33 66689
60 27076
51 47621
117 4378
20 17423
40 119181
114 21977
31 54111
33 69683
60 28574
51 49403
51 49635
40 121624
117 6216
19 104664
114 23908
117 6942
114 24465
31 56588
117 7219
117 7277
60 30530
117 7524
40 122621
20 21767
51 53218
114 26620
33 82225
114 29554
20 26691
114 29693
117 13204
97 82395
20 28741
33 85635
60 37908
40 132205
97 84925
21 108675
40 132681
97 87254
33 91125
20 33168
97 89413
114 36209
97 90969
107 96102
97 91697
97 91812
107 96902
60 43166
60 43232
117 21727
103 55089
103 55268
103 55400
114 38596
114 39047
97 94892
33 94188
44 63027
103 59348
114 42026
103 59830
21 122947
107 102640
103 60444
60 48240
44 65734
103 61883
101 415
117 27124
21 58501
33 98640
114 44509
21 125539
97 101289
33 101258
21 61524
21 127206
49 508
101 3462
106 59323
103 67387
106 59676
106 59755
103 67742
106 60110
101 4797
106 60689
103 69008
114 47959
101 5333
106 61866
20 48440
101 6709
33 109636
106 63917
21 70313
115 112551
106 65461
33 112492
33 112660
33 112723
21 72103
49 6844
115 113126
21 72973
106 66484
117 35966
49 8579
117 38023
33 116090
21 76978
21 77375
101 11755
101 106402
101 106743
117 39325
117 39660
101 12953
103 75709
46 56931
101 13379
106 73482
49 14640
101 110275
101 110284
46 58086
46 59411
101 111729
103 80253
106 76583
103 80379
59 98253
106 77368
36 2884
103 81487
103 82996
103 83213
36 4296
103 83832
117 44154
59 103212
36 6143
103 86113
103 86193
103 86198
103 86664
36 7044
103 87810
49 23724
101 20863
36 10225
21 88763
36 10742
103 91909
117 49532
21 89661
117 49709
106 80510
106 80702
101 23443
106 81280
99 2926
101 24213
59 106990
99 3422
103 95082
106 83688
117 52719
49 63818
117 53022
117 53180
103 97082
21 95406
106 85788
101 26502
49 31136
21 96326
101 26880
99 4929
46 78598
45 10396
49 32845
49 68772
46 79420
44 966
49 33288
99 5900
33 479
33 1236
101 30303
49 73794
36 21472
44 4123
106 94285
59 112831
44 4951
59 113611
103 103347
106 96419
44 6476
21 103647
99 9152
106 97652
45 18594
101 35474
49 39533
21 108024
106 101093
45 20307
106 101510
45 20703
101 36853
101 36966
101 38314
49 83406
33 12637
44 14037
49 84225
36 32157
49 86038
102 4502
49 45511
101 41875
49 46891
44 18332
44 18818
122 2524
122 2902
102 7645
122 4029
99 19551
49 49672
33 20575
122 4583
33 20940
45 31197
45 31599
36 64017
36 40280
49 51696
99 21618
99 21876
36 41213
45 32842
36 41743
99 22985
33 23838
33 24537
49 53983
101 48460
44 26832
36 44039
122 10368
44 30191
36 75007
45 39298
33 29395
36 77753
33 30051
31 69707
36 78642
36 49874
122 13453
111 3567
36 80612
50 57912
31 72476
36 81771
50 59262
36 52268
31 73869
50 60032
122 18428
111 6382
102 21295
45 44859
44 38080
36 54169
111 7687
99 33866
45 47020
44 40069
122 21297
102 24692
33 39350
102 25278
36 58475
102 25699
36 92393
102 25716
45 50263
111 11131
45 50848
45 50941
50 71355
36 60557
31 87798
31 88089
31 88202
33 43716
36 62375
50 75753
50 75771
33 46930
33 46952
99 42138
122 28696
44 50423
102 32140
99 44056
99 44568
44 52237
111 18262
111 18388
111 18827
99 45428
99 45479
33 52291
36 101181
99 46773
31 93777
33 53022
122 32458
102 36806
45 62873
50 131251
122 35048
31 98820
36 107923
50 84982
50 134261
61 1037
99 50574
99 50712
50 134313
111 26168
50 134489
122 38712
47 64386
111 27942
102 42627
33 57308
50 92285
31 107460
50 93839
31 109323
50 140658
31 110890
47 68784
47 68948
50 141872
50 96739
50 143761
31 114313
102 47634
33 60158
111 33516
33 61271
50 4584
122 46477
33 62556
61 15220
102 50616
102 51555
122 48295
50 8158
122 48596
20 54826
31 120287
31 120662
41 56004
20 57569
31 122930
41 59938
41 60210
122 51648
41 60341
50 108926
32 9958
32 10360
61 22464
122 54751
50 14934
20 66124
32 12535
60 57335
60 57386
20 69420
61 26216
32 15087
60 58524
60 58635
111 47922
50 19225
32 16098
111 48566
30 127884
30 5207
111 49252
32 16994
60 62316
20 72938
50 21745
20 74861
61 29529
60 65895
61 30243
20 76766
30 133153
61 30913
61 31440
115 59953
32 23062
30 11258
32 24399
115 65891
61 34736
115 68298
30 16239
20 78947
60 73963
50 30591
20 79793
50 31148
61 37168
60 75953
115 75020
30 18691
115 76728
60 79699
115 77933
60 80805
30 20870
32 32956
30 147304
50 37518
60 88660
50 38152
61 42814
20 90174
30 26023
60 93845
50 40545
50 41101
61 45867
115 87657
32 39792
115 88179
115 89367
115 90505
60 98260
60 98928
20 99042
60 99503
30 31349
115 92636
115 94838
61 50877
20 100838
32 44605
50 50607
20 103870
61 53892
20 104707
20 105527
20 106420
32 50030
115 107533
30 41258
30 41456
32 52619
97 107494
97 108562
30 44255
97 109221
30 46246
97 114231
20 117134
97 114636
97 116521
30 50352
30 61366
