69 108
69 183
69 918
69 1188
69 1840
69 2090
69 2314
69 2399
69 2440
69 2741
69 2792
69 2851
69 3505
69 3596
69 3806
69 3836
69 3939
69 3953
69 4028
69 4186
69 4196
69 4323
69 4851
69 5264
69 5272
69 5479
69 5553
69 5583
69 5799
69 5873
69 6294
69 6591
69 6725
69 7143
69 7288
69 7441
69 7623
69 7856
69 8239
69 8290
69 8536
69 8608
69 8749
69 8786
69 8833
69 8853
69 9311
69 9427
69 9447
69 9620
69 9787
69 10016
69 10240
69 10506
69 10728
69 10781
69 11012
69 11204
69 11335
69 11472
69 11604
69 11693
69 11771
69 11980
69 12089
69 12320
69 12398
69 12863
69 12894
69 13046
69 13755
69 13765
69 13772
69 13888
69 14135
69 14298
69 14888
69 15095
69 15128
69 15358
69 15429
69 15438
69 15578
69 15584
69 15697
69 15778
69 15940
69 16002
69 16098
69 16194
69 16492
69 16524
69 16635
69 16682
69 17014
69 17400
69 88389
69 17457
69 17508
69 17532
69 88836
69 89237
69 18317
69 18331
69 18468
69 18515
69 89657
69 89658
69 18830
69 18860
69 89817
69 18965
69 89913
69 90348
69 90682
69 19484
69 19514
69 90785
69 90861
69 19915
69 91587
69 20070
69 91700
69 20265
69 91970
69 20518
69 92083
69 92297
69 20859
69 92376
69 20990
69 92489
69 21391
69 92644
69 21505
69 92781
69 21536
69 92822
69 93057
69 21697
69 93191
69 21786
69 21940
69 93678
69 22041
69 22398
69 22408
69 93917
69 22482
69 22494
69 94031
69 22686
69 94203
69 22842
69 94315
69 94613
69 23080
69 94628
69 23131
69 94964
69 95005
69 23319
69 23348
69 23466
69 95096
69 23583
69 23616
69 23656
69 23764
69 23833
69 23840
69 23881
69 23954
69 24046
69 24172
69 24186
69 96198
69 24211
69 24265
69 96591
69 24307
69 96880
69 97022
69 24651
69 97025
69 24811
69 97389
69 24832
69 97504
69 97591
69 97845
69 24952
69 97849
69 97876
69 97989
69 25013
69 98072
69 98075
69 98222
69 25052
69 98295
69 98650
69 98658
69 98676
69 25631
69 98726
69 25796
69 25825
69 25873
69 98931
69 25896
69 25952
69 25980
69 26139
69 99224
69 99297
69 26593
69 99454
69 26632
69 99545
69 26753
69 26774
69 26864
69 99858
69 26881
69 100038
69 27085
69 100055
69 27129
69 100068
69 100108
69 27138
69 27186
69 27369
69 27375
69 27387
69 100597
69 100809
69 100899
69 100993
69 101007
69 101012
69 101077
69 27811
69 27861
69 101590
69 101618
69 29687
69 29844
69 30027
69 102344
69 30117
69 30310
69 30312
69 102577
69 102643
69 102684
69 102747
69 102764
69 102822
69 31112
69 103340
69 103534
69 103668
69 31327
69 31328
69 103792
69 103872
69 31409
69 103891
69 31421
69 31466
69 103913
69 31588
69 104020
69 31662
69 32202
69 104815
69 104896
69 32353
69 32419
69 104985
69 105474
69 105572
69 105631
69 105651
69 105770
69 32506
69 32617
69 105937
69 105942
69 106323
69 106389
69 106394
69 106405
69 106730
69 33331
69 106882
69 33464
69 107280
69 33538
69 33640
69 107473
69 107880
69 107953
69 33924
69 33931
69 34006
69 108435
69 108633
69 34480
69 109439
69 34902
69 109606
69 34971
69 35020
69 35135
69 35187
69 35223
69 35251
69 35278
69 110128
69 35295
69 35301
69 35552
69 35563
69 35574
69 110483
69 110607
69 35608
69 35822
69 111012
69 35903
69 36154
69 111375
69 111427
69 111437
69 111538
69 36439
69 111581
69 111839
69 36592
69 36649
69 36714
69 36969
69 36972
69 112426
69 37010
69 37056
69 112540
69 37104
69 112629
69 112639
69 112778
69 112948
69 112979
69 37533
69 37617
69 113105
69 37833
69 113183
69 37901
69 113286
69 113393
69 113540
69 113545
69 38059
69 113589
69 38200
69 113705
69 114141
69 114297
69 114458
69 114465
69 114526
69 114562
69 38977
69 114727
69 39259
69 114918
69 39528
69 39703
69 39893
69 115360
69 40007
69 115475
69 115486
69 115705
69 40098
69 115775
69 115992
69 116029
69 40185
69 40200
69 116193
69 116376
69 179878
69 116919
69 180538
69 117106
69 181071
69 181085
69 41030
69 181203
69 181469
69 117632
69 181519
69 41233
69 181653
69 181658
69 117859
69 41453
69 41484
69 181990
69 41526
69 182018
69 41606
69 118295
69 41681
69 41702
69 182181
69 41771
69 118724
69 182393
69 118888
69 118891
69 182489
69 118978
69 182732
69 41936
69 182819
69 41961
69 182920
69 119389
69 183016
69 42107
69 119540
69 42149
69 183131
69 183153
69 183401
69 119917
69 183455
69 119995
69 183522
69 120023
69 120168
69 42708
69 183789
69 42767
69 42792
69 42821
69 120497
69 120509
69 42888
69 42889
69 120583
69 184150
69 43051
69 184373
69 121016
69 184556
69 121112
69 121124
69 121132
69 121161
69 184702
69 184715
69 121238
69 121335
69 43346
69 121426
69 184911
69 43398
69 184960
69 184971
69 121703
69 43511
69 185159
69 185351
69 121847
69 185363
69 185370
69 121951
69 185388
69 185394
69 185449
69 185470
69 185491
69 122170
69 185581
69 122413
69 185702
69 122482
69 43810
69 43841
69 122536
69 185842
69 122821
69 185891
69 44010
69 122945
69 44029
69 123027
69 186121
69 44110
69 186250
69 123181
69 123236
69 44298
69 186405
69 44311
69 123413
69 44393
69 123703
69 186761
69 44453
69 44486
69 186817
69 123972
69 186863
69 124044
69 44634
69 44707
69 44731
69 187169
69 44757
69 124757
69 124851
69 187189
69 187202
69 124863
69 44810
69 124864
69 187241
69 187317
69 187354
69 187443
69 45029
69 125284
69 125356
69 125751
69 45468
69 45477
69 187918
69 45484
69 188099
69 188122
69 45525
69 188181
69 45690
69 45723
69 126297
69 45724
69 188333
69 126558
69 188461
69 126675
69 188547
69 127068
69 127094
69 46115
69 189015
69 127206
69 127274
69 127284
69 46463
69 189361
69 189372
69 127346
69 127464
69 127485
69 46573
69 127541
69 189414
69 46619
69 189584
69 46657
69 189668
69 127978
69 189850
69 46896
69 190020
69 128277
69 128325
69 46979
69 47033
69 128526
69 190298
69 128891
69 47244
69 190781
69 47417
69 190958
69 191014
69 47933
69 47965
69 48099
69 48139
69 48266
69 48301
69 48359
69 48892
69 49085
69 49087
69 49168
69 49271
69 49315
69 49357
69 49667
69 191373
69 191658
69 50594
69 50602
69 191741
69 191745
69 192162
69 51043
69 51092
69 51206
69 193092
69 193403
69 51767
69 51946
69 52067
69 52183
69 193532
69 193571
69 193681
69 52365
69 193761
69 193828
69 52583
69 52636
69 52648
69 52764
69 194538
69 194617
69 194998
69 195007
69 195172
69 195385
69 195469
69 53423
69 195614
69 53538
69 53697
69 195841
69 195913
69 195921
69 53761
69 196124
69 53817
69 129170
69 53899
69 129173
69 196335
69 53917
69 129201
69 196350
69 129257
69 129406
69 129509
69 129619
69 129635
69 54029
69 129807
69 54124
69 129977
69 54203
69 130058
69 196672
69 196680
69 54411
69 130344
69 130360
69 130428
69 54454
69 130609
69 131005
69 131016
69 131115
69 131207
69 197321
69 131286
69 131330
69 54888
69 131731
69 197794
69 197846
69 131784
69 131885
69 198035
69 132035
69 198109
69 198141
69 198192
69 132186
69 55194
69 198404
69 132330
69 198581
69 198646
69 55199
69 55269
69 198968
69 55276
69 199070
69 55460
69 133216
69 199225
69 133364
69 133656
69 199380
69 199447
69 133745
69 199472
69 133791
69 55601
69 134003
69 199543
69 56000
69 134313
69 56029
69 56030
69 134528
69 56120
69 199962
69 134621
69 56252
69 200260
69 56609
69 135043
69 135115
69 56697
69 56777
69 200699
69 135373
69 135392
69 135517
69 135542
69 200802
69 56923
69 135719
69 201159
69 135881
69 135987
69 136045
69 201528
69 57294
69 201637
69 57421
69 57424
69 136749
69 201745
69 137069
69 137296
69 137330
69 57876
69 201971
69 137407
69 202162
69 57883
69 202209
69 57945
69 137567
69 137576
69 202217
69 137674
69 202221
69 57964
69 57969
69 202244
69 137864
69 138005
69 58174
69 58184
69 138371
69 58222
69 138663
69 58384
69 139052
69 139078
69 58438
69 139180
69 139343
69 58666
69 139462
69 139656
69 58994
69 140188
69 140260
69 59300
69 140313
69 140451
69 59302
69 59329
69 140632
69 59352
69 59379
69 140816
69 140855
69 59427
69 59433
69 141326
69 141360
69 141430
69 141682
69 141722
69 141782
69 141913
69 141969
69 60078
69 142438
69 142446
69 60187
69 142587
69 142668
69 60388
69 142996
69 60442
69 143238
69 60791
69 143298
69 60895
69 143461
69 143468
69 60922
69 143479
69 143627
69 144063
69 61049
69 144258
69 144478
69 144481
69 144509
69 61124
69 61129
69 144677
69 144882
69 145000
69 145078
69 145227
69 61555
69 145271
69 145847
69 145941
69 146090
69 146176
69 146223
69 62293
69 62309
69 62422
69 146644
69 62635
69 146707
69 146826
69 62805
69 62837
69 147206
69 147269
69 147562
69 62937
69 62995
69 147742
69 147770
69 147906
69 148089
69 63381
69 63426
69 63486
69 149065
69 149143
69 149302
69 63743
69 63750
69 149393
69 149717
69 64134
69 150016
69 64268
69 150584
69 150662
69 64451
69 150916
69 150965
69 64598
69 64702
69 151217
69 64744
69 151356
69 151564
69 64964
69 151830
69 151848
69 151966
69 152049
69 65502
69 152196
69 65812
69 66150
69 152591
69 66264
69 66269
69 66272
69 153106
69 153142
69 66520
69 153189
69 66524
69 153269
69 153561
69 153724
69 153847
69 153881
69 67117
69 153966
69 67229
69 154621
69 154622
69 67668
69 154833
69 67672
69 154854
69 67909
69 155233
69 155243
69 155276
69 67995
69 155366
69 68094
69 68113
69 68146
69 155896
69 68537
69 156457
69 68550
69 68602
69 156696
69 156793
69 156803
69 156827
69 68765
69 68891
69 156882
69 156977
69 157046
69 68962
69 157411
69 69444
69 69541
69 69614
69 157942
69 69691
69 69708
69 158108
69 158126
69 158144
69 158184
69 69874
69 69895
69 158362
69 159008
69 159067
69 70313
69 159328
69 70350
69 159527
69 70572
69 70656
69 159885
69 70755
69 159955
69 159984
69 70813
69 160127
69 160192
69 160609
69 71061
69 160977
69 161071
69 161114
69 161226
69 161240
69 71350
69 161264
69 161312
69 71478
69 71506
69 71550
69 71646
69 161547
69 71808
69 161667
69 71875
69 161805
69 161958
69 72050
69 162045
69 162180
69 72189
69 162249
69 72206
69 162370
69 72250
69 162556
69 163042
69 163097
69 72577
69 163278
69 163312
69 72852
69 163804
69 163864
69 163882
69 73096
69 73155
69 164314
69 73380
69 164327
69 164346
69 73435
69 164373
69 164403
69 73481
69 164534
69 164703
69 73706
69 165239
69 73969
69 165411
69 165422
69 165449
69 165485
69 165872
69 74591
69 74650
69 166185
69 166302
69 166311
69 166406
69 166498
69 166741
69 75236
69 166981
69 75435
69 167087
69 75581
69 167211
69 167298
69 76159
69 76225
69 76316
69 76593
69 76747
69 77166
69 77232
69 77322
69 77535
69 77990
69 77998
69 78046
69 78388
69 78499
69 79318
69 79331
69 79372
69 79488
69 80042
69 80088
69 80148
69 80210
69 80476
69 80498
69 80559
69 167644
69 80570
69 167731
69 167934
69 167946
69 168003
69 168104
69 81105
69 81119
69 168214
69 81173
69 81190
69 168294
69 81328
69 168341
69 81336
69 81464
69 81587
69 168545
69 168619
69 81813
69 81830
69 82030
69 169503
69 82039
69 169564
69 82095
69 169599
69 82215
69 169755
69 169871
69 169926
69 170041
69 82589
69 82624
69 170329
69 170379
69 82922
69 83152
69 170795
69 83169
69 170912
69 83279
69 170973
69 171200
69 83500
69 83508
69 83516
69 83572
69 171607
69 83731
69 83819
69 83960
69 171882
69 84060
69 172166
69 172246
69 172430
69 172654
69 84353
69 173119
69 173153
69 84564
69 173315
69 84652
69 173440
69 84754
69 84755
69 173495
69 84811
69 173652
69 173829
69 84915
69 174232
69 174264
69 174301
69 174343
69 85192
69 85287
69 174581
69 85327
69 85480
69 175290
69 175431
69 85773
69 175470
69 175616
69 86092
69 175745
69 86196
69 86291
69 175835
69 86501
69 86537
69 175975
69 86757
69 176261
69 87011
69 176436
69 87013
69 87050
69 176517
69 176864
69 87219
69 176962
69 177156
69 87373
69 177194
69 177444
69 87398
69 177640
69 177864
69 177880
69 177882
69 87768
69 87817
69 88014
69 178738
69 178900
69 88251
69 179321
69 179585
