111 394
111 672
46 947
111 1273
111 1972
111 2649
111 2724
111 2986
99 54016
111 3714
99 54517
99 55949
101 106427
99 56859
111 5182
101 106891
99 57239
101 107161
101 107277
99 57719
99 57990
111 5986
101 108052
101 108417
101 108864
101 108920
99 58883
103 52475
99 59255
103 52873
99 59538
103 52978
99 60188
99 60254
111 7517
101 110555
101 110755
99 60788
101 110854
117 55506
117 55517
117 55601
111 8077
99 60884
99 60917
99 60944
101 111204
103 54727
101 111427
111 8245
99 61480
103 55345
117 56548
117 56677
103 55668
117 56749
110 55402
101 112955
99 62666
99 62737
103 56573
99 62925
117 57451
117 57688
117 57733
110 56391
110 56777
103 57235
111 10052
101 113695
117 58748
52 63047
103 57775
117 59027
111 10535
99 65422
103 58247
99 65464
101 114797
101 114843
103 58483
110 58358
111 10884
117 59356
36 69591
110 58816
103 59348
103 59413
103 59688
99 67040
110 59447
111 11433
103 59965
111 11530
46 13555
103 60399
117 60891
103 60530
117 60998
117 61326
110 61120
99 69602
110 61790
99 69818
111 12820
110 61945
111 12983
117 61983
117 62261
103 62851
111 13129
36 74579
110 62941
117 62492
110 63613
117 62699
117 62843
103 64712
103 64963
111 14573
110 65018
52 72838
111 14795
111 14906
103 66215
110 65797
110 65930
110 65990
110 66126
110 66179
39 21654
111 15708
103 67713
51 69130
103 67742
110 67226
103 67771
103 68386
111 16360
33 133874
110 68955
103 69711
52 78259
117 65893
117 65920
117 65988
111 17706
103 70595
111 17932
117 66548
111 18170
110 70741
52 80570
110 71696
103 72840
110 72704
120 54908
120 55207
103 74438
110 73368
103 74534
120 55860
120 55918
117 68923
120 56236
120 56406
110 74891
110 75131
111 21883
111 22077
117 69906
111 22237
117 70669
117 70753
111 22606
110 77591
120 58883
110 77633
117 71814
110 78168
111 23527
120 59445
111 23837
120 59770
33 143860
111 24130
52 81282
111 24655
117 72889
111 24879
39 31771
33 146107
120 62089
103 76277
117 75150
111 26282
117 75974
36 93085
117 76592
117 76656
111 26975
117 76840
103 78097
111 27187
120 64556
103 78216
111 27520
111 27541
120 65102
103 78692
103 78797
103 78945
52 87976
120 66649
120 66707
110 79691
103 80902
52 90224
111 29013
110 80438
110 80557
117 78755
110 80888
52 91154
33 154091
110 81663
110 81895
117 79516
103 82352
103 82399
110 82587
120 69021
103 82973
103 83014
103 83023
117 81027
111 30679
103 83286
120 69942
110 84051
103 83867
117 81868
120 70453
120 70654
111 31569
120 70897
103 84736
120 71308
117 82858
120 71430
111 32436
117 83162
117 83167
120 72220
120 72348
103 86282
96 333
51 90623
52 97547
120 73267
111 33751
111 33875
120 73582
120 73823
103 87787
103 87810
120 73970
46 38597
120 74163
120 74289
120 74760
110 90212
96 2322
103 89664
120 75842
120 75895
111 35968
110 91175
103 90280
120 76820
111 36699
110 92006
110 92130
120 77490
110 92431
110 92626
120 77690
110 92735
96 3533
110 92910
120 77944
120 77997
103 92088
110 93740
111 38301
110 94048
103 92394
110 94054
96 4397
110 94919
111 38945
110 95069
103 93516
110 95306
96 4944
96 5051
110 95622
103 94066
111 39763
120 78996
103 94437
111 40217
110 96935
103 95148
96 5966
120 80059
96 6382
111 41132
103 95871
96 6460
110 97672
103 96213
103 96239
36 119778
110 98330
120 81151
46 45755
110 98568
103 97052
110 98730
120 81707
96 8065
119 57444
120 83332
119 57826
111 43830
119 58049
120 84029
110 101629
110 101892
52 111031
120 84311
103 97640
103 97957
103 98040
119 58938
119 59051
101 54438
103 98872
101 55079
96 10060
111 45653
96 10144
101 55397
96 10270
111 45973
110 102894
119 60550
119 60699
101 56190
110 103782
101 56446
119 61311
111 46471
119 61497
32 260
111 46584
61 161797
101 56680
119 61709
61 161899
61 162324
103 101774
101 57608
61 162735
101 57791
103 102150
119 62879
96 12091
103 102538
119 63244
101 58665
101 58971
103 102816
96 12456
111 48676
101 60160
61 164289
119 64649
96 13152
111 49046
96 13180
61 164335
32 3331
61 164636
111 49282
61 164794
61 164885
61 164948
103 103762
103 103916
119 65964
111 50231
111 50526
101 62777
111 51384
119 68701
61 167566
119 69000
111 51821
101 64904
101 64914
61 168295
111 52807
101 65690
119 70459
61 168684
119 70686
119 70690
101 66061
119 71985
101 67330
119 72096
111 53909
119 72324
119 72417
96 18005
119 72453
101 68087
96 18251
21 115005
32 10488
119 73484
101 68948
119 74127
119 74139
96 19002
101 69734
96 19115
119 75108
119 75334
96 19584
101 70725
61 323
119 75833
96 20003
61 673
61 1242
101 71868
61 6038
101 72502
96 21558
96 21641
101 72801
96 21866
119 78775
101 73347
96 22230
101 73582
61 7278
119 79754
119 79935
61 7501
52 6829
21 121859
26 6870
61 7788
101 74980
52 7728
101 75510
96 23905
96 23963
101 75833
100 52738
101 75891
100 52806
48 68658
61 8919
22 16018
100 54279
48 70419
96 25011
100 54405
96 25075
96 25165
61 9895
119 81392
61 10037
96 25487
61 10109
100 56191
22 18366
100 56815
61 11134
22 18949
119 83502
119 83713
61 11853
100 58251
100 58306
100 58540
96 27751
119 84784
119 85086
22 21350
32 24138
100 60051
96 28848
100 60123
101 76482
119 86065
61 13317
100 60487
119 86291
101 76892
119 86837
101 77299
96 29661
100 61491
100 61555
100 61791
52 15611
61 14757
96 30712
61 15072
96 30760
101 79453
119 89336
100 64243
96 31427
119 89785
100 64529
101 80733
101 80745
96 31897
61 16206
26 18354
96 32583
101 82269
101 82361
61 16701
61 16916
101 83220
61 17429
96 33067
101 83800
101 84024
26 20587
100 67803
96 34041
100 68040
96 34360
100 68108
96 34743
96 35047
101 86044
101 86607
100 69690
101 87264
96 35883
100 70090
101 87619
101 87682
61 19805
100 70418
96 36353
101 88128
96 36602
101 88801
61 20625
61 20939
31 74057
96 37418
61 21264
101 90346
61 21545
100 72587
61 21586
100 72770
100 73332
26 25474
96 38051
101 91410
48 87858
96 38873
100 74463
101 92521
59 50526
96 39390
59 51244
59 51314
101 93739
59 51505
101 94252
61 24167
59 51930
101 94664
31 80592
61 24586
59 52787
59 52884
61 24857
59 52896
96 40740
96 40768
101 95656
101 95950
101 96020
61 25449
61 25542
101 96401
101 96900
61 26255
96 42264
101 97077
61 26430
96 42426
59 55320
59 55413
96 42736
101 97978
52 31440
101 98039
96 42855
59 55909
101 98636
96 42999
61 27365
101 98955
96 43258
101 99049
59 56471
59 57681
100 75782
96 44392
40 1498
100 76261
61 28921
96 44714
100 76707
59 59218
59 59305
101 99390
100 77034
101 99646
26 34199
61 29529
100 77251
101 100160
96 45260
61 29755
40 59966
96 45280
31 90629
101 100821
96 45514
61 30191
31 91159
101 101238
100 78586
61 30764
100 79136
101 102318
61 31493
100 79821
100 79894
101 102998
100 80209
59 62794
61 32101
59 63328
61 32460
101 104128
96 47402
96 47498
40 64538
101 104569
96 47714
100 81722
101 104883
59 63957
100 82215
100 82220
61 33542
96 48720
100 83544
100 84120
61 34656
100 84817
59 67476
61 35365
52 41596
59 67811
59 67907
100 85682
96 50701
61 36041
100 86152
100 86638
59 69156
100 86804
61 36637
59 69488
100 86979
59 69557
59 69821
59 69826
100 87232
59 69846
96 51489
52 43612
59 70020
61 37257
61 37304
100 88527
61 37464
100 88938
61 38403
61 38761
100 90769
100 90934
32 54032
100 90963
61 39121
61 39200
100 91633
100 91985
100 92587
40 76698
61 40240
61 40315
61 40454
61 40547
100 93435
40 16300
100 94220
100 94337
100 95045
61 42257
100 95429
60 103032
110 309
61 42543
61 42612
100 96179
110 725
59 71813
60 103648
61 43176
61 43191
61 43261
60 104421
59 72757
110 1562
60 105354
60 105380
61 44217
59 73683
61 44872
59 74335
110 3005
59 74584
110 3098
59 74701
60 107002
61 45525
60 107719
110 3668
100 97821
52 54729
100 98078
59 75891
59 76213
60 108716
110 4791
31 107022
59 77437
110 5150
96 104204
110 5206
52 56829
100 100412
96 104752
100 101294
59 78600
59 78614
61 48681
60 109285
110 6401
96 106362
100 101828
59 79417
61 49013
59 79501
100 102399
61 49232
100 102536
61 49357
110 7003
60 110555
96 107531
96 107575
59 80081
96 107771
96 107940
59 80527
110 7873
100 103616
61 50023
100 103765
96 108777
61 50258
60 111375
110 8452
100 104392
59 81688
100 104577
110 8860
60 111907
61 50729
61 50913
110 9246
96 109385
60 112657
60 113141
59 83208
60 113237
60 113242
59 83405
110 10067
61 51782
110 10399
61 52026
61 52118
60 113889
61 52282
110 10841
110 11045
110 11046
110 11092
60 114551
60 114588
110 11216
61 52838
60 115161
60 115303
61 53315
110 11753
110 11765
60 115585
110 12029
61 54204
59 87093
110 13432
31 116843
110 13944
60 117123
60 117136
59 89104
119 2246
119 2255
60 117947
60 117997
60 118231
59 90175
60 118617
110 15013
110 15037
60 118939
59 90745
59 90810
60 119055
110 15532
60 119510
60 119513
60 120256
119 3949
60 120322
60 120324
60 120606
110 16439
119 4184
119 4308
60 121120
40 34816
110 17526
59 91982
59 92087
119 5736
59 92269
52 118725
119 6142
110 18601
34 79928
119 6611
119 6684
59 93680
110 19154
119 7124
110 19495
110 19636
59 94895
34 82325
110 20025
122 55155
122 55158
60 123889
59 95358
110 20729
60 124495
119 8672
110 21528
122 56509
60 125281
122 56779
59 97562
122 57200
60 125960
110 22177
59 97701
59 97796
119 9799
60 126439
110 22365
119 9966
60 126715
110 22748
122 58478
110 23063
119 10424
110 23118
110 23153
122 58789
110 23358
110 23429
100 53
122 59854
122 60060
60 129426
60 129438
119 12023
119 12345
122 62061
122 62099
122 62202
100 2118
100 2493
119 13254
110 26196
119 13366
60 129850
61 106405
61 106581
61 106610
60 130188
60 130457
100 3319
119 14329
122 64648
122 64653
100 3762
34 97961
60 131211
60 131325
122 65239
122 65266
110 27152
110 27153
60 131703
119 14927
122 65592
110 27394
61 108696
110 27519
119 14982
27 59353
61 108955
110 27621
60 132632
60 132730
110 27913
60 132881
122 66528
119 15586
61 109832
122 67079
60 133748
119 15729
122 67221
60 134566
119 16322
122 67947
119 16498
60 134738
119 16556
37 74452
61 111413
119 16745
110 29586
61 111820
110 29824
110 29838
60 135523
122 68809
60 135968
100 7338
100 7397
59 97
48 36663
59 230
110 30930
122 70568
110 31152
60 136461
59 709
60 136757
60 136960
61 112842
100 8816
61 113161
122 72006
59 1327
110 32180
60 137311
61 113630
110 32387
60 137882
61 114534
59 2085
110 33184
100 10009
110 33417
61 115382
61 115561
61 115907
61 115921
61 116008
100 10905
122 74670
61 116526
61 116963
110 34615
100 11607
122 75448
119 22405
59 4054
61 117464
119 22474
122 76145
59 4552
110 35512
110 35592
59 4998
119 23451
61 155894
61 155926
59 5240
37 85460
122 77978
110 36367
110 36939
59 5961
37 87377
61 157409
100 14174
110 37354
61 157781
61 119351
59 6744
61 120240
61 120276
119 25735
61 120575
61 158868
119 25932
61 158978
61 158994
100 15413
37 90315
110 38744
61 159362
61 159595
61 121693
119 26618
110 39162
119 26691
61 122439
61 160236
61 122548
119 26743
110 39533
61 123253
59 8779
100 16808
61 123935
59 9386
100 17300
61 124554
61 124917
110 40692
110 40736
61 125102
61 125118
122 78781
59 10306
119 28952
61 125790
122 79227
61 126196
110 41451
110 41914
110 42136
59 11186
100 19370
100 19415
122 80637
122 80697
48 50991
119 30617
119 30632
59 11783
110 42916
100 19993
59 11963
100 20052
61 126480
119 30956
122 82041
100 20506
61 127304
122 82494
59 12879
122 83198
34 127696
100 21238
110 44361
119 32591
110 44518
100 21480
34 129045
122 84278
100 21742
59 14229
61 130251
119 34123
57 61471
59 15889
110 47334
118 39
110 47347
110 47432
110 47683
122 87411
118 269
122 87473
100 24108
59 16676
118 459
118 617
61 132783
110 48411
119 36052
122 88394
110 48583
118 1079
118 1134
110 48751
56 7234
100 25258
119 36768
100 25465
118 1771
118 1780
118 1826
122 89638
122 89845
100 25634
122 89958
110 49716
61 133175
110 49836
119 37426
122 90676
119 37875
119 37909
119 38082
118 3275
119 38348
100 26458
61 134126
110 50781
59 19392
118 3594
59 19412
59 19652
61 134777
119 39203
61 135202
122 92841
118 4258
61 135611
119 39467
122 93394
100 28054
100 28086
59 20571
122 93510
61 135822
59 20698
110 52045
122 93811
61 136177
100 28717
59 21197
118 5402
119 40201
119 40208
61 136627
38 18652
61 136745
110 52735
122 95067
119 40573
118 6004
100 29396
118 6266
110 53235
59 22001
100 29619
110 53456
118 6428
119 41156
119 41211
119 41472
61 138417
59 22578
61 138570
119 42023
59 22757
61 138779
61 138884
122 97233
122 97461
110 54499
37 111151
57 75412
59 23450
118 7797
122 98102
100 31142
100 31748
118 8881
119 43961
100 32010
122 100304
61 140140
122 100737
118 9859
61 140661
61 140746
59 25227
61 141366
59 25682
61 142300
118 11208
59 25984
100 34075
119 46522
118 11695
118 12225
59 26646
61 143658
118 12635
118 12700
100 35008
61 144282
119 47657
119 47697
59 27536
61 144841
61 145001
61 145047
119 48216
122 102195
122 102328
122 102356
122 102522
122 103081
61 146078
122 103522
100 36776
100 36789
122 104169
59 28982
118 15004
122 104518
57 82048
122 104812
118 15388
100 37784
122 105366
122 105722
122 106090
118 16181
100 38689
122 106797
119 52078
61 148396
119 52386
119 52393
61 149172
119 52949
59 32267
122 109353
119 53129
38 33910
59 32576
118 18227
61 150037
61 150039
100 41119
100 41309
100 105699
100 105774
38 35365
119 54599
100 42446
61 152474
119 55023
59 34315
118 20619
118 20694
118 20793
61 153604
59 35286
59 35342
100 43729
61 154113
100 43914
61 154184
100 44019
38 38205
59 36128
100 44630
100 44634
61 155235
107 146
100 44828
118 22946
107 482
100 45025
59 36717
100 45500
100 45598
59 37365
100 45957
107 1826
107 1923
118 24872
118 25093
107 2158
59 38781
118 25447
100 47083
107 2687
107 2760
107 2809
100 47327
59 39276
118 25826
100 47829
100 47884
107 3590
100 48296
107 3814
100 48621
100 48629
59 40803
59 40817
107 4042
100 48826
56 35085
107 4191
100 48868
100 48905
59 41146
100 49207
38 46341
107 4591
100 49316
107 4744
24 16475
118 27935
59 42082
59 42212
100 49859
59 42508
118 29213
107 6332
34 15926
118 29679
107 7091
100 51522
59 43874
118 30133
59 44298
34 18189
59 44479
59 45002
59 45364
107 8699
24 22221
29 64365
118 32692
107 10009
59 46892
59 47060
38 53553
118 34372
118 34919
114 57130
107 12103
114 57824
59 48927
24 27270
114 58650
114 59130
114 59141
107 13096
107 13121
24 28344
59 49680
114 59524
114 59602
114 59818
107 13599
118 37573
107 14142
114 59890
118 38061
107 14880
56 48854
118 39495
107 15566
107 15722
107 15839
107 16192
107 16418
118 40755
118 41328
55 7599
107 17493
118 41624
41 8860
114 61196
107 17991
114 61311
114 61456
107 18080
114 61733
107 18213
107 18340
114 62465
118 42583
114 62745
114 62764
114 62810
107 19290
118 42933
114 63184
62 317
62 2146
107 19641
114 63899
41 11770
114 64472
62 3035
107 20314
118 44737
114 64841
118 44846
118 44856
62 3578
114 65462
114 65705
114 65832
114 66109
118 46086
118 46129
62 4460
107 21257
114 66677
62 4761
24 38034
55 14035
114 67440
118 46804
62 5477
114 67763
118 46870
62 5748
114 68234
41 16347
55 15617
118 47941
62 6923
114 69978
62 7022
114 70317
114 70539
114 70583
62 7541
62 7606
118 48799
114 71372
114 71601
107 23347
118 49226
118 49277
41 18914
107 23611
62 9233
114 73799
114 73993
107 24506
107 24512
114 74359
29 125793
107 24771
62 10490
55 19476
114 74972
107 25124
62 10861
107 25516
62 11211
114 75897
62 11322
114 75957
62 11651
114 76795
107 26536
107 26679
114 77893
62 12733
118 51113
107 27300
118 51194
118 51384
118 51477
118 51498
62 13579
118 51721
107 28782
62 14842
34 51090
107 29624
107 30407
105 54375
62 16154
105 54591
107 30651
107 30706
62 16580
62 16755
62 16946
62 17461
107 32000
107 32029
62 17898
114 78672
114 78689
107 32427
114 78913
105 57181
107 32508
107 32732
62 18279
114 79390
107 32910
105 58092
114 80229
107 33445
43 906
62 19363
62 19511
107 33795
105 59206
107 33922
107 33988
32 117770
105 60066
107 34525
105 61714
107 35614
114 84018
55 33925
62 21905
114 84143
34 59887
114 84522
62 22244
107 35944
122 110372
105 62875
114 84799
62 22523
62 22583
107 36371
122 111182
62 22759
105 63984
114 86343
107 37234
62 23184
114 86475
122 112861
122 112905
105 65425
114 87362
107 38426
107 38638
114 88395
105 66744
114 88646
114 88657
114 88742
114 88839
122 115020
62 25318
122 115360
122 115380
105 67979
34 65026
122 116016
107 40061
41 38886
105 68882
107 40511
62 26156
122 116885
105 69312
105 69373
107 41129
105 69895
107 41158
107 41171
62 27032
105 70435
105 70455
29 148814
105 70779
114 92942
105 70874
114 92986
107 42085
105 71293
122 117155
105 71621
107 42487
114 93838
114 94270
62 28583
114 94344
122 118182
122 118266
122 118657
105 73015
107 43064
105 73624
105 73915
105 73990
105 74162
62 29849
114 96234
107 44025
114 96284
105 74665
105 74762
62 30202
122 120751
122 120877
34 73643
114 97065
32 132998
114 97121
122 121188
105 75851
122 121465
122 121541
62 30936
32 134011
62 31220
107 45350
114 97953
107 45448
114 98382
41 45716
105 76916
62 31615
105 77033
62 31849
29 154444
114 99296
114 99360
114 99438
107 46489
122 123747
62 32901
34 77101
62 33378
62 33382
107 47677
107 47917
107 47923
107 48263
104 467
107 48421
104 920
104 1216
122 125602
43 19598
122 125836
104 1646
62 35814
107 50151
104 1741
62 35963
104 1926
104 2267
122 126912
104 2365
105 77979
105 78032
62 36914
62 37124
122 128059
105 78389
105 78555
105 78837
104 3503
122 129046
62 37712
122 129174
122 129418
104 3851
122 129523
104 3996
62 38168
107 52541
104 4358
104 4403
104 4405
122 130380
62 38605
104 4575
122 130616
105 80448
122 130839
117 1184
117 1199
117 1238
105 80956
117 1334
117 1364
62 39389
105 81230
104 5504
106 113
105 82262
62 40344
62 40422
43 25261
62 40475
62 40490
62 40596
104 6641
105 83061
105 83425
122 131799
106 1285
122 131918
62 41209
104 7510
62 41516
117 3699
122 133241
62 41895
105 85373
62 41924
62 42016
104 8423
104 8703
62 42479
122 134578
106 2938
122 134797
106 3144
105 86418
19 1432
105 86696
106 3390
106 3486
106 3540
122 135546
117 5422
105 86973
62 43482
122 135561
122 135589
105 87058
62 43785
104 10312
117 6097
105 88467
106 4702
117 6490
105 88927
117 6622
62 44675
122 137420
106 5196
96 52201
105 89282
122 137612
62 45168
117 7524
122 138179
105 90102
105 90186
105 90290
117 7621
96 53247
117 7773
104 11812
106 6239
62 45799
104 12127
96 54015
62 46129
105 91026
96 54633
105 91507
105 91538
96 54976
96 55062
104 13249
117 9296
96 55778
104 13666
106 8341
96 56382
62 47938
96 56599
62 48153
104 14478
105 94025
104 14519
96 57096
106 8737
96 57209
122 140675
19 8123
96 58213
96 58310
62 49131
19 8394
96 58440
62 49164
104 15545
105 95261
62 49463
62 49478
54 2083
62 49610
96 59305
62 49639
62 49783
105 95874
105 96078
106 10205
106 54930
104 16534
122 143313
105 97075
104 16901
104 16904
106 10681
117 12820
122 143871
104 17237
106 10849
122 143958
96 61155
62 51169
96 61398
105 97660
106 56881
62 51547
106 11347
106 57118
96 61876
62 51684
105 98246
104 17843
96 62136
106 11761
106 57650
105 98874
105 98941
122 146644
117 14416
122 146767
106 12959
106 59052
42 16495
105 99584
96 63991
96 64191
106 59665
105 100166
96 64589
105 100206
106 59828
96 64672
106 60100
96 65146
96 65176
117 15685
106 14410
117 16032
104 20486
117 16153
42 18796
106 61866
117 16704
96 67191
117 16964
105 102255
106 15470
106 15552
104 21352
106 15563
104 21433
42 20683
106 63353
106 16316
106 63500
104 22153
96 69108
106 63757
117 18330
96 69652
117 18628
106 64265
117 18971
106 65012
104 23388
106 65267
117 19424
106 65479
104 23698
106 65661
104 24155
117 20332
106 66719
106 66738
96 72237
96 72268
96 72330
106 67023
96 72404
106 67202
106 18724
117 21457
96 72908
104 25292
96 73314
117 21999
106 68831
104 25737
106 19813
117 22660
106 69774
106 20575
19 21404
106 70650
104 26786
106 21278
117 23638
117 23694
43 48835
117 24231
106 73180
117 24329
104 28490
104 28500
106 73505
106 73602
106 22398
106 73720
106 73729
104 28900
106 22718
117 24918
106 74335
106 74751
106 75261
106 75796
106 23699
104 30180
117 26314
54 62727
104 30280
106 76346
106 24219
104 30575
117 26767
117 26917
106 77302
106 24741
104 30879
96 74857
106 25329
106 78457
96 75400
96 75484
96 75757
96 75784
104 31758
96 75998
43 53893
117 28254
117 28264
96 76280
117 28311
104 32682
96 77002
106 26729
106 26746
117 29149
117 29577
117 29710
104 33170
54 71763
96 78958
106 27523
21 18768
106 27694
104 33263
96 79814
106 28028
96 80431
21 19790
104 33623
104 33687
96 81174
96 81223
96 81294
104 33778
106 29153
117 32384
96 81883
120 536
106 29506
96 82914
117 33003
96 83116
54 31443
106 30168
106 30174
96 83697
120 2334
106 30820
106 78465
106 31052
96 84754
96 84792
96 84823
106 78961
96 85686
106 80702
106 80731
96 86667
19 64688
106 32889
96 86844
106 33002
117 36341
117 36439
96 87456
96 87858
120 5251
120 5320
106 33782
120 5490
117 37168
120 5501
19 37492
96 88564
106 34088
106 34118
106 83073
96 88772
104 36439
106 83486
117 37555
106 34729
106 83979
96 89649
120 6524
96 89933
96 90044
21 27708
117 38519
96 90509
104 36904
120 7227
120 7342
106 85294
106 85425
117 38850
96 91152
117 39147
104 37232
120 7883
117 39256
96 91659
106 36780
104 37442
117 39543
106 86643
96 92148
106 86808
120 8916
106 37338
106 37456
120 9001
96 92605
54 88764
106 37636
54 88976
106 87304
106 37860
117 40352
120 9534
117 40834
106 38524
106 88897
106 38852
96 94360
106 39055
106 39083
120 10312
104 38808
106 89948
120 10564
106 39365
106 90060
54 92696
96 95112
106 90201
106 90306
106 90534
106 39705
120 10867
117 42125
96 95757
104 39290
54 93759
120 11133
117 42375
106 40156
104 39747
106 40214
120 11527
106 92052
120 12014
106 40943
104 40654
120 12454
120 12464
106 41281
54 43820
104 41134
106 93151
106 93186
96 95925
106 93747
120 12943
106 94328
104 41851
106 94392
96 96535
96 96940
106 94636
106 94788
104 42425
104 42602
120 13850
106 95060
106 95130
117 45076
106 42753
104 42861
117 45221
117 45257
106 42924
106 95609
106 96155
104 43458
104 43541
120 14962
104 43704
96 99128
120 15423
120 15669
19 45507
96 100074
96 100168
120 16012
106 44757
96 101518
106 98715
117 47821
106 98927
120 17225
120 17312
106 99458
96 102435
21 38723
104 45824
96 102897
117 48492
120 17847
106 100307
120 18090
96 103396
96 103568
106 100968
106 101089
106 101093
120 18387
120 18520
19 80419
106 101543
106 101684
117 49504
120 18854
106 101969
106 102435
117 50228
54 52887
104 47875
104 47880
104 48043
104 48149
104 48424
106 49397
104 48668
106 49501
117 51518
19 84929
104 49297
106 49838
106 50419
19 49333
120 21500
106 50902
104 50430
104 50484
106 51159
54 55771
120 21841
120 22344
104 51939
120 22399
122 538
106 52319
122 690
120 22864
122 949
120 23072
120 23142
120 23556
122 1813
44 57531
120 23781
120 23841
106 53406
122 2257
120 24331
106 53762
106 53923
122 3363
122 3388
122 3408
105 649
115 315
122 4890
19 95725
122 5038
115 1061
115 1121
115 1241
115 1362
115 1620
115 1686
120 27172
105 2714
122 5799
122 5858
122 5934
21 50492
44 63115
122 6266
115 2936
120 27992
115 3127
122 6825
105 3950
105 4178
105 4288
21 52048
120 28561
115 3647
120 28654
122 7482
115 3781
122 7500
21 52491
122 7575
105 4946
120 28997
64 463
115 4299
64 905
120 29453
122 8316
64 1045
105 5692
64 1143
64 1335
64 1831
64 1929
122 9304
120 30685
115 6088
120 30881
115 6182
115 6263
122 9702
122 9715
115 6469
120 31191
115 6677
105 8194
122 10412
115 7086
122 10483
120 31990
120 32102
64 3476
120 32536
115 8300
64 3730
122 11331
105 9139
122 11425
120 32854
49 1141
105 9215
120 33029
120 33194
122 12054
105 9621
64 4329
64 4567
122 12572
64 5208
105 11505
105 11549
105 11551
64 6185
122 14003
65 289
105 12206
105 12253
65 517
120 35818
122 14365
105 12472
105 12546
115 12704
105 13034
120 36591
122 15372
122 17506
64 7511
64 7897
122 17950
122 17973
64 7998
120 37629
115 13788
65 13555
120 38102
105 14771
64 8852
64 8916
44 19275
115 14643
115 14753
65 14423
115 14988
115 15107
31 141760
105 15743
122 19795
105 16144
65 15040
115 16150
64 10481
105 16670
105 16843
105 16891
120 40605
115 16788
105 17526
115 17037
64 11390
122 21226
64 11667
115 17974
122 21617
122 21735
105 18147
115 18065
105 18305
105 18316
30 74842
122 22262
30 75481
105 18832
115 18771
122 22714
115 18865
105 19071
122 22901
65 17925
120 43139
65 18460
115 19875
64 14084
64 14146
122 24086
122 24177
122 24190
115 20645
120 43721
65 19473
64 14631
64 14637
115 21092
65 19889
105 21263
120 44164
105 21607
64 15145
115 22585
105 22590
105 22807
64 16221
65 21336
122 26459
64 16491
65 21577
64 16590
105 23425
65 21922
120 46126
115 24026
64 17128
65 22222
120 46582
120 46601
105 24251
64 17966
65 23003
65 23255
122 28320
115 25500
120 47758
120 47935
115 26179
105 25897
122 29671
122 29783
120 49208
120 49336
105 26449
120 49888
65 25112
122 30552
115 27682
64 21133
65 25656
115 28206
64 21260
115 28214
120 50979
120 51057
65 25921
105 27791
120 51268
122 31679
23 33820
122 31919
115 29006
65 26529
115 29527
120 52156
122 32285
120 52182
44 36392
64 22831
105 28963
49 25172
115 29915
65 27386
105 29306
64 23322
105 29509
64 23440
115 30480
122 33258
120 53302
115 30723
105 30370
103 553
105 30740
64 24347
64 24544
64 24716
103 1202
115 31900
122 34663
115 32176
103 1885
105 31589
120 54888
115 32565
30 92424
105 31765
122 35049
105 32115
103 2516
122 35579
105 32457
103 2957
122 35684
105 32574
105 32600
103 3091
103 3234
115 34006
122 36061
44 41162
122 36237
115 34218
23 39178
30 95568
65 31259
65 31287
105 33318
105 33424
115 34542
115 34772
105 33729
122 36944
115 35045
65 32052
64 27812
65 32241
44 43540
103 4982
105 34844
103 5276
105 34902
103 5321
65 32797
105 35130
105 35256
103 5580
122 38562
64 28624
115 36274
122 38602
122 38712
30 100556
105 35574
122 39085
64 29214
115 37052
65 33573
115 37215
103 6289
115 37281
103 6326
103 6365
115 37477
122 39598
122 39653
44 45876
115 38063
115 38072
64 30163
65 34292
64 30237
115 38286
105 36659
103 7163
105 36805
122 40192
64 30424
64 30445
105 37100
64 30983
105 37311
122 40777
115 39408
65 35220
103 7946
122 41176
64 31459
65 35417
115 40217
115 40370
103 8763
115 40614
105 38658
122 42076
103 9471
103 9474
30 107876
103 9599
115 41514
64 33145
64 33186
115 41668
64 33232
115 41794
122 42840
64 33496
115 42143
44 50792
103 10393
122 42992
64 33656
103 10493
105 40287
64 34117
103 10812
64 34188
44 51617
64 34352
65 38075
103 11178
122 44285
65 38433
65 38545
122 44505
65 38614
64 35091
122 44666
115 44178
65 38837
103 12141
64 35577
103 12323
103 12324
64 35961
103 12591
64 36029
115 45398
64 36214
122 46000
115 45792
64 36477
105 43129
64 36753
105 43380
64 36844
65 40497
115 46456
64 37273
105 43792
65 40866
103 14420
122 47427
105 44145
115 47581
122 48060
105 45100
115 48124
103 15601
103 15673
64 38873
115 48880
115 48933
65 42601
103 16411
122 49041
64 39457
65 42841
64 39700
115 49751
105 46688
103 17003
115 49820
65 43372
105 46906
103 17202
105 47063
115 50251
103 17348
64 40211
105 47202
122 50297
65 44053
105 47535
115 50708
65 44176
105 47725
105 47746
103 18152
115 51080
103 18401
64 41426
49 48216
107 52996
103 18891
115 51667
122 51691
115 51928
103 19159
65 45370
107 53732
105 49170
122 52026
107 53874
107 54121
107 54281
65 45789
65 45953
122 52553
107 54575
103 20078
107 54623
64 43170
122 53141
105 50383
115 53431
107 55499
65 46706
115 53757
64 43607
64 43615
64 43667
122 53696
103 21287
103 21311
103 21366
122 54067
115 54247
64 44199
107 57033
65 47365
107 57317
115 54444
115 54455
115 54465
115 54819
115 54986
65 47832
64 45320
115 55547
115 55872
115 55906
115 55983
115 55987
65 49004
115 56242
107 59900
107 59911
64 46521
105 53471
64 46812
65 49729
30 1052
105 53927
103 24017
64 47120
107 61139
103 24483
49 55160
107 61979
65 50825
97 454
29 24253
107 62504
64 48413
97 758
97 784
107 62753
65 51251
103 25870
107 64035
65 61813
97 1744
64 49346
97 1785
65 62123
65 51992
65 62429
107 64805
97 2288
107 65327
103 27246
107 65698
65 63354
65 52624
97 2793
97 2874
65 52705
107 66346
107 66554
65 63990
107 66669
97 3558
65 64534
64 51238
103 28467
65 64872
103 28716
65 53527
97 4055
65 65321
65 65636
65 54064
107 68934
97 4816
107 69458
97 5005
107 69675
97 5579
107 70527
65 54917
102 54255
103 30607
97 5933
102 54379
22 60415
102 54512
102 54569
97 6125
102 54654
97 6163
65 68896
102 55315
97 6548
97 6565
102 55483
97 6817
65 69272
65 56188
103 31750
103 31945
97 7195
65 69937
65 56470
102 56427
97 7303
103 32444
97 7650
65 56800
107 73963
102 56966
103 32684
107 74194
97 8028
65 70863
102 57426
107 74696
97 8327
65 71412
107 75297
103 33634
97 8573
97 8593
65 58042
65 71802
97 8841
102 58877
97 9013
65 58548
103 34330
65 58759
102 59517
65 72678
103 34493
65 59009
65 72821
65 72949
65 59316
103 35030
30 14683
102 60646
103 35296
65 59768
102 60791
65 73671
103 35447
65 73719
103 35524
102 60994
102 61057
97 11004
65 73967
28 43496
102 61608
97 11274
65 60241
97 11295
65 60427
102 61942
65 60667
65 74955
65 60833
102 62712
97 12199
103 36739
97 12354
97 12451
65 61536
65 76347
65 76555
65 76772
65 77341
46 59739
107 75835
65 78477
65 78522
97 14098
97 14347
107 76386
103 38721
107 76753
107 76833
97 14766
107 77041
107 77312
65 80020
97 15357
97 15369
102 67926
65 80406
102 67999
107 78381
103 39469
107 78603
102 68407
97 15831
102 68443
107 78739
103 39640
107 78806
103 39643
95 22
103 39773
107 79355
97 16390
65 81764
65 81965
103 40476
102 69643
95 130
65 82457
95 229
95 419
65 82757
65 82771
65 82941
103 41360
107 81204
102 70990
97 17902
103 41635
102 71519
107 82137
102 71733
107 82595
97 18608
102 72167
102 72233
95 1654
103 42539
95 1762
97 19048
107 83470
95 2089
102 73342
107 84128
102 73632
102 73918
103 43618
102 74447
107 85494
97 20393
102 74748
107 85723
97 20988
102 75637
102 75669
107 86711
102 75977
103 45362
97 21786
107 87390
103 45503
107 87444
102 76721
107 87607
46 72088
103 46036
97 22250
102 77162
102 77310
102 77399
65 83197
65 83354
102 77947
107 89206
107 89342
95 5881
107 89496
97 23528
97 23658
95 6399
65 84221
107 90583
103 47370
107 90931
57 23803
107 91107
107 91337
107 91397
65 85296
107 91692
95 7409
29 53966
107 92497
103 48397
65 85973
65 85997
103 5 848618
28 116168
107 92921
65 86482
95 8403
107 93618
65 86664
95 8790
103 49543
65 87551
65 87672
95 9227
107 95227
107 95390
65 88207
97 27028
65 88426
95 9897
97 27573
65 88949
95 9995
97 28022
65 89787
97 28286
95 10717
107 97865
107 97904
37 11562
65 91162
97 29192
102 79601
95 11906
97 29389
65 91777
65 91799
97 29649
95 12308
65 91929
65 92024
95 12437
97 30231
102 80755
65 92568
65 92704
97 30806
65 92786
97 30995
95 13631
95 13650
97 31898
95 13747
102 83103
102 83142
97 32452
102 83483
95 14263
97 32662
57 32172
95 14687
65 95201
97 33158
95 14941
107 99510
95 15241
65 95698
95 15341
65 95856
107 100486
30 31448
95 16197
97 34825
102 86380
102 86433
62 53664
102 86525
107 101419
65 97345
95 16795
107 101847
95 16918
102 87379
97 35860
65 98370
95 17352
107 102665
95 17611
65 99246
97 36692
65 99589
65 99670
62 55794
65 99700
47 5796
57 36381
62 56125
102 88703
62 56178
62 56238
102 88787
65 100265
65 100327
62 56835
62 56840
101 179
65 100995
102 89957
65 101547
97 38492
65 101686
65 101928
102 90438
62 58301
65 102008
62 58537
65 102746
97 39323
97 39552
62 59650
65 103569
101 2351
97 39823
62 60427
97 40109
95 21415
102 92365
97 40379
102 92501
95 21642
101 3255
62 60975
62 61096
62 61311
62 61427
101 3809
62 61883
101 4203
62 62217
62 62414
97 42091
102 95166
97 42247
101 4834
97 42376
101 4943
101 4968
65 105155
97 42624
102 95731
62 63573
95 24000
102 96241
95 24540
102 96551
95 24618
101 5974
102 96858
102 96870
101 6104
97 43581
65 106904
57 44169
65 106992
101 6222
101 6287
97 44031
95 25197
97 44076
102 97618
102 97897
95 25483
101 6681
65 108231
101 6904
65 108460
95 25931
65 108962
102 98925
97 45512
65 109661
33 17848
102 99410
101 7546
 99571
65 109835
101 8258
65 110771
97 46411
101 8307
65 110792
97 46939
95 27855
65 111782
95 28471
97 47638
97 47652
95 28985
95 29043
97 47993
101 10039
102 100873
102 101297
97 49040
95 30399
33 22132
101 11203
97 49806
101 11361
95 31337
101 11895
97 50497
97 50555
102 103666
102 103676
102 103951
95 31966
95 32514
102 104895
97 51978
101 13328
95 33078
95 33505
95 33898
95 33967
95 34025
102 106713
38 130026
101 15217
20 2164
95 35215
47 23512
37 40377
95 36251
101 16806
60 195
114 83
114 400
60 585
60 859
101 17989
60 1370
40 113647
114 1812
114 1878
101 18800
114 2393
114 2484
95 38704
95 38763
95 38894
101 19653
95 39070
38 136308
60 2806
40 116790
114 3856
101 20473
101 21112
114 4592
101 21473
95 40641
60 4395
101 21812
114 5213
95 41087
95 41167
95 41226
95 41285
60 5147
60 5215
60 5328
95 41655
95 41803
95 41918
95 41977
60 5776
101 23443
95 42296
101 23578
95 42366
60 6405
95 42669
37 49725
95 42801
95 42820
95 42885
95 43168
114 7755
101 25262
95 44014
60 8165
101 25792
95 44530
95 44584
95 44900
40 124752
60 9249
60 9322
55 72178
60 9491
60 9540
37 53193
114 9722
64 101487
114 10340
64 101548
114 10537
64 101880
95 46448
95 46505
64 102780
95 46826
101 28140
64 103020
101 28405
64 103576
60 11345
114 11567
95 47445
95 47515
64 103940
95 47561
64 103978
64 104706
114 12242
95 47862
95 47956
101 29515
114 12729
60 12682
64 105426
60 13118
95 49068
64 106547
95 49310
40 130774
101 31085
114 14210
114 14371
101 31227
60 14186
101 31375
114 14589
114 14646
33 45851
95 50173
101 31925
95 50600
101 32261
60 15033
60 15284
101 32833
101 32959
60 15576
64 107829
64 108144
114 16411
64 108543
64 108626
101 34004
47 41916
95 52471
101 34166
64 109173
64 109211
114 17047
64 109602
64 109671
64 109997
64 110511
64 110638
64 110663
101 35107
114 18154
64 111316
60 17725
64 111574
60 17982
60 18087
60 18177
64 112256
64 112479
45 2145
114 18929
60 18790
37 65956
101 36485
114 19691
114 19698
64 113949
64 114203
64 114235
53 1937
114 20146
101 37047
114 20356
60 20047
60 20049
114 20912
60 20600
114 21163
60 20897
101 38593
64 115066
101 38996
114 21975
60 21707
64 116065
114 22242
64 116338
115 56567
60 22788
115 56843
60 22945
60 23075
64 117824
47 50298
115 57894
64 118386
60 23658
64 118948
114 24387
64 119199
64 119225
115 58462
114 24848
114 24863
114 24869
23 63948
115 59224
115 59226
101 42259
64 120323
64 120352
64 120366
115 59417
114 25693
60 25051
101 43041
60 25189
64 121485
64 121525
60 25670
101 43730
60 26420
114 27119
101 44456
64 123207
114 27497
114 27500
114 27721
64 123872
115 63019
115 63078
114 28005
64 124190
115 63306
64 124202
115 63746
60 27783
114 28369
115 64257
60 28072
60 28112
101 46165
60 28228
115 65285
60 28624
101 46773
115 65891
60 28989
115 66490
101 47440
115 67416
101 47969
60 30530
115 68242
114 31296
60 31300
60 31331
115 69416
60 31479
101 49082
115 69492
115 69851
115 69959
115 70592
60 32458
101 50317
101 50701
115 71282
60 32857
101 51003
115 71952
114 33961
101 51445
114 34032
60 33810
114 34587
53 18640
60 34288
45 20387
101 52071
101 52140
114 35064
101 52548
115 74578
53 19629
101 52785
114 35876
115 74993
101 52940
115 75172
115 76076
114 36772
114 36928
101 53847
53 20990
114 37287
115 76868
101 54078
115 76896
60 36637
115 77217
115 77767
114 37932
114 38117
45 24426
114 38671
114 38689
114 39127
115 80090
114 39420
60 38914
60 38984
60 39041
114 39693
111 55588
114 39958
114 40347
60 39942
60 40014
60 40098
114 41639
54 120398
111 59053
111 59237
60 41649
111 59742
20 52025
114 42755
60 42220
60 42304
111 61061
111 61099
111 61332
115 80899
114 44509
115 81041
60 43885
114 44874
114 44991
114 45208
60 44545
60 44628
114 45446
114 45783
111 64408
115 82928
114 46046
60 45172
111 64922
54 128084
54 128248
60 45563
33 75962
60 45629
60 45728
111 66303
114 47183
111 66604
111 66766
60 46724
111 67371
115 85472
115 85551
114 48203
115 85961
111 67937
115 86128
60 47642
115 86678
115 86788
115 86971
114 48816
111 68613
115 87247
60 48239
114 49072
111 69490
115 88089
115 88179
111 69651
114 49697
60 48753
114 49970
60 49143
114 50070
60 49299
114 50139
115 88986
60 49469
50 78741
60 49877
114 50657
60 50137
115 89905
111 71782
111 71811
50 123500
60 50542
111 72287
60 50701
114 51612
111 72368
114 51651
115 90977
60 51045
111 72889
111 73065
111 73177
111 73190
111 73285
111 73519
111 73594
102 107085
115 91927
111 74059
115 92394
114 52801
102 108018
114 52935
114 52982
114 53137
115 93917
114 53538
114 54167
115 95487
115 95988
114 54594
33 85635
114 55029
114 55121
115 98267
115 98729
115 99596
115 99810
115 101713
115 101846
50 89866
111 78393
56 65486
111 79846
115 105695
115 105802
115 105829
115 106188
53 44754
56 69502
50 95130
111 83256
115 108012
111 84012
115 108702
111 85073
111 85306
53 99919
115 109652
64 51764
64 51789
64 51808
111 85931
111 86007
115 110251
111 86377
64 52589
64 52630
64 52687
111 86983
56 74119
64 53158
111 87192
115 111469
115 111866
53 104559
111 88544
97 53565
111 88992
111 89238
111 89460
111 89486
97 54276
111 89909
111 89987
45 56870
111 90585
111 91581
111 91650
97 55980
97 55989
111 92386
111 92619
49 79346
64 59268
64 59473
111 94271
64 59807
97 58931
111 94596
111 94961
64 60563
64 60916
64 61083
64 61093
64 61239
97 60413
97 60960
111 96664
64 62008
50 105097
64 62383
49 80233
111 97528
111 97558
64 62456
64 62653
97 61880
97 61918
111 98225
97 62141
111 98393
64 63364
64 63668
97 63427
111 100306
97 63989
63 1007
64 65070
95 52670
63 1178
97 64819
97 64971
33 105072
64 65510
97 65141
63 1511
97 65196
95 53259
64 66137
64 66317
111 100490
97 66001
63 2078
63 2276
95 54400
64 67293
64 67462
95 54995
97 66772
95 55156
56 85509
64 67858
95 55337
97 67008
111 101924
97 67482
97 67823
64 68592
111 102473
63 3627
95 56688
63 3839
95 56773
64 69105
49 90149
60 51236
97 69318
95 57382
63 4366
97 69503
64 69471
63 4422
97 69651
65 112058
63 4515
111 103934
111 104021
97 69932
97 69995
95 58121
60 51718
64 70002
95 58320
63 4743
97 70403
63 4916
60 52157
95 58827
97 71011
64 70704
111 105040
95 59051
64 70826
64 71028
63 5316
95 59728
60 53952
64 71343
97 72061
60 54347
63 5730
60 54669
65 114592
64 71804
95 60582
63 6264
111 106791
111 106956
63 6720
60 56083
111 107651
60 56314
65 116089
65 116196
65 116554
63 7486
60 57303
65 117160
60 58131
60 58468
65 118103
60 58911
95 64225
63 8849
95 64415
60 59300
95 64501
95 64958
30 130370
95 65131
95 65167
63 9603
95 65862
95 65926
63 10004
63 10025
60 61327
63 10110
60 61345
95 66450
65 119310
65 119568
30 133157
95 67675
95 67681
63 10976
95 68170
63 11176
65 121001
95 68727
60 63989
60 64384
64 74355
60 64911
60 64963
64 74602
64 74640
63 12187
64 74661
64 74682
64 74708
65 122375
95 70347
65 122630
97 77182
97 77287
64 75818
97 77507
65 123195
97 77712
64 76263
65 123719
95 71949
97 78419
65 124076
97 78566
64 77064
65 124239
60 68208
63 14092
64 77617
63 14184
60 68642
97 79371
65 125325
95 73308
97 80218
95 73664
64 78753
97 80299
97 80413
63 15034
60 70179
97 80573
63 15195
64 79353
95 74199
97 80710
60 70379
64 79446
60 70502
65 126092
64 79710
63 15578
97 81254
60 70776
64 80278
60 71496
63 16655
60 72687
64 81571
64 81959
97 83796
95 74553
95 74574
50 13842
64 82376
95 74915
63 17928
63 18499
63 18805
99 116
64 83781
97 85498
63 19142
97 85888
63 19212
64 84383
99 710
64 84798
99 958
97 86630
95 77404
95 77580
63 19835
95 77800
64 85626
97 87376
64 85776
97 87433
64 85807
99 1519
63 20430
97 87625
64 86170
99 1666
64 86314
99 1846
97 88206
97 88372
64 86963
63 21175
64 87711
99 2611
64 87842
63 21631
64 88006
64 88204
64 88221
32 67415
95 80737
64 88876
64 89050
60 73688
60 73724
99 4268
60 73825
60 73848
97 91015
63 23352
63 23455
64 89719
64 89792
60 74173
97 91348
97 91399
95 82971
64 90136
95 83044
97 91794
95 83248
64 90402
95 83476
60 75154
97 91965
97 92004
99 5615
97 92062
64 91302
99 6366
63 25394
97 93216
60 76983
63 25947
31 12895
60 77448
63 26140
64 93456
60 78135
97 94670
63 103679
63 26517
63 103741
60 78547
64 94007
63 103862
99 7805
63 104090
60 79620
60 79787
63 52440
97 96413
63 52561
97 96500
60 80181
63 52789
97 96996
63 52885
60 80397
63 53359
99 9600
64 94157
97 98058
60 80921
97 98160
63 28148
63 107002
63 28265
64 94591
97 98540
60 81431
97 98671
97 98753
63 28578
64 95254
63 29046
64 95510
63 29240
63 55082
63 108634
99 11407
63 29491
63 55593
63 55638
64 96081
63 109532
63 29758
63 56001
63 109745
63 109783
63 109784
63 56325
99 12244
64 97689
63 30358
99 12545
63 57188
99 12974
99 13238
60 85202
99 13451
99 13550
20 78947
63 58286
63 31493
64 99495
64 99501
63 58337
64 99602
63 110284
63 58512
60 86332
60 86407
99 14026
63 58755
99 14113
63 110605
97 101244
60 86685
64 100247
63 59281
60 86991
60 87167
63 111442
63 60043
64 100860
64 100958
97 102352
60 87943
63 111886
64 101109
97 103015
63 112486
97 103369
63 61306
63 61406
60 89191
50 30792
63 61740
63 113380
97 104178
97 104679
63 113999
97 104848
97 105191
20 84060
97 105347
20 84270
63 114827
61 54808
63 34965
61 54885
63 63776
61 54997
61 55043
63 63874
99 16665
63 35353
63 35410
97 106217
63 115533
60 91656
63 115586
63 64615
63 35588
61 55859
63 35761
61 56007
99 17313
63 35827
99 17552
99 17555
60 92764
61 56407
63 116781
63 36017
61 56459
61 56570
99 17762
63 116920
99 17960
63 65693
63 36474
63 36541
63 65917
63 65952
60 93791
63 36585
60 93862
99 18415
60 94112
99 18512
99 18584
63 66640
63 37157
63 67298
60 94849
60 94958
63 37423
63 37623
32 87920
63 67832
115 112687
63 117009
63 67983
115 112750
63 68288
63 68378
63 37987
115 113389
115 113469
63 117719
61 59601
63 68503
99 19551
115 113654
115 113661
63 68652
61 59800
63 118052
61 60027
99 19865
61 60368
63 118533
63 69802
63 118832
60 95037
63 70051
32 90952
99 20747
60 95490
115 115617
63 39582
115 115752
115 115787
63 70655
63 119687
50 37882
60 95896
63 120073
61 62151
63 40191
63 120515
63 120643
63 40301
115 117212
63 71753
60 97224
63 121320
61 63266
63 40691
60 97672
63 121722
60 97931
20 95031
60 98239
60 98260
60 98658
99 23152
61 64844
60 98894
63 123101
61 65082
32 96216
60 99277
60 99731
63 42189
60 100146
20 97026
63 42208
63 42466
61 66309
61 66416
63 42677
99 24373
61 66637
61 67309
61 67348
61 67668
99 25098
63 43904
63 124106
63 44079
63 44309
63 44319
38 65252
61 68831
59 98253
61 69218
63 44902
61 69328
59 98481
99 26328
32 102239
61 70226
61 70500
99 26954
63 126609
59 99393
59 99691
63 73589
99 27723
63 127471
61 71767
63 127503
63 46475
59 100642
59 100898
63 74393
61 72283
99 28013
63 74530
63 128450
59 101761
32 105989
99 28732
99 28751
63 128924
61 73242
63 75728
63 47430
99 29092
61 73615
99 29106
59 102381
63 76068
61 73920
61 74069
63 47978
61 74821
99 30304
63 77251
63 77517
59 104145
63 77611
99 30632
61 75490
61 75639
50 48594
63 78151
99 31054
99 31060
99 31606
63 78901
63 79087
99 31836
99 31952
99 31994
99 32625
63 80243
63 131858
63 81305
63 81342
63 132095
63 81832
63 132501
63 132670
63 82077
63 133143
63 133166
99 34153
63 82204
63 133309
59 107440
99 34309
97 107193
97 107711
59 108486
63 82815
63 134442
97 108090
63 134569
63 134680
59 109122
63 83108
97 108562
63 134951
99 35649
99 35762
104 53196
63 135484
99 36024
97 109452
97 109849
32 116041
104 54429
59 111666
63 84324
63 84372
63 84518
63 84524
63 84566
63 84572
31 50867
104 55047
63 85204
99 37098
63 85276
31 51445
97 111329
61 76858
104 56306
63 86280
61 77780
63 86364
104 56903
61 78168
99 38531
97 113296
99 38732
59 112737
61 78987
99 38961
59 113289
104 58860
97 114419
99 39312
61 79440
59 113611
63 88438
63 88443
59 113704
38 89387
63 89114
59 114517
63 89531
104 60195
104 60208
97 114578
63 89950
61 80692
63 89963
59 115235
97 114986
97 115072
97 115257
104 60920
104 60942
59 115991
63 91341
59 116663
97 116163
61 83037
36 7198
104 62220
99 41751
104 62842
104 63132
99 41993
59 118178
61 84033
99 42115
99 42176
61 84348
61 84581
104 63912
61 84878
61 85105
61 85178
61 85287
61 85578
102 214
61 86046
99 43865
102 878
104 65920
63 95263
61 86583
63 95359
63 95418
104 66363
61 87317
104 66891
104 67037
102 2249
102 2432
61 87763
61 88157
99 45714
99 45814
61 89026
63 95700
104 70016
102 4695
61 89653
99 46442
102 4887
104 70612
104 70740
61 89994
61 90186
102 5360
99 46790
38 99988
104 71522
102 5874
99 47079
61 90888
104 72101
102 6355
99 47425
99 47439
104 72503
61 91458
99 47622
63 97886
63 98023
104 73329
99 48204
102 7905
102 8128
102 8436
31 64885
63 99188
99 48651
104 74215
61 93430
63 99499
104 74364
63 99674
36 16993
38 106237
38 106565
63 100385
61 94488
61 94750
104 75567
63 100937
61 95321
99 49906
102 10487
63 101582
63 101803
99 50719
99 50811
61 97711
102 12872
102 13523
102 13586
102 13762
99 52937
102 14670
102 14943
99 53556
61 98468
102 16293
102 16692
102 16770
102 16832
61 99662
61 99881
102 17160
61 100228
104 76737
104 76768
102 19084
102 19141
104 78080
102 19232
102 19340
102 19544
61 102274
102 19970
102 20076
104 78971
102 20402
61 103347
104 79420
102 20717
104 79526
104 79893
61 104431
102 21420
61 104659
61 104779
102 22156
104 81132
102 22301
102 22890
104 82914
104 82998
104 83355
104 83930
102 26863
104 87653
102 26939
102 27006
102 27142
104 88153
102 27455
104 88638
104 88662
104 88672
102 28036
104 89120
104 89547
104 89907
104 90216
102 28954
104 90657
104 90713
21 61315
104 91116
104 91710
21 61850
104 92031
104 92939
102 30839
104 93685
102 31258
102 31393
102 31508
104 94583
102 31878
104 95249
102 32366
104 95593
36 36345
102 33016
104 97337
102 34202
102 34699
102 34981
102 36401
102 36973
102 36980
102 37750
102 38870
102 39777
36 45641
102 40858
102 41639
102 41850
36 47655
102 42601
102 42818
102 42877
102 45838
102 46653
102 46905
102 47368
102 48813
102 50184
102 50580
102 51091
102 51252
102 51760
102 52754
102 53376
102 54067
21 91614
21 98161
47 69814
