65 18
65 40
65 94
65 95
65 517
65 616
99 54360
39 463
99 54517
53 115690
65 1079
65 1110
99 54862
65 1604
99 56147
65 13333
65 13361
99 56892
65 13555
99 57171
99 57524
65 14438
99 58554
99 58761
99 58840
99 58883
99 58953
65 15018
99 59538
65 15209
46 2124
65 15434
99 60407
99 60448
99 60470
65 15702
39 4663
99 60633
65 16004
99 60860
65 16143
99 60873
99 60944
99 61024
99 61078
65 16938
99 61716
99 61839
65 17164
65 114164
65 17195
65 115153
65 18125
99 63199
65 115930
65 18929
65 116695
39 8522
65 117571
99 65600
99 65815
39 9081
99 66075
39 9280
117 54971
110 56194
117 55059
99 66749
117 55131
110 56330
110 56456
117 55501
120 54945
120 55061
117 55603
110 56975
110 56995
39 9850
117 55992
65 21035
65 21085
117 56001
110 57260
65 21136
117 56219
117 56313
39 10109
110 57639
120 55918
110 57726
117 56548
99 68665
120 56236
110 58061
120 56406
65 21922
110 58159
54 63131
110 58214
51 58220
120 56835
120 56847
99 69264
120 57164
99 69473
117 57239
51 58945
110 58801
120 57355
99 69740
65 62123
99 69818
51 59210
65 62261
52 59562
120 57680
110 59382
52 59669
110 59447
39 11961
65 120147
110 59658
65 120228
51 59834
117 58568
65 120458
110 60129
117 58970
120 58528
110 60388
65 120728
65 63831
39 13016
117 59519
110 60941
46 11098
51 61444
65 63990
65 121200
120 59288
117 60060
110 61218
117 60164
65 64218
117 60186
65 64323
65 23772
110 61617
65 64525
65 121854
52 62237
65 24055
117 60998
120 60197
120 60215
65 24209
117 61318
39 14002
120 60692
65 122648
110 62533
120 61216
54 69407
51 63804
46 12908
52 63390
65 122955
65 66179
110 63144
39 14840
120 61789
110 63613
46 13341
51 64903
117 62699
65 67056
110 63868
117 62826
120 62369
120 62405
65 124118
65 124199
65 67464
39 15636
65 67547
110 64669
120 63159
110 64957
117 63849
65 124863
110 65018
117 63931
120 63416
39 16297
52 66071
33 131697
110 65418
65 125325
117 64387
65 25547
52 67098
54 73416
65 68831
120 64556
52 67357
52 67507
110 66126
65 125794
110 66525
65 125826
117 65507
54 75020
65 26031
54 75129
65 126108
65 69937
117 65893
65 26140
39 17971
65 26346
46 15849
117 66548
65 126632
120 66422
120 66449
65 70598
120 66587
110 68211
117 66982
120 66707
110 68347
120 66774
65 70962
120 67098
51 70775
117 67524
120 67329
65 71258
51 71354
52 70433
65 27016
65 71614
120 67581
120 67663
54 77698
120 67787
120 67895
65 27221
117 68332
117 68360
117 68389
65 72227
110 69928
110 69979
65 72387
51 72806
51 72999
65 72737
120 68996
65 28021
117 69202
33 138158
117 69356
33 138316
110 70741
65 72880
110 70778
33 138502
65 72955
65 28328
54 80048
117 69906
120 69641
65 28467
117 70173
110 71333
54 80281
39 21430
54 80472
46 19203
51 74742
65 28614
117 70669
110 71668
46 19341
120 70261
110 71854
46 19408
110 71895
117 71181
65 29183
117 71231
110 72248
46 19940
65 29221
39 22388
120 70897
110 72704
120 71305
110 73017
120 71378
65 75163
65 75213
33 141282
51 76876
117 72295
54 82726
65 30008
110 73667
65 75919
117 72732
52 76599
120 72220
51 77658
52 76846
51 77901
52 77154
117 73605
110 74550
65 77133
120 72958
110 74873
110 74891
65 31259
65 77665
120 73244
110 75032
120 73247
65 31436
46 22406
65 78117
46 22476
110 75505
117 74873
117 74903
33 141671
33 141727
120 73675
65 78355
52 78965
51 79612
65 78522
110 75967
46 22878
46 22962
39 25798
117 75936
52 79666
110 76548
33 142360
65 32052
33 142404
65 32113
65 79255
110 76815
117 76592
117 76656
117 76701
65 32241
110 77013
65 79547
117 76822
65 32260
39 26509
117 76978
110 77314
65 80020
65 80366
110 77633
33 144079
52 81151
117 77650
120 76432
117 78124
117 78282
117 78381
110 78891
120 76820
33 145115
39 27982
33 145356
39 28175
120 77537
65 82025
65 82083
33 146057
39 28814
117 78685
65 82771
65 82830
117 78945
33 147805
46 26809
65 34801
33 148265
33 148361
65 35189
117 80204
65 35307
120 78494
117 80719
39 30711
117 81132
65 35417
39 30887
54 85910
117 81323
33 149831
117 81681
46 28040
65 36037
65 36101
120 79600
54 87043
117 82082
117 82093
65 36234
120 80002
117 82277
65 36481
120 80465
117 83037
39 32488
51 82295
117 83162
120 81052
117 83453
54 88715
65 37022
39 33220
120 81683
51 83518
120 81715
39 33414
54 89806
65 37496
33 152060
52 82206
51 84025
46 30259
110 79647
120 82277
33 152358
120 82538
120 82564
51 85203
63 51754
39 34392
110 80351
110 80438
39 34538
63 51881
110 80593
52 83411
52 83842
51 86044
65 38545
120 84040
65 38614
120 84161
33 154636
65 38737
51 86699
46 31742
110 81895
65 38937
52 84993
120 84737
110 82138
65 39162
46 32189
65 39164
46 32292
63 53670
52 85615
39 36458
65 84221
54 94679
110 83203
65 84588
110 83381
65 84647
110 83551
51 88471
65 84801
110 83844
110 84051
46 33427
52 87045
65 85213
54 95775
65 85246
51 89046
65 85262
46 33510
51 89437
46 33734
110 84806
63 55593
110 84937
63 55767
54 97243
65 85765
65 40672
65 85831
51 90139
110 85292
54 97696
65 86103
52 88571
46 34834
110 85799
65 41127
65 86438
39 38845
63 56801
51 91172
39 39006
63 57070
65 86985
110 86615
110 86747
46 35681
51 91910
65 87388
54 99276
65 41939
63 57792
63 57842
110 87178
65 87889
54 99801
65 42170
52 90456
46 36500
65 88213
52 90656
63 58337
65 42251
39 40484
63 58504
52 90916
110 87968
63 59039
63 59281
65 42826
54 101307
54 101428
52 91753
63 59711
65 90117
52 92304
63 60889
65 90515
110 90017
51 95626
51 95682
110 90197
52 93434
63 61771
96 1010
65 91521
110 91055
63 62235
119 57031
96 1193
63 62491
65 91993
51 97691
65 92087
51 97711
110 91504
96 1572
119 57826
110 91801
54 105243
54 105247
110 91989
52 95404
65 45421
110 92066
119 58290
119 58291
65 92692
110 92130
54 105606
52 95687
65 45773
119 58628
51 99091
65 93341
63 64615
63 64672
65 93399
65 46244
63 64872
63 64986
65 93811
119 59397
110 93740
63 65424
96 2823
48 55527
48 55540
63 65529
54 107343
119 59834
110 94177
65 94392
65 46924
46 41679
63 65786
65 47042
54 107825
63 65917
63 65952
65 47121
63 65986
54 108057
119 60319
52 98274
119 60412
96 3319
54 108296
110 95069
54 108331
65 95214
110 95334
63 66425
63 66610
51 101808
54 109195
96 3593
51 102085
119 61351
65 47800
110 95801
119 61497
65 47832
54 109507
110 95979
96 3780
96 3785
110 96114
52 99704
46 43008
65 48239
119 62044
51 102883
110 96328
110 96405
48 58663
54 110176
48 58920
48 59230
52 100915
65 49029
65 97381
63 68926
110 97317
65 97452
119 63244
46 43865
48 59940
119 63437
48 60135
119 63655
110 97688
96 5131
63 69826
63 70001
63 70129
63 70157
65 98772
63 70207
63 70383
119 64691
110 98568
65 99337
65 99466
119 64741
110 98903
96 5966
96 5982
119 65253
110 99186
65 100275
48 62700
48 62744
101 54909
65 100459
63 72015
110 100202
54 111712
51 105221
119 66310
96 6794
63 72681
101 55715
63 72752
119 66726
65 101544
54 112724
110 101156
51 106291
110 101629
101 56343
63 73278
101 56356
119 67892
65 102001
101 56446
110 101827
119 68654
119 68701
96 8065
119 68785
119 68822
65 52705
110 102713
46 48388
65 52831
54 114391
52 104876
101 57492
65 53034
101 57791
46 48898
65 103985
110 103273
54 115524
101 58414
110 103372
65 53527
119 70302
54 115709
110 103433
54 115714
110 103552
96 9069
110 103782
54 116002
51 109595
119 70847
52 106863
51 109758
101 59678
46 49813
48 67996
54 116624
51 110218
101 59719
54 116728
65 54214
65 54262
46 50066
96 9748
48 68392
51 110880
65 54495
119 72324
119 72346
101 60720
65 54673
48 69790
65 104423
96 10545
65 54917
101 61554
101 61611
101 61655
48 70451
119 73484
65 55297
96 10968
119 73708
52 109950
101 62188
101 62470
119 74449
65 55796
63 73635
52 111386
65 106573
64 77
65 106641
48 72036
101 63523
65 106793
48 72319
96 11785
48 72335
52 112104
65 106927
63 74393
96 11904
101 63885
119 75711
96 12091
65 56657
65 107576
64 906
64 928
96 12299
65 107757
64 1027
65 107807
22 247
65 56891
65 107901
64 1143
63 75604
101 64836
63 75627
96 12821
63 75702
101 64937
65 108407
65 57532
63 75728
96 12941
63 75886
96 13035
64 1720
48 74634
96 13152
63 76068
119 77192
64 1831
119 77305
96 13384
65 57923
64 1978
101 65830
101 65870
119 77815
63 76737
101 66128
48 75535
63 76755
63 76926
96 14041
119 78395
119 78548
119 78610
63 77497
119 78655
119 78755
96 14411
101 67628
48 76668
119 78917
65 59207
65 59316
64 3010
101 68151
65 111264
101 68187
101 68210
61 163374
65 111590
64 3423
48 78039
63 78752
119 79867
101 68511
48 78291
48 78369
61 163893
64 3869
61 163939
101 69099
48 78868
101 69291
101 69332
61 164289
64 4143
101 69711
65 60780
65 60793
63 80085
101 70005
22 10232
65 60972
101 70347
61 164885
101 70432
61 164948
64 4582
101 70668
63 81085
63 81342
96 17202
61 165542
64 5396
63 81832
101 71369
63 81869
96 17653
64 5560
119 80805
64 5728
63 82348
52 594
61 166212
38 125099
96 18005
38 125423
63 82815
63 83120
96 18401
101 72510
52 965
64 6585
119 82350
22 13200
96 18829
119 82708
64 7014
22 13271
48 80307
52 1737
95 419
64 7237
22 13517
61 167602
101 73341
119 83365
101 73431
119 83502
48 80853
101 73582
22 13901
95 815
64 7388
119 83713
119 83992
101 73999
64 7565
101 74391
101 74426
96 20003
119 84498
96 20063
61 168590
38 129498
119 84979
96 20301
38 129612
119 85156
95 1762
119 85233
119 85263
101 75510
48 83052
64 8817
48 83359
96 20801
38 130441
96 20936
64 8944
101 76106
119 86140
22 16018
48 83935
119 86291
48 84080
119 86379
96 2155864
9474
38 131654
119 87040
63 88047
64 9861
38 132263
63 88443
119 87580
100 52627
38 132889
100 52778
119 87956
100 52806
48 85951
63 89531
119 88319
63 89955
96 23060
100 53414
95 4650
100 53789
64 11667
63 90810
52 7294
38 133576
119 89801
48 87837
52 7815
100 54523
119 90345
95 5558
38 134614
64 12370
96 24406
64 12481
96 24502
26 4283
100 55380
48 88997
95 5881
64 12763
64 12878
38 136177
38 136280
100 56160
22 20962
100 56191
38 136473
100 56252
100 56268
96 25075
63 92266
100 56392
38 136752
22 21350
100 56815
100 56863
38 137309
101 76462
52 9737
38 137613
96 25487
38 137897
63 93716
95 7235
63 93962
26 6042
22 22111
101 77176
100 57910
101 77253
64 14103
63 94243
95 7492
64 14375
96 26409
63 94508
26 6830
64 14637
26 6870
22 23377
26 7145
100 59220
96 27234
52 11774
96 27331
95 8403
63 95359
40 265
101 79258
95 8586
96 27642
95 8772
100 59969
95 8910
64 15553
64 15658
40 824
22 24918
101 80148
64 15773
100 60575
95 9453
101 80745
100 61007
101 80798
52 13297
96 28762
100 61136
101 80999
95 9824
40 1720
64 16491
96 28939
100 61584
40 2169
100 61853
100 61969
96 29661
100 62633
52 14524
52 14568
64 17522
96 30007
22 26970
100 62989
101 82564
63 96278
22 27160
26 11004
64 18054
63 96777
101 83185
63 96927
52 15396
64 101228
64 101341
63 97441
52 15611
101 83805
64 101692
64 101746
26 12156
22 28359
64 102124
101 84541
100 65098
64 102278
64 102391
101 84972
52 16536
96 31828
63 98953
63 99137
96 31869
64 102780
100 65751
52 16870
63 99674
63 99703
100 65821
100 65849
64 19894
63 99774
101 86049
96 32413
52 17124
95 13747
96 32637
95 13851
100 66434
64 20448
95 13918
101 86831
96 32940
95 14115
22 30488
101 87156
96 33034
26 14921
63 100937
101 87318
96 33067
100 67121
100 67433
101 87682
101 87693
26 15697
52 19136
101 87886
95 15006
64 21278
63 101891
100 67808
22 31238
64 21427
26 16042
63 102120
95 15241
95 15264
64 21662
100 68040
100 68086
22 31603
100 68123
95 15454
52 19985
40 8872
64 106437
96 34743
95 15953
64 106553
100 69076
26 17324
101 89870
101 89875
101 90005
64 22629
100 69279
96 35318
95 16246
100 69690
64 107481
101 90652
100 69940
95 16548
26 18053
64 23461
52 21462
52 21657
100 70348
96 36156
101 91524
96 36307
40 58830
22 34024
100 70754
64 24019
40 59320
96 36622
100 71574
100 71647
101 92272
101 92282
100 71968
101 92491
95 17834
96 37306
100 72391
64 108425
100 72525
52 23988
22 35541
100 72683
22 35596
100 72755
40 61814
64 108907
22 35850
96 37938
52 24485
64 109373
22 36060
101 94359
64 109602
96 38302
100 73927
40 13028
64 109968
22 36444
40 63246
100 74126
100 74165
64 110268
26 21457
64 110411
101 95176
101 95235
64 110638
64 26739
26 21805
26 21809
40 64274
40 64291
100 74785
64 26980
64 110848
64 27013
101 95714
40 64912
64 27212
64 27270
64 111316
96 39410
64 111546
40 14744
64 27500
26 22711
101 96184
95 20525
52 26726
96 39662
64 27812
101 96494
63 103595
40 66573
26 23320
64 28007
52 27143
95 21214
64 112877
40 67043
63 103887
95 21415
63 103937
22 39087
95 21448
95 21512
64 113361
26 24107
64 28475
96 40858
63 104701
26 24434
40 68199
26 24480
22 39772
64 114174
64 29037
101 98632
101 98636
95 22069
101 98748
40 17761
64 29297
64 114699
63 105988
101 99049
26 25474
64 29629
40 68826
64 29752
95 22736
40 69143
63 106735
63 107002
95 23234
40 69987
22 41506
63 107806
40 19166
26 27091
96 42904
52 29975
96 42988
96 42994
26 27463
401008 7054575006
95 24258
22 42227
96 43258
96 43317
64 31418
22 42317
100 75374
64 115643
100 75496
101 99742
95 24566
64 31666
100 75604
40 20098
22 42695
100 75876
64 115974
63 109409
100 76062
95 24850
101 100570
95 24940
64 116354
96 44022
40 20731
101 101238
64 117006
96 44402
64 117087
96 44492
64 32907
52 32003
22 44158
64 117312
101 101858
100 77257
95 25483
95 25603
101 102141
22 45015
52 32829
101 102455
101 102466
64 33661
96 45144
100 78309
63 110289
64 34025
64 119104
63 110432
63 110576
64 34350
96 45687
101 103672
40 73909
52 33558
63 110888
63 110924
100 79421
40 74202
101 103963
40 22849
101 104128
52 34022
64 120095
63 111264
100 79894
52 34213
64 120352
64 120366
40 23161
100 80209
100 80251
63 111780
26 31894
101 104832
100 80389
101 104883
100 80559
96 46442
40 74946
101 105261
100 81151
101 105588
96 46623
96 46658
52 35255
100 81413
64 35782
52 35426
40 75327
63 113139
100 81989
26 33233
100 82215
64 36214
63 113635
95 28378
64 36297
95 28471
26 33751
95 28586
96 47498
100 82753
100 82826
40 25144
52 36556
26 33973
95 28755
26 34043
96 47748
100 83060
100 83129
63 114352
26 34173
100 83547
96 48171
40 77973
63 115127
64 123526
64 123650
95 29250
63 115706
96 48720
40 26301
22 50810
64 124239
64 37660
26 34809
22 50984
100 84778
63 116286
26 34914
22 51050
96 48995
40 79520
100 85195
40 27024
40 79757
22 51540
52 38425
64 38394
96 49366
26 35592
100 85682
52 38810
96 49453
64 125311
64 125345
64 5  29917

26 36277
52 39277
100 86152
95 30036
22 52561
40 81498
26 36780
95 30431
40 81610
96 50298
63 117009
96 50701
96 50769
95 31337
96 50869
63 117912
26 37813
100 88212
63 118044
63 118051
95 31527
40 29759
96 51148
63 118340
63 118502
40 30124
100 89162
95 31966
96 51489
63 118856
22 55215
40 30775
64 40211
60 102002
40 31069
52 42637
52 42878
100 90934
60 102970
95 33177
60 103032
95 33303
64 41235
100 91165
64 41368
95 33505
64 41435
100 91309
63 120659
64 41587
63 120778
40 32541
63 120831
100 91432
95 33725
63 121079
60 103933
26 4053463 9121320
100 92056
95 34025
40 33403
60 104585
60 104703
100 92749
26 41541
95 34658
60 105403
95 34871
100 93208
95 34889
40 34581
64 43125
40 34816
100 93551
26 42456
52 45922
64 43520
48 750
60 106509
60 106881
60 107071
95 36021
52 46882
100 94917
64 44525
52 47124
100 95083
64 44703
100 95429
40 83655
60 108418
95 36795
95 36885
48 2744
60 108716
40 84228
52 47985
48 2964
95 37130
52 48352
110 116
48 3310
95 37516
63 124684
64 46290
95 37613
110 490
64 46330
63 124873
64 46489
26 45832
40 86044
48 4140
48 4145
110 1069
40 38859
40 86501
64 46923
64 46939
110 1474
63 126089
110 1516
64 47260
60 109511
110 1841
26 47214
95 38934
63 126634
95 39092
40 87782
60 110035
52 50777
63 127003
64 47715
110 2174
60 110346
100 97821
63 127270
110 2390
40 40218
100 97933
95 39650
40 88929
64 48325
110 2549
100 98070
95 39771
60 110965
52 51569
100 98339
52 51718
63 127824
64 48506
60 111320
60 111375
60 111551
60 111907
110 3367
95 40526
26 49378
40 41698
100 100020
40 41715
95 40814
63 129080
53 57727
40 41842
48 7231
64 49391
52 53029
53 57958
63 129287
40 91435
63 129322
60 113141
95 41087
26 50050
95 41090
48 7868
60 113237
60 113242
110 4154
63 129650
53 59004
60 113889
100 101741
40 43379
95 41791
95 41841
110 4986
100 102168
52 54729
60 114554
100 102724
60 114956
60 115002
95 42296
95 42366
40 94839
53 61587
40 44872
63 130368
60 115585
60 115622
100 103912
95 42870
110 6123
26 52496
95 43034
100 104156
95 43100
40 95808
63 130995
100 104392
63 131032
110 6547
95 43358
40 45679
52 56824
52 56829
52 56884
100 105093
28 258
100 105216
110 6962
53 63166
110 6975
95 44014
48 11794
110 7181
40 97039
63 131983
110 7293
48 12022
53 63892
95 44530
60 116768
63 132501
110 7873
63 132560
63 132584
26 54705
95 44973
60 117148
40 47545
53 65009
95 45268
48 12939
48 13028
53 65366
40 48081
110 8860
63 133209
110 9096
63 133473
60 118902
48 13867
40 100339
53 66878
95 46328
40 100697
60 119473
60 119543
28 14450
60 119691
110 10067
48 14567
40 101700
63 134784
95 46826
60 120505
60 120606
63 134998
60 120903
28 20406
40 102507
53 68797
60 121120
95 47358
48 15364
110 11203
40 102737
110 11216
28 25737
95 47740
110 11470
110 11633
95 48054
53 70312
26 71184
40 104129
95 48377
110 12164
110 12290
40 104574
95 48718
110 12579
40 52489
48 17006
110 12803
110 12839
53 72364
40 105597
95 49310
95 49576
40 53311
40 53357
110 13629
48 18284
53 73969
60 123114
95 50220
60 123434
60 123491
53 75216
28 47281
60 123889
110 14488
52 113053
40 54809
28 48470
40 54901
48 19356
60 124570
60 124804
60 124943
40 55401
95 51976
95 52022
52 114769
40 107348
48 20261
40 55876
28 52848
60 125808
53 77686
52 115200
40 107912
110 16439
28 54298
53 78712
110 16842
40 56566
60 126715
110 16937
110 17080
60 126939
53 79290
34 77669
40 57112
53 79593
60 127364
48 21627
110 17508
52 117515
110 17951
34 79191
122 55480
122 55837
122 55875
110 18439
34 79668
53 832
53 908
122 56018
34 79928
40 112215
60 129146
40 112363
48 23036
28 65332
110 19133
48 23524
110 19200
53 2019
110 19495
122 57552
34 81763
28 69383
48 24422
53 2878
122 58478
27 10735
59 212
122 59077
110 21104
122 59270
48 25077
59 580
53 3618
60 129987
110 21369
28 73608
34 84171
110 21608
28 74152
122 60342
59 1181
122 60588
27 17745
110 22617
34 86067
122 61278
60 131854
59 2085
48 26709
110 23005
34 86918
59 2378
27 25862
60 132924
59 49998
60 133057
48 27425
60 133278
110 23740
122 62662
53 82854
122 62877
34 89341
60 133748
122 63076
53 83261
110 24230
122 63161
59 50886
59 50910
110 24312
28 84720
27 35258
48 28231
59 3881
59 51468
34 90839
110 24654
28 85858
60 134738
48 28814
59 51783
59 51785
53 84640
122 64648
53 7593
122 64956
60 135188
28 87904
59 52209
59 4436
53 7838
53 85358
53 85417
59 52511
60 135721
122 65592
59 52787
48 29352
60 135835
59 4998
59 52896
34 93370
53 8401
28 93144
60 136148
53 86353
59 53323
60 136296
59 5240
59 53339
110 26170
27 44110
27 44207
28 96914
110 26317
28 96938
59 5537
59 5876
122 67562
53 88044
28 122 67779
122 67791
48 30751
59 54875
110 27028
59 54882
60 136960
57 58449
110 27152
110 27153
110 27200
110 27220
60 137311
59 55320
57 59313
34 96959
60 137400
57 59359
57 59380
122 68524
60 137795
59 7163
28 115023
122 68809
28 115321
34 97558
57 59778
122 69103
59 7547
34 97961
59 56243
59 56245
110 28169
57 60542
53 90583
110 29126
34 99639
59 8409
122 70675
34 99890
110 29441
122 71126
34 100340
34 100368
34 100427
122 71432
57 61959
57 61964
122 71597
110 29838
57 62526
122 72307
48 33867
59 9386
57 62794
59 59380
59 59408
48 34078
34 101738
27 85902
53 14410
59 59817
59 59831
122 73240
59 9987
59 60179
59 10306
59 10478
59 10555
122 74050
59 60858
110 31463
53 95254
51 1246
27 94582
48 36074
59 11075
110 32217
57 65825
110 32387
122 75281
122 75416
53 96844
59 62055
51 2358
110 32885
59 62118
48 37160
57 66747
59 62241
122 76117
48 37319
59 62794
48 37732
57 67343
57 67494
53 17676
53 98428
53 17899
51 3399
51 3572
53 98957
59 63569
59 63672
53 18535
59 13169
53 99919
51 4354
59 64370
110 34980
53 19181
53 19352
59 13851
57 70010
110 35403
62 52616
51 5967
62 52874
48 40293
27 126775
57 71428
57 71797
62 53730
51 6746
59 67132
27 129657
62 54062
110 36778
57 72316
110 36809
53 21003
27 132530
59 67774
53 104286
27 133515
59 67906
62 54976
59 16397
53 105545
59 16412
110 37808
62 55109
57 73249
53 105890
48 42120
62 55394
62 55638
62 55794
57 73867
59 69371
110 38323
62 56178
59 69657
57 74443
51 9211
110 38597
34 108978
57 74702
110 38744
62 56840
110 38840
34 109967
57 75265
57 75522
34 110507
38 439
110 39162
48 43738
57 75874
51 10146
110 39385
122 78781
57 76189
110 39533
51 10478
110 39541
38 1225
59 18727
53 24811
122 79225
48 44600
51 11162
34 112399
122 79540
53 107515
51 11322
34 112569
122 79727
34 112631
59 19070
62 59401
59 19156
34 113061
62 59576
53 108355
38 2144
38 2154
34 113344
62 59781
59 19405
122 80465
38 2265
110 40753
59 19412
62 60042
122 80541
110 40826
53 108641
122 80637
59 19692
62 60472
34 114384
62 60708
62 60709
122 81686
110 41358
62 60975
51 12671
122 81769
34 114715
122 81775
38 3121
110 41451
122 82041
110 41656
62 61304
110 41914
62 61472
53 27029
110 42179
62 61714
62 61745
122 82584
62 61877
62 61883
59 20908
62 61988
59 21197
34 116586
62 62414
59 21313
122 83397
59 21369
38 4556
38 4600
110 42917
34 117488
110 42942
48 48120
34 117681
53 113237
122 84278
34 118026
59 22001
59 22052
53 114160
38 5847
59 70470
53 29238
34 120590
53 114603
34 120629
53 29533
59 22862
110 44294
48 49029
110 44361
48 49148
110 44518
59 23250
38 7056
122 85950
59 71671
51 16980
59 23645
34 122628
34 122722
34 122875
38 7831
48 50359
122 86673
34 123052
59 24065
51 17621
48 50552
59 24218
53 30910
51 17852
122 87131
59 73126
53 31174
57 82269
53 31285
48 51015
34 124701
53 31428
57 82615
59 73878
59 24645
53 31588
59 74021
59 24687
110 46578
53 31745
51 18652
122 88460
122 88493
59 74570
122 88618
57 83627
38 9660
110 47195
38 9731
34 126726
110 47334
110 47347
57 83984
57 83989
110 47470
57 84035
59 75278
110 47683
57 84257
53 32689
34 128223
59 25581
110 47958
110 48054
59 25707
59 75744
59 75891
110 48278
96 104326
122 89958
59 25854
57 85582
110 48338
59 76267
59 25976
96 104588
96 104629
96 104752
96 104826
110 48751
110 48889
122 90676
59 76865
51 21149
59 77298
110 49279
53 34656
53 34713
96 106108
122 91663
38 12325
122 91791
110 49510
96 106362
51 21688
51 21697
96 106546
110 49716
48 54754
53 35354
38 13289
59 78595
38 13314
59 27026
122 92518
59 27033
48 55355
122 92822
96 107652
122 92841
96 107735
122 93052
122 93116
38 14005
53 36268
51 22323
51 22332
110 50658
122 93394
96 108288
59 79788
38 14336
118 39
118 49
110 50983
59 79987
59 27682
59 80011
122 93807
57 90301
59 27775
59 80231
122 94045
53 37052
59 80232
118 269
110 51234
59 80527
34 135024
96 109429
51 23258
96 109454
122 94613
38 15317
96 110019
59 27972
57 91712
59 81497
59 81688
118 1236
34 137793
59 81953
51 24520
122 95962
57 92673
122 96024
119 150
57 92778
57 92924
57 93225
119 380
51 25317
51 25359
122 97233
110 52975
51 25473
110 53020
59 83686
110 53420
53 39697
34 140721
119 1206
119 1207
118 2963
110 53785
59 84456
110 54197
119 1696
110 54211
38 18955
122 99144
51 27123
59 85202
57 96336
118 3728
51 27292
110 54685
118 3754
59 85421
57 96633
118 3903
38 19578
38 19742
57 97035
110 55046
59 85820
119 2650
34 144418
118 4258
118 4387
57 97756
57 97805
53 41802
118 4593
55 56696
38 20843
38 20866
57 98220
53 42331
119 3700
59 86691
53 42379
118 4888
53 42427
119 4007
119 4184
59 87541
59 87801
118 5550
119 4595
51 29512
55 58543
119 4768
55 59008
59 88665
122 101599
51 30269
59 89104
59 89150
118 6284
59 31647
51 30887
38 23453
59 89749
55 59975
118 6589
122 102537
59 90026
59 90175
122 102884
122 102903
119 6142
59 32105
119 6251
59 90698
122 103336
59 90726
59 90835
38 24395
59 90838
118 7281
119 6564
59 32348
119 6611
59 32420
119 6701
53 46046
122 104169
51 31908
59 91727
119 6885
51 32179
53 46433
34 149768
119 7051
122 104576
55 62320
122 105055
34 150605
59 33396
119 7501
51 33100
118 8597
122 105580
122 105722
122 105723
122 105790
118 9041
53 47369
55 63900
119 8261
53 47517
38 26436
34 151697
119 8435
122 106424
59 34242
122 106649
59 91791
119 8672
122 106672
34 152928
51 34325
59 92105
38 27397
59 92269
55 66085
119 9484
59 93052
59 35312
59 93100
119 9799
51 35289
55 66478
59 93269
118 11060
119 9966
118 11091
119 9992
55 66871
51 113711
122 109072
122 109125
122 109224
122 109231
118 11208
118 11482
59 36116
55 681283942160
118 11689
34 156607
119 10853
59 36344
59 95053
59 36662
118 12454
51 115904
55 69092
118 12700
59 37013
119 11718
59 37063
118 12960
59 96170
53 51630
38 31564
119 12023
55 70321
51 38612
118 13359
53 52592
59 37932
55 71179
59 97562
51 117913
51 39682
59 97701
55 71917
38 32646
51 118040
24 706
55 72228
59 38539
114 55916
119 13366
118 13722
51 40378
55 72932
119 13714
38 33400
55 72977
119 13739
51 118484
114 56664
118 14039
24 1716
38 33583
118 14271
119 14221
118 14367
38 33910
51 41300
51 119464
119 14449
51 119582
55 74159
118 14733
114 57993
107 146
51 42133
118 14935
51 42190
118 15004
38 34685
100 792
119 15205
119 15225
38 34921
107 629
100 930
34 16
100 1092
119 15464
114 59269
55 75479
118 15388
107 802
107 913
114 59554
24 3442
114 59770
59 41310
59 41331
38 35883
107 1353
100 1777
118 16174
118 16242
100 2172
119 16220
24 4587
114 60688
55 77774
59 42108
59 42230
118 16721
100 2973
114 61456
59 42703
100 3135
107 2504
34 2647
59 42901
114 61988
107 2969
114 62375
119 17775
24 6507
114 62576
107 3209
38 38634
118 18018
114 62810
107 3442
118 18079
34 3626
100 4372
24 6940
100 4386
51 46349
100 4478
118 18302
107 3674
100 4682
119 19139
114 63899
119 19355
119 19395
107 4191
114 64332
24 7892
59 44657
114 64386
114 64472
107 4399
118 18966
51 47183
114 64589
114 64637
119 19853
51 47337
114 64859
24 8363
59 45064
38 41431
107 4744
114 65091
114 65257
119 20511
119 20670
24 8929
107 5395
114 65669
24 8971
114 65785
34 6317
38 42385
100 6495
107 5657
118 20403
38 42407
119 21360
114 66354
114 66596
119 21597
114 66674
119 21667
118 20960
51 49442
114 67299
100 7576
119 22292
114 67440
118 21374
107 7007
100 7781
114 67605
107 7091
59 47883
24 11184
107 7268
107 7298
24 11215
118 22116
107 7361
24 11251
107 7519
59 48224
100 8816
100 8896
114 69062
114 69296
107 7885
38 45722
107 7890
119 23937
34 9763
55 82202
100 9928
107 8367
24 12767
34 10079
100 10019
34 10159
34 10252
55 83076
59 49418
55 83308
38 47130
55 83464
114 71601
100 10733
114 71682
119 25312
100 10905
24 14367
119 25533
34 12225
100 11344
114 72441
119 25742
114 72603
119 25831
119 25945
114 72958
107 10423
118 25426
114 73398
119 26453
24 15618
51 55059
107 10784
34 13482
55 86202
100 12629
55 86212
55 86214
34 13576
114 73993
34 13723
34 13803
119 26691
51 55606
118 25843
64 51789
64 51808
51 55715
55 86893
107 11397
107 11424
24 16475
55 87135
64 52521
100 13266
55 88355
24 17492
114 75933
38 51000
119 27931
118 27225
64 53611
100 14174
107 12448
119 28110
107 12465
64 53780
34 16019
118 27471
119 28377
100 14376
114 76749
64 54154
114 76763
114 76795
100 14548
114 77076
118 27829
118 27860
119 28952
100 14868
100 14885
24 19266
114 77361
38 52581
64 55307
24 19621
64 55399
107 13664
114 77893
100 15413
107 13991
114 78124
55 91927
55 92206
118 28971
55 92287
55 92538
118 29430
64 57011
107 15009
24 21504
119 30887
118 29679
55 94270
38 55040
118 29938
64 57905
21 109099
24 22160
107 15566
118 30133
64 58227
119 31924
24 22939
119 31997
21 110324
34 21589
118 30743
119 32566
64 59342
100 18364
24 23901
100 18366
107 16948
55 97610
100 18607
118 31652
107 17493
55 98542
64 60416
38 57517
64 60563
24 24905
21 112629
118 32516
24 25590
107 18080
107 18146
107 18205
107 18213
100 20052
64 61485
38 58675
119 34662
34 25121
107 18583
24 26495
55 101023
38 59245
21 115005
118 33825
21 115254
118 33857
114 79390
34 25999
107 19290
24 27270
107 19363
100 21040
21 115995
107 19452
118 34420
107 19542
107 19544
114 80428
29 120824
100 21560
118 34919
55 103061
100 21806
29 121082
24 28564
114 81741
119 36768
119 36813
34 28480
114 81934
119 36927
114 82082
107 20537
114 82145
107 20614
119 37265
114 82488
118 36088
38 62301
118 36212
64 65070
38 62314
55 104768
55 104868
100 23106
119 38082
34 30243
64 65486
64 65544
64 65648
114 83112
34 30969
38 63356
107 21833
114 83231
100 24074
118 37286
107 22183
118 37432
114 83748
29 125457
29 125480
24 31498
29 125482
118 37573
21 119500
114 84020
119 39318
64 66531
107 22536
100 24821
114 84772
21 120246
29 126465
34 33210
24 32467
118 38204
55 106348
29 126985
55 106519
29 127449
64 67555
55 107176
62 113
62 133
114 86121
119 40120
114 86316
55 107483
34 34338
119 40404
107 23915
62 2448
119 40573
119 40599
114 86960
119 40621
24 34002
62 2764
34 35188
24 34110
55 108788
64 68834
55 109115
64 68920
64 68924
55 109310
119 41156
114 88289
62 3493
64 69471
55 110131
119 42183
114 88657
24 35479
100 27517
64 69879
29 128702
64 70002
55 110768
29 128885
114 88958
119 42519
34 36722
118 40901
64 70733
119 43041
119 43048
62 4460
107 26192
114 90419
114 90508
100 28717
55 112917
21 125143
114 91016
118 41624
29 131901
107 26679
64 71525
29 132238
107 26852
100 29383
21 125695
119 44197
21 125775
107 27037
119 44283
34 39481
21 125997
114 92058
24 38260
119 44606
107 27431
21 126342
62 5854
114 92404
107 27541
119 45209
118 42933
107 27816
118 43058
118 43117
21 127697
114 93136
62 6909
24 39683
107 28485
118 44044
24 39895
100 31142
24 39933
118 44465
119 46411
114 93838
100 31322
118 44673
62 7606
118 44737
62 7643
118 44846
100 31486
34 41853
114 94485
114 94526
34 42045
118 45017
114 94738
118 45518
118 45533
100 32092
107 29901
118 45586
119 47623
54 119802
34 42879
100 32387
118 45863
107 30319
118 46086
114 96198
114 96234
62 9233
119 48218
114 96284
62 9321
100 32888
118 46495
34 44255
114 97362
34 44646
118 46797
114 97457
118 46888
64 72383
100 34080
64 72613
114 97981
107 31997
107 32029
64 73160
64 73454
64 73465
29 139692
107 32732
114 98951
107 32789
114 99126
119 50823
62 11651
107 33126
62 11784
54 124944
62 11915
100 35479
64 74708
29 141369
54 125336
118 48842
54 125638
64 75205
118 48890
119 51498
100 35739
118 48948
64 75417
100 35890
29 142412
119 51657
62 12442
54 126010
62 12517
119 51866
114 101004
100 36411
114 101145
119 52185
118 49874
62 12907
114 101263
107 34533
34 48890
64 77064
118 50536
64 77562
107 35211
107 35241
107 35253
64 77673
119 53255
119 53345
107 35518
118 50808
119 53540
107 35642
118 50869
34 51090
62 14394
54 128801
107 35944
119 53952
62 14578
107 36230
100 38750
118 51495
118 51498
118 51721
118 51866
118 52018
107 36834
100 39560
100 39626
107 37075
64 79995
29 145834
64 80238
107 37234
100 40038
107 37373
100 40116
118 52967
100 40434
101 106065
62 16233
118 53396
118 53407
62 16389
62 16580
29 147934
64 81145
118 53917
29 148217
64 81387
100 41508
64 81511
64 81514
64 81801
34 55806
64 81889
29 149682
101 107586
64 82405
32 118268
64 82713
64 82718
29 151156
64 82765
62 18523
100 43028
64 82901
62 18759
107 40061
62 18844
100 43365
101 109457
32 119188
64 83451
101 109591
101 109715
101 109813
62 19222
29 152436
32 119799
100 43720
101 110275
101 110284
107 41129
43 544
107 41273
107 41368
101 110835
64 85506
101 111210
64 85643
64 85971
101 111729
64 86170
100 44828
101 111876
101 111955
107 42309
32 122576
100 45025
64 86830
29 153111
107 42610
100 45408
100 45418
43 2597
100 45500
34 61583
64 87842
64 87902
62 21876
101 113107
100 45655
29 154436
29 154443
62 22048
62 22244
62 22327
34 62477
96 51819
34 62787
107 43725
101 113684
96 52072
64 89050
101 113936
62 22877
34 63119
101 114332
101 114371
96 52820
96 52849
29 156904
62 23044
62 23151
107 44261
101 114608
64 89719
64 89803
101 114734
100 47216
101 114782
43 5164
62 23371
107 44479
101 114889
107 44542
29 158129
62 23528
107 44723
96 54145
100 47829
96 54633
34 65217
96 54976
107 45656
43 6219
62 24598
29 159716
56 57186
107 45734
32 126018
96 55523
62 24887
32 126394
29 160615
107 46217
62 25086
107 46221
43 7079
96 56168
62 25177
29 161107
43 7192
32 127244
96 56599
96 56892
100 48417
96 57096
100 48485
29 62771
64 93851
43 8004
100 48735
107 47241
96 57980
100 48826
32 128989
29 162933
29 162996
96 58440
107 47563
96 58658
96 58701
100 49270
107 47917
32 130259
29 64271
96 59462
100 49357
34 70394
62 26085
29 64631
34 70523
100 49580
32 131151
29621 26458
100 49859
96 60415
64 94398
56 61950
34 71520
62 26758
32 132323
96 60990
56 62395
64 95181
96 61499
100 51035
64 95295
107 50151
29 67741
107 50213
107 50294
56 63576
96 62136
29 68232
96 62143
100 51511
62 27604
100 51522
96 62200
96 62292
29 68722
96 62705
96 62751
1001 1 51076

64 97018
96 62895
62 28290
100 52012
56 64791
100 52230
64 97555
34 74686
32 132998
32 133135
106 1285
96 63943
62 28992
64 98205
62 29231
62 29403
62 29492
32 133970
56 66937
32 134011
62 29669
96 65146
62 29849
64 99602
64 99678
29 72820
106 2751
32 134455
106 2788
64 100542
42 481
62 30463
32 134830
41 360
96 66930
106 3540
42 1110
106 3934
62 31220
96 67500
62 31302
29 75290
56 70344
34 77101
96 67753
96 68080
62 31615
62 31849
103 51186
106 4934
62 32245
96 69108
106 5196
41 2111
62 32454
42 2852
29 76375
62 32587
32 137686
103 51858
96 69647
32 138001
96 69771
56 72193
56 72502
106 6133
103 52873
103 52978
32 139571
96 71123
62 33803
103 53437
62 33956
106 7095
103 53725
96 71445
103 53861
43 16299
62 34205
103 54021
56 74513
42 6417
96 71806
41 4250
96 71888
29 77997
62 34403
103 54383
96 72129
103 54914
106 7889
96 72589
42 7233
106 8015
103 55119
96 72908
106 8137
29 78456
96 72954
106 8341
96 73240
96 73459
106 8626
103 56116
42 8725
62 35763
106 9027
103 56670
103 56716
41 6561
106 9447
32 142288
104 896
104 920
104 926
103 57226
106 9573
32 142613
43 19598
103 57460
62 36819
62 36840
32 143299
43 19970
62 37016
32 143468
106 10239
56 80029
62 37277
62 37446
62 37463
62 37502
104 1582
42 13074
106 10681
56 81230
42 13299
29 81225
104 1614
32 144993
41 8663
42 13588
103 59965
62 38200
103 60022
41 9385
104 1926
104 1942
103 60399
41 9524
106 11761
41 9540
29 81834
106 12122
62 39017
103 61490
103 61491
42 15617
62 39243
32 148061
104 2527
42 16022
106 12959
62 39497
106 13178
32 148691
106 13278
103 62671
62 39834
103 63106
103 63234
42 17884
106 14230
106 14251
103 64259
96 75400
104 3183
103 64398
41 13238
43 25261
42 19148
106 14872
103 64864
96 75848
96 75897
62 41246
103 65127
106 15012
62 41340
32 149165
96 76280
32 149438
106 15328
104 3597
32 149629
42 20683
106 15470
96 76853
103 66036
96 76980
29 85182
106 15552
42 20755
96 76989
29 85297
62 41892
103 66249
32 150368
38 66023
29 85904
103 67211
41 15106
103 67223
104 4654
103 67387
32 151707
43 27316
103 67713
41 15331
103 67761
96 78785
106 16786
32 152892
62 43520
32 153211
104 5353
96 79480
103 68597
56 84470
96 79788
96 79868
103 69320
38 68597
32 154467
103 69425
106 17426
56 85026
103 69711
56 85509
43 28796
56 85629
103 70510
96 81234
104 6794
103 70569
103 70595
38 70487
42 24564
96 81396
62 45104
103 70860
56 86491
56 86513
62 45156
62 45211
41 17997
56 87246
106 19199
56 87609
103 72199
104 7591
96 82914
103 72397
104 7832
96 82994
96 83116
62 46441
41 19491
42 26629
56 88635
103 73098
62 46615
62 46912
96 83777
104 8703
103 73977
96 83915
104 8818
62 47409
96 84369
62 47734
56 90054
96 84474
62 47902
54 142
104 9565
41 21052
106 20407
56 90695
56 90791
106 20575
96 85686
56 91703
104 10538
29 88283
96 86345
106 21278
62 49463
56 92067
29 88622
38 75515
54 1925
42 29336
38 75715
96 86849
43 33758
62 49916
104 11025
62 50013
62 50335
29 90254
62 50434
106 22234
104 11627
29 90671
96 87858
62 50600
29 90973
106 22398
38 77771
96 88180
106 22514
41 23690
62 50923
54 3736
29 91579
96 88579
42 31047
56 94813
104 12243
42 31068
104 12312
54 4091
62 51547
54 4179
96 89122
54 4271
96 89131
38 78893
56 95077
29 92605
56 95371
29 92804
96 89608
43 35497
96 89786
54 4715
41 25105
104 13151
96 90152
106 23811
104 13666
106 24286
38 80751
29 94744
43 36420
96 91025
104 13918
54 5874
41 26163
96 91199
103 76161
96 91781
56 98267
96 91809
29 95746
104 14740
38 82771
96 92148
103 76833
96 92347
54 7115
41 27390
56 99516
20 445
96 92933
38 84201
29 97466
104 15780
41 27619
96 93010
38 84486
29 97825
54 8355
103 77977
96 93300
103 78097
38 84810
96 93378
38 84888
106 26127
103 78216
96 93663
103 78331
43 38968
29 98657
104 16534
103 78736
103 78797
56 102065
104 16901
96 94703
103 79106
38 86240
96 94837
38 86266
42 35866
106 26958
29 100118
103 79591
56 103246
41 29524
106 27205
54 10000
104 17615
20 2929
41 29666
106 27274
43 40309
96 95757
106 27339
56 103962
38 87579
106 27523
103 80673
38 87800
104 18226
104 18232
41 30626
106 27873
104 18403
56 105138
20 3895
103 81345
103 81359
104 18497
103 81487
106 28594
38 89229
38 89309
38 89387
104 19340
38 89565
43 42454
96 96463
106 29153
20 5616
106 29273
42 39210
96 97101
41 32624
29 105246
106 29506
106 29660
42 39860
56 107278
103 83867
103 83869
96 97698
29 105988
42 40053
54 13470
29 106569
41 33505
54 13604
96 98192
42 40584
56 108615
56 108660
54 14108
56 108719
106 31062
106 31153
54 14710
29 108447
104 21855
103 86113
104 21959
103 86188
54 15583
103 86193
43 45821
96 100201
103 86278
106 32173
20 9428
29 109760
103 86857
104 22735
106 32773
103 87317
41 36109
106 33002
96 101948
41 36222
104 23084
106 33159
54 16984
103 87842
103 88073
96 102897
96 103585
38 90593
104 24577
106 34088
106 34429
103 89853
43 48399
20 12463
38 91556
106 34729
103 90280
42 45884
103 90478
54 19063
41 38555
104 25953
41 38647
106 35331
20 13315
42 46453
41 38886
29 112909
20 13741
43 49754
20 14077
38 93828
104 26599
29 114082
41 39740
29 114234
38 94332
42 47293
103 92464
106 36780
103 92466
29 114332
38 94461
41 39944
104 27319
54 21616
106 37456
29 115324
103 93576
103 94066
38 96306
29 116228
104 28059
103 94389
29 116637
103 94437
106 38410
42 49059
29 116946
38 97742
103 95109
42 49476
41 42185
104 28900
103 95181
38 98255
42 49702
104 28979
104 29022
41 42763
20 17423
106 39553
106 39620
103 96099
54 24217
106 39705
106 39876
103 96435
103 96492
38 100116
29 119361
29 119384
104 29844
106 40156
54 24744
103 96798
38 100425
29 119803
106 40244
103 97149
106 40361
54 25258
106 40632
103 97463
104 30804
43 55105
54 26539
41 45018
54 26716
38 102162
38 102170
41 45481
38 103392
103 97713
97 54129
103 97957
38 103663
103 98251
97 54622
103 98546
19 105685
20 21623
103 98627
106 42967
97 54989
120 586
54 28431
20 21780
106 43144
54 28819
38 106023
42 55405
42 55445
105 54375
104 32792
105 54591
104 32827
105 54671
103 100654
104 32834
106 44646
38 107311
105 54834
104 32993
103 101004
106 44841
19 109125
103 101144
105 55087
104 33170
38 107993
105 55341
103 101452
104 33263
97 57499
120 2676
104 33351
106 45231
97 57659
103 101774
38 108482
103 101799
104 33638
105 56154
120 3328
54 31145
104 33778
105 56508
120 3462
103 102614
120 3529
104 34204
103 102816
120 3681
20 25191
104 34317
106 46741
120 3869
38 109955
97 59961
106 46818
97 60067
103 103347
106 46979
103 103670
97 60672
20 26708
120 4623
20 26787
104 35675
120 4713
97 61163
38 111368
54 33055
97 61306
104 35865
97 61345
97 61470
38 111936
41 51000
117 343
106 48246
104 36267
120 5423
97 61982
97 62200
38 113032
120 5729
106 48978
20 29023
117 1184
104 36975
105 61356
54 34884
120 6199
117 1334
20 29409
106 49458
105 61562
54 34965
106 49501
97 63627
105 61761
120 6292
120 6524
105 62042
104 37528
97 64095
41 52095
97 64143
120 6817
104 37639
97 64243
120 7075
38 115069
97 64819
105 62875
41 52593
97 64943
117 2358
105 62960
20 31406
105 63072
106 50902
105 63489
106 51159
117 2823
120 7779
117 2824
97 65749
120 7883
104 38566
97 66001
106 51461
105 64322
97 66376
105 64457
106 51920
120 8916
106 52319
105 65425
117 4060
97 67225
97 67322
97 67381
106 52847
105 65912
41 54758
106 52859
117 4378
105 66077
41 55039
104 40093
106 52981
105 66108
20 33771
38 116937
120 9641
104 40302
117 4719
54 39219
105 66819
38 117305
38 117342
104 40710
105 67071
38 117737
106 53696
105 67488
38 118101
117 5426
120 10245
97 69503
106 54062
117 5495
97 69726
120 10320
20 34810
106 54150
97 69844
97 69849
120 10564
120 10651
97 70262
97 70403
54 40858
38 119351
38 119371
120 11031
20 35748
104 42326
105 68882
120 11133
117 6622
54 41210
120 11271
97 71620
20 36027
105 69137
54 41551
30 62230
30 62528
20 36247
115 198
105 69563
38 120646
117 7277
20 36475
117 7441
105 69895
54 42076
38 121007
120 12014
105 69946
117 7524
105 70000
104 43329
105 70435
38 121743
104 43616
54 42540
97 73416
120 12505
104 43694
105 70866
105 70874
105 71031
115 1481
38 122531
115 1601
105 71196
115 1686
117 8713
120 12943
105 71456
104 44220
38 123166
117 9048
120 13247
97 75431
104 44645
120 13483
97 75784
117 9261
97 75882
105 72371
97 76144
115 1884
105 72818
104 44937
30 67761
104 45071
104 45183
105 73193
115 2332
120 14269
20 39550
54 45094
105 73915
54 45130
115 2672
105 73990
104 45552
120 14962
54 45555
115 3205
30 70101
105 75502
115 3505
115 3508
20 41093
104 46209
117 11202
115 3967
120 16012
30 72212
117 11513
117 11598
105 77118
54 47923
105 77185
104 47453
20 42409
105 77313
54 48430
30 73558
120 17312
115 5461
104 48233
115 5748
117 12546
104 48414
120 17702
20 43369
117 12721
104 48575
115 6088
30 74814
97 76624
30 75189
115 6256
97 76991
106 55440
54 50409
117 13183
115 6552
115 6677
115 6722
20 44609
97 77712
54 51212
106 55922
115 7008
106 56310
104 50327
115 7410
106 56901
117 13414
30 77450
117 13523
120 19564
115 7649
106 57340
104 51306
106 58097
97 80091
106 58135
104 52048
120 20584
20 47212
30 79255
97 80883
30 79666
106 59052
30 79806
106 59223
105 77851
105 77984
105 78069
115 10064
120 21605
105 78313
106 59668
120 21707
20 48303
106 59755
20 48628
106 60110
106 60154
117 15628
120 22094
95 52993
97 83253
105 79343
120 22399
105 79521
95 53264
115 11431
117 16174
105 79712

106 8341
96 73240
96 73459
106 8626
103 56116
42 8725
62 35763
106 9027
103 56670
103 56716
41 6561
106 9447
32 142288
104 896
104 920
104 926
103 57226
106 9573
32 142613
43 19598
103 57460
62 36819
62 36840
32 143299
43 19970
62 37016
32 143468
106 10239
56 80029
62 37277
62 37446
62 37463
62 37502
104 1582
42 13074
106 10681
56 81230
42 13299
29 81225
104 1614
32 144993
41 8663
42 13588
103 59965
62 38200
103 60022
41 9385
104 1926
104 1942
103 60399
41 9524
106 11761
41 9540
29 81834
106 12122
62 39017
103 61490
103 61491
42 15617
62 39243
32 148061
104 2527
42 16022
106 12959
62 39497
106 13178
32 148691
106 13278
103 62671
62 39834
103 63106
103 63234
42 17884
106 14230
106 14251
103 64259
96 75400
104 3183
103 64398
41 13238
43 25261
42 19148
106 14872
103 64864
96 75848
96 75897
62 41246
103 65127
106 15012
62 41340
32 149165
96 76280
32 149438
106 15328
104 3597
32 149629
42 20683
106 15470
96 76853
103 66036
96 76980
29 85182
106 15552
42 20755
96 76989
29 85297
62 41892
103 66249
32 150368
38 66023
29 85904
103 67211
41 15106
103 67223
104 4654
103 67387
32 151707
43 27316
103 67713
41 15331
103 67761
96 78785
106 16786
32 152892
62 43520
32 153211
104 5353
96 79480
103 68597
56 84470
96 79788
96 79868
103 69320
38 68597
32 154467
103 69425
106 17426
56 85026
103 69711
56 85509
43 28796
56 85629
103 70510
96 81234
104 6794
103 70569
103 70595
38 70487
42 24564
96 81396
62 45104
103 70860
56 86491
56 86513
62 45156
62 45211
41 17997
56 87246
106 19199
56 87609
103 72199
104 7591
96 82914
103 72397
104 7832
96 82994
96 83116
62 46441
41 19491
42 26629
56 88635
103 73098
62 46615
62 46912
96 83777
104 8703
103 73977
96 83915
104 8818
62 47409
96 84369
62 47734
56 90054
96 84474
62 47902
54 142
104 9565
41 21052
106 20407
56 90695
56 90791
106 20575
96 85686
56 91703
104 10538
29 88283
96 86345
106 21278
62 49463
56 92067
29 88622
38 75515
54 1925
42 29336
38 75715
96 86849
43 33758
62 49916
104 11025
62 50013
62 50335
29 90254
62 50434
106 22234
104 11627
29 90671
96 87858
62 50600
29 90973
106 22398
38 77771
96 88180
106 22514
41 23690
62 50923
54 3736
29 91579
96 88579
42 31047
56 94813
104 12243
42 31068
104 12312
54 4091
62 51547
54 4179
96 89122
54 4271
96 89131
38 78893
56 95077
29 92605
56 95371
29 92804
96 89608
43 35497
96 89786
54 4715
41 25105
104 13151
96 90152
106 23811
104 13666
106 24286
38 80751
29 94744
43 36420
96 91025
104 13918
54 5874
41 26163
96 91199
103 76161
96 91781
56 98267
96 91809
29 95746
104 14740
38 82771
96 92148
103 76833
96 92347
54 7115
41 27390
56 99516
20 445
96 92933
38 84201
29 97466
104 15780
41 27619
96 93010
38 84486
29 97825
54 8355
103 77977
96 93300
103 78097
38 84810
96 93378
38 84888
106 26127
103 78216
96 93663
103 78331
43 38968
29 98657
104 16534
103 78736
103 78797
56 102065
104 16901
96 94703
103 79106
38 86240
96 94837
38 86266
42 35866
106 26958
29 100118
103 79591
56 103246
41 29524
106 27205
54 10000
104 17615
20 2929
41 29666
106 27274
43 40309
96 95757
106 27339
56 103962
38 87579
106 27523
103 80673
38 87800
104 18226
104 18232
41 30626
106 27873
104 18403
56 105138
20 3895
103 81345
103 81359
104 18497
103 81487
106 28594
38 89229
38 89309
38 89387
104 19340
38 89565
43 42454
96 96463
106 29153
20 5616
106 29273
42 39210
96 97101
41 32624
29 105246
106 29506
106 29660
42 39860
56 107278
103 83867
103 83869
96 97698
29 105988
42 40053
54 13470
29 106569
41 33505
54 13604
96 98192
42 40584
56 108615
56 108660
54 14108
56 108719
106 31062
106 31153
54 14710
29 108447
104 21855
103 86113
104 21959
103 86188
54 15583
103 86193
43 45821
96 100201
103 86278
106 32173
20 9428
29 109760
103 86857
104 22735
106 32773
103 87317
41 36109
106 33002
96 101948
41 36222
104 23084
106 33159
54 16984
103 87842
103 88073
96 102897
96 103585
38 90593
104 24577
106 34088
106 34429
103 89853
43 48399
20 12463
38 91556
106 34729
103 90280
42 45884
103 90478
54 19063
41 38555
104 25953
41 38647
106 35331
20 13315
42 46453
41 38886
29 112909
20 13741
43 49754
20 14077
38 93828
104 26599
29 114082
41 39740
29 114234
38 94332
42 47293
103 92464
106 36780
103 92466
29 114332
38 94461
41 39944
104 27319
54 21616
106 37456
29 115324
103 93576
103 94066
38 96306
29 116228
104 28059
103 94389
29 116637
103 94437
106 38410
42 49059
29 116946
38 97742
103 95109
42 49476
41 42185
104 28900
103 95181
38 98255
42 49702
104 28979
104 29022
41 42763
20 17423
106 39553
106 39620
103 96099
54 24217
106 39705
106 39876
103 96435
103 96492
38 100116
29 119361
29 119384
104 29844
106 40156
54 24744
103 96798
38 100425
29 119803
106 40244
103 97149
106 40361
54 25258
106 40632
103 97463
104 30804
43 55105
54 26539
41 45018
54 26716
38 102162
38 102170
41 45481
38 103392
103 97713
97 54129
103 97957
38 103663
103 98251
97 54622
103 98546
19 105685
20 21623
103 98627
106 42967
97 54989
120 586
54 28431
20 21780
106 43144
54 28819
38 106023
42 55405
42 55445
105 54375
104 32792
105 54591
104 32827
105 54671
103 100654
104 32834
106 44646
38 107311
105 54834
104 32993
103 101004
106 44841
19 109125
103 101144
105 55087
104 33170
38 107993
105 55341
103 101452
104 33263
97 57499
120 2676
104 33351
106 45231
97 57659
103 101774
38 108482
103 101799
104 33638
105 56154
120 3328
54 31145
104 33778
105 56508
120 3462
103 102614
120 3529
104 34204
103 102816
120 3681
20 25191
104 34317
106 46741
120 3869
38 109955
97 59961
106 46818
97 60067
103 103347
106 46979
103 103670
97 60672
20 26708
120 4623
20 26787
104 35675
120 4713
97 61163
38 111368
54 33055
97 61306
104 35865
97 61345
97 61470
38 111936
41 51000
117 343
106 48246
104 36267
120 5423
97 61982
97 62200
38 113032
120 5729
106 48978
20 29023
117 1184
104 36975
105 61356
54 34884
120 6199
117 1334
20 29409
106 49458
105 61562
54 34965
106 49501
97 63627
105 61761
120 6292
120 6524
105 62042
104 37528
97 64095
41 52095
97 64143
120 6817
104 37639
97 64243
120 7075
38 115069
97 64819
105 62875
41 52593
97 64943
117 2358
105 62960
20 31406
105 63072
106 50902
105 63489
106 51159
117 2823
120 7779
117 2824
97 65749
120 7883
104 38566
97 66001
106 51461
105 64322
97 66376
105 64457
106 51920
120 8916
106 52319
105 65425
117 4060
97 67225
97 67322
97 67381
106 52847
105 65912
41 54758
106 52859
117 4378
105 66077
41 55039
104 40093
106 52981
105 66108
20 33771
38 116937
120 9641
104 40302
117 4719
54 39219
105 66819
38 117305
38 117342
104 40710
105 67071
38 117737
106 53696
105 67488
38 118101
117 5426
120 10245
97 69503
106 54062
117 5495
97 69726
120 10320
20 34810
106 54150
97 69844
97 69849
120 10564
120 10651
97 70262
97 70403
54 40858
38 119351
38 119371
120 11031
20 35748
104 42326
105 68882
120 11133
117 6622
54 41210
120 11271
97 71620
20 36027
105 69137
54 41551
30 62230
30 62528
20 36247
115 198
105 69563
38 120646
117 7277
20 36475
117 7441
105 69895
54 42076
38 121007
120 12014
105 69946
117 7524
105 70000
104 43329
105 70435
38 121743
104 43616
54 42540
97 73416
120 12505
104 43694
105 70866
105 70874
105 71031
115 1481
38 122531
115 1601
105 71196
115 1686
117 8713
120 12943
105 71456
104 44220
38 123166
117 9048
120 13247
97 75431
104 44645
120 13483
97 75784
117 9261
97 75882
105 72371
97 76144
115 1884
105 72818
104 44937
30 67761
104 45071
104 45183
105 73193
115 2332
120 14269
20 39550
54 45094
105 73915
54 45130
115 2672
105 73990
104 45552
120 14962
54 45555
115 3205
30 70101
105 75502
115 3505
115 3508
20 41093
104 46209
117 11202
115 3967
120 16012
30 72212
117 11513
117 11598
105 77118
54 47923
105 77185
104 47453
20 42409
105 77313
54 48430
30 73558
120 17312
115 5461
104 48233
115 5748
117 12546
104 48414
120 17702
20 43369
117 12721
104 48575
115 6088
30 74814
97 76624
30 75189
115 6256
97 76991
106 55440
54 50409
117 13183
115 6552
115 6677
115 6722
20 44609
97 77712
54 51212
106 55922
115 7008
106 56310
104 50327
115 7410
106 56901
117 13414
30 77450
117 13523
120 19564
115 7649
106 57340
104 51306
106 58097
97 80091
106 58135
104 52048
120 20584
20 47212
30 79255
97 80883
30 79666
106 59052
30 79806
106 59223
105 77851
105 77984
105 78069
115 10064
120 21605
105 78313
106 59668
120 21707
20 48303
106 59755
20 48628
106 60110
106 60154
117 15628
120 22094
95 52993
97 83253
105 79343
120 22399
106 60924
117 16219
31 66178
95 53778
120 22864
115 11717
31 66444
115 11845
120 23142
105 80628
106 61866
97 84499
105 80789
106 61890
105 80821
105 80951
97 84619
120 23556
97 84855
115 12277
95 55156
105 81230
30 84242
95 55337
120 23689
97 85711
117 18120
95 56208
117 18276
97 86122
115 12990
120 24340
117 18366
105 82551
97 86316
117 18549
97 86491
97 86630
31 69375
105 82770
20 52284
120 24668
95 56965
106 63580
120 24750
115 13460
97 87169
54 58611
117 19034
115 13766
97 87376
95 57475
97 87430
20 52854
115 13977
117 19424
20 53144
106 64265
106 64273
97 88156
97 88225
105 84522
30 88843
31 124864
31 71798
115 14629
31 71884
117 20312
115 14695
97 88836
115 14753
31 72066
31 125892
31 72570
31 72595
106 65482
105 85246
95 59948
120 26434
95 60066
117 21457
120 26473
31 72848
117 21645
120 26717
117 21727
120 26803
95 60582
31 127231
97 90215
120 26864
106 66533
31 73869
105 85728
106 66939
97 90755
105 85842
95 61221
106 67082
120 27172
117 22660
120 27297
105 85948
105 85950
97 91270
97 91388
95 61861
117 22980
106 68317
97 91897
95 62374
120 27502
97 92080
97 92390
31 76606
115 16150
95 62867
97 92401
115 16172
95 62975
97 92563
106 69126
117 23638
95 63344
115 16238
95 63371
105 86816
115 16392
115 16492
95 63831
105 86905
97 93611
117 24043
105 86973
120 28405
117 24111
97 93722
115 16662
106 70876
105 87555
117 24526
97 94680
106 71423
105 87729
117 24827
105 87916
106 71665
31 80592
106 71868
105 87953
117 25276
95 66357
106 72696
120 29762
97 96103
106 73016
97 96286
97 96393
106 73335
120 30278
105 88849
97 96980
97 96996
120 30496
106 73720
30 92425
95 67815
120 30640
106 74253
97 97916
97 98058
30 93453
106 74410
120 31029
31 84551
106 74751
106 74891
31 134234
117 27362
97 98624
106 75091
31 134323
31 134375
115 18388
31 85030
95 69162
95 69680
95 69891
105 89835
31 135113
49 55829
95 69949
31 135268
115 18781
49 56031
120 31982
117 28112
105 90290
31 135752
30 96157
115 18865
117 28254
31 86802
30 96541
120 32536
95 71163
117 28571
31 87798
120 32854
30 97140
105 90598
117 28838
95 71433
115 19243
95 71562
106 77681
95 71967
31 137409
97 99289
105 90964
49 59616
120 33608
106 78457
97 99641
117 29577
95 72564
97 99830
95 72724
49 60810
120 33855
117 29877
31 138655
105 91170
49 61385
117 30162
95 73308
120 34157
49 61804
95 73466
49 62293
37 69311
117 30781
95 73830
95 73914
105 91900
95 74235
49 63696
49 63824
117 31412
105 92245
105 92302
97 102275
49 65458
105 92493
105 92503
115 20761
105 92569
120 35876
97 102898
97 103015
97 103081
31 140310
97 103369
49 67558
117 32771
97 103597
120 36519
117 32870
120 36529
120 36558
120 36591
49 68772
97 104184
31 141401
49 69982
95 74501
49 70224
97 104848
30 106000
37 73646
30 106066
120 37568
95 74954
31 142618
95 75070
117 33930
97 105402
37 74135
117 34036
95 75345
117 34184
120 38016
117 34311
97 105973
31 143538
31 143857
95 76678
37 75483
120 38653
30 107481
106 79116
95 76942
49 73922
106 79351
95 77456
30 108185
95 77572
37 76497
117 35897
115 22585
30 108634
106 80152
49 75438
117 36061
105 94960
105 95101
106 80503
106 80631
115 22900
30 109694
31 146305
105 95257
106 80961
120 40110
31 93114
106 81200
106 81280
37 77753
49 77128
115 23150
117 36973
95 79299
117 36993
30 110736
49 77786
49 77849
37 78113
115 23230
117 37168
115 112182
106 81756
106 81928
117 37250
105 95825
106 82021
115 112750
115 113126
106 82335
117 37707
105 96485
95 80823
115 23844
106 82362
105 96749
115 113661
115 23916
30 112736
120 41798
106 83073
31 96052
105 97174
115 24076
37 80291
115 114100
105 97210
117 38285
120 41952
105 97334
106 83466
105 97368
106 83486
115 114400
115 24471
117 38471
115 24551
30 113690
105 97638
105 97660
106 83749
31 97028
115 24595
105 97777
115 24850
95 82971
95 83044
106 84452
95 83188
115 25247
37 81980
117 39325
120 43124
106 84898
115 115934
115 25446
31 149644
31 98820
105 98797
115 25549
117 39591
30 115638
30 115732
31 99115
105 98941
106 85788
115 25669
120 43443
115 25730
49 80233
37 83181
115 25740
115 117152
115 25941
106 86263
115 117212
117 40122
120 43721
117 40183
106 86580
117 40286
31 151625
105 99803
117 40482
31 100392
117 40568
120 44158
117 40817
31 152312
117 40834
49 82219
106 87636
106 87755
63 592
31 152874
106 87874
106 88307
120 44882
31 102049
31 102192
120 45000
120 45091
115 27185
49 84225
115 27566
120 45325
31 154903
63 1653
106 89588
31 103228
120 45475
115 27752
106 89940
37 87723
117 42570
106 90306
106 90333
117 42672
63 2276
31 104100
106 90701
30 118718
106 90741
120 46126
63 2643
49 86443
106 91565
117 43658
49 86658
37 89749
115 29006
63 3028
106 91994
30 120192
117 44127
117 44154
37 90255
63 3204
37 90659
30 120506
63 3537
31 106137
31 156717
106 92739
63 3627
120 47339
37 91258
115 29900
106 92959
106 93074
106 93168
63 4190
120 47916
117 45221
63 4339
49 89009
31 158436
63 4515
31 158816
120 48337
63 4743
59 98801
120 48546
31 159560
120 48679
63 4916
106 94956
120 48760
59 99180
30 124327
31 108946
49 90879
120 48976
59 99605
120 49208
115 31884
120 49336
106 95551
106 95586
115 32052
63 5552
31 110014
115 32339
106 96318
117 47298
59 100948
117 47530
120 50553
59 101160
59 101255
31 111474
120 50798
63 6548
117 48031
59 101830
120 51057
117 48256
106 97474
117 48381
115 34006
117 48628
106 97984
106 98076
31 113489
63 7497
120 51538
115 34320
63 7634
59 103569
59 103769
115 34772
23 6491
23 6526
59 104244
117 49709
63 8209
106 100307
120 53046
115 35503
115 35515
106 100908
115 35863
63 9699
120 53676
115 36061
63 9864
115 36261
115 36274
117 51518
106 102435
120 54332
63 10440
120 54817
63 10604
59 106195
23 9523
115 37714
59 106434
59 106501
115 38063
115 38072
19 53030
59 106915
115 38286
59 106996
37 99130
63 11485
23 10259
115 38755
59 107623
59 107646
45 5529
117 53794
115 39043
117 53847
59 108020
19 54418
59 108441
115 39408
115 39533
59 109054
115 39793
63 12585
59 109294
31 121171
31 121370
122 690
63 13090
122 724
45 7103
19 102
63 13187
59 110694
63 13232
115 40664
45 7441
37 103486
31 122633
19 57303
23 12790
45 7869
31 122930
19 57653
19 57765
45 8082
37 104155
122 1813
45 8318
63 14092
19 1398
115 41514
45 8439
37 104481
122 2020
115 41668
19 1483
1151 1672

2115
19 1513
37 104848
115 41794
19 58672
102 54163
23 14463
122 2688
102 54409
23 14777
19 59969
63 15195
37 106281
59 112274
59 112287
102 54754
63 15468
115 42915
102 54943
122 3437
115 43026
59 112582
102 55315
37 107131
19 2951
59 112978
59 113178
122 3828
102 56082
59 113557
102 56133
23 16294
59 113979
63 16444
44 4763
19 3460
63 16643
122 4264
59 114517
102 56966
102 57299
122 4498
59 115235
59 115266
44 5599
115 45023
115 45024
102 57940
122 4931
59 115838
59 115926
102 58095
59 116001
19 64724
59 116324
44 6476
115 45688
45 12503
122 5503
102 58877
59 116663
115 45952
23 18359
102 59095
102 59517
45 13454
23 18995
102 59850
37 112659
19 7064
23 19660
19 67476
115 47356
63 19762
115 47410
122 6825
63 19835
115 47489
37 113728
102 61041
63 20082
19 7794
44 8990
44 8994
37 114548
23 20393
115 48124
115 48135
115 48253
23 20791
102 62289
122 7954
102 214
63 20899
63 20908
23 21163
45 15806
102 423
37 116197
44 10248
102 62899
63 21175
122 8432
37 116811
102 63208
122 8480
115 49039
102 63635
122 8880
115 49632
102 1503
102 64090
45 17441
63 22101
102 64185
63 22189
102 64371
102 64426
63 22228
37 118386
102 1839
115 50012
102 1849
63 22413
122 9429
102 64865
19 10097
115 50251
122 9598
102 2217
23 23040
19 10237
102 65476
45 18236
45 18308
19 73242
45 18405
122 9992
63 23231
19 10649
102 66157
63 23352
102 2864
44 12632
102 2979
102 66424
19 10975
102 66450
19 74273
63 23943
44 12868
19 11317
23 24203
44 13098
36 63495
63 24205
37 121471
45 19571
37 121882
63 24289
122 11132
63 24301
45 19680
23 24758
102 67926
102 3966
115 52011
102 68115
45 20025
102 68463
122 11724
63 25035
37 122812
102 68600
122 12054
23 25174
102 68639
102 4502
63 25507
45 20703
36 66271
37 123832
102 69458
37 124009
102 5149
36 67101
36 67243
44 15917
122 12929
115 53774
37 124784
36 67586
102 70422
23 26542
115 54093
19 14339
122 13353
115 54132
19 14361
122 13453
102 71130
37 125730
102 6221
115 54357
63 27108
115 54444
102 71637
102 6845
115 54819
102 72233
102 72276
115 55142
102 7337
102 72848
102 7598
44 18420
44 18447
122 15114
102 7905
36 71060
102 73319
102 73342
102 73408
63 28148
115 55872
19 15916
63 28301
115 55983
102 73632
102 73939
102 8574
122 17662
23 29722
44 19275
63 28930
23 29939
19 16360
37 126762
63 29046
37 126989
19 16624
63 29374
63 29386
19 16726
63 29488
63 29496
19 77343
45 25650
102 75669
37 128132
23 30845
102 75810
122 18964
102 76318
19 17592
36 75007
102 76639
37 129093
44 21133
122 19755
97 453
102 76893
97 454
37 129736
122 19799
44 21554
102 77162
19 18839
63 30358
23 32303
19 18944
102 10772
97 827
23 32465
102 77491
19 80235
122 20163
102 77864
102 10968
23 32836
36 77853
63 30903
97 1196
45 28443
36 78693
97 1597
23 33188
36 78891
97 1744
44 23428
23 33423
19 82318
122 20965
102 11977
19 20510
102 12208
97 2298
19 83598
19 21149
102 12543
45 29634
97 2793
37 134069
23 34685
102 12872
37 134395
97 3068
44 25017
36 81771
36 81911
97 3606
19 85667
19 85845
19 22560
97 3738
63 31940
102 13931
63 32064
23 36519
36 83912
19 23210
63 32372
45 31197
44 27219
102 14943
122 24505
102 15242
23 37554
19 88240
97 4610
36 85349
19 24224
19 88292
36 85536
102 78777
23 38142
63 33596
19 24834
122 25490
102 78958
102 79100
19 89257
97 5283
102 79670
102 16770
23 39130
102 16832
63 34960
63 34965
122 26459
102 79880
102 79960
63 35163
102 17202
102 17291
102 80512
63 35353
19 26685
102 80534
97 5818
102 17625
97 5905
102 80759
63 35784
63 35827
102 81279
19 27387
36 89757
122 27926
97 6237
63 36432
19 92827
63 36474
19 92985
122 28215
44 32245
97 6745
102 18974
102 19084
37 134856
102 19141
97 7118
102 19445
97 7195
102 83483
44 33141
97 7303
97 7456
102 83805
102 19970
44 33581
63 37600
102 20076
63 37623
102 20171
63 37812
102 84577
23 43205
102 20307
102 20441
102 20520
63 37987
97 8127
97 8327
102 20717
102 85300
44 34968
44 34988
102 85618
23 44482
45 37014
45 37051
45 37111
102 85939
102 21295
44 35533
19 31081
19 31132
63 39228
63 39293
19 31275
102 86433
97 9363
63 39713
23 45533
122 30279
122 30322
102 22118
19 32429
122 30714
102 87951
102 88056
102 88136
63 40610
102 22890
23 46604
97 11266
122 31173
63 40885
102 88787
97 11549
102 88945
45 38785
102 23641
44 37317
122 31606
102 89342
63 41487
19 34549
122 31782
44 37357
97 11933
19 34631
122 31919
19 34799
97 12109
36 93085
122 32206
102 24448
102 90232
122 32322
44 38080
97 12635
122 32397
63 42208
19 35945
122 32458
102 25077
19 99373
102 90871
102 25293
19 99715
19 36817
102 25565
63 42934
102 25699
36 95699
19 100449
102 91931
122 33415
97 13665
63 43524
97 13933
55 3980
102 26146
102 92365
55 4148
63 43933
97 14347
97 14355
122 34208
97 14390
63 44309
36 97719
23 51025
36 97917
102 26863
97 15119
36 98395
102 94321
97 15512
36 99052
19 40491
63 45749
102 95219
102 95279
122 35850
102 95351
102 95646
19 104664
36 100645
19 41635
23 53696
19 41744
122 36406
36 101181
97 16864
102 29030
122 36944
63 46924
97 17181
102 96813
45 42524
36 102215
102 29341
36 102566
19 42684
44 41104
102 97245
23 54454
97 17608
36 102961
63 47430
36 103112
122 37660
102 97702
19 43087
36 103359
63 47710
102 97953
102 30141
63 47797
102 30224
122 38294
44 42148
63 48002
45 43560
63 48044
122 38602
55 9448
97 18608
102 30774
122 38712
19 43927
102 99105
44 42862
63 48953
45 44399
102 99551
23 56644
19 44883
122 39598
45 44741
63 49291
97 19349
122 39633
36 106097
97 19411
102 100182
41 56427
102 100288
63 49433
41 56847
63 49732
19 45507
97 19962
45 45762
122 40260
102 32366
36 107536
102 32411
44 44980
102 32687
44 45075
63 50354
36 108084
19 46272
41 58132
97 20650
19 46471
122 40940
97 20988
44 45553
45 47203
36 108863
36 108890
122 41176
41 58873
44 45876
41 58982
97 21373
23 58946
102 100593
97 21611
63 51536
122 41565
122 41581
41 59938
45 47903
122 41804
102 33956
122 41932
97 22026
102 101506
102 34202
122 42024
97 22083
102 34203
122 42076
102 101642
102 101729
122 42161
102 34345
44 47394
97 22250
102 101865
41 60888
36 111286
41 61037
36 111327
102 34790
23 60264
102 102297
102 34893
19 48861
97 22856
23 60375
36 111982
102 34981
97 22990
45 49409
19 49157
122 42992
102 35321
41 62531
102 102961
45 49723
19 49551
102 35427
23 61069
102 103074
23 61114
36 113134
44 49272
122 43473
44 49413
36 113939
55 16157
97 24082
97 24151
102 36165
55 16198
102 103951
45 50367
102 104098
44 50011
122 44489
122 44505
97 24541
122 44530
19 50883
102 36806
45 51389
44 50650
44 50792
36 116028
97 24907
102 36973
102 105242
36 116375
19 51376
122 45319
102 105676
102 105901
122 45576
45 52597
122 45601
97 25737
44 52059
102 37743
102 37750
45 52786
55 18442
102 37827
102 37924
102 106523
55 18571
102 106713
45 53329
55 18807
45 53528
102 38274
122 46394
36 118496
36 118615
55 18965
122 46510
102 38644
45 53755
102 38818
102 38962
105 719
36 119552
105 805
44 53411
122 47078
45 54121
45 54338
122 47363
102 39535
55 20117
45 54447
102 39716
105 1389
105 1409
102 39778
105 1440
122 47790
105 1813
97 28408
122 48041
105 2269
105 2271
97 29067
36 121837
60 585
122 48936
122 49041
55 22887
60 1028
102 41909
105 3210
102 42327
22 59349
97 30231
97 30234
22 59473
122 49928
22 59766
97 30806
22 60192
55 24479
60 2379
55 24931
122 50756
102 43557
105 4470
122 50906
97 31898
55 25364
122 51202
45 54750
55 25771
20 54638
105 5010
97 32452
102 44678
20 54851
45 55529
122 51691
122 52026
105 5706
20 55945
22 63332
22 63462
105 5816
105 6012
32 661
105 6142
102 45838
22 64121
105 6267
97 33741
22 64333
122 52963
60 4269
45 56870
20 57334
60 4405
22 64942
20 57346
102 46294
45 57746
55 28255
32 2009
60 5154
97 35024
55 28517
97 35257
55 28633
22 66499
105 7820
60 5483
105 7936
105 7951
97 35529
122 54689
20 59515
44 57243
122 54751
97 35779
55 29469
32 3310
60 6149
44 57883
60 6259
115 57755
60 6307
45 60243
20 60581
105 8660
60 6405
97 36322
115 57973
60 6655
97 36544
102 48378
115 58138
22 68934
102 48452
97 36747
30 131
115 58349
32 4127
115 58426
22 69462
97 36992
20 61524
45 62159
60 7366
105 9383
32 4773
97 37715
32 4895
102 49437
55 31457
20 62165
102 49557
97 37931
115 59676
97 38060
32 5558
20 62790
44 60978
60 8387
45 63853
20 62968
105 10371
44 61824
97 38937
20 63327
115 60858
115 60876
102 50616
102 50631
115 61297
115 61464
20 63588
45 65255
32 6732
105 11083
30 2773
102 51121
105 11551
97 39527
102 51555
60 10095
30 3463
22 74357
45 66368
102 51641
44 63949
20 65384
22 74501
102 51760
102 51844
115 63019
105 12054
115 63078
102 52010
97 40541
105 12206
20 66006
22 75225
22 75256
44 64822
22 75386
102 52358
45 67659
105 12472
22 75508
22 75898
55 34904
60 11266
105 12662
115 64372
97 41382
115 64824
115 64839
97 41563
60 11677
97 41625
32 9958
44 66561
102 53411
55 35970
105 13520
44 67180
102 53716
115 65891
115 65936
97 42376
30 6739
60 12682
115 66224
97 42430
115 66342
44 68119
97 42624
20 69420
97 42685
115 67066
44 68596
55 36825
60 13343
97 43119
97 43248
115 68212
20 71134
32 12404
60 14201
37 559
49 378
97 44031
49 508
55 37878
115 69144
115 69154
105 15872
115 69416
118 54265
115 69492
118 54443
115 69532
37 1531
115 69833
115 69851
60 15170
105 16351
30 9601
115 69959
105 16541
30 9668
60 15307
105 16638
115 70233
118 55116
105 16797
115 70317
30 9936
97 45175
115 70522
118 55463
32 14631
97 45304
49 1891
20 74541
49 2027
20 74778
20 74861
60 16119
105 17554
20 75023
118 56551
60 16197
49 2363
105 17849
37 3781
105 17922
60 16592
20 75798
115 71957
37 4073
20 75808
60 16657
115 72112
105 18164
55 40411
37 4244
20 76270
55 40499
60 16992
20 76579
60 17044
60 17112
29 679
115 73490
37 4937
105 18923
115 73707
105 19141
60 17420
97 47450
32 16994
32 17013
115 74025
60 17725
37 5512
29 1773
61 105504
49 4786
60 18177
37 6005
61 105642
115 74882
29 2366
105 20219
37 6798
97 48465
61 106717
115 76076
32 18983
55 43166
105 20794
49 6322
97 49343
60 19721
105 21190
105 21263
32 19810
30 16239
115 77114
60 20047
49 6945
60 20049
49 6981
61 108318
60 20144
97 49862
105 22241
61 108918
97 50449
97 50452
30 16972
61 109012
49 7586
55 45398
105 22461
97 50681
30 17170
97 50788
97 50834
97 50867
61 109377
60 20967
60 20985
55 45717
97 51085
61 109608
115 79394
61 109718
55 45967
49 8579
6061 21437109832
97 51614
55 46495
115 80245
60 21905
61 110904
20 77154
32 23081
29 7392
49 9821
49 9920
32 23308
61 111413
20 77595
29 7871
60 22690
60 22788
97 52630
61 111958
20 78102
105 24251
37 12796
60 23189
20 78599
60 23497
60 23507
30 20397
60 23535
20 78963
60 23709
60 23762
37 13834
20 79793
49 12371
29 9862
60 24441
60 24470
29 10456
20 81251
49 13368
60 24756
32 26225
105 26075
20 81514
61 113161
30 22295
29 11185
20 81918
61 113288
32 26768
32 26894
61 113630
105 26448
105 26449
61 114187
30 23202
30 23423
30 23929
49 15920
55 52660
40 113942
61 115841
105 27791
55 52955
32 29177
29 13791
30 24698
40 114693
61 116496
61 116526
40 114816
30 24808
105 28222
61 116741
60 27783
32 29506
20 85441
60 27879
61 116900
20 85600
49 17321
20 85710
61 117148
61 117154
115 82176
30 25622
105 28740
30 25707
60 28072
40 116194
32 29930
105 28963
105 28977
20 86298
115 82760
115 82797
30 26026
32 30274
60 28574
105 29509
49 18674
61 118620
105 29578
115 83247
60 28869
60 28919
115 83447
20 87313
105 29897
61 119078
40 118015
30 27182
105 30130
37 21655
20 88600
49 20051
30 27914
29 17377
60 29892
29 17421
105 31016
32 32249
37 22872
105 31107
37 23106
30 28500
37 23181
40 120334
115 85771
30 28648
61 119289
115 85956
30 28830
29 18255
49 20595
40 120817
20 90174
61 119418
105 31589
115 86128
29 18926
105 32115
61 120276
111 234
37 25663
105 32339
20 91800
115 87657
111 557
105 32535
30 29904
60 30760
115 88089
61 121484
61 121736
115 88668
20 93055
37 27294
115 88986
60 31300
111 1491
105 33424
60 31331
111 1658
61 122548
29 21598
20 93976
11132 
184235676
40 122240
30 31349
115 89531
115 89558
30 31570
40 122621
111 2279
115 89905
111 2420
30 32036
61 124099
115 90505
111 2557
40 123860
29 22922
111 2640
115 90559
111 2649
61 124472
61 124554
115 90887
40 124253
37 29799
49 22652
61 124876
20 96049
37 30220
61 125193
29 23743
61 125315
20 96687
61 125790
60 32380
61 125893
49 23101
20 97516
105 35736
115 92636
49 23226
37 31832
30 34858
111 4476
115 93133
60 32602
115 93302
115 93452
32 39314
29 25757
40 127606
111 4964
49 23497
105 36659
115 94158
111 5190
37 33273
105 36861
105 36872
61 126480
105 37033
40 128531
32 40031
37 33735
40 128650
61 126783
32 40091
115 95039
105 37293
61 127007
115 95487
115 95652
61 127413
115 95686
60 33736
105 37742
30 36945
60 33810
29 27494
111 6958
105 38140
60 34068
61 128459
29 27860
105 38461
111 7517
115 97671
61 129067
29 28303
115 97774
115 98030
105 38956
115 98040
60 34425
105 38970
32 42069
40 131007
37 36462
40 131253
32 42624
115 98817
115 98846
20 102463
32 42679
20 102548
115 99007
40 131577
61 130414
32 42804
29 29516
29 29651
105 39840
61 131058
111 9074
115 99970
20 103870
29 30444
61 131761
115 100512
29 30753
111 9785
105 40911
115 101077
61 132719
115 101846
115 101848
111 10632
37 39679
49 27455
105 41960
111 11018
49 27812
115 102655
111 11120
115 103033
105 42575
49 28109
20 106661
115 103407
105 42807
111 11823
60 37677
115 103626
32 48197
105 43129
111 12164
61 133832
61 133940
105 43394
30 44469
111 12729
61 134492
111 12816
105 43836
105 43841
37 42837
30 45605
37 43060
111 13328
32 49991
61 135648
105 44579
60 39731
61 136056
105 44840
32 50829
37 44299
61 136402
60 40098
105 45204
60 40263
60 40328
29 34588
37 44638
115 105294
49 32303
111 14573
111 14574
49 32374
105 45840
111 14771
60 40766
111 14799
115 105711
111 14887
32 51751
49 32845
61 137595
37 46011
49 32980
32 52052
61 137725
111 15217
61 137798
105 46445
111 15255
105 46505
111 15269
49 33288
111 15504
37 46893
61 138779
30 49150
111 15797
115 107282
111 16006
115 107823
37 48762
105 47746
111 16805
37 49335
115 108368
60 43121
32 54252
49 34835
30 51349
43 56415
115 109264
111 17742
105 48785
30 51840
32 55633
43 57080
61 140111
97 107529
61 140140
97 107711
61 140446
105 49754
32 56366
61 140620
29 37496
111 18993
60 44628
49 37250
115 111495
111 19480
29 38007
97 108562
32 58013
43 60971
61 143167
97 109221
61 143462
60 46463
97 109712
60 46659
105 51716
97 109732
61 143987
30 55287
105 51908
60 46810
37 56118
61 144282
60 46861
32 59777
111 21605
97 110408
97 110413
60 47207
61 144921
61 145020
60 47323
111 22023
97 110977
30 56032
97 111329
105 52833
29 41165
97 111674
60 48239
60 48240
29 41416
61 145911
30 56726
29 41611
61 146297
49 41343
60 48753
37 58637
97 113296
50 1562
61 198
97 113399
60 49143
97 113426
97 113523
60 49327
97 113725
60 49469
105 54256
49 42391
60 49676
61 624
111 24181
50 2599
49 43121
61 146607
50 2617
61 146657
60 50137
61 1242
60 50186
50 3138
29 43690
49 43814
61 147545
29 43990
30 59424
50 3546
97 114578
61 147772
97 114598
49 44062
97 114636
30 59814
60 50982
49 44436
97 114931
37 61177
97 114986
61 148219
97 115072
97 115109
61 6538
30 60231
49 44824
37 61588
49 44976
61 148670
50 4584
50 4928
29 45516
61 148967
61 156280
61 156469
61 6876
61 149237
30 61366
102 107832
102 107882
97 116743
111 26724
49 46237
57 492
57 580
29 46614
61 157781
57 874
49 46756
111 27187
29 46962
97 117533
61 150039
49 46891
97 117740
37 63933
61 158703
49 47061
61 150593
57 1228
50 6815
61 158868
61 159211
61 151227
61 151303
29 48006
57 2008
61 159861
57 2157
61 152036
50 7925
57 2382
61 8791
61 152379
61 152382
61 160236
61 160268
111 28777
57 2602
61 9046
61 9065
49 48684
111 28924
61 160670
61 153404
29 49693
37 66956
61 9594
49 49618
49 49672
50 10144
29 51216
50 10322
61 154555
29 51331
61 10580
61 10635
61 155054
61 155370
57 5037
49 51607
111 31222
29 52434
57 5443
57 5646
56 982
61 11853
29 53042
111 32238
49 52638
49 52701
29 53439
57 6597
111 32477
57 6799
111 32782
29 54225
111 33123
57 7360
23 62368
61 13684
111 33751
111 33875
23 63545
49 54724
46 54786
23 63948
61 14340
23 64215
61 14569
57 9201
111 35243
50 15542
46 56453
29 57192
57 9623
34 159070
61 15714
50 16625
50 16711
29 58144
61 16206
34 160363
56 7063
46 57949
111 55172
46 57970
23 69327
61 16682
46 58715
34 161916
23 69662
111 55964
111 37792
61 17347
46 59739
111 56815
23 70638
57 11760
61 17434
111 38345
111 57078
34 163132
57 11916
111 57271
61 17623
111 57449
111 38749
111 57853
57 12255
111 57914
122 110023
111 38945
122 110169
50 19141
46 61389
122 110253
46 61482
50 19212
29 60621
61 18013
111 58442
111 39398
29 61163
61 18523
34 165454
61 18792
111 59237
122 111457
57 13598
61 18948
111 59587
122 112026
57 13951
111 59742
61 19124
111 40287
122 112249
61 19254
122 112774
57 14966
57 15376
61 20643
50 21948
46 65057
57 15657
61 20850
56 12851
111 62780
111 42360
61 21264
111 63013
122 113731
46 66347
57 16514
111 63767
111 63783
111 42922
111 63861
111 63957
111 63965
56 13953
46 66714
122 113988
111 64410
46 66803
111 65006
122 114337
111 65395
111 65987
111 66303
111 66416
50 24408
46 67872
111 66604
111 66655
56 15326
111 67141
111 67471
46 68494
56 15857
46 68930
122 115360
56 15939
122 115543
61 23823
34 168575
61 24167
50 57055
111 69729
50 57465
111 69900
50 26330
46 70599
56 17261
111 70256
50 57902
34 169294
111 70446
111 70500
111 70523
111 70524
61 24955
50 58149
61 25096
111 70990
111 70998
56 17754
111 46390
111 71782
61 25542
111 46736
57 21019
111 72346
111 72368
111 46888
61 26119
111 72654
111 73065
111 73177
61 26356
122 116977
57 21585
34 170703
111 73647
50 28594
111 74163
111 74205
111 74465
57 21978
111 47922
56 19141
111 74768
46 74625
56 19372
111 75125
50 61287
111 75520
50 29290
61 27365
61 27387
111 48539
46 75673
46 75915
111 76634
111 76892
111 49085
50 30468
50 30478
61 54997
61 55116
57 23774
61 55169
61 28357
56 21181
57 23888
57 23912
50 64110
61 56189
61 56676
50 65238
46 78032
50 32199
111 50662
104 53196
61 57067
61 29601
104 53492
122 117430
50 32389
61 29755
50 32489
56 22957
46 78552
61 29909
104 53994
46 78622
46 78627
111 51094
104 54429
50 33232
56 23412
56 23423
34 174617
61 58533
61 30764
104 55034
122 118377
61 59342
61 31430
61 31493
104 56229
104 56346
111 52903
122 119338
61 32101
57 27811
61 60113
122 119585
104 56709
33 917
104 56846
61 32460
104 56903
111 78371
61 32740
111 78587
111 78653
34 176651
104 57714
111 53909
50 69853
111 79507
61 33155
61 33258
111 54128
111 79929
111 54264
122 121336
111 80159
111 80353
111 80547
61 33653
56 26418
61 61953
104 58904
111 80834
61 33881
34 177598
50 70938
50 71017
33 2905
122 122310
57 29306
61 62656
50 71284
104 59674
122 122701
122 122867
111 81868
33 3157
122 122883
122 122913
111 82092
33 3536
61 34595
122 123213
57 30075
61 63560
33 3861
61 63690
111 82884
50 72777
33 3925
50 38152
61 63850
111 83046
111 83216
104 60920
50 73078
61 35139
111 83494
50 38672
104 61285
111 83972
61 65126
111 84398
50 74263
61 35795
104 61904
50 74433
33 4995
111 84735
104 62028
61 65603
34 179095
61 36248
57 31856
104 62699
103 282
103 299
56 29231
61 66394
104 63149
103 553
34 180134
111 85931
61 66579
57 32245
103 986
122 124752
61 67256
103 1151
61 67326
33 6722
104 64185
122 125098
111 87192
122 125235
57 32990
56 30549
61 37257
111 87423
104 64581
103 1632
122 125402
111 87623
103 1656
61 67991
111 87707
111 87772
103 1885
122 125702
33 7829
34 182226
61 68359
50 41659
122 125764
61 68448
61 37726
50 77701
50 41877
104 65249
122 126196
111 88248
104 65377
34 183348
111 88698
103 2468
33 8413
122 126502
34 183459
61 69178
61 38242
61 69276
61 38255
122 126887
111 89238
50 42439
34 184115
104 66151
34 184231
111 89357
50 79100
111 89460
104 66447
111 89486
61 70199
61 70374
103 3250
111 89909
111 89913
61 70646
104 67213
34 185166
57 35220
111 90420
103 3765
104 67782
111 90668
103 3838
34 185986
122 129323
61 71811
122 129346
122 129418
111 91271
61 72092
57 36142
103 4219
111 91581
103 4232
33 11452
111 91650
104 69083
111 91860
61 72753
104 69258
122 130380
103 4648
50 45104
104 69627
56 34418
61 73242
104 70110
111 92619
122 131063
103 4982
61 40691
104 70558
104 71036
103 5277
56 34929
33 12975
50 46143
111 93878
104 71920
57 38344
104 72101
104 72384
104 72490
34 190300
104 72506
61 41764
111 94628
56 35954
57 38621
33 14242
104 72807
61 42028
104 72992
61 75825
111 95299
61 42257
103 6144
61 42258
111 95452
50 47315
61 42388
34 191899
111 95696
103 6289
50 47547
103 6365
111 95899
33 15090
57 39924
104 74128
104 74158
111 96297
57 40084
56 37933
33 15522
104 74289
111 96587
56 38259
50 48594
104 74542
104 74774
104 74827
122 133454
111 97408
122 133718
103 7543
104 75275
111 97871
50 49239
111 98071
104 75567
122 134274
50 81942
104 75797
104 75828
111 98466
111 98516
111 98521
103 8348
104 76114
50 82503
57 41932
122 135187
122 135225
50 50607
111 99792
31 507
111 99830
56 40487
57 42459
50 83510
103 9102
111 100306
122 136296
103 9442
61 46206
61 46359
122 137322
122 137398
50 85649
122 137544
122 137612
50 85982
31 5218
56 42599
61 47593
122 138116
31 5686
61 76934
57 44590
31 5815
61 77324
31 5843
56 43281
61 77479
56 43687
111 101411
56 43754
111 101531
111 101548
57 45514
50 88051
56 43922
50 88360
50 88608
61 78591
61 49232
50 55240
61 78768
61 49271
111 102446
61 78796
103 12049
61 49502
57 46915
56 44979
61 79271
61 79350
103 12352
56 45110
122 139271
61 79440
103 12384
111 103427
104 76610
61 79584
33 20871
122 139636
31 8354
122 139690
103 12591
111 103819
61 50225
103 12723
61 79969
61 50412
111 104179
103 12939
61 80305
111 104265
31 9009
61 80430
104 77892
111 104588
122 140675
111 104635
104 78080
103 13407
61 80792
111 104823
61 80962
122 141032
61 80995
122 141060
61 81041
50 92285
56 47208
61 82005
33 21354
111 105521
122 141819
56 47521
111 106193
104 79648
61 83026
61 52217
111 106349
104 79893
111 106405
111 106417
50 94003
57 49890
31 11568
111 106956
104 80436
111 107068
50 95148
50 95150
122 143482
61 53259
103 15399
61 53389
104 81700
50 95882
103 15735
56 49541
61 84878
33 22736
104 81987
61 85105
61 85178
57 51479
20 107811
61 85378
103 16014
57 51540
50 96690
104 82605
104 82770
31 13292
61 85810
50 96934
104 82914
103 16498
61 86066
31 13990
61 54698
61 54746
103 16917
50 97534
104 83588
122 146473
104 83763
122 146644
50 97963
103 17224
33 24537
104 84156
104 84618
33 24926
61 87588
20 111543
57 54100
56 52801
50 99422
56 53078
56 53191
21 607
36 123
50 100424
57 55646
104 87352
50 101612
103 20025
103 20358
57 57509
56 55649
104 88498
61 88144
104 88638
104 88672
103 21311
61 88873
50 104147
104 89547
104 89907
36 3201
36 3385
61 90381
104 90565
61 90901
114 913
31 21962
61 91166
61 91458
36 3944
33 29883
33 30081
61 91789
31 22445
31 22544
103 22960
104 91736
31 22929
104 91946
114 2415
36 4829
33 31193
114 2574
114 2696
104 92939
61 94750
31 24522
114 2852
104 93100
61 95321
103 24483
61 95497
50 106045
104 93461
21 7482
61 95830
50 106222
50 106483
114 3457
33 32512
114 3811
61 96842
61 96898
104 94583
21 8795
104 94664
114 4141
61 97711
36 6819
36 7044
33 33199
36 7198
104 95249
32 60582
103 25982
32 60854
103 26049
104 95709
33 34029
50 108926
33 34181
104 96028
50 109025
104 96092
36 7974
50 109287
114 5454
61 97956
33 34866
103 26994
104 96747
32 62649
114 5748
36 8550
104 97086
104 97215
61 99645
61 99674
114 6158
36 9254
104 97921
33 37042
61 101449
61 101452
114 7135
103 28844
31 32299
114 7755
114 7818
61 103453
61 103520
61 103535
61 103703
32 66664
61 104161
21 13701
31 33996
36 12950
31 34885
33 39350
36 13410
103 30674
21 15276
21 15566
114 9829
31 36881
32 70105
114 10099
114 10138
36 14763
103 31945
31 37605
114 10408
36 15009
103 32523
32 71333
103 32531
30 126104
103 32580
36 15437
33 41756
33 41768
103 32823
31 39351
30 127020
21 17452
30 127087
30 127884
36 17436
114 12242
30 129198
103 34330
33 44192
103 34649
36 18704
114 12752
32 74475
103 34999
31 43212
103 35030
103 35083
21 19063
114 13302
36 19412
114 13342
114 13560
114 13592
31 44179
114 13601
21 20057
31 44830
33 45920
30 131864
21 20167
114 14210
21 20194
114 14371
33 46206
114 14480
103 36236
21 20507
30 132368
114 14608
103 36429
114 14738
114 14788
36 21472
30 133157
31 46275
103 36739
30 134191
21 21722
114 15746
103 37466
31 48060
36 22983
31 48522
103 38103
103 38115
33 49127
103 38187
114 16685
33 49569
31 49700
31 49853
36 24063
103 38721
114 17047
114 17089
31 50296
114 17098
32 81650
36 24310
36 24348
32 82392
103 39172
30 135562
36 24856
32 82865
103 39469
32 82972
36 25263
31 52161
33 51844
114 18204
50 113922
30 137103
103 40307
30 137464
103 40439
30 137753
103 40476
21 25836
33 53015
30 138237
21 26114
103 40870
36 26892
30 138537
50 115218
50 115356
50 115392
50 115397
36 27268
21 26581
103 41351
114 19672
33 54388
21 27601
21 27708
30 140569
33 54692
103 42215
107 53314
30 140840
114 20536
107 54121
114 20659
107 54623
107 54808
21 28358
107 55301
107 55329
33 55843
114 21171
21 28722
33 55911
107 56427
114 21702
21 29593
36 31047
114 21897
107 58251
114 21948
114 21977
107 58885
103 44897
30 143471
36 31795
21 30783
36 32157
114 22738
31 61640
107 60659
107 60922
30 144894
50 120867
30 144938
107 61237
21 31585
107 61496
21 31630
107 62107
33 59326
103 46523
21 32184
114 24141
107 62521
103 46602
114 24369
114 24465
107 63083
31 63992
114 24846
103 47176
33 60065
114 25041
50 123500
36 34907
107 64476
114 25120
50 123706
107 64805
114 25261
32 89693
107 65161
107 65345
103 47855
32 90040
50 124699
107 66346
36 35915
33 61479
107 66616
36 36076
36 36135
103 48420
50 125418
21 34686
107 67385
107 67413
103 48618
107 67532
107 67552
33 62115
107 67604
107 67627
114 26470
50 125983
33 62236
103 48750
107 68167
107 68605
107 68817
32 92579
103 49642
36 37179
107 69762
107 69855
103 50027
114 27360
107 70189
21 36485
114 27721
107 71249
32 94760
107 72179
50 127184
107 72751
107 73409
21 37926
47 105
107 73964
32 96588
47 499
107 74979
21 38709
107 75081
21 38723
107 75273
107 75536
107 75781
36 40892
114 29693
36 41010
32 98448
50 130323
114 30386
50 130871
32 99735
114 30787
47 2287
50 131769
32 100561
50 132793
114 31507
47 3020
21 41244
21 41376
50 133595
114 31860
32 102239
21 41947
47 3761
114 32248
21 55907
21 43248
114 33000
32 104257
107 76020
32 104279
50 134489
107 77041
114 33681
36 46143
36 46222
114 33961
114 34032
114 34241
107 78451
21 58645
32 106425
21 44702
32 106614
107 78955
107 79367
21 60441
107 79988
107 80013
47 7395
114 35206
21 61331
50 137074
32 108234
21 61954
107 81268
107 81327
36 48613
21 62596
107 82137
107 82223
114 36247
107 82577
114 36314
47 8744
107 83029
107 83176
50 138604
107 83335
47 9160
21 64508
107 83470
21 64706
36 49923
21 47667
114 37017
107 84128
21 65323
47 9638
107 84445
107 84501
21 47791
21 65737
107 84927
107 85479
114 37416
21 66990
36 50713
50 140354
107 85723
47 10272
32 109811
114 37957
32 110243
50 141359
21 69233
107 87390
50 141785
107 87444
107 87445
32 110951
21 49484
32 111156
107 87999
21 70292
21 70313
114 38515
21 70326
107 88519
107 88834
21 71135
32 111936
21 50151
47 12025
114 39127
107 89723
107 89815
21 50662
21 50763
50 142958
114 39420
114 39441
21 50912
107 91097
21 74214
21 51262
107 91512
50 143846
114 39858
107 91692
114 39958
107 92432
114 40347
21 75740
36 54178
107 92788
107 92807
107 92875
21 76097
107 92910
21 76101
107 92985
21 52048
114 40549
107 93204
21 52257
21 76924
21 76978
21 52491
32 115067
36 54962
107 94100
107 94564
114 41251
36 55678
107 96165
114 41907
47 15540
114 42026
107 97307
107 97450
107 97576
107 97597
47 16005
114 42500
47 16089
47 16181
47 16200
114 42755
36 58475
114 43936
107 100130
36 59041
47 18119
36 59411
36 59452
107 101139
107 101538
107 101587
107 101649
107 101839
21 79162
107 102422
114 45429
114 45783
114 46046
101 100
47 20588
47 20638
101 974
21 83770
21 84511
21 84787
101 2351
114 47929
21 85887
114 48120
21 86261
47 22938
101 4075
101 4203
114 48816
114 49072
101 4943
21 88763
101 5333
114 49513
114 49624
21 90352
21 90413
114 49818
101 6104
101 6222
101 6287
21 90883
101 6337
114 50165
47 25173
21 91596
114 50346
47 25548
60 51236
21 94276
42 56902
60 51718
101 8631
60 52036
114 51942
101 9411
114 52329
101 9918
47 27217
101 10006
21 97841
114 52674
42 58921
47 27680
114 52847
47 27812
114 52913
42 59664
114 53055
101 11361
47 28330
60 55365
114 53629
42 60938
47 55198
101 12239
42 61324
47 55599
101 12666
114 54214
101 12762
101 12953
114 54266
47 56282
114 54403
42 62548
114 54583
47 56718
114 54693
47 29774
60 57303
21 100552
42 63692
47 57223
114 54874
101 14459
114 55032
21 101155
60 57796
114 55054
60 58131
21 101918
21 101926
101 15217
60 58468
60 58524
21 102364
101 15404
101 15629
42 65809
101 16140
21 103449
42 65978
47 59046
21 104057
101 16696
101 16806
101 16845
101 17192
47 60572
60 60774
101 17989
47 32706
101 18087
21 107582
60 61345
101 18790
21 107806
42 68535
101 19026
60 61786
101 19085
42 69013
60 62054
47 33599
47 33785
101 19814
47 62685
47 62909
42 70109
101 20499
47 63634
42 70510
60 63898
101 21112
60 64384
47 34999
60 64963
47 35107
60 65401
47 35194
101 22188
101 22277
101 22291
60 65895
60 66873
60 67008
101 23106
47 66175
60 67639
47 66461
47 66729
47 66796
47 67086
101 24166
60 69177
101 24213
101 24416
101 24443
101 24670
60 70179
60 70292
60 70379
101 25262
60 70527
60 70776
60 71082
101 25731
60 71462
101 25982
60 72402
60 72924
47 69935
101 26667
42 76628
42 77048
47 71281
47 39854
101 28050
47 71929
47 40248
101 28473
101 28590
47 40871
101 28868
42 79431
47 73824
101 30303
47 74741
101 31178
101 31738
101 31964
60 73825
101 32859
101 32959
47 44404
60 75130
42 81255
101 34219
101 34227
60 75999
101 34451
42 82165
60 76788
101 34926
101 34963
101 35002
60 78128
101 35403
42 83725
42 83727
60 78596
47 46372
60 78713
47 46957
42 84507
47 47191
60 80325
101 36768
60 80418
101 36966
60 81392
60 81431
101 37770
60 81752
47 47984
42 85921
101 38314
101 38381
60 82826
101 38996
42 87111
60 84161
42 87253
60 84388
101 40239
60 85328
60 85811
60 85926
47 50057
101 40703
60 86685
101 41252
47 50744
101 41849
47 51147
60 87943
60 88218
101 42084
101 42090
101 42366
60 88660
101 42385
101 42513
47 51633
60 89195
101 43041
101 43238
60 90389
101 43560
60 90432
101 43612
60 90644
60 91454
101 44414
101 44690
60 92593
101 44878
101 44937
60 93668
60 94116
60 94143
60 94610
60 94797
101 47440
101 48123
60 95115
101 48273
60 95213
60 96368
60 97224
101 50214
60 98065
60 98140
60 98260
101 50685
60 98734
60 98928
101 51395
60 99417
101 51441
60 99503
60 100146
60 100394
101 52015
60 100684
101 53119
33 63289
33 63486
33 66600
33 73173
33 74755
33 75680
33 76574
33 81057
33 82225
33 84806
33 85044
33 85635
33 85658
33 86876
33 87637
33 91021
33 92649
33 93222
33 96626
33 102724
33 103051
33 103469
33 104894
33 105656
33 105943
33 106027
33 107524
33 107669
33 108181
33 110015
33 111684
33 112492
33 113364
33 114845
33 115762
33 118885
33 118987
33 119924
33 122629
33 122862
33 124310
33 125783
33 126158
33 128121
33 130430
33 131422
99 458
99 891
99 1178
99 1621
99 1623
99 1666
99 1908
99 1958
99 2327
99 2611
99 2643
99 2887
99 3855
99 4185
99 5525
99 5844
99 6900
99 6956
99 7130
99 8036
99 8540
99 9184
99 10483
99 10805
99 11856
99 11947
99 12465
99 13900
99 14113
99 14268
99 14717
99 15164
99 16089
99 16564
99 17254
99 17640
99 18359
99 18584
99 18813
99 18853
99 19266
99 19464
99 19727
99 20923
99 21455
99 22985
99 23240
99 23699
99 23956
99 24003
99 24467
99 25102
99 25701
99 27397
99 28210
99 29092
99 29674
99 29799
99 30130
99 30304
99 30344
99 30781
99 31224
99 31952
99 31994
99 32356
99 32625
99 32707
99 33866
99 33883
99 33929
99 34309
99 38287
99 38531
99 39260
99 39520
99 40399
99 40676
99 41689
99 42780
99 43055
99 43717
99 43924
99 44056
99 44279
99 44425
99 44772
99 45386
99 45714
99 46442
99 47143
99 47295
99 47425
99 47439
99 47611
99 47622
99 47628
99 48204
99 48651
99 49906
99 50574
99 51379
99 51423
99 52043
99 52648
99 52718
99 53262
99 53495
