69 1238
69 1490
69 1700
69 1871
69 3408
69 3510
69 4418
69 4426
69 6077
69 8954
69 10278
69 11453
69 12774
69 13183
69 13388
69 14016
69 14753
69 15387
69 15888
69 16080
69 16199
69 17438
69 18545
69 18793
69 19195
69 19223
69 20290
69 21818
69 22938
69 24284
69 25008
69 25466
69 26496
69 27705
69 29734
69 32433
69 32760
69 34677
69 37181
69 40961
69 41586
69 42208
69 44042
69 47907
69 48973
69 49259
69 50512
69 50776
69 51541
69 52988
69 54657
69 55066
69 56804
69 57353
69 57600
69 58065
69 58408
69 60533
69 63238
69 64752
69 65482
69 68050
69 68334
69 68601
69 69178
69 72777
69 74198
69 79117
69 79389
69 79707
69 81037
69 81949
69 85161
69 85395
69 85535
69 87026
69 87208
69 87266
69 88083
69 90360
69 90850
69 91637
69 91940
69 92346
69 92554
69 93615
69 94114
69 94728
69 96735
69 96813
69 97243
69 98550
69 98844
69 101428
69 104836
69 106555
69 106783
69 109196
69 110051
69 111351
69 113213
69 113562
69 114519
69 114978
69 115564
69 116677
69 118085
69 118810
69 118992
69 120840
69 123577
69 124163
69 124272
69 125867
69 126238
69 126806
69 127218
69 128607
69 128958
69 129277
69 129440
69 129831
69 132646
69 132802
69 132862
69 133778
69 135876
69 135918
69 136076
69 137201
69 137232
69 140790
69 141426
69 141685
69 144580
69 146229
69 148501
69 150109
69 150600
69 150857
69 151309
69 151988
69 152333
69 152499
69 153751
69 155352
69 155876
69 156262
69 156563
69 156937
69 159608
69 163072
69 163232
69 164433
69 165262
69 165772
69 166334
69 166636
69 166904
69 167264
69 168489
69 170552
69 171316
69 171693
69 171831
69 173133
69 175403
69 176463
69 179624
69 181924
69 182002
69 185498
69 185875
69 186219
69 188512
69 188754
69 190424
69 190828
69 191694
69 192354
69 193575
69 193667
69 199318
69 201222
69 201574
