65 471
65 14452
46 1585
46 2411
65 17446
39 4671
39 6450
46 7859
65 21085
117 55501
120 57253
120 57336
99 63028
120 57513
52 60265
120 60215
103 54943
46 13649
117 61513
54 64263
51 62270
117 63153
52 69628
65 29089
51 68141
52 72930
51 70241
36 80609
117 69806
52 77240
46 22035
65 32558
117 73570
51 76138
54 80472
122 125132
33 139631
65 34231
36 88403
36 89244
46 26043
120 78370
51 79612
39 28504
65 36854
117 79421
117 81132
120 79998
120 80023
33 144079
120 82282
65 39527
65 39710
52 84166
122 135105
122 137381
103 77748
103 80760
54 89103
122 141244
65 44390
119 57037
33 153479
119 58628
36 102961
103 91207
103 93067
119 63916
46 42824
54 101656
52 97853
51 93571
65 54214
36 112739
119 71643
52 102887
103 101608
46 49813
119 76675
21 12547
48 73667
36 119691
65 59055
103 103538
119 78903
54 110730
36 121504
52 107218
21 15365
52 109461
52 110955
51 106752
21 17927
119 81772
54 116624
32 858
21 18829
96 14393
95 2144
51 112011
48 81979
95 3780
95 4406
22 247
21 26285
22 8802
32 9897
21 31444
21 33286
100 61248
21 33911
100 62437
96 28246
100 64511
64 12909
96 29102
31 75771
64 14103
95 17175
64 14773
21 35944
22 21470
40 63586
64 17579
96 37869
22 26537
31 90012
64 23157
64 24019
100 75876
96 47459
40 22849
21 43078
21 43652
26 16495
31 97088
31 101334
22 40303
21 50912
40 84526
64 34238
31 108978
32 45869
40 87305
100 92717
40 37386
40 95595
40 97894
31 119282
40 102507
22 55215
40 103519
40 44842
64 44967
95 47740
64 46330
95 48189
64 47560
95 49603
60 110924
110 2664
42 66971
40 53357
111 5487
110 4714
26 44564
42 71141
53 2830
40 57586
111 10127
65 68356
122 56129
59 5977
53 6972
110 10377
59 7547
53 8359
111 12936
59 8039
65 74553
48 36851
59 11133
60 126806
42 84610
111 15217
53 14219
111 16805
65 79292
42 88226
111 17231
59 13387
65 80892
122 68104
122 68217
48 41004
57 61913
111 20204
48 46003
53 23397
110 25700
59 21393
110 26982
65 87459
51 2931
53 29238
59 26433
51 4119
51 4447
51 5617
53 31324
65 93811
122 79504
110 37079
110 37808
65 100777
65 102441
111 39749
62 53926
118 5767
110 42179
122 86664
57 93737
65 104658
110 43728
65 107576
51 21080
62 57426
118 11054
59 40694
118 12500
118 12905
110 49510
51 24673
111 49052
59 44265
111 49851
27 123647
110 52060
38 125221
59 46832
53 53184
118 19817
114 57071
107 98035
118 21651
61 857
38 3996
38 5589
38 5634
122 109125
38 7451
61 7601
118 25403
38 7742
114 63131
38 9731
114 65785
38 10849
114 66596
107 365
38 13314
34 4628
38 14005
38 14336
101 3475
101 3527
118 32469
101 6615
101 6658
64 107709
64 55870
101 7196
29 125608
38 20866
114 76820
64 59373
118 37286
55 75262
29 130255
64 113346
64 113367
118 41124
101 13727
34 21777
114 78337
61 23517
21 109528
64 119104
55 83076
64 119823
64 120026
118 48820
118 48842
21 114427
21 115531
55 89747
118 52967
101 25731
43 76
38 43329
34 45336
61 39608
29 156460
38 48987
43 5764
29 158909
101 33045
53 57521
53 58704
64 89399
53 59345
64 90283
34 56751
38 56315
61 48870
54 121066
43 14879
43 15703
64 98080
101 44317
34 66253
101 112749
64 100129
101 113419
64 100884
62 4235
34 73499
34 73652
43 23739
96 109454
43 28652
101 53861
96 71876
43 32879
38 64838
95 56709
50 112406
119 7776
53 91227
53 91319
95 62252
95 62374
38 73053
119 10808
43 36329
96 80734
53 98428
119 12062
95 66216
95 66618
95 66865
53 100992
106 24867
119 13714
56 71111
53 102155
104 14740
62 22327
53 104995
50 124648
96 91892
62 24877
96 92981
38 87579
53 108876
95 76746
104 20409
95 77705
50 129764
119 23318
62 32454
119 26340
42 24277
56 86491
50 135599
38 98151
65 114164
42 28653
56 90695
104 27812
38 107472
120 4812
119 34662
65 121437
42 35945
38 111405
104 37776
120 12085
105 65244
120 13483
63 13611
120 13717
62 50528
120 14297
120 14667
38 123001
38 125076
119 47577
119 47645
103 3653
103 4189
104 46659
42 52029
120 22715
104 52225
63 108482
63 58504
105 79712
120 26660
30 64482
30 64811
63 111934
115 15975
30 67837
63 31344
105 89385
19 10801
30 74869
63 118021
60 73430
30 76899
115 23870
120 34157
63 123621
60 80377
63 40880
63 124375
60 83283
63 43933
103 29339
63 45414
63 78626
63 128211
63 45855
63 79475
103 30561
63 46539
63 46739
120 43124
29 83771
120 43826
63 130766
30 90155
29 86625
103 35083
120 47453
30 97283
19 22123
103 37466
63 86620
29 87644
29 87697
30 103959
60 100731
30 105486
103 43009
20 4839
20 5319
23 8603
30 111001
115 49281
63 100464
63 100746
19 73749
20 15897
19 38628
46 57970
30 117941
20 19508
59 59613
20 21527
19 80515
59 63339
29 119384
46 67080
97 1255
19 44174
19 107176
20 27305
23 20571
97 65356
50 59322
97 66128
19 91174
47 13207
19 92464
47 13956
50 62578
20 31933
19 95009
20 33081
19 96829
50 65560
117 1640
33 104
23 26963
97 73372
50 68027
50 69517
47 19085
20 36490
19 98791
47 19963
23 29939
23 30336
20 37870
47 21051
117 5426
23 31047
50 76451
47 23207
20 40550
105 9359
117 10160
97 79104
102 66424
23 38986
105 12290
20 48518
97 87121
20 50420
105 15832
105 16351
20 51420
47 32655
97 26545
105 20794
47 37025
50 90508
45 14116
45 17441
97 33741
45 18308
59 96634
23 54369
102 81042
97 99857
102 81916
33 31496
50 101708
105 27679
105 28209
117 29717
47 48839
105 31107
49 60817
117 32771
102 90756
45 29417
97 49353
102 92494
102 93489
102 94318
33 43866
117 37496
102 96268
23 61339
100 4546
117 38358
33 46471
117 39341
105 43335
33 55988
102 100593
30 138398
33 58975
100 10604
33 65618
59 109581
45 49680
30 144894
22 68991
49 89302
45 49907
49 91175
105 54035
59 113737
33 74197
100 15651
44 1810
22 75128
44 2618
100 16827
44 59284
31 3771
31 4853
37 727
33 84306
100 21315
45 57011
60 8064
45 62089
44 12408
45 62903
29 9800
49 2027
100 26219
110 63711
45 67659
37 10073
110 65725
37 12434
49 7164
102 11977
33 93949
57 16526
57 16908
60 18403
37 18117
57 19206
33 99939
60 21362
60 23001
57 23782
60 24986
102 20336
29 27538
111 55366
57 27298
60 26369
100 40038
44 32275
60 28308
44 34569
110 80638
110 83381
57 31625
37 32795
110 84996
111 66077
102 27425
29 37546
110 87941
37 36091
33 124155
44 43191
102 30848
49 33279
110 95334
100 51463
37 42080
111 75474
37 42364
44 48604
29 46554
57 44459
99 2869
41 132
60 43464
41 461
37 45601
57 47343
102 39557
37 49295
37 49439
60 46662
44 54752
111 78217
29 55656
57 53690
37 53734
102 47859
37 56118
29 60432
102 48452
102 49847
114 2574
49 54920
37 59663
111 93777
111 93878
114 5454
36 10503
99 21455
41 22570
122 4106
52 12099
61 54960
114 10721
99 25226
43 60029
41 27315
111 105650
61 60113
52 16763
41 28277
21 58528
52 19273
52 19547
21 60479
122 9819
36 19429
20 60458
114 21171
99 33399
122 13530
36 22109
20 64182
52 26942
61 71841
21 71774
20 68573
99 37471
21 74447
114 27360
114 27514
21 76839
52 31012
50 9016
20 74383
41 37331
114 29327
32 63625
41 38647
50 13741
61 77479
114 32990
52 36872
50 15386
52 37383
99 46136
20 77384
41 40311
32 72186
20 81514
114 37612
32 76234
122 31606
37 81263
20 95299
41 45303
37 87723
36 36806
50 27676
114 47654
122 39257
20 101515
41 50545
21 100407
36 41699
61 97956
50 32410
122 41932
41 55039
21 102484
114 52674
122 45576
61 105114
50 38235
36 50512
122 47659
37 104361
32 101492
104 61285
41 58024
104 63516
104 63674
37 110377
36 55742
104 64987
97 115943
36 56528
50 45897
41 62388
104 67981
37 116197
36 59678
32 110853
61 107137
32 125006
61 107679
61 156447
106 60000
37 121061
61 158282
61 159211
34 83511
106 62217
104 76394
50 52357
37 125054
61 116430
37 129139
32 133545
30 10535
61 117606
47 56779
54 6974
56 7241
20 111543
34 102773
54 8355
47 60003
104 84780
30 18282
61 127963
61 128592
55 1207
115 72380
104 93344
34 114480
115 74529
106 81575
34 115922
32 155400
104 97902
30 30865
34 126534
34 133098
30 35652
34 134301
34 137793
106 97984
30 38944
61 148645
61 148670
61 149370
115 85443
55 18608
34 146985
55 25378
115 94292
34 163760
34 165337
56 43917
34 169294
34 172917
115 105619
115 106471
34 180137
115 107823
54 55839
34 183451
34 185771
55 39538
34 190746
55 48041
24 17025
24 19294
55 56250
