72 230940
72 231770
72 234730
72 235384
72 236631
66 185
66 1285
66 3032
66 3383
66 3859
66 4079
66 5132
66 5609
66 7566
66 7595
66 9036
66 9212
66 10121
66 10407
66 11661
66 11828
66 16614
66 17787
66 17863
66 20530
66 22169
66 25462
66 26211
66 26696
66 26951
66 26980
66 27622
66 27859
66 27944
66 28532
66 28579
66 29600
66 30155
66 32930
66 32997
66 34446
66 35937
66 36114
81 910
81 1814
81 2594
81 3182
81 3593
81 4100
81 4529
81 6890
81 7265
81 7606
81 9834
81 10853
81 11590
81 12681
81 15122
81 16135
81 17007
81 17663
81 18139
81 18560
81 18725
81 18897
81 19404
81 21492
81 22351
81 23774
81 24710
81 26117
81 27191
81 28335
81 28548
81 29074
81 30040
81 30196
81 30201
81 30417
81 31651
81 32489
81 32554
81 34878
81 35987
81 36165
81 36626
81 36699
81 37327
81 37492
81 38339
81 39344
81 39432
81 39597
81 39927
81 40561
81 43600
81 45428
81 48251
81 48754
81 48882
81 49679
81 51081
81 51838
81 52250
81 53897
81 54408
81 57479
81 58200
81 59105
81 60720
81 62007
81 62060
81 62939
81 63485
81 64498
81 65147
81 66284
81 66725
81 67115
81 69449
81 71443
81 71673
81 72573
81 73924
81 74505
81 75572
75 182
75 1573
75 2624
75 2704
75 7023
75 8083
75 9137
75 11457
75 12622
75 12677
75 14273
75 14501
75 15735
75 16656
75 17425
75 17697
75 19901
75 20849
75 20929
75 21136
75 21802
75 25374
75 25618
75 25665
75 25706
75 27214
75 27823
75 28306
75 28354
75 31465
75 31871
75 32239
75 32670
75 33045
75 34365
75 35705
75 37901
75 38351
75 38520
75 38581
75 38614
75 39858
75 42728
75 43572
75 45036
75 46081
75 46251
75 47017
75 48291
75 48485
75 49423
75 52164
75 52868
75 53152
75 53407
75 54381
75 54383
75 56226
75 56453
75 56622
75 56740
75 58530
75 61895
75 62026
75 62981
75 63334
75 63345
75 68696
75 72146
75 73214
75 73556
75 74024
75 75546
75 77368
75 78520
75 80643
75 80714
75 83184
75 84349
75 84654
75 86315
75 86669
75 87440
73 3347
73 3499
73 3968
73 4809
73 5612
73 6045
73 8301
73 8347
73 8632
73 9282
73 10069
73 10791
73 11259
73 12772
73 14152
73 14314
73 15676
73 16498
73 16613
73 17414
73 18578
73 19550
73 20444
73 20587
73 22367
73 22429
73 25129
73 25681
73 26651
73 27140
73 27150
73 27407
73 27420
73 29672
73 29709
73 30113
73 30287
73 31315
73 32244
73 32583
73 33402
73 33902
73 33924
73 34455
73 34464
73 34484
73 35156
73 36628
73 38198
73 38878
73 40664
73 40714
73 41433
73 41927
73 43760
73 43806
73 45018
73 45683
73 46232
73 46267
73 47955
73 48097
73 52486
73 52585
73 52647
73 53000
73 53509
73 53844
73 53857
73 54533
73 55060
73 55434
73 56032
73 56425
73 58688
73 59007
73 59320
73 60603
73 61877
73 62487
73 64619
73 65280
73 65399
73 65990
73 67086
73 67624
73 67840
73 68430
73 71359
73 74254
73 75170
73 75182
73 75426
73 75631
73 75770
73 75935
73 78476
73 78590
73 79008
73 79478
73 83879
73 86421
73 86904
73 88073
73 89393
71 1855
71 2365
71 4450
71 5378
71 6175
71 6433
71 6739
71 7331
71 7455
71 12096
71 12238
71 13641
71 14578
71 15025
71 15548
71 15823
71 15861
71 18260
71 18694
71 18842
71 22438
71 22950
71 26213
71 26519
71 26837
71 27239
71 27657
71 27707
71 28608
71 31459
71 32571
71 37197
71 37443
71 38144
71 38619
71 40485
71 43863
71 46027
71 46089
71 46476
71 47024
71 47936
71 56997
71 57165
71 57498
71 58535
71 59003
71 59634
71 64518
71 64580
71 64932
71 66076
71 66149
71 66675
71 67633
71 68789
71 69863
71 71120
71 71436
71 73654
71 73866
71 74642
71 75625
71 76801
71 77453
71 77719
71 78415
71 78946
71 79689
71 80041
71 80799
71 81032
71 81877
71 82841
71 84319
71 86003
71 88316
71 88566
71 88713
71 90218
71 90267
71 90838
71 91308
72 847
72 2512
72 2730
72 3278
72 3687
72 4241
72 7236
72 7579
72 7969
72 9659
72 11091
72 11235
72 13742
72 14859
72 17154
72 17616
72 18267
72 18482
72 20434
72 22190
72 22361
72 22432
72 23022
72 23250
72 24841
72 24924
72 24930
72 26156
72 26180
72 27234
72 27745
72 29218
72 30394
72 30856
72 30877
72 32282
72 32738
72 33492
72 34162
72 35043
72 35676
72 36008
72 36106
72 36921
72 36930
72 37754
72 38016
72 38615
72 39263
72 39501
72 41347
72 41550
72 46333
72 46999
72 47204
72 49457
72 52138
72 52244
72 52832
72 53894
72 54168
72 54525
72 54542
72 55492
72 57256
72 58318
72 59419
72 59683
72 59994
72 61864
72 64248
72 64450
72 65852
72 66227
72 66317
72 69152
72 69307
72 70920
72 71749
72 73653
72 76765
72 77612
72 78421
72 79054
72 81933
72 83007
72 83059
72 84787
72 85038
72 85537
72 85711
72 86047
72 86636
72 91260
72 91788
74 132
74 902
74 2289
74 2615
74 2688
74 3089
74 3794
74 6871
74 8872
74 10086
74 13622
74 14120
74 14870
74 15744
74 16731
74 16953
74 17934
74 19183
74 19444
74 19487
74 19601
74 20396
74 20573
74 21252
74 21376
74 22332
74 22568
74 23220
74 23516
74 24217
74 25216
74 25540
74 26189
74 26795
74 26825
74 27853
74 28204
74 28678
74 29018
74 29081
74 29144
74 30503
74 31211
74 31263
74 32585
74 35089
74 35422
74 35456
74 35921
74 37063
74 38491
74 38926
74 39460
74 40926
74 41557
74 42969
74 43627
74 44415
74 45718
74 47200
74 47817
74 50957
74 52878
74 54151
74 54560
74 55510
74 55752
74 56012
74 56121
74 56505
74 57675
74 58086
74 59280
74 59579
74 63082
74 64441
74 66593
74 70843
74 71102
74 71620
74 72169
74 72261
74 73421
74 73847
74 73870
74 74226
74 74442
74 75026
74 75087
74 77249
74 78033
74 79030
74 80241
74 80994
74 83617
74 84742
74 87100
74 87102
74 87840
74 89184
74 89388
74 89761
74 89913
74 90674
74 90953
77 361
77 641
77 1186
77 5784
77 6926
77 7000
77 8443
77 11195
77 11738
77 11896
77 12462
77 12861
77 13154
77 13586
77 14689
77 14899
77 15118
77 15503
77 18137
77 20429
77 21545
77 21589
77 21818
77 23501
77 23585
77 24406
77 27588
77 28484
77 31888
77 33866
77 34858
77 35050
77 35683
77 38762
77 38996
77 39025
77 39534
77 41104
77 41922
77 43478
77 43983
77 46218
77 46447
77 46598
77 46771
77 47364
77 47725
77 48482
77 48565
77 48576
77 51036
77 51948
77 55141
77 55692
77 56333
77 58642
77 60027
77 61381
77 61823
77 63706
77 64709
77 65396
77 65697
77 65737
77 67252
77 68398
77 68919
77 69522
77 75383
77 76738
77 78729
77 79006
77 80050
77 80860
77 82122
77 83019
77 83314
77 85759
77 85808
77 85933
77 86263
77 87331
77 88072
77 88153
77 88174
77 88369
77 88913
77 89573
77 89698
77 89973
77 90660
77 91798
77 92469
77 92541
69 1238
69 1490
69 1700
69 1871
69 1999
69 3408
69 3452
69 3510
69 4418
69 4426
69 6077
69 8149
69 8954
69 10278
69 11453
69 12774
69 13183
69 13388
69 14753
69 15387
69 15888
69 16080
69 16199
69 18545
69 18793
69 19195
69 19223
69 20290
69 21818
69 25008
69 25466
69 25660
69 26496
69 27705
69 29734
69 30419
69 30592
69 32249
69 32433
69 32760
69 34677
69 37181
69 40099
69 40139
69 40961
69 41586
69 44784
69 47044
69 47907
69 48973
69 49259
69 49406
69 50512
69 50776
69 50935
69 51292
69 51541
69 52988
69 54657
69 54747
69 55066
69 56804
69 57353
69 57600
69 58065
69 58408
69 59588
69 60533
69 61825
69 63238
69 64752
69 65482
69 67052
69 68050
69 68334
69 68601
69 69178
69 72096
69 72777
69 72871
69 74198
69 79117
69 79389
69 79707
69 80101
69 81037
69 82529
69 85161
69 85395
69 85535
69 87026
69 87208
69 87266
69 88083
78 323
78 1159
78 5042
78 5537
78 5984
78 6833
78 6987
78 8691
78 9878
78 10553
78 12976
78 13332
78 14123
78 18447
78 19274
78 19381
78 19615
78 20542
78 25441
78 26029
78 27823
78 27868
78 28095
78 28236
78 28551
78 31059
78 32368
78 34075
78 36714
78 38185
78 38678
78 39928
78 40276
78 41130
78 42426
78 42511
78 43433
78 43591
78 45281
78 46438
78 49208
78 49488
78 52020
78 52133
78 52176
78 53687
78 57024
78 57637
78 57652
78 60726
78 64569
78 65853
78 66569
78 71767
78 71895
78 72045
78 72165
78 72830
78 73744
78 73792
78 73826
78 74818
78 75137
78 76024
78 76258
78 76743
78 77163
78 78833
78 79987
78 80733
78 81112
78 81218
78 82605
78 82850
78 84182
78 84456
78 84783
78 85539
78 85552
78 85632
78 87830
78 88285
78 88333
78 88720
78 89736
78 89802
78 89860
78 90069
78 91013
78 92892
79 3293
79 4355
79 5699
79 7488
79 7560
79 13024
79 13686
79 14218
79 15292
79 15566
79 16597
79 17665
79 17958
79 20798
79 22987
79 23377
79 23876
79 24350
79 25369
79 25982
79 27124
79 27503
79 29373
79 30021
79 30374
79 31107
79 31922
79 32209
79 32434
79 33077
79 33914
79 34036
79 34744
79 36894
79 39621
79 40078
79 41600
79 42009
79 43477
79 44484
79 44627
79 46072
79 46459
79 47136
79 47710
79 47959
79 50985
79 54218
79 54669
79 54878
79 58177
79 58297
79 58707
79 58970
79 59761
79 59978
79 61894
79 62043
79 63059
79 64102
79 68089
79 68560
79 69309
79 71063
79 74221
79 75888
79 76201
79 76405
79 77009
79 78166
79 78553
79 80155
79 80794
79 80999
79 82250
79 84001
79 85211
79 85634
79 87702
79 87973
79 88540
79 88806
79 92820
79 93568
79 94127
79 95571
80 631
80 1384
80 1841
80 2164
80 9147
80 9449
80 15567
80 15905
80 16428
80 16681
80 18866
80 21606
80 22742
80 24475
80 25123
80 25401
80 25692
80 26910
80 27944
80 28717
80 29290
80 31367
80 31564
80 32687
80 32851
80 33536
80 33546
80 34412
80 34864
80 35519
80 36019
80 37813
80 38332
80 40245
80 40312
80 42177
80 42958
80 43475
80 44159
80 47558
80 47937
80 48133
80 48707
80 49532
80 49998
80 50160
80 50984
80 52595
80 56131
80 57045
80 57170
80 57984
80 58286
80 58355
80 58813
80 59088
80 60531
80 61981
80 66571
80 68262
80 70370
80 71494
80 71545
80 72693
80 72726
80 72852
80 74841
80 75363
80 75701
80 75717
80 76916
80 77634
80 78012
80 78993
80 79852
80 80183
80 81473
80 81912
80 82576
80 84026
80 84934
80 86451
80 86547
80 88049
80 88382
80 90628
80 90941
80 97364
80 99530
80 99637
80 102840
80 103999
80 104149
80 104474
80 105783
80 106614
80 106881
80 108427
80 108653
80 109078
80 110760
77 94802
77 95188
77 96417
77 96851
77 100082
77 101907
77 102467
77 102817
77 103067
77 103517
77 103651
77 104787
77 105411
77 107509
77 107628
77 107744
77 108607
77 109173
77 109732
77 110640
77 110814
77 111253
79 96140
79 97331
79 98370
79 99455
79 100748
79 100980
79 101767
79 103122
79 103822
79 104563
79 105921
79 105976
79 106875
79 108319
79 109271
79 109429
79 110242
79 111539
74 93219
74 94863
74 95593
74 96419
74 96998
74 99021
74 99518
74 100396
74 103098
74 103477
74 103976
74 105057
74 106132
74 108607
74 108972
74 110154
74 110159
74 110381
74 110680
74 111375
74 112141
74 112275
74 112332
74 113365
74 115832
70 222651
70 223137
70 223297
70 224034
70 225391
70 226354
75 90578
75 91279
75 92422
75 92681
75 94616
75 94739
75 95761
75 96260
75 97605
75 98790
75 99100
75 99913
75 100479
75 101222
75 102792
75 103077
75 103798
75 104308
75 104461
75 104793
75 105152
75 106290
75 106294
75 106682
75 106947
75 107262
75 107889
75 109311
75 109367
75 109388
75 110366
75 111331
75 111805
75 112157
75 112548
75 113518
75 114175
75 114364
75 114365
75 114485
75 114617
75 116525
75 116998
75 120665
75 121573
75 121864
75 122099
75 122333
73 89734
73 90068
73 90125
73 94041
73 94528
73 94894
73 96448
73 97193
73 97220
73 98611
73 99460
73 101159
73 101603
73 101702
73 102744
73 104053
73 107999
73 108401
73 110496
73 111029
73 111142
73 112153
73 114012
73 114031
73 114150
73 114526
73 115704
73 117850
73 118653
73 119038
73 121110
73 121811
78 94487
78 95078
78 95281
78 96263
78 97275
78 97763
78 98173
78 99767
78 100023
78 101705
78 102114
78 102555
78 103749
78 107824
78 109791
78 111464
78 113003
78 115168
78 117551
78 117577
78 124195
78 125345
67 33
67 199
67 1116
67 1789
67 2417
67 3534
67 5503
67 6127
67 6828
67 6873
67 7788
67 12654
67 12731
67 12844
67 14106
67 14479
67 15460
67 16482
67 17938
67 20229
67 20769
67 22572
67 22995
67 24347
67 25082
67 25098
67 26676
67 26752
67 26881
67 27439
67 27464
67 28040
67 30698
67 31783
67 31976
67 34320
67 34566
67 35130
67 35343
67 38170
67 38824
67 39472
67 40500
67 40637
67 42339
67 42363
67 44597
67 45638
67 46797
67 48404
67 48927
67 49012
67 49926
67 50286
67 50340
67 52783
67 54938
67 55122
67 58609
67 58885
67 60151
67 64753
67 64856
67 65041
67 65446
67 66159
67 67075
67 67651
67 68262
67 68296
67 69055
67 69296
67 69634
67 70125
67 71002
67 71601
67 73483
67 73493
67 73911
67 75089
67 76537
67 76954
67 77443
67 77474
67 77510
67 78230
67 78360
67 79031
67 79121
67 79288
67 80593
67 81897
67 84799
67 87050
67 90144
67 90250
67 91531
67 94894
67 95252
82 555
82 1293
82 3791
82 4579
82 5560
82 5781
82 5939
82 6261
82 6279
82 8453
82 13715
82 14096
82 14676
82 15514
82 15535
82 15615
82 17618
82 18054
82 19024
82 19038
82 20275
82 20832
82 22211
82 23135
82 24668
82 25224
82 25458
82 26000
82 27100
82 28666
82 28741
82 29087
82 29728
82 29944
82 30234
82 32027
82 35685
82 37400
82 37715
82 38262
82 38646
82 39203
82 39570
82 40326
82 41459
82 41488
82 43172
82 43267
82 45454
82 46024
82 46553
82 46611
82 49058
82 50373
82 50694
82 52464
82 52476
82 54471
82 56561
82 57307
82 58279
82 59108
67 96420
67 97856
67 98088
67 98543
67 99408
67 99502
72 93424
72 94528
72 96168
72 97470
72 98895
72 100406
72 101685
72 102004
72 102277
72 104038
72 105679
72 106924
72 109587
72 110561
72 110797
72 111592
72 112121
72 112544
72 113293
72 114022
72 114045
72 115196
72 115544
72 115933
72 116022
72 116718
72 117430
72 119058
72 119191
72 119270
72 119992
72 120639
72 120787
72 121935
72 123584
72 124585
72 124727
72 125309
72 125399
72 125595
72 125906
72 128172
72 129361
72 130739
72 132197
72 132748
72 137571
72 138792
72 140769
72 141525
72 143482
72 143995
72 144751
72 144988
72 145012
72 147530
72 149485
72 149732
72 149775
72 151239
72 152316
72 152585
72 153473
72 154511
72 155400
72 156643
72 156937
72 159698
72 161959
72 162343
72 162703
72 164069
72 164947
72 165636
72 165844
72 166334
72 166596
72 167888
72 168258
72 170134
72 170851
72 171473
72 171648
72 172668
72 174037
72 174782
72 175788
72 175890
72 177591
72 177744
72 178223
72 178238
72 178253
72 180006
72 180201
72 180681
72 181401
72 183467
71 91607
71 91974
71 92016
71 95012
71 96667
71 97861
71 98217
71 98251
71 98327
71 98489
71 99403
71 99569
71 101371
71 103118
71 104309
71 104760
71 104943
71 105008
71 105287
71 105511
71 107306
71 107552
71 108468
71 108667
71 110550
71 111461
71 111979
71 113323
71 114325
71 114560
71 115789
71 116635
71 120947
71 121089
71 123221
71 123331
71 123349
71 123476
71 124932
71 126863
71 129536
71 130639
71 131042
71 131391
71 131710
71 133065
71 133282
71 135201
71 136549
71 137324
71 143361
71 143762
71 143911
71 145382
71 145412
71 145631
71 147487
71 147616
71 149066
71 150222
71 151198
71 151826
71 152279
71 154336
71 154866
71 156338
71 156847
71 157386
71 159954
71 161219
71 162288
71 162461
71 163463
71 163494
71 164082
71 164334
71 165688
71 166106
71 167425
71 168580
71 169613
71 172778
71 172963
71 174160
71 176371
71 177396
71 177512
71 177647
71 177851
71 179081
71 179411
71 179551
71 179994
69 90360
69 90751
69 91637
69 91940
69 92346
69 92554
69 93615
69 93713
69 94114
69 94728
69 96639
69 96735
69 96813
69 97243
69 98550
69 98844
69 101428
69 106555
69 106783
69 109196
69 110051
69 111351
69 112418
69 113137
69 113213
69 113562
69 114519
69 115564
69 116677
69 118810
69 118992
69 120840
69 123577
69 124163
69 124272
69 125867
69 126238
69 126806
69 127218
69 128958
69 129277
69 129831
69 132646
69 132802
69 133057
69 133778
69 135876
69 135918
69 136076
69 137201
69 137232
69 140360
69 141235
69 141426
69 141685
69 144580
69 146229
69 147083
69 148501
69 149670
69 150109
69 150600
69 150857
69 151309
69 151988
69 152333
69 152499
69 153751
69 155352
69 155876
69 156262
69 156563
69 156937
69 159608
69 161388
69 161717
69 163232
69 164433
69 165262
69 165772
69 166334
69 166636
69 166904
69 167264
69 168489
69 170552
69 171071
69 171310
69 171316
69 171325
69 171335
69 171831
69 173133
69 175403
69 176463
69 177274
69 179624
69 180528
69 181924
69 182002
69 184062
69 185498
69 185875
69 186219
69 188512
69 188754
69 190424
69 190828
69 193667
69 196838
69 198757
69 199318
69 201574
76 123
76 592
76 1364
76 2236
76 2425
76 3533
76 4855
76 8543
76 9912
76 10242
76 11421
76 11461
76 12026
76 13375
76 13825
76 14413
76 14580
76 17119
76 17214
76 17914
76 20244
76 20752
76 21001
76 21570
76 21817
76 22375
76 23348
76 23376
76 24589
76 25358
76 26132
76 27362
76 27874
76 28085
76 28898
76 28930
76 28971
76 35237
76 35684
76 38073
76 40653
76 43483
76 44019
76 44414
76 44765
76 45884
76 46992
76 48408
76 48490
76 49763
76 50126
76 50158
76 50553
76 51124
76 54189
76 54276
76 55152
76 56709
76 57412
76 58102
76 58766
76 58813
76 59126
76 59292
76 59382
76 59671
76 60960
76 61000
76 62114
76 62387
76 63468
76 66136
76 66769
76 67916
76 68343
76 69064
76 69652
76 69783
76 70147
76 70221
76 70246
76 70269
76 71379
76 71407
76 72884
76 73057
76 73382
76 74423
76 74971
76 76593
76 76922
76 77087
76 77621
76 77623
76 79019
76 79312
76 79375
76 79863
76 79864
76 83274
76 83607
76 85060
76 86437
76 86509
76 86971
76 87186
76 87712
76 88475
76 89988
76 91222
76 92191
76 92510
76 93739
76 94278
71 181171
71 182069
71 182218
71 183051
71 183523
71 183772
71 185496
71 185894
71 186396
71 186916
71 187246
71 188678
71 189421
71 191874
71 192441
71 195275
71 195690
71 196070
71 196127
71 196893
71 196982
71 197011
71 197255
71 197731
71 197789
71 198176
71 198186
71 198941
71 199923
71 200143
71 200392
71 200520
71 202029
71 202148
71 202241
71 202921
71 203869
71 204313
71 205091
71 205699
71 208262
71 209269
71 210619
71 210713
71 210739
71 211988
70 524
70 1091
70 1235
70 2329
70 3127
70 4341
70 4498
70 4966
70 5308
70 5435
70 5573
70 6825
70 8027
70 8215
70 8463
70 8869
70 8904
70 9660
70 10175
70 11911
70 13777
70 15420
70 15840
70 17023
70 18472
70 18897
70 19522
70 22537
70 22677
70 22897
70 23982
70 27119
70 27236
70 29860
70 30209
70 30375
70 30611
70 33090
70 34565
70 34585
70 36037
70 37946
70 38726
70 38913
70 39235
70 41919
70 42820
70 45273
70 45975
70 46553
70 46701
70 49021
70 49681
70 50947
70 52167
70 52836
70 53969
70 54857
70 55064
70 55378
70 55938
70 57361
70 57946
70 58159
70 60754
70 61588
70 61977
70 62235
70 63692
70 65287
70 65738
70 69635
70 72650
70 74086
70 74529
70 76850
70 78602
70 79054
70 82033
70 82509
70 82796
70 84952
70 85511
72 184497
72 186316
72 186668
72 189354
72 189538
72 190637
72 191937
72 192547
72 193970
72 195912
72 197908
72 198412
72 198623
72 199903
72 200981
72 201977
72 202728
72 202850
72 203977
72 205545
72 207612
72 210057
72 210428
72 210900
72 212100
72 212788
72 213876
72 216359
72 219522
72 220702
72 221548
72 222033
72 223699
72 223954
72 224018
72 224358
72 224395
72 225583
72 225757
72 226357
72 226881
72 227688
72 229813
72 229983
72 230610
76 95653
76 95868
76 96677
76 97092
76 97296
76 98202
76 99789
76 100189
76 100372
76 100437
76 102714
76 102936
76 103370
76 105503
76 105508
76 106089
76 107098
76 109528
76 110083
76 110164
76 110312
76 111650
76 112749
76 113005
76 113049
76 113207
76 113712
76 114743
76 115333
76 115467
76 116723
76 117611
76 117915
76 118091
76 118462
76 120713
76 121142
76 121800
76 122229
76 122331
76 122743
76 122752
76 122781
76 123618
76 124323
76 126292
76 126694
76 126767
76 127232
70 88246
70 89363
70 90130
70 90582
70 91547
70 91839
70 92152
70 92316
70 92329
70 93227
70 94093
70 95605
70 96496
70 96693
70 98286
70 98833
70 98836
70 101043
70 101266
70 102570
70 103180
70 103217
70 104342
70 104526
70 105141
70 105878
70 106148
70 106179
70 106391
70 107466
70 107749
70 107803
70 109557
70 111263
70 112476
70 112687
70 113095
70 114764
70 115055
70 115074
70 116661
70 116669
70 118676
70 119885
70 119986
70 120095
70 120709
70 121348
70 122036
70 122253
70 122375
70 122686
70 123118
70 124265
70 124758
70 126463
70 128943
70 129741
70 129882
70 130455
70 131767
70 131889
70 132478
70 133917
70 134194
70 134360
70 135377
70 136863
70 137653
70 139145
70 139992
70 141472
70 142189
70 142362
70 143374
70 144073
70 145163
70 145423
70 146078
70 146871
70 147282
70 148031
70 151729
70 152138
70 152785
70 153601
70 155119
70 155263
70 155668
70 156782
70 157509
70 157795
70 159799
70 160588
70 161928
70 162743
70 163140
70 167189
70 167958
70 168151
70 168229
70 168594
70 169343
70 169444
70 170567
70 170662
70 172086
70 173566
70 173963
70 174367
70 174767
70 176685
70 177515
70 179409
70 181134
70 183111
70 183349
70 183535
70 184507
70 185684
70 187486
70 187788
70 188359
70 189131
70 189144
70 190056
70 191158
70 191982
70 193364
70 193808
70 193817
70 194449
70 194510
70 195518
70 197609
70 197834
70 199337
70 199591
70 199776
70 199810
70 200254
70 200917
70 201624
70 201884
70 202346
70 202769
70 203220
70 203294
70 203771
70 204010
70 204768
70 206153
70 207131
70 207711
70 208771
70 208953
70 209503
70 209727
70 211345
70 212041
70 212814
70 213864
70 213979
70 214627
70 214939
70 216112
70 216600
70 216838
70 217978
70 219048
