69 67
69 267
69 462
69 471
69 917
69 1068
69 1087
69 1236
69 1531
69 1548
69 1616
69 1801
69 1999
69 2272
69 2337
69 2478
69 2549
69 2856
69 3113
69 3326
69 3355
69 3452
69 180187
69 180219
69 180528
69 180571
69 3647
69 3691
69 180902
69 3799
69 180978
69 3892
69 3894
69 4067
69 4161
69 181482
69 181554
69 4383
69 181940
69 4572
69 4641
69 4694
69 4801
69 182109
69 182299
69 182305
69 5126
69 182356
69 182724
69 5622
69 182934
69 5781
69 5838
69 183144
69 183267
69 183296
69 5853
69 183313
69 183337
69 5889
69 183408
69 5916
69 183517
69 183546
69 6190
69 183673
69 6503
69 6597
69 6936
69 184313
69 184342
69 184369
69 7108
69 7183
69 184676
69 7244
69 184730
69 7314
69 7333
69 7411
69 7431
69 185093
69 185211
69 185215
69 7875
69 185513
69 185521
69 185547
69 185616
69 8398
69 186111
69 8849
69 186362
69 186395
69 9032
69 186612
69 186746
69 186781
69 9446
69 186867
69 187104
69 187209
69 9807
69 187419
69 187441
69 10166
69 10232
69 187729
69 187880
69 188038
69 188045
69 188072
69 10800
69 188152
69 10929
69 188410
69 11169
69 188578
69 11449
69 188871
69 188909
69 188920
69 188933
69 188979
69 189059
69 11614
69 189388
69 12019
69 12059
69 12108
69 189614
69 189691
69 12277
69 12537
69 190339
69 12856
69 12862
69 190885
69 191068
69 12997
69 13075
69 13220
69 13319
69 13329
69 14127
69 14422
69 14550
69 14984
69 15273
69 88419
69 88508
69 88604
69 15472
69 15518
69 88716
69 88795
69 191216
69 88864
69 89004
69 89036
69 15744
69 89255
69 89410
69 89421
69 191709
69 191718
69 89497
69 89584
69 89587
69 191934
69 89772
69 192097
69 89815
69 192233
69 89992
69 192266
69 16197
69 90309
69 192769
69 90680
69 192830
69 90707
69 90721
69 90742
69 90749
69 192942
69 193009
69 193012
69 193050
69 90876
69 90961
69 91044
69 91139
69 91185
69 16990
69 193414
69 193443
69 91915
69 193553
69 92238
69 92388
69 193610
69 92462
69 193666
69 92509
69 92630
69 17465
69 193818
69 193941
69 193985
69 17552
69 93062
69 194027
69 194061
69 194308
69 194470
69 194568
69 93713
69 93758
69 93879
69 93899
69 194799
69 194843
69 93939
69 94201
69 195027
69 18384
69 195177
69 195180
69 195328
69 195348
69 94486
69 94521
69 18557
69 195553
69 94626
69 195648
69 18648
69 195713
69 94954
69 95000
69 95011
69 95142
69 95151
69 196122
69 18980
69 95377
69 95498
69 19075
69 95598
69 95816
69 196398
69 95935
69 96073
69 196621
69 196647
69 19376
69 196653
69 196678
69 96639
69 196747
69 196838
69 197060
69 197133
69 97237
69 19755
69 197337
69 97602
69 197417
69 19847
69 97835
69 19889
69 197523
69 19912
69 97860
69 98027
69 197722
69 197769
69 98469
69 98542
69 98630
69 20398
69 20405
69 98742
69 198410
69 198420
69 98917
69 198446
69 198453
69 198511
69 198757
69 198935
69 21034
69 99462
69 21179
69 199150
69 99594
69 99674
69 199304
69 99738
69 21434
69 21509
69 199516
69 100211
69 100279
69 199847
69 100322
69 199900
69 199916
69 100514
69 200082
69 100851
69 200236
69 21831
69 200345
69 101058
69 200392
69 21943
69 22026
69 101557
69 200746
69 22239
69 101797
69 200776
69 101833
69 101867
69 22484
69 101980
69 102086
69 102202
69 102505
69 102548
69 201532
69 102709
69 22957
69 22991
69 201624
69 102973
69 201737
69 23086
69 103096
69 103295
69 23189
69 201952
69 103465
69 202080
69 103761
69 103770
69 104045
69 104093
69 104253
69 104494
69 104584
69 24088
69 104674
69 104690
69 104705
69 104754
69 24272
69 24335
69 105681
69 24416
69 105817
69 105829
69 24816
69 24998
69 106413
69 106461
69 25045
69 106535
69 106847
69 25164
69 106896
69 25337
69 25351
69 107092
69 107135
69 107496
69 107518
69 25660
69 107706
69 107821
69 107838
69 25895
69 108100
69 108247
69 108429
69 26356
69 26386
69 108450
69 108504
69 26511
69 108649
69 108669
69 109408
69 26870
69 109609
69 26994
69 110014
69 27140
69 110263
69 110416
69 110438
69 110713
69 110874
69 27776
69 111044
69 111244
69 29154
69 111281
69 111428
69 111888
69 111922
69 111955
69 112043
69 112166
69 29888
69 112361
69 112418
69 30164
69 112646
69 112801
69 30398
69 30565
69 30592
69 113216
69 30881
69 30957
69 113699
69 113763
69 31232
69 114090
69 31294
69 114238
69 114479
69 114518
69 114596
69 31645
69 31878
69 114905
69 31960
69 31994
69 114947
69 115125
69 115151
69 115196
69 32249
69 32313
69 115465
69 115469
69 32437
69 115866
69 116124
69 32590
69 32678
69 116450
69 32847
69 116826
69 32892
69 116899
69 33106
69 116978
69 117355
69 117446
69 117608
69 117778
69 117797
69 117833
69 117864
69 117958
69 118013
69 118192
69 118235
69 118246
69 118257
69 118577
69 118831
69 34174
69 34270
69 119206
69 119424
69 119539
69 119649
69 119834
69 119921
69 119982
69 34797
69 34824
69 120172
69 120328
69 35054
69 120355
69 120773
69 121084
69 35421
69 121508
69 35602
69 121561
69 35656
69 35752
69 121775
69 121877
69 35964
69 122056
69 122062
69 122164
69 122274
69 122452
69 122884
69 122896
69 36476
69 36677
69 36830
69 123311
69 36939
69 123929
69 124669
69 37420
69 124920
69 124973
69 37623
69 125303
69 125336
69 125405
69 37899
69 125471
69 125606
69 125942
69 125995
69 126149
69 126231
69 126303
69 38293
69 126567
69 38385
69 38521
69 126972
69 127225
69 127241
69 38875
69 127583
69 39018
69 127902
69 39185
69 39213
69 128264
69 39249
69 128340
69 128564
69 128786
69 129091
69 39897
69 129136
69 40112
69 40139
69 40204
69 40319
69 40365
69 40429
69 40487
69 40541
69 40605
69 40740
69 40761
69 40783
69 41011
69 41048
69 41105
69 41422
69 41444
69 41456
69 41509
69 41808
69 41914
69 41933
69 41983
69 42072
69 42185
69 42322
69 42908
69 42992
69 43008
69 43098
69 43555
69 43615
69 43633
69 43636
69 44212
69 44331
69 44464
69 44740
69 44784
69 44967
69 45036
69 45051
69 45229
69 45296
69 129213
69 129269
69 46023
69 46041
69 129710
69 46113
69 46114
69 130090
69 46339
69 130545
69 130729
69 130738
69 131550
69 46915
69 131865
69 131870
69 131890
69 132162
69 47008
69 132163
69 132258
69 47044
69 132438
69 132440
69 132448
69 132474
69 47214
69 132748
69 133015
69 133136
69 133332
69 133475
69 133727
69 133908
69 134011
69 134015
69 134357
69 134562
69 47951
69 48011
69 134823
69 48023
69 134885
69 135164
69 135271
69 135274
69 135357
69 135666
69 48309
69 135675
69 48362
69 48447
69 136230
69 136285
69 136287
69 48551
69 136420
69 136457
69 136475
69 136644
69 136712
69 136796
69 136952
69 49072
69 49235
69 137582
69 49337
69 137969
69 138017
69 49373
69 138036
69 49406
69 138239
69 138998
69 50244
69 50282
69 50424
69 139240
69 139350
69 139396
69 50752
69 139599
69 50871
69 139688
69 139822
69 50941
69 139994
69 140095
69 140145
69 51016
69 140360
69 51178
69 140462
69 140466
69 51233
69 140469
69 51292
69 140561
69 51293
69 51307
69 140753
69 51488
69 140949
69 140993
69 51728
69 51861
69 51942
69 141733
69 52210
69 141998
69 52272
69 52315
69 142263
69 142372
69 142423
69 142447
69 52668
69 143077
69 143117
69 143152
69 143229
69 143449
69 53100
69 143522
69 53325
69 143952
69 144119
69 53434
69 144216
69 53495
69 144486
69 53738
69 53784
69 53856
69 53947
69 145365
69 53993
69 145485
69 145488
69 54007
69 54118
69 54268
69 146016
69 146185
69 146297
69 54747
69 146494
69 54777
69 146511
69 146558
69 146698
69 146803
69 55031
69 147083
69 147128
69 147161
69 55251
69 147901
69 55466
69 55505
69 55508
69 148129
69 148175
69 55551
69 55623
69 55640
69 55744
69 55779
69 55839
69 55938
69 148966
69 148986
69 56055
69 149329
69 149527
69 56414
69 149670
69 56608
69 149740
69 149784
69 56758
69 150292
69 150297
69 150298
69 56914
69 150619
69 150637
69 150671
69 150754
69 150757
69 150926
69 150931
69 150945
69 150981
69 151039
69 151125
69 57317
69 151535
69 151562
69 57535
69 57566
69 151956
69 57624
69 152311
69 152365
69 152369
69 152734
69 152809
69 58170
69 152965
69 58251
69 58275
69 58315
69 153409
69 153728
69 153746
69 153920
69 153955
69 153969
69 154005
69 154022
69 59012
69 154107
69 59027
69 154305
69 154540
69 154572
69 154644
69 154730
69 154926
69 155064
69 155095
69 59481
69 59617
69 155443
69 59631
69 155501
69 155629
69 59984
69 155664
69 59986
69 60003
69 60021
69 155807
69 155851
69 155912
69 60378
69 156186
69 156299
69 156304
69 156656
69 60827
69 157012
69 157321
69 157376
69 157488
69 61335
69 157621
69 61342
69 157695
69 157827
69 61475
69 158038
69 61563
69 61749
69 61825
69 158211
69 158244
69 62127
69 158402
69 158482
69 62235
69 158749
69 62250
69 158801
69 159177
69 159530
69 62705
69 159564
69 62723
69 159654
69 159775
69 159830
69 159843
69 160040
69 160188
69 63159
69 63185
69 63243
69 63257
69 161189
69 161221
69 63492
69 161227
69 63521
69 161388
69 161500
69 63691
69 63735
69 161654
69 63841
69 63992
69 161902
69 64168
69 162130
69 162155
69 162416
69 64292
69 162506
69 64412
69 162691
69 64456
69 64589
69 64624
69 163290
69 64675
69 163498
69 163663
69 163768
69 64991
69 65098
69 65298
69 164086
69 65431
69 164099
69 164201
69 164360
69 65893
69 66074
69 164578
69 66338
69 164769
69 66472
69 165085
69 165259
69 67014
69 165850
69 67090
69 166060
69 166189
69 166190
69 67288
69 166253
69 67498
69 166585
69 167083
69 167112
69 68057
69 68118
69 68137
69 167379
69 68201
69 68258
69 68268
69 68444
69 68496
69 68757
69 68759
69 68924
69 69204
69 69396
69 69779
69 69957
69 70170
69 70227
69 70259
69 70424
69 70532
69 70774
69 70932
69 71000
69 71027
69 71051
69 71109
69 71964
69 71988
69 167514
69 167522
69 72113
69 167648
69 167684
69 167726
69 72293
69 72447
69 167965
69 168056
69 168175
69 168248
69 72714
69 168308
69 168370
69 72837
69 168483
69 72871
69 72960
69 168581
69 168703
69 73129
69 168969
69 169202
69 169220
69 73412
69 73442
69 169581
69 73456
69 73635
69 73639
69 170172
69 170418
69 170506
69 73834
69 170580
69 73918
69 74111
69 74282
69 170990
69 171071
69 74325
69 171108
69 171163
69 171310
69 171325
69 74823
69 171335
69 171600
69 171642
69 171653
69 171776
69 75126
69 75424
69 172351
69 172352
69 75432
69 75688
69 76002
69 76014
69 173156
69 76155
69 173184
69 173271
69 173419
69 173478
69 76493
69 173832
69 76644
69 173873
69 173905
69 174001
69 174032
69 174235
69 174296
69 76977
69 77036
69 77046
69 77207
69 174735
69 174774
69 175273
69 77540
69 175385
69 175406
69 175481
69 77917
69 175724
69 175826
69 78049
69 175893
69 175909
69 78130
69 78173
69 175984
69 78257
69 78339
69 176326
69 176356
69 78435
69 78562
69 78915
69 78971
69 79050
69 176947
69 176994
69 177090
69 79369
69 177274
69 177486
69 79537
69 177847
69 79711
69 79783
69 79826
69 178079
69 178098
69 79934
69 80033
69 80101
69 178731
69 80386
69 179022
69 179248
69 179330
69 179439
69 80651
69 80743
69 179475
69 80777
69 81016
69 81093
69 81819
69 82181
69 82248
69 82529
69 82872
69 82905
69 82947
69 83029
69 83190
69 83370
69 83419
69 83480
69 83863
69 84610
69 84700
69 84861
69 85181
69 86091
69 86467
69 86527
69 87207
69 87447
69 87660
69 87769
69 87812
69 88090
69 88185
69 88229
69 88327
