! 10He range in Si
! apply ZOOM for details
Energy (MeV/u)1	0 - [He-base] F.Hubert et al, AD&ND Tables 46(1990)1	Energy (MeV/u)2	1 - [H -base] J.F.Ziegler et al,Pergamon Press,NY(low energy)	Energy (MeV/u)3	2 - ATIMA 1.2 LS-theory (recommended for high energy)	Energy (MeV/u)4	3 - ATIMA 1.2 without LS-correction	Energy (MeV/u)5	4 - ATIMA 1.4 H.Weick, improved mean charge formula for HI	Energy (MeV/u)6	5 - Range straggling - method [0] - LISE	Energy (MeV/u)7	6 - Range straggling - method [1] - Atima	Energy (MeV/u)8	7 - Lateral range - method [0] - LISE	Energy (MeV/u)9	8 - Lateral range - method [1] - Atima	Energy (MeV/u)10	9 - Lateral range - method [2] - PDG	
0.001000	0.230347  	0.001000	0.230347  	0.001000	0.19288   	0.001000	0.19288   	0.001000	0.193016  	0.001000	0         	0.001000	0         	0.001000	0.00567257	0.001000	0.0085068 	0.001000	0.00451781	
0.002000	0.469695  	0.002000	0.460694  	0.002000	0.385759  	0.002000	0.385759  	0.002000	0.386032  	0.002000	0.0229186 	0.002000	0.0229186 	0.002000	0.0166171 	0.002000	0.0240807 	0.002000	0.0136455 	
0.005000	1.00558   	0.005000	0.97643   	0.005000	0.791997  	0.005000	0.791997  	0.005000	0.792376  	0.005000	0.0258338 	0.005000	0.0258338 	0.005000	0.0497253 	0.005000	0.0704268 	0.005000	0.041598  	
0.008000	1.39405   	0.008000	1.35029   	0.008000	1.0774    	0.008000	1.0774    	0.008000	1.07781   	0.008000	0.0258844 	0.008000	0.0258844 	0.008000	0.0796082 	0.008000	0.111637  	0.008000	0.0671006 	
0.010000	1.61007   	0.010000	1.55818   	0.010000	1.23464   	0.010000	1.23464   	0.010000	1.23506   	0.010000	0.02603   	0.010000	0.02603   	0.010000	0.0980867 	0.010000	0.136936  	0.010000	0.08295   	
0.015000	2.04563   	0.015000	1.97736   	0.015000	1.56277   	0.015000	1.56277   	0.015000	1.56319   	0.015000	0.0266384 	0.015000	0.0266384 	0.015000	0.140784  	0.015000	0.194346  	0.015000	0.11973   	
0.020000	2.38422   	0.020000	2.30322   	0.020000	1.83405   	0.020000	1.83405   	0.020000	1.83448   	0.020000	0.0273441 	0.020000	0.0273441 	0.020000	0.180058  	0.020000	0.242789  	0.020000	0.153723  	
0.025000	2.66659   	0.025000	2.57498   	0.025000	2.06986   	0.025000	2.06986   	0.025000	2.0703    	0.025000	0.0280278 	0.025000	0.0280278 	0.025000	0.213702  	0.025000	0.281407  	0.025000	0.182944  	
0.030000	2.91258   	0.030000	2.81171   	0.030000	2.28223   	0.030000	2.28223   	0.030000	2.28267   	0.030000	0.0286713 	0.030000	0.0286713 	0.030000	0.237716  	0.030000	0.308171  	0.030000	0.203873  	
0.035000	3.13337   	0.035000	3.0242    	0.035000	2.47874   	0.035000	2.47874   	0.035000	2.47918   	0.035000	0.0292829 	0.035000	0.0292829 	0.035000	0.256283  	0.035000	0.32878   	0.035000	0.220111  	
0.040000	3.33593   	0.040000	3.21914   	0.040000	2.66332   	0.040000	2.66332   	0.040000	2.66376   	0.040000	0.0298652 	0.040000	0.0298652 	0.040000	0.271497  	0.040000	0.345738  	0.040000	0.233461  	
0.045000	3.52493   	0.045000	3.40103   	0.045000	2.83866   	0.045000	2.83866   	0.045000	2.8391    	0.045000	0.0304227 	0.045000	0.0304227 	0.045000	0.284529  	0.045000	0.360289  	0.045000	0.244928  	
0.050000	3.70362   	0.050000	3.57301   	0.050000	3.00671   	0.050000	3.00671   	0.050000	3.00715   	0.050000	0.03096   	0.050000	0.0310612 	0.050000	0.29582   	0.050000	0.372992  	0.050000	0.254895  	
0.055000	3.87439   	0.055000	3.73735   	0.055000	3.16892   	0.055000	3.16892   	0.055000	3.16936   	0.055000	0.0314811 	0.055000	0.0317205 	0.055000	0.305861  	0.055000	0.384346  	0.055000	0.263783  	
0.060000	4.03901   	0.060000	3.89578   	0.060000	3.32643   	0.060000	3.32643   	0.060000	3.32687   	0.060000	0.0319898 	0.060000	0.0323462 	0.060000	0.31501   	0.060000	0.394668  	0.060000	0.271904  	
0.070000	4.35499   	0.070000	4.19988   	0.070000	3.6307    	0.070000	3.6307    	0.070000	3.63114   	0.070000	0.0329825 	0.070000	0.0335267 	0.070000	0.331263  	0.070000	0.413024  	0.070000	0.286388  	
0.080000	4.65932   	0.080000	4.49276   	0.080000	3.92481   	0.080000	3.92481   	0.080000	3.92526   	0.080000	0.0339587 	0.080000	0.0346465 	0.080000	0.345663  	0.080000	0.429176  	0.080000	0.299285  	
0.090000	4.95694   	0.090000	4.77919   	0.090000	4.2124    	0.090000	4.2124    	0.090000	4.21284   	0.090000	0.0349342 	0.090000	0.035734  	0.090000	0.358568  	0.090000	0.443576  	0.090000	0.310904  	
0.100000	5.25109   	0.100000	5.06228   	0.100000	4.49602   	0.100000	4.49602   	0.100000	4.49646   	0.100000	0.0359209 	0.100000	0.0368086 	0.100000	0.370661  	0.100000	0.456943  	0.100000	0.321827  	
0.120000	5.83702   	0.120000	5.62617   	0.120000	5.05841   	0.120000	5.05841   	0.120000	5.05885   	0.120000	0.037962  	0.120000	0.0389695 	0.120000	0.392234  	0.120000	0.481051  	0.120000	0.341782  	
0.140000	6.42748   	0.140000	6.19443   	0.140000	5.62207   	0.140000	5.62207   	0.140000	5.62251   	0.140000	0.0401335 	0.140000	0.0411998 	0.140000	0.411648  	0.140000	0.50301   	0.140000	0.360377  	
0.160000	7.02739   	0.160000	6.77178   	0.160000	6.1928    	0.160000	6.1928    	0.160000	6.19325   	0.160000	0.0424654 	0.160000	0.0435378 	0.160000	0.429914  	0.160000	0.523544  	0.160000	0.378059  	
0.180000	7.63914   	0.180000	7.36052   	0.180000	6.77406   	0.180000	6.77406   	0.180000	6.77451   	0.180000	0.0449746 	0.180000	0.0460035 	0.180000	0.447389  	0.180000	0.543102  	0.180000	0.395098  	
0.200000	8.26393   	0.200000	7.96181   	0.200000	7.36791   	0.200000	7.36791   	0.200000	7.36836   	0.200000	0.0476687 	0.200000	0.0486062 	0.200000	0.464359  	0.200000	0.562044  	0.200000	0.411725  	
0.250000	9.88654   	0.250000	9.52341   	0.250000	8.91464   	0.250000	8.91464   	0.250000	8.91508   	0.250000	0.0552173 	0.250000	0.0557218 	0.250000	0.505634  	0.250000	0.607627  	0.250000	0.452515  	
0.300000	11.5994   	0.300000	11.1719   	0.300000	10.556    	0.300000	10.556    	0.300000	10.5564   	0.300000	0.0638837 	0.300000	0.06367   	0.300000	0.546486  	0.300000	0.651953  	0.300000	0.493382  	
0.350000	13.4056   	0.350000	12.9102   	0.350000	12.2946   	0.350000	12.2946   	0.350000	12.2951   	0.350000	0.0735926 	0.350000	0.0723831 	0.350000	0.587091  	0.350000	0.695798  	0.350000	0.534052  	
0.400000	15.3078   	0.400000	14.7408   	0.400000	14.1313   	0.400000	14.1313   	0.400000	14.1317   	0.400000	0.0842768 	0.400000	0.0817994 	0.400000	0.628143  	0.400000	0.739664  	0.400000	0.575344  	
0.450000	17.3078   	0.450000	16.6656   	0.450000	16.0661   	0.450000	16.0661   	0.450000	16.0666   	0.450000	0.095885  	0.450000	0.0918705 	0.450000	0.669858  	0.450000	0.783867  	0.450000	0.617424  	
0.500000	19.4072   	0.500000	18.6861   	0.500000	18.099    	0.500000	18.099    	0.500000	18.0994   	0.500000	0.108379  	0.500000	0.102559  	0.500000	0.712372  	0.500000	0.828637  	0.500000	0.660384  	
0.600000	23.907    	0.600000	23.0166   	0.600000	22.4569   	0.600000	22.4569   	0.600000	22.4573   	0.600000	0.13591   	0.600000	0.125671  	0.600000	0.800045  	0.600000	0.921124  	0.600000	0.748997  	
0.700000	28.8087   	0.700000	27.734    	0.700000	27.2003   	0.700000	27.2003   	0.700000	27.2008   	0.700000	0.166687  	0.700000	0.150942  	0.700000	0.891522  	0.700000	1.01781   	0.700000	0.83727   	
0.800000	34.1094   	0.800000	32.8353   	0.800000	32.3228   	0.800000	32.3228   	0.800000	32.3233   	0.800000	0.200568  	0.800000	0.178219  	0.800000	0.987392  	0.800000	1.11891   	0.800000	0.929332  	
0.900000	39.8034   	0.900000	38.3152   	0.900000	37.8171   	0.900000	37.8171   	0.900000	37.8176   	0.900000	0.237432  	0.900000	0.207371  	0.900000	1.08737   	0.900000	1.22429   	0.900000	1.02516   	
1.000000	45.8843   	1.000000	44.1674   	1.000000	43.676    	1.000000	43.676    	1.000000	43.6765   	1.000000	0.277179  	1.000000	0.238294  	1.000000	1.19186   	1.000000	1.33412   	1.000000	1.12526   	
1.250000	62.7348   	1.250000	60.3842   	1.250000	59.8742   	1.250000	59.8742   	1.250000	59.8746   	1.250000	0.388628  	1.250000	0.323781  	1.250000	1.46976   	1.250000	1.6272    	1.250000	1.3593    	
1.500000	81.8646   	1.500000	78.7946   	1.500000	78.2163   	1.500000	78.2163   	1.500000	78.2168   	1.500000	0.516616  	1.500000	0.424599  	1.500000	1.72695   	1.500000	1.94511   	1.500000	1.60457   	
1.750000	103.195   	1.750000	99.3229   	1.750000	98.6307   	1.750000	98.6307   	1.750000	98.6311   	1.750000	0.660534  	1.750000	0.538181  	1.750000	2.01497   	1.750000	2.25504   	1.750000	1.87918   	
2.000000	126.663   	2.000000	121.908   	2.000000	121.061   	2.000000	121.061   	2.000000	121.062   	2.000000	0.819989  	2.000000	0.66247   	2.000000	2.33184   	2.000000	2.57689   	2.000000	2.18138   	
2.250000	152.217   	2.250000	146.501   	2.250000	145.462   	2.250000	145.462   	2.250000	145.463   	2.250000	0.994696  	2.250000	0.796363  	2.250000	2.67621   	2.250000	2.92426   	2.250000	2.50994   	
2.500000	179.82    	2.500000	173.059   	2.500000	171.796   	2.500000	171.796   	2.500000	171.796   	2.500000	1.18442   	2.500000	0.939227  	2.500000	3.04708   	2.500000	3.29584   	2.500000	2.86395   	
3.000000	239.579   	3.000000	231.923   	3.000000	230.128   	3.000000	230.128   	3.000000	230.129   	3.000000	1.60812   	3.000000	1.2503    	3.000000	3.86538   	3.000000	4.10777   	3.000000	3.64562   	
3.500000	306.71    	3.500000	298.242   	3.500000	295.822   	3.500000	295.822   	3.500000	295.823   	3.500000	2.08956   	3.500000	1.5932    	3.500000	4.78189   	3.500000	5.00656   	3.500000	4.52183   	
4.000000	381.024   	4.000000	371.791   	4.000000	368.675   	4.000000	368.675   	4.000000	368.676   	4.000000	2.62727   	4.000000	1.96609   	4.000000	5.79296   	4.000000	5.98771   	4.000000	5.48917   	
4.500000	462.363   	4.500000	452.375   	4.500000	448.508   	4.500000	448.508   	4.500000	448.508   	4.500000	3.21987   	4.500000	2.36766   	4.500000	6.89562   	4.500000	7.04764   	4.500000	6.54478   	
5.000000	550.59    	5.000000	539.82    	5.000000	535.158   	5.000000	535.158   	5.000000	535.159   	5.000000	3.86609   	5.000000	2.79679   	5.000000	8.0873    	5.000000	8.18334   	5.000000	7.6862    	
5.500000	645.587   	5.500000	633.968   	5.500000	628.482   	5.500000	628.482   	5.500000	628.483   	5.500000	4.56474   	5.500000	3.2525    	5.500000	9.36572   	5.500000	9.39221   	5.500000	8.91126   	
6.000000	747.245   	6.000000	734.678   	6.000000	728.349   	6.000000	728.349   	6.000000	728.349   	6.000000	5.31475   	6.000000	3.73394   	6.000000	10.7289   	6.000000	10.6721   	6.000000	10.2181   	
6.500000	855.469   	6.500000	841.822   	6.500000	834.638   	6.500000	834.638   	6.500000	834.638   	6.500000	6.11514   	6.500000	4.24038   	6.500000	12.1752   	6.500000	12.0209   	6.500000	11.6049   	
7.000000	970.169   	7.000000	955.284   	7.000000	947.243   	7.000000	947.243   	7.000000	947.243   	7.000000	6.96503   	7.000000	4.77116   	7.000000	13.7028   	7.000000	13.4369   	7.000000	13.0703   	
7.500000	1091.27   	7.500000	1074.96   	7.500000	1066.06   	7.500000	1066.06   	7.500000	1066.06   	7.500000	7.86362   	7.500000	5.32569   	7.500000	15.3104   	7.500000	14.9186   	7.500000	14.6128   	
8.000000	1218.68   	8.000000	1200.75   	8.000000	1191.01   	8.000000	1191.01   	8.000000	1191.01   	8.000000	8.81018   	8.000000	5.90348   	8.000000	16.9967   	8.000000	16.4645   	8.000000	16.2311   	
8.500000	1352.35   	8.500000	1332.56   	8.500000	1322      	8.500000	1322      	8.500000	1322      	8.500000	9.80406   	8.500000	6.50408   	8.500000	18.7605   	8.500000	18.0733   	8.500000	17.9242   	
9.000000	1492.21   	9.000000	1470.32   	9.000000	1458.95   	9.000000	1458.95   	9.000000	1458.95   	9.000000	10.8446   	9.000000	7.12708   	9.000000	20.6007   	9.000000	19.7439   	9.000000	19.6909   	
9.500000	1638.19   	9.500000	1613.95   	9.500000	1601.8    	9.500000	1601.8    	9.500000	1601.8    	9.500000	11.9314   	9.500000	7.77201   	9.500000	22.5162   	9.500000	21.4753   	9.500000	21.5304   	
10.000000	1790.23   	10.000000	1763.35   	10.000000	1750.48   	10.000000	1750.48   	10.000000	1750.48   	10.000000	13.0638   	10.000000	8.43839   	10.000000	24.5062   	10.000000	23.2663   	10.000000	23.4416   	
11.000000	2112.31   	11.000000	2077.99   	11.000000	2065.35   	11.000000	2065.34   	11.000000	2065.36   	11.000000	15.4697   	11.000000	9.8378    	11.000000	28.7108   	11.000000	27.0278   	11.000000	27.4807   	
12.000000	2458.02   	12.000000	2415.27   	12.000000	2403.46   	12.000000	2403.42   	12.000000	2403.47   	12.000000	18.0654   	12.000000	11.3275   	12.000000	33.2139   	12.000000	31.0268   	12.000000	31.8078   	
13.000000	2826.99   	13.000000	2774.93   	13.000000	2764.53   	13.000000	2764.43   	13.000000	2764.54   	13.000000	20.8489   	13.000000	12.9058   	13.000000	38.012    	13.000000	35.2592   	13.000000	36.4195   	
14.000000	3218.89   	14.000000	3156.74   	14.000000	3148.28   	14.000000	3148.13   	14.000000	3148.3    	14.000000	23.8186   	14.000000	14.571    	14.000000	43.1024   	14.000000	39.7216   	14.000000	41.3133   	
15.000000	3633.38   	15.000000	3560.47   	15.000000	3554.51   	15.000000	3554.31   	15.000000	3554.55   	15.000000	26.9734   	15.000000	16.3218   	15.000000	48.4826   	15.000000	44.411    	15.000000	46.4868   	
16.000000	4070.18   	16.000000	3985.89   	16.000000	3983.04   	16.000000	3982.77   	16.000000	3983.08   	16.000000	30.3126   	16.000000	18.1582   	16.000000	54.1506   	16.000000	49.325    	16.000000	51.9383   	
17.000000	4529      	17.000000	4432.8    	17.000000	4433.71   	17.000000	4433.37   	17.000000	4433.75   	17.000000	33.8355   	17.000000	20.0802   	17.000000	60.105    	17.000000	54.4616   	17.000000	57.6663   	
18.000000	5009.58   	18.000000	4900.99   	18.000000	4906.35   	18.000000	4905.95   	18.000000	4906.4    	18.000000	37.5419   	18.000000	22.0874   	18.000000	66.3442   	18.000000	59.8187   	18.000000	63.6697   	
19.000000	5511.67   	19.000000	5390.28   	19.000000	5400.84   	19.000000	5400.4    	19.000000	5400.91   	19.000000	41.4315   	19.000000	24.1784   	19.000000	72.8672   	19.000000	65.3948   	19.000000	69.9473   	
20.000000	6035.04   	20.000000	5900.47   	20.000000	5917.08   	20.000000	5916.6    	20.000000	5917.17   	20.000000	45.504    	20.000000	26.353    	20.000000	79.6729   	20.000000	71.1885   	20.000000	76.4983   	
21.000000	6579.44   	21.000000	6431.39   	21.000000	6454.99   	21.000000	6454.45   	21.000000	6455.06   	21.000000	49.7593   	21.000000	28.6109   	21.000000	86.7606   	21.000000	77.1986   	21.000000	83.3221   	
22.000000	7144.68   	22.000000	6982.87   	22.000000	7014.46   	22.000000	7013.86   	22.000000	7014.5    	22.000000	54.1975   	22.000000	30.9522   	22.000000	94.1294   	22.000000	83.4239   	22.000000	90.4181   	
23.000000	7730.54   	23.000000	7554.72   	23.000000	7595.38   	23.000000	7594.76   	23.000000	7595.4    	23.000000	58.8185   	23.000000	33.3765   	23.000000	101.779   	23.000000	89.8635   	23.000000	97.7859   	
24.000000	8336.83   	24.000000	8146.81   	24.000000	8197.68   	24.000000	8197.06   	24.000000	8197.69   	24.000000	63.6223   	24.000000	35.8838   	24.000000	109.709   	24.000000	96.5164   	24.000000	105.425   	
25.000000	8963.36   	25.000000	8758.96   	25.000000	8821.28   	25.000000	8820.7    	25.000000	8821.28   	25.000000	68.6089   	25.000000	38.4742   	25.000000	117.918   	25.000000	103.382   	25.000000	113.335   	
27.000000	10276.4   	27.000000	10042.8   	27.000000	10132.1   	27.000000	10131.7   	27.000000	10132.1   	27.000000	79.1305   	27.000000	43.9017   	27.000000	135.174   	27.000000	117.747   	27.000000	129.968   	
29.000000	11668.2   	29.000000	11405.2   	29.000000	11527.3   	29.000000	11527.3   	29.000000	11527.4   	29.000000	90.3832   	29.000000	49.6554   	29.000000	153.544   	29.000000	132.954   	29.000000	147.682   	
31.000000	13137.6   	31.000000	12844.9   	31.000000	13005.7   	31.000000	13006.3   	31.000000	13005.9   	31.000000	102.348   	31.000000	55.7285   	31.000000	173.012   	31.000000	148.988   	31.000000	166.464   	
33.000000	14683.3   	33.000000	14361     	33.000000	14561.8   	33.000000	14563.1   	33.000000	14562     	33.000000	114.909   	33.000000	62.0591   	33.000000	193.494   	33.000000	165.78    	33.000000	186.233   	
35.000000	16304.1   	35.000000	15952.3   	35.000000	16193.7   	35.000000	16195.8   	35.000000	16194     	35.000000	128.046   	35.000000	68.6376   	35.000000	214.962   	35.000000	183.308   	35.000000	206.965   	
38.000000	18873.9   	38.000000	18478.3   	38.000000	18781.6   	38.000000	18785.1   	38.000000	18781.9   	38.000000	148.825   	38.000000	78.9705   	38.000000	248.981   	38.000000	210.95    	38.000000	239.839   	
41.000000	21606.9   	41.000000	21168.3   	41.000000	21534.4   	41.000000	21539.7   	41.000000	21534.8   	41.000000	170.875   	41.000000	89.8449   	41.000000	285.137   	41.000000	240.174   	41.000000	274.806   	
44.000000	24499.7   	44.000000	24019.4   	44.000000	24449.4   	44.000000	24456.5   	44.000000	24449.8   	44.000000	194.177   	44.000000	101.257   	44.000000	323.383   	44.000000	270.94    	44.000000	311.825   	
47.000000	27549.5   	47.000000	27028.7   	47.000000	27523.6   	47.000000	27532.8   	47.000000	27523.8   	47.000000	218.708   	47.000000	113.202   	47.000000	363.676   	47.000000	303.213   	47.000000	350.859   	
50.000000	30753.4   	50.000000	30193.6   	50.000000	30754     	50.000000	30765.6   	50.000000	30754.1   	50.000000	244.446   	50.000000	125.662   	50.000000	405.975   	50.000000	336.961   	50.000000	391.873   	
55.000000	36428.4   	55.000000	35807     	55.000000	36478.5   	55.000000	36494.9   	55.000000	36478.6   	55.000000	289.963   	55.000000	147.543   	55.000000	480.828   	55.000000	396.397   	55.000000	464.54    	
60.000000	42512.3   	60.000000	41834     	60.000000	42618.7   	60.000000	42640.8   	60.000000	42619     	60.000000	338.663   	60.000000	170.769   	60.000000	560.979   	60.000000	459.708   	60.000000	542.471   	
65.000000	48994.6   	65.000000	48263.9   	65.000000	49164.8   	65.000000	49192.9   	65.000000	49164.8   	65.000000	390.442   	65.000000	195.319   	65.000000	646.268   	65.000000	526.772   	65.000000	625.532   	
70.000000	55865.4   	70.000000	55086.7   	70.000000	56105.9   	70.000000	56141.4   	70.000000	56106.1   	70.000000	445.201   	70.000000	221.131   	70.000000	736.549   	70.000000	597.477   	70.000000	713.597   	
75.000000	63115.4   	75.000000	62292.9   	75.000000	63433.8   	75.000000	63476.8   	75.000000	63433.8   	75.000000	502.844   	75.000000	248.181   	75.000000	831.679   	75.000000	671.718   	75.000000	806.549   	
80.000000	70736.1   	80.000000	69873.4   	80.000000	71139     	80.000000	71190.5   	80.000000	71138.9   	80.000000	563.277   	80.000000	276.412   	80.000000	931.526   	80.000000	749.397   	80.000000	904.275   	
85.000000	78719.3   	85.000000	77819.6   	85.000000	79213     	85.000000	79274     	85.000000	79213.1   	85.000000	626.411   	85.000000	305.793   	85.000000	1035.96   	85.000000	830.424   	85.000000	1006.67   	
90.000000	87057.4   	90.000000	86123.3   	90.000000	87648.6   	90.000000	87719.3   	90.000000	87648.4   	90.000000	692.16    	90.000000	336.293   	90.000000	1144.87   	90.000000	914.713   	90.000000	1113.63   	
95.000000	95743.3   	95.000000	94776.7   	95.000000	96437.3   	95.000000	96518.9   	95.000000	96437.3   	95.000000	760.44    	95.000000	367.882   	95.000000	1258.13   	95.000000	1002.18   	95.000000	1225.06   	
100.000000	104770    	100.000000	103772    	100.000000	105572    	100.000000	105665    	100.000000	105572    	100.000000	831.173   	100.000000	400.531   	100.000000	1375.62   	100.000000	1092.74   	100.000000	1340.87   	
105.000000	114131    	105.000000	113103    	105.000000	115046    	105.000000	115152    	105.000000	115046    	105.000000	904.28    	105.000000	434.216   	105.000000	1497.25   	105.000000	1186.33   	105.000000	1460.97   	
110.000000	123820    	110.000000	122761    	110.000000	124853    	110.000000	124971    	110.000000	124853    	110.000000	979.689   	110.000000	468.896   	110.000000	1622.9    	110.000000	1282.88   	110.000000	1585.26   	
115.000000	133832    	115.000000	132740    	115.000000	134986    	115.000000	135117    	115.000000	134985    	115.000000	1057.33   	115.000000	504.534   	115.000000	1752.48   	115.000000	1382.31   	115.000000	1713.67   	
120.000000	144160    	120.000000	143034    	120.000000	145437    	120.000000	145583    	120.000000	145437    	120.000000	1137.12   	120.000000	541.13    	120.000000	1885.89   	120.000000	1484.55   	120.000000	1846.11   	
125.000000	154799    	125.000000	153636    	125.000000	156202    	125.000000	156363    	125.000000	156202    	125.000000	1219.01   	125.000000	578.634   	125.000000	2023.04   	125.000000	1589.55   	125.000000	1982.51   	
130.000000	165744    	130.000000	164541    	130.000000	167275    	130.000000	167451    	130.000000	167275    	130.000000	1302.93   	130.000000	617.046   	130.000000	2163.82   	130.000000	1697.25   	130.000000	2122.78   	
135.000000	176990    	135.000000	175743    	135.000000	178650    	135.000000	178842    	135.000000	178649    	135.000000	1388.82   	135.000000	656.344   	135.000000	2308.17   	135.000000	1807.58   	135.000000	2266.87   	
140.000000	188533    	140.000000	187235    	140.000000	190320    	140.000000	190530    	140.000000	190320    	140.000000	1476.61   	140.000000	696.481   	140.000000	2455.98   	140.000000	1920.49   	140.000000	2414.68   	
145.000000	200367    	145.000000	199012    	145.000000	202281    	145.000000	202509    	145.000000	202281    	145.000000	1566.25   	145.000000	737.443   	145.000000	2607.18   	145.000000	2035.93   	145.000000	2566.16   	
150.000000	212487    	150.000000	211070    	150.000000	214528    	150.000000	214774    	150.000000	214528    	150.000000	1657.67   	150.000000	779.211   	150.000000	2761.69   	150.000000	2153.83   	150.000000	2721.23   	
155.000000	225062    	155.000000	223402    	155.000000	227056    	155.000000	227321    	155.000000	227056    	155.000000	1750.84   	155.000000	821.768   	155.000000	2919.42   	155.000000	2274.16   	155.000000	2879.83   	
160.000000	237909    	160.000000	236005    	160.000000	239860    	160.000000	240143    	160.000000	239859    	160.000000	1845.68   	160.000000	865.097   	160.000000	3080.31   	160.000000	2396.84   	160.000000	3041.89   	
165.000000	251018    	165.000000	248872    	165.000000	252934    	165.000000	253237    	165.000000	252932    	165.000000	1942.15   	165.000000	909.18    	165.000000	3244.27   	165.000000	2521.86   	165.000000	3207.36   	
170.000000	264384    	170.000000	262000    	170.000000	266273    	170.000000	266598    	170.000000	266272    	170.000000	2040.21   	170.000000	954.003   	170.000000	3411.24   	170.000000	2649.14   	170.000000	3376.16   	
175.000000	278004    	175.000000	275383    	175.000000	279874    	175.000000	280221    	175.000000	279873    	175.000000	2139.79   	175.000000	999.553   	175.000000	3581.14   	175.000000	2778.64   	175.000000	3548.24   	
180.000000	291872    	180.000000	289018    	180.000000	293732    	180.000000	294101    	180.000000	293732    	180.000000	2240.86   	180.000000	1045.79   	180.000000	3753.91   	180.000000	2910.34   	180.000000	3723.55   	
185.000000	305985    	185.000000	302899    	185.000000	307843    	185.000000	308235    	185.000000	307843    	185.000000	2343.37   	185.000000	1092.69   	185.000000	3929.48   	185.000000	3044.16   	185.000000	3902.01   	
190.000000	320338    	190.000000	317023    	190.000000	322203    	190.000000	322618    	190.000000	322202    	190.000000	2447.28   	190.000000	1140.27   	190.000000	4107.78   	190.000000	3180.09   	190.000000	4083.59   	
195.000000	334927    	195.000000	331386    	195.000000	336808    	195.000000	337245    	195.000000	336806    	195.000000	2552.53   	195.000000	1188.51   	195.000000	4288.76   	195.000000	3318.07   	195.000000	4268.21   	
200.000000	349750    	200.000000	345983    	200.000000	351652    	200.000000	352114    	200.000000	351649    	200.000000	2659.1    	200.000000	1237.38   	200.000000	4472.35   	200.000000	3458.06   	200.000000	4455.83   	
210.000000	380077    	210.000000	375864    	210.000000	382043    	210.000000	382557    	210.000000	382042    	210.000000	2875.99   	210.000000	1336.92   	210.000000	4847.11   	210.000000	3743.93   	210.000000	4839.87   	
220.000000	411292    	220.000000	406638    	220.000000	413350    	220.000000	413918    	220.000000	413349    	220.000000	3097.65   	220.000000	1438.86   	220.000000	5231.62   	220.000000	4037.4    	220.000000	5235.27   	
230.000000	443366    	230.000000	438274    	230.000000	445544    	230.000000	446166    	230.000000	445542    	230.000000	3323.78   	230.000000	1543.14   	230.000000	5625.43   	230.000000	4338.19   	230.000000	5641.67   	
240.000000	476274    	240.000000	470746    	240.000000	478596    	240.000000	479273    	240.000000	478592    	240.000000	3554.1    	240.000000	1649.58   	240.000000	6028.12   	240.000000	4646.01   	240.000000	6058.69   	
250.000000	509991    	250.000000	504027    	250.000000	512476    	250.000000	513214    	250.000000	512473    	250.000000	3788.36   	250.000000	1758.11   	250.000000	6439.28   	250.000000	4960.6    	250.000000	6485.96   	
260.000000	544493    	260.000000	538093    	260.000000	547161    	260.000000	547962    	260.000000	547158    	260.000000	4026.29   	260.000000	1868.64   	260.000000	6858.55   	260.000000	5281.72   	260.000000	6923.14   	
270.000000	579757    	270.000000	572919    	270.000000	582628    	270.000000	583493    	270.000000	582625    	270.000000	4267.68   	270.000000	1981.13   	270.000000	7285.55   	270.000000	5609.13   	270.000000	7369.9    	
280.000000	615762    	280.000000	608482    	280.000000	618854    	280.000000	619782    	280.000000	618848    	280.000000	4512.29   	280.000000	2095.39   	280.000000	7719.93   	280.000000	5942.59   	280.000000	7825.92   	
290.000000	652488    	290.000000	644760    	290.000000	655812    	290.000000	656807    	290.000000	655806    	290.000000	4759.92   	290.000000	2211.4    	290.000000	8161.37   	290.000000	6281.88   	290.000000	8290.9    	
300.000000	689914    	300.000000	681732    	300.000000	693481    	300.000000	694547    	300.000000	693475    	300.000000	5010.36   	300.000000	2329.14   	300.000000	8609.54   	300.000000	6626.79   	300.000000	8764.54   	
310.000000	728021    	310.000000	719378    	310.000000	731841    	310.000000	732980    	310.000000	731836    	310.000000	5263.43   	310.000000	2448.46   	310.000000	9064.15   	310.000000	6977.13   	310.000000	9246.54   	
320.000000	766791    	320.000000	757679    	320.000000	770874    	320.000000	772086    	320.000000	770869    	320.000000	5518.95   	320.000000	2569.36   	320.000000	9524.9    	320.000000	7332.69   	320.000000	9736.65   	
330.000000	806206    	330.000000	796614    	330.000000	810559    	330.000000	811846    	330.000000	810553    	330.000000	5776.75   	330.000000	2691.84   	330.000000	9991.52   	330.000000	7693.29   	330.000000	10234.6   	
340.000000	846249    	340.000000	836168    	340.000000	850879    	340.000000	852240    	340.000000	850870    	340.000000	6036.66   	340.000000	2815.74   	340.000000	10463.7   	340.000000	8058.75   	340.000000	10740.1   	
350.000000	886903    	350.000000	876322    	350.000000	891812    	350.000000	893251    	350.000000	891802    	350.000000	6298.55   	350.000000	2940.99   	350.000000	10941.3   	350.000000	8428.89   	350.000000	11252.9   	
360.000000	928154    	360.000000	917059    	360.000000	933340    	360.000000	934861    	360.000000	933332    	360.000000	6562.25   	360.000000	3067.58   	360.000000	11423.9   	360.000000	8803.55   	360.000000	11772.9   	
370.000000	969985    	370.000000	958364    	370.000000	975449    	370.000000	977054    	370.000000	975442    	370.000000	6827.64   	370.000000	3195.56   	370.000000	11911.5   	370.000000	9182.57   	370.000000	12299.7   	
380.000000	1.01238e+06	380.000000	1.00022e+06	380.000000	1.01812e+06	380.000000	1.01981e+06	380.000000	1.01812e+06	380.000000	7094.58   	380.000000	3324.85   	380.000000	12403.6   	380.000000	9565.79   	380.000000	12833.1   	
390.000000	1.05533e+06	390.000000	1.04261e+06	390.000000	1.06135e+06	390.000000	1.06312e+06	390.000000	1.06134e+06	390.000000	7362.96   	390.000000	3455.35   	390.000000	12900.2   	390.000000	9953.07   	390.000000	13372.9   	
400.000000	1.09882e+06	400.000000	1.08553e+06	400.000000	1.10511e+06	400.000000	1.10697e+06	400.000000	1.1051e+06	400.000000	7632.65   	400.000000	3587.02   	400.000000	13401     	400.000000	10344.3   	400.000000	13919     	
410.000000	1.14283e+06	410.000000	1.12895e+06	410.000000	1.14939e+06	410.000000	1.15133e+06	410.000000	1.14937e+06	410.000000	7903.54   	410.000000	3719.82   	410.000000	13905.9   	410.000000	10739.2   	410.000000	14471.1   	
420.000000	1.18735e+06	420.000000	1.17287e+06	420.000000	1.19417e+06	420.000000	1.1962e+06	420.000000	1.19416e+06	420.000000	8175.53   	420.000000	3853.67   	420.000000	14414.5   	420.000000	11137.8   	420.000000	15029     	
430.000000	1.23237e+06	430.000000	1.21728e+06	430.000000	1.23944e+06	430.000000	1.24157e+06	430.000000	1.23943e+06	430.000000	8448.51   	430.000000	3988.5    	430.000000	14926.8   	430.000000	11539.9   	430.000000	15592.5   	
440.000000	1.27788e+06	440.000000	1.26215e+06	440.000000	1.28519e+06	440.000000	1.28741e+06	440.000000	1.28518e+06	440.000000	8722.4    	440.000000	4124.3    	440.000000	15442.6   	440.000000	11945.4   	440.000000	16161.5   	
450.000000	1.32387e+06	450.000000	1.30748e+06	450.000000	1.33141e+06	450.000000	1.33372e+06	450.000000	1.3314e+06	450.000000	8997.1    	450.000000	4261.09   	450.000000	15961.7   	450.000000	12354.2   	450.000000	16735.8   	
460.000000	1.37031e+06	460.000000	1.35325e+06	460.000000	1.37807e+06	460.000000	1.38049e+06	460.000000	1.37807e+06	460.000000	9272.52   	460.000000	4398.89   	460.000000	16484     	460.000000	12766.1   	460.000000	17315.1   	
470.000000	1.41722e+06	470.000000	1.39946e+06	470.000000	1.42519e+06	470.000000	1.42769e+06	470.000000	1.42518e+06	470.000000	9548.59   	470.000000	4537.65   	470.000000	17009.2   	470.000000	13181     	470.000000	17899.4   	
480.000000	1.46456e+06	480.000000	1.44609e+06	480.000000	1.47273e+06	480.000000	1.47533e+06	480.000000	1.47272e+06	480.000000	9825.22   	480.000000	4677.32   	480.000000	17537.3   	480.000000	13598.9   	480.000000	18488.5   	
490.000000	1.51233e+06	490.000000	1.49314e+06	490.000000	1.52069e+06	490.000000	1.52339e+06	490.000000	1.52068e+06	490.000000	10102.3   	490.000000	4817.81   	490.000000	18068.1   	490.000000	14019.6   	490.000000	19082.2   	
500.000000	1.56053e+06	500.000000	1.54058e+06	500.000000	1.56906e+06	500.000000	1.57186e+06	500.000000	1.56904e+06	500.000000	10379.9   	500.000000	4959.09   	500.000000	18601.4   	500.000000	14443     	500.000000	19680.3   	
520.000000	1.65814e+06	520.000000	1.63664e+06	520.000000	1.66697e+06	520.000000	1.66997e+06	520.000000	1.66696e+06	520.000000	10936     	520.000000	5244.08   	520.000000	19675.3   	520.000000	15297.6   	520.000000	20889.5   	
540.000000	1.75733e+06	540.000000	1.73419e+06	540.000000	1.76639e+06	540.000000	1.7696e+06	540.000000	1.76638e+06	540.000000	11493.1   	540.000000	5532.27   	540.000000	20757.9   	540.000000	16162     	540.000000	22114.8   	
560.000000	1.85802e+06	560.000000	1.83316e+06	560.000000	1.86724e+06	560.000000	1.87067e+06	560.000000	1.86724e+06	560.000000	12050.6   	560.000000	5823.25   	560.000000	21848.4   	560.000000	17035.5   	560.000000	23355.3   	
580.000000	1.96014e+06	580.000000	1.93348e+06	580.000000	1.96946e+06	580.000000	1.97311e+06	580.000000	1.96945e+06	580.000000	12608.2   	580.000000	6116.84   	580.000000	22945.8   	580.000000	17917.3   	580.000000	24610     	
600.000000	2.06362e+06	600.000000	2.03509e+06	600.000000	2.07298e+06	600.000000	2.07684e+06	600.000000	2.07297e+06	600.000000	13165.6   	600.000000	6412.93   	600.000000	24049.4   	600.000000	18807     	600.000000	25877.9   	
620.000000	2.16842e+06	620.000000	2.13792e+06	620.000000	2.17773e+06	620.000000	2.18181e+06	620.000000	2.17771e+06	620.000000	13722.4   	620.000000	6711.42   	620.000000	25158.5   	620.000000	19703.9   	620.000000	27158.2   	
640.000000	2.27446e+06	640.000000	2.24192e+06	640.000000	2.28365e+06	640.000000	2.28795e+06	640.000000	2.28363e+06	640.000000	14278.3   	640.000000	7012.17   	640.000000	26272.3   	640.000000	20607.4   	640.000000	28450.1   	
660.000000	2.38169e+06	660.000000	2.34703e+06	660.000000	2.39068e+06	660.000000	2.39522e+06	660.000000	2.39067e+06	660.000000	14833.1   	660.000000	7315.09   	660.000000	27390.3   	660.000000	21517.2   	660.000000	29752.7   	
680.000000	2.49006e+06	680.000000	2.45321e+06	680.000000	2.49877e+06	680.000000	2.50355e+06	680.000000	2.49876e+06	680.000000	15386.5   	680.000000	7620.09   	680.000000	28511.9   	680.000000	22432.7   	680.000000	31065.4   	
700.000000	2.59952e+06	700.000000	2.56039e+06	700.000000	2.60788e+06	700.000000	2.6129e+06	700.000000	2.60788e+06	700.000000	15938.3   	700.000000	7927.07   	700.000000	29636.6   	700.000000	23353.4   	700.000000	32387.5   	
720.000000	2.71002e+06	720.000000	2.66855e+06	720.000000	2.71796e+06	720.000000	2.72322e+06	720.000000	2.71796e+06	720.000000	16488.3   	720.000000	8235.93   	720.000000	30763.8   	720.000000	24278.9   	720.000000	33718.3   	
740.000000	2.82151e+06	740.000000	2.77763e+06	740.000000	2.82896e+06	740.000000	2.83447e+06	740.000000	2.82896e+06	740.000000	17036.4   	740.000000	8546.63   	740.000000	31893     	740.000000	25208.9   	740.000000	35057.2   	
760.000000	2.93396e+06	760.000000	2.88758e+06	760.000000	2.94085e+06	760.000000	2.94659e+06	760.000000	2.94084e+06	760.000000	17582.4   	760.000000	8859.1    	760.000000	33024     	760.000000	26143     	760.000000	36403.7   	
780.000000	3.04731e+06	780.000000	2.99838e+06	780.000000	3.05357e+06	780.000000	3.05956e+06	780.000000	3.05357e+06	780.000000	18126.1   	780.000000	9173.28   	780.000000	34156.2   	780.000000	27080.8   	780.000000	37757.1   	
800.000000	3.16154e+06	800.000000	3.10998e+06	800.000000	3.1671e+06	800.000000	3.17333e+06	800.000000	3.16709e+06	800.000000	18667.5   	800.000000	9488.98   	800.000000	35289.3   	800.000000	28021.9   	800.000000	39117     	
820.000000	3.27659e+06	820.000000	3.22235e+06	820.000000	3.28139e+06	820.000000	3.28788e+06	820.000000	3.28138e+06	820.000000	19206.5   	820.000000	9806.04   	820.000000	36422.9   	820.000000	28966.2   	820.000000	40482.9   	
840.000000	3.39244e+06	840.000000	3.33545e+06	840.000000	3.39639e+06	840.000000	3.40314e+06	840.000000	3.39639e+06	840.000000	19742.7   	840.000000	10124.3   	840.000000	37556.6   	840.000000	29913.1   	840.000000	41854.1   	
860.000000	3.50904e+06	860.000000	3.44924e+06	860.000000	3.51207e+06	860.000000	3.51908e+06	860.000000	3.51207e+06	860.000000	20276     	860.000000	10443.8   	860.000000	38690     	860.000000	30862.3   	860.000000	43230.2   	
880.000000	3.62637e+06	880.000000	3.5637e+06	880.000000	3.6284e+06	880.000000	3.63567e+06	880.000000	3.6284e+06	880.000000	20806.3   	880.000000	10764.6   	880.000000	39822.7   	880.000000	31813.6   	880.000000	44610.6   	
900.000000	3.74438e+06	900.000000	3.67881e+06	900.000000	3.74535e+06	900.000000	3.75288e+06	900.000000	3.74536e+06	900.000000	21333.6   	900.000000	11086.5   	900.000000	40954.7   	900.000000	32766.7   	900.000000	45995     	
920.000000	3.86306e+06	920.000000	3.79451e+06	920.000000	3.86289e+06	920.000000	3.87068e+06	920.000000	3.8629e+06	920.000000	21857.8   	920.000000	11409.6   	920.000000	42085.6   	920.000000	33721.3   	920.000000	47383     	
940.000000	3.98237e+06	940.000000	3.9108e+06	940.000000	3.98099e+06	940.000000	3.98905e+06	940.000000	3.98101e+06	940.000000	22379     	940.000000	11733.6   	940.000000	43215.3   	940.000000	34677.4   	940.000000	48774.3   	
960.000000	4.10228e+06	960.000000	4.02765e+06	960.000000	4.09964e+06	960.000000	4.10797e+06	960.000000	4.09966e+06	960.000000	22897     	960.000000	12058.5   	960.000000	44343.5   	960.000000	35634.6   	960.000000	50168.6   	
980.000000	4.22276e+06	980.000000	4.14502e+06	980.000000	4.21881e+06	980.000000	4.2274e+06	980.000000	4.21882e+06	980.000000	23412     	980.000000	12384.5   	980.000000	45470     	980.000000	36592.8   	980.000000	51565.5   	
1000.000000	4.34378e+06	1000.000000	4.2629e+06	1000.000000	4.33847e+06	1000.000000	4.34732e+06	1000.000000	4.33848e+06	1000.000000	23923.8   	1000.000000	12711.6   	1000.000000	46594.7   	1000.000000	37551.7   	1000.000000	52964.8   	
1020.000000	4.46533e+06	1020.000000	4.38126e+06	1020.000000	4.4586e+06	1020.000000	4.46772e+06	1020.000000	4.45862e+06	1020.000000	24432.4   	1020.000000	13039.7   	1020.000000	47717.4   	1020.000000	38511.3   	1020.000000	54366.2   	
1040.000000	4.58737e+06	1040.000000	4.50008e+06	1040.000000	4.57919e+06	1040.000000	4.58858e+06	1040.000000	4.5792e+06	1040.000000	24937.9   	1040.000000	13368.8   	1040.000000	48838.1   	1040.000000	39471.3   	1040.000000	55769.4   	
1060.000000	4.70988e+06	1060.000000	4.61934e+06	1060.000000	4.70021e+06	1060.000000	4.70987e+06	1060.000000	4.70022e+06	1060.000000	25440.2   	1060.000000	13698.8   	1060.000000	49956.4   	1060.000000	40431.7   	1060.000000	57174.2   	
1080.000000	4.83284e+06	1080.000000	4.73902e+06	1080.000000	4.82165e+06	1080.000000	4.83157e+06	1080.000000	4.82165e+06	1080.000000	25939.3   	1080.000000	14029.6   	1080.000000	51072.4   	1080.000000	41392.2   	1080.000000	58580.3   	
1100.000000	4.95622e+06	1100.000000	4.85909e+06	1100.000000	4.94349e+06	1100.000000	4.95367e+06	1100.000000	4.94348e+06	1100.000000	26435.3   	1100.000000	14361.3   	1100.000000	52185.9   	1100.000000	42352.7   	1100.000000	59987.4   	
1120.000000	5.08001e+06	1120.000000	4.97955e+06	1120.000000	5.0657e+06	1120.000000	5.07615e+06	1120.000000	5.06568e+06	1120.000000	26928.1   	1120.000000	14693.7   	1120.000000	53296.8   	1120.000000	43313.1   	1120.000000	61395.5   	
1140.000000	5.20419e+06	1140.000000	5.10037e+06	1140.000000	5.18827e+06	1140.000000	5.19899e+06	1140.000000	5.18825e+06	1140.000000	27417.7   	1140.000000	15026.8   	1140.000000	54405     	1140.000000	44273.3   	1140.000000	62804.3   	
1160.000000	5.32872e+06	1160.000000	5.22153e+06	1160.000000	5.31119e+06	1160.000000	5.32218e+06	1160.000000	5.31117e+06	1160.000000	27904.2   	1160.000000	15360.7   	1160.000000	55510.4   	1160.000000	45233.1   	1160.000000	64213.5   	
1180.000000	5.45361e+06	1180.000000	5.34302e+06	1180.000000	5.43444e+06	1180.000000	5.44571e+06	1180.000000	5.43442e+06	1180.000000	28387.6   	1180.000000	15695.4   	1180.000000	56613     	1180.000000	46192.4   	1180.000000	65623.1   	
1200.000000	5.57881e+06	1200.000000	5.46482e+06	1200.000000	5.558e+06 	1200.000000	5.56955e+06	1200.000000	5.55798e+06	1200.000000	28867.8   	1200.000000	16030.8   	1200.000000	57712.6   	1200.000000	47151.2   	1200.000000	67032.8   	
1220.000000	5.70433e+06	1220.000000	5.58692e+06	1220.000000	5.68187e+06	1220.000000	5.6937e+06	1220.000000	5.68186e+06	1220.000000	29345     	1220.000000	16367     	1220.000000	58809.2   	1220.000000	48109.4   	1220.000000	68442.5   	
1240.000000	5.83014e+06	1240.000000	5.7093e+06	1240.000000	5.80603e+06	1240.000000	5.81814e+06	1240.000000	5.80602e+06	1240.000000	29819.1   	1240.000000	16703.9   	1240.000000	59902.7   	1240.000000	49066.8   	1240.000000	69852     	
1260.000000	5.95622e+06	1260.000000	5.83195e+06	1260.000000	5.93047e+06	1260.000000	5.94286e+06	1260.000000	5.93046e+06	1260.000000	30290.1   	1260.000000	17041.5   	1260.000000	60993.1   	1260.000000	50023.3   	1260.000000	71261.2   	
1280.000000	6.08256e+06	1280.000000	5.95486e+06	1280.000000	6.05517e+06	1280.000000	6.06785e+06	1280.000000	6.05517e+06	1280.000000	30758     	1280.000000	17379.8   	1280.000000	62080.3   	1280.000000	50979     	1280.000000	72669.9   	
1300.000000	6.20914e+06	1300.000000	6.078e+06 	1300.000000	6.18013e+06	1300.000000	6.19309e+06	1300.000000	6.18013e+06	1300.000000	31222.9   	1300.000000	17718.7   	1300.000000	63164.3   	1300.000000	51933.6   	1300.000000	74077.9   	
1320.000000	6.33595e+06	1320.000000	6.20137e+06	1320.000000	6.30534e+06	1320.000000	6.31858e+06	1320.000000	6.30534e+06	1320.000000	31684.9   	1320.000000	18058.4   	1320.000000	64245     	1320.000000	52887.1   	1320.000000	75485.3   	
1340.000000	6.46297e+06	1340.000000	6.32496e+06	1340.000000	6.43078e+06	1340.000000	6.44431e+06	1340.000000	6.43078e+06	1340.000000	32143.8   	1340.000000	18398.7   	1340.000000	65322.4   	1340.000000	53839.6   	1340.000000	76891.8   	
1360.000000	6.5902e+06	1360.000000	6.44875e+06	1360.000000	6.55645e+06	1360.000000	6.57026e+06	1360.000000	6.55645e+06	1360.000000	32599.8   	1360.000000	18739.6   	1360.000000	66396.4   	1360.000000	54790.8   	1360.000000	78297.4   	
1380.000000	6.7176e+06	1380.000000	6.57273e+06	1380.000000	6.68233e+06	1380.000000	6.69642e+06	1380.000000	6.68233e+06	1380.000000	33052.8   	1380.000000	19081.2   	1380.000000	67467.1   	1380.000000	55740.7   	1380.000000	79701.8   	
1400.000000	6.84518e+06	1400.000000	6.69689e+06	1400.000000	6.80841e+06	1400.000000	6.82279e+06	1400.000000	6.80841e+06	1400.000000	33503     	1400.000000	19423.5   	1400.000000	68534.4   	1400.000000	56689.3   	1400.000000	81105.1   	
1420.000000	6.97292e+06	1420.000000	6.82123e+06	1420.000000	6.9347e+06	1420.000000	6.94935e+06	1420.000000	6.9347e+06	1420.000000	33950.2   	1420.000000	19766.4   	1420.000000	69598.2   	1420.000000	57636.5   	1420.000000	82507.1   	
1440.000000	7.1008e+06	1440.000000	6.94572e+06	1440.000000	7.06117e+06	1440.000000	7.0761e+06	1440.000000	7.06116e+06	1440.000000	34394.6   	1440.000000	20109.9   	1440.000000	70658.5   	1440.000000	58582.3   	1440.000000	83907.8   	
1460.000000	7.22882e+06	1460.000000	7.07036e+06	1460.000000	7.18781e+06	1460.000000	7.20303e+06	1460.000000	7.18781e+06	1460.000000	34836.1   	1460.000000	20454     	1460.000000	71715.4   	1460.000000	59526.6   	1460.000000	85307     	
1480.000000	7.35696e+06	1480.000000	7.19515e+06	1480.000000	7.31464e+06	1480.000000	7.33014e+06	1480.000000	7.31463e+06	1480.000000	35274.9   	1480.000000	20798.7   	1480.000000	72768.8   	1480.000000	60469.4   	1480.000000	86704.6   	
1500.000000	7.48522e+06	1500.000000	7.32007e+06	1500.000000	7.44162e+06	1500.000000	7.4574e+06	1500.000000	7.44161e+06	1500.000000	35710.8   	1500.000000	21144     	1500.000000	73818.7   	1500.000000	61410.6   	1500.000000	88100.6   	
1520.000000	7.61357e+06	1520.000000	7.4451e+06	1520.000000	7.56876e+06	1520.000000	7.58483e+06	1520.000000	7.56875e+06	1520.000000	36144     	1520.000000	21489.9   	1520.000000	74865.1   	1520.000000	62350.2   	1520.000000	89495     	
1540.000000	7.74202e+06	1540.000000	7.57026e+06	1540.000000	7.69606e+06	1540.000000	7.7124e+06	1540.000000	7.69604e+06	1540.000000	36574.5   	1540.000000	21836.4   	1540.000000	75908     	1540.000000	63288.1   	1540.000000	90887.6   	
1560.000000	7.87055e+06	1560.000000	7.69552e+06	1560.000000	7.82349e+06	1560.000000	7.84011e+06	1560.000000	7.82347e+06	1560.000000	37002.3   	1560.000000	22183.5   	1560.000000	76947.3   	1560.000000	64224.3   	1560.000000	92278.3   	
1580.000000	7.99914e+06	1580.000000	7.82087e+06	1580.000000	7.95106e+06	1580.000000	7.96796e+06	1580.000000	7.95103e+06	1580.000000	37427.4   	1580.000000	22531.2   	1580.000000	77983.1   	1580.000000	65158.8   	1580.000000	93667.2   	
1600.000000	8.1278e+06	1600.000000	7.94632e+06	1600.000000	8.07877e+06	1600.000000	8.09595e+06	1600.000000	8.07873e+06	1600.000000	37849.8   	1600.000000	22879.5   	1600.000000	79015.4   	1600.000000	66091.6   	1600.000000	95054.1   	
1620.000000	8.25651e+06	1620.000000	8.07185e+06	1620.000000	8.20659e+06	1620.000000	8.22405e+06	1620.000000	8.20655e+06	1620.000000	38269.7   	1620.000000	23228.3   	1620.000000	80044.1   	1620.000000	67022.5   	1620.000000	96439     	
1640.000000	8.38527e+06	1640.000000	8.19745e+06	1640.000000	8.33453e+06	1640.000000	8.35228e+06	1640.000000	8.33449e+06	1640.000000	38686.9   	1640.000000	23577.8   	1640.000000	81069.3   	1640.000000	67951.7   	1640.000000	97821.8   	
1660.000000	8.51406e+06	1660.000000	8.32313e+06	1660.000000	8.46258e+06	1660.000000	8.48061e+06	1660.000000	8.46254e+06	1660.000000	39101.5   	1660.000000	23927.8   	1660.000000	82090.9   	1660.000000	68879     	1660.000000	99202.5   	
1680.000000	8.64287e+06	1680.000000	8.44886e+06	1680.000000	8.59074e+06	1680.000000	8.60906e+06	1680.000000	8.59069e+06	1680.000000	39513.7   	1680.000000	24278.4   	1680.000000	83109     	1680.000000	69804.4   	1680.000000	100581    	
1700.000000	8.77171e+06	1700.000000	8.57465e+06	1700.000000	8.719e+06 	1700.000000	8.7376e+06	1700.000000	8.71895e+06	1700.000000	39923.3   	1700.000000	24629.5   	1700.000000	84123.6   	1700.000000	70728     	1700.000000	101957    	
1750.000000	9.09381e+06	1750.000000	8.88932e+06	1750.000000	9.04006e+06	1750.000000	9.05938e+06	1750.000000	9.04002e+06	1750.000000	40936.4   	1750.000000	25509.8   	1750.000000	86644.6   	1750.000000	73028.5   	1750.000000	105388    	
1800.000000	9.41587e+06	1800.000000	9.20419e+06	1800.000000	9.36165e+06	1800.000000	9.38169e+06	1800.000000	9.36161e+06	1800.000000	41934.5   	1800.000000	26393.3   	1800.000000	89143.6   	1800.000000	75316.7   	1800.000000	108805    	
1850.000000	9.73777e+06	1850.000000	9.51919e+06	1850.000000	9.68369e+06	1850.000000	9.70448e+06	1850.000000	9.68368e+06	1850.000000	42917.8   	1850.000000	27280     	1850.000000	91620.9   	1850.000000	77592.5   	1850.000000	112206    	
1900.000000	1.00594e+07	1900.000000	9.83424e+06	1900.000000	1.00062e+07	1900.000000	1.00277e+07	1900.000000	1.00061e+07	1900.000000	43886.7   	1900.000000	28169.6   	1900.000000	94076.5   	1900.000000	79855.5   	1900.000000	115591    	
1950.000000	1.03807e+07	1950.000000	1.01492e+07	1950.000000	1.0329e+07	1950.000000	1.03512e+07	1950.000000	1.0329e+07	1950.000000	44841.7   	1950.000000	29062.1   	1950.000000	96510.8   	1950.000000	82105.7   	1950.000000	118960    	
2000.000000	1.07015e+07	2000.000000	1.04642e+07	2000.000000	1.06521e+07	2000.000000	1.0675e+07	2000.000000	1.06521e+07	2000.000000	45783.2   	2000.000000	29957.5   	2000.000000	98923.8   	2000.000000	84343     	2000.000000	122313    	
2100.000000	1.13416e+07	2100.000000	1.10934e+07	2100.000000	1.1299e+07	2100.000000	1.13235e+07	2100.000000	1.12991e+07	2100.000000	47626.7   	2100.000000	31757.1   	2100.000000	103687    	2100.000000	88778.2   	2100.000000	128969    	
2200.000000	1.1979e+07	2200.000000	1.17216e+07	2200.000000	1.19467e+07	2200.000000	1.19726e+07	2200.000000	1.19467e+07	2200.000000	49420.3   	2200.000000	33569     	2200.000000	108369    	2200.000000	93160.8   	2200.000000	135558    	
2300.000000	1.26133e+07	2300.000000	1.23483e+07	2300.000000	1.25948e+07	2300.000000	1.26221e+07	2300.000000	1.25949e+07	2300.000000	51166.5   	2300.000000	35393.4   	2300.000000	112971    	2300.000000	97490.6   	2300.000000	142077    	
2400.000000	1.32441e+07	2400.000000	1.29732e+07	2400.000000	1.32431e+07	2400.000000	1.32718e+07	2400.000000	1.32432e+07	2400.000000	52867.8   	2400.000000	37230     	2400.000000	117496    	2400.000000	101768    	2400.000000	148526    	
2500.000000	1.3871e+07	2500.000000	1.3596e+07	2500.000000	1.38914e+07	2500.000000	1.39216e+07	2500.000000	1.38915e+07	2500.000000	54526.5   	2500.000000	39078.1   	2500.000000	121946    	2500.000000	105993    	2500.000000	154906    	
2600.000000	1.44937e+07	2600.000000	1.42165e+07	2600.000000	1.45396e+07	2600.000000	1.45711e+07	2600.000000	1.45396e+07	2600.000000	56144.9   	2600.000000	40937.5   	2600.000000	126323    	2600.000000	110166    	2600.000000	161217    	
2700.000000	1.51119e+07	2700.000000	1.48344e+07	2700.000000	1.51875e+07	2700.000000	1.52204e+07	2700.000000	1.51875e+07	2700.000000	57725     	2700.000000	42807.7   	2700.000000	130630    	2700.000000	114288    	2700.000000	167458    	
2800.000000	1.57255e+07	2800.000000	1.54496e+07	2800.000000	1.58349e+07	2800.000000	1.58692e+07	2800.000000	1.58349e+07	2800.000000	59268.7   	2800.000000	44688.7   	2800.000000	134869    	2800.000000	118360    	2800.000000	173631    	
2900.000000	1.63342e+07	2900.000000	1.60619e+07	2900.000000	1.64818e+07	2900.000000	1.65176e+07	2900.000000	1.64818e+07	2900.000000	60777.8   	2900.000000	46580.4   	2900.000000	139042    	2900.000000	122383    	2900.000000	179737    	
3000.000000	1.6938e+07	3000.000000	1.66712e+07	3000.000000	1.71282e+07	3000.000000	1.71653e+07	3000.000000	1.71282e+07	3000.000000	62253.9   	3000.000000	48482.9   	3000.000000	143151    	3000.000000	126357    	3000.000000	185776    	
3200.000000	1.81299e+07	3200.000000	1.78804e+07	3200.000000	1.84188e+07	3200.000000	1.84587e+07	3200.000000	1.84188e+07	3200.000000	65113.4   	3200.000000	52319.9   	3200.000000	151186    	3200.000000	134163    	3200.000000	197658    	
3400.000000	1.93007e+07	3400.000000	1.90764e+07	3400.000000	1.97064e+07	3400.000000	1.9749e+07	3400.000000	1.97063e+07	3400.000000	67858.6   	3400.000000	56199.6   	3400.000000	158990    	3400.000000	141786    	3400.000000	209286    	
3600.000000	2.04498e+07	3600.000000	2.02589e+07	3600.000000	2.09906e+07	3600.000000	2.10358e+07	3600.000000	2.09904e+07	3600.000000	70499.3   	3600.000000	60121.5   	3600.000000	166577    	3600.000000	149235    	3600.000000	220669    	
3800.000000	2.1577e+07	3800.000000	2.14274e+07	3800.000000	2.22711e+07	3800.000000	2.2319e+07	3800.000000	2.22709e+07	3800.000000	73044.4   	3800.000000	64085.1   	3800.000000	173961    	3800.000000	156516    	3800.000000	231817    	
4000.000000	2.26822e+07	4000.000000	2.25819e+07	4000.000000	2.3548e+07	4000.000000	2.35984e+07	4000.000000	2.35476e+07	4000.000000	75501.4   	4000.000000	68089.7   	4000.000000	181154    	4000.000000	163638    	4000.000000	242739    	
4200.000000	2.37656e+07	4200.000000	2.37222e+07	4200.000000	2.4821e+07	4200.000000	2.4874e+07	4200.000000	2.48206e+07	4200.000000	77877.4   	4200.000000	72134.8   	4200.000000	188167    	4200.000000	170607    	4200.000000	253443    	
4400.000000	2.48272e+07	4400.000000	2.48483e+07	4400.000000	2.60901e+07	4400.000000	2.61458e+07	4400.000000	2.60897e+07	4400.000000	80178.2   	4400.000000	76220.2   	4400.000000	195011    	4400.000000	177430    	4400.000000	263940    	
4600.000000	2.58675e+07	4600.000000	2.59604e+07	4600.000000	2.73554e+07	4600.000000	2.74136e+07	4600.000000	2.73549e+07	4600.000000	82409.5   	4600.000000	80345.3   	4600.000000	201695    	4600.000000	184113    	4600.000000	274238    	
4800.000000	2.68866e+07	4800.000000	2.70584e+07	4800.000000	2.86168e+07	4800.000000	2.86775e+07	4800.000000	2.86162e+07	4800.000000	84576.1   	4800.000000	84509.7   	4800.000000	208228    	4800.000000	190664    	4800.000000	284344    	
5000.000000	2.7885e+07	5000.000000	2.81426e+07	5000.000000	2.98745e+07	5000.000000	2.99377e+07	5000.000000	2.98738e+07	5000.000000	86682.3   	5000.000000	88713.2   	5000.000000	214618    	5000.000000	197087    	5000.000000	294268    	
5250.000000	2.91044e+07	5250.000000	2.94786e+07	5250.000000	3.14412e+07	5250.000000	3.15075e+07	5250.000000	3.14404e+07	5250.000000	89236.2   	5250.000000	94021.7   	5250.000000	222417    	5250.000000	204945    	5250.000000	306425    	
5500.000000	3.02929e+07	5500.000000	3.07937e+07	5500.000000	3.30021e+07	5500.000000	3.30715e+07	5500.000000	3.30012e+07	5500.000000	91708.9   	5500.000000	99389.8   	5500.000000	230018    	5500.000000	212623    	5500.000000	318322    	
6000.000000	3.25805e+07	6000.000000	3.33625e+07	6000.000000	3.61071e+07	6000.000000	3.61825e+07	6000.000000	3.6106e+07	6000.000000	96434.3   	6000.000000	110302    	6000.000000	244673    	6000.000000	227474    	6000.000000	341383    	
6500.000000	3.47549e+07	6500.000000	3.58526e+07	6500.000000	3.91905e+07	6500.000000	3.9272e+07	6500.000000	3.91893e+07	6500.000000	100900    	6500.000000	121444    	6500.000000	258668    	6500.000000	241707    	6500.000000	363544    	
7000.000000	3.68232e+07	7000.000000	3.82678e+07	7000.000000	4.22536e+07	7000.000000	4.23409e+07	7000.000000	4.22522e+07	7000.000000	105139    	7000.000000	132809    	7000.000000	272074    	7000.000000	255382    	7000.000000	384886    	
7500.000000	3.87921e+07	7500.000000	4.06117e+07	7500.000000	4.52973e+07	7500.000000	4.53904e+07	7500.000000	4.52959e+07	7500.000000	109179    	7500.000000	144393    	7500.000000	284951    	7500.000000	268547    	7500.000000	405480    	
8000.000000	4.06682e+07	8000.000000	4.2888e+07	8000.000000	4.83228e+07	8000.000000	4.84216e+07	8000.000000	4.83212e+07	8000.000000	113042    	8000.000000	156189    	8000.000000	297350    	8000.000000	281247    	8000.000000	425388    	
8500.000000	4.24575e+07	8500.000000	4.51001e+07	8500.000000	5.13311e+07	8500.000000	5.14355e+07	8500.000000	5.13294e+07	8500.000000	116747    	8500.000000	168192    	8500.000000	309315    	8500.000000	293520    	8500.000000	444665    	
9000.000000	4.41657e+07	9000.000000	4.72513e+07	9000.000000	5.4323e+07	9000.000000	5.4433e+07	9000.000000	5.43213e+07	9000.000000	120310    	9000.000000	180401    	9000.000000	320883    	9000.000000	305399    	9000.000000	463360    	
9500.000000	4.57979e+07	9500.000000	4.93447e+07	9500.000000	5.72995e+07	9500.000000	5.74151e+07	9500.000000	5.72978e+07	9500.000000	123745    	9500.000000	192810    	9500.000000	332086    	9500.000000	316916    	9500.000000	481515    	
10000.000000	4.73591e+07	10000.000000	5.13831e+07	10000.000000	6.02613e+07	10000.000000	6.03824e+07	10000.000000	6.02597e+07	10000.000000	127062    	10000.000000	205412    	10000.000000	342955    	10000.000000	328096    	10000.000000	499169    	
11000.000000	5.02857e+07	11000.000000	5.53059e+07	11000.000000	6.6144e+07	11000.000000	6.6276e+07	11000.000000	6.61426e+07	11000.000000	133384    	11000.000000	231179    	11000.000000	363784    	11000.000000	349536    	11000.000000	533105    	
12000.000000	5.29775e+07	12000.000000	5.90396e+07	12000.000000	7.19764e+07	12000.000000	7.21191e+07	12000.000000	7.19753e+07	12000.000000	139342    	12000.000000	257688    	12000.000000	383540    	12000.000000	369883    	12000.000000	565404    	
13000.000000	5.54614e+07	13000.000000	6.26013e+07	13000.000000	7.77632e+07	13000.000000	7.79162e+07	13000.000000	7.77623e+07	13000.000000	144989    	13000.000000	284913    	13000.000000	402359    	13000.000000	389266    	13000.000000	596256    	
14000.000000	5.77607e+07	14000.000000	6.60062e+07	14000.000000	8.35084e+07	14000.000000	8.36712e+07	14000.000000	8.35076e+07	14000.000000	150364    	14000.000000	312796    	14000.000000	420351    	14000.000000	407794    	14000.000000	625821    	
15000.000000	5.98953e+07	15000.000000	6.92677e+07	15000.000000	8.92155e+07	15000.000000	8.93876e+07	15000.000000	8.92145e+07	15000.000000	155501    	15000.000000	341287    	15000.000000	437607    	15000.000000	425556    	15000.000000	654231    	
16000.000000	6.18824e+07	16000.000000	7.23974e+07	16000.000000	9.48873e+07	16000.000000	9.50683e+07	16000.000000	9.48859e+07	16000.000000	160427    	16000.000000	370360    	16000.000000	454202    	16000.000000	442629    	16000.000000	681597    	
17000.000000	6.37367e+07	17000.000000	7.54058e+07	17000.000000	1.00526e+08	17000.000000	1.00716e+08	17000.000000	1.00524e+08	17000.000000	165163    	17000.000000	400013    	17000.000000	470201    	17000.000000	459077    	17000.000000	708017    	
18000.000000	6.54713e+07	18000.000000	7.8302e+07	18000.000000	1.06135e+08	18000.000000	1.06333e+08	18000.000000	1.06132e+08	18000.000000	169730    	18000.000000	430247    	18000.000000	485658    	18000.000000	474955    	18000.000000	733571    	
19000.000000	6.70974e+07	19000.000000	8.10942e+07	19000.000000	1.11715e+08	19000.000000	1.1192e+08	19000.000000	1.11712e+08	19000.000000	174142    	19000.000000	461065    	19000.000000	500621    	19000.000000	490313    	19000.000000	758333    	
20000.000000	6.86249e+07	20000.000000	8.37899e+07	20000.000000	1.17267e+08	20000.000000	1.17481e+08	20000.000000	1.17265e+08	20000.000000	178414    	20000.000000	492466    	20000.000000	515129    	20000.000000	505191    	20000.000000	782364    	
21000.000000	7.00625e+07	21000.000000	8.63957e+07	21000.000000	1.22795e+08	21000.000000	1.23017e+08	21000.000000	1.22792e+08	21000.000000	182557    	21000.000000	524437    	21000.000000	529218    	21000.000000	519626    	21000.000000	805720    	
22000.000000	7.14179e+07	22000.000000	8.89173e+07	22000.000000	1.28298e+08	22000.000000	1.28528e+08	22000.000000	1.28296e+08	22000.000000	186582    	22000.000000	556916    	22000.000000	542919    	22000.000000	533652    	22000.000000	828449    	
23000.000000	7.2698e+07	23000.000000	9.13604e+07	23000.000000	1.3378e+08	23000.000000	1.34017e+08	23000.000000	1.33777e+08	23000.000000	190497    	23000.000000	589878    	23000.000000	556261    	23000.000000	547296    	23000.000000	850594    	
24000.000000	7.39088e+07	24000.000000	9.37296e+07	24000.000000	1.3924e+08	24000.000000	1.39485e+08	24000.000000	1.39238e+08	24000.000000	194312    	24000.000000	623359    	24000.000000	569267    	24000.000000	560584    	24000.000000	872194    	
25000.000000	7.50558e+07	25000.000000	9.60295e+07	25000.000000	1.4468e+08	25000.000000	1.44932e+08	25000.000000	1.44678e+08	25000.000000	198032    	25000.000000	657336    	25000.000000	581960    	25000.000000	573541    	25000.000000	893284    	
26000.000000	7.61439e+07	26000.000000	9.82641e+07	26000.000000	1.50101e+08	26000.000000	1.50359e+08	26000.000000	1.50099e+08	26000.000000	201665    	26000.000000	691773    	26000.000000	594358    	26000.000000	586185    	26000.000000	913895    	
27000.000000	7.71775e+07	27000.000000	1.00437e+08	27000.000000	1.55504e+08	27000.000000	1.55768e+08	27000.000000	1.55502e+08	27000.000000	205215    	27000.000000	726657    	27000.000000	606481    	27000.000000	598536    	27000.000000	934055    	
28000.000000	7.81606e+07	28000.000000	1.02552e+08	28000.000000	1.60889e+08	28000.000000	1.6116e+08	28000.000000	1.60887e+08	28000.000000	208688    	28000.000000	761983    	28000.000000	618344    	28000.000000	610612    	28000.000000	953790    	
29000.000000	7.90966e+07	29000.000000	1.04612e+08	29000.000000	1.66258e+08	29000.000000	1.66535e+08	29000.000000	1.66256e+08	29000.000000	212089    	29000.000000	797754    	29000.000000	629961    	29000.000000	622427    	29000.000000	973123    	
30000.000000	7.9989e+07	30000.000000	1.06619e+08	30000.000000	1.71611e+08	30000.000000	1.71893e+08	30000.000000	1.71609e+08	30000.000000	215422    	30000.000000	833971    	30000.000000	641346    	30000.000000	633995    	30000.000000	992076    	
32000.000000	8.16541e+07	32000.000000	1.10488e+08	32000.000000	1.82272e+08	32000.000000	1.82564e+08	32000.000000	1.8227e+08	32000.000000	221897    	32000.000000	907699    	32000.000000	663467    	32000.000000	656444    	32000.000000	1.02892e+06	
34000.000000	8.31766e+07	34000.000000	1.14177e+08	34000.000000	1.92877e+08	34000.000000	1.93178e+08	34000.000000	1.92875e+08	34000.000000	228140    	34000.000000	983029    	34000.000000	684793    	34000.000000	678048    	34000.000000	1.06445e+06	
36000.000000	8.45737e+07	36000.000000	1.17704e+08	36000.000000	2.0343e+08	36000.000000	2.03739e+08	36000.000000	2.03428e+08	36000.000000	234174    	36000.000000	1.05985e+06	36000.000000	705397    	36000.000000	698887    	36000.000000	1.0988e+06	
38000.000000	8.586e+07 	38000.000000	1.21081e+08	38000.000000	2.13934e+08	38000.000000	2.1425e+08	38000.000000	2.13933e+08	38000.000000	240018    	38000.000000	1.13812e+06	38000.000000	725342    	38000.000000	719027    	38000.000000	1.13206e+06	
40000.000000	8.7048e+07	40000.000000	1.24322e+08	40000.000000	2.24393e+08	40000.000000	2.24715e+08	40000.000000	2.24393e+08	40000.000000	245688    	40000.000000	1.21783e+06	40000.000000	744680    	40000.000000	738526    	40000.000000	1.16432e+06	
42000.000000	8.81482e+07	42000.000000	1.27437e+08	42000.000000	2.3481e+08	42000.000000	2.35136e+08	42000.000000	2.3481e+08	42000.000000	251198    	42000.000000	1.29895e+06	42000.000000	763461    	42000.000000	757433    	42000.000000	1.19567e+06	
44000.000000	8.91698e+07	44000.000000	1.30436e+08	44000.000000	2.45187e+08	44000.000000	2.45516e+08	44000.000000	2.45188e+08	44000.000000	256562    	44000.000000	1.38146e+06	44000.000000	781725    	44000.000000	775795    	44000.000000	1.22616e+06	
46000.000000	9.01207e+07	46000.000000	1.33328e+08	46000.000000	2.55526e+08	46000.000000	2.55858e+08	46000.000000	2.55529e+08	46000.000000	261789    	46000.000000	1.4653e+06	46000.000000	799509    	46000.000000	793649    	46000.000000	1.25585e+06	
48000.000000	9.10078e+07	48000.000000	1.3612e+08	48000.000000	2.65831e+08	48000.000000	2.66163e+08	48000.000000	2.65835e+08	48000.000000	266891    	48000.000000	1.55046e+06	48000.000000	816846    	48000.000000	811032    	48000.000000	1.28481e+06	
50000.000000	9.18371e+07	50000.000000	1.38819e+08	50000.000000	2.76102e+08	50000.000000	2.76434e+08	50000.000000	2.76107e+08	50000.000000	271874    	50000.000000	1.63689e+06	50000.000000	833766    	50000.000000	827973    	50000.000000	1.31307e+06	
