! 10He range in C5F20H190
! apply ZOOM for details
Energy (MeV/u)1	0 - [He-base] F.Hubert et al, AD&ND Tables 46(1990)1	Energy (MeV/u)2	1 - [H -base] J.F.Ziegler et al,Pergamon Press,NY(low energy)	Energy (MeV/u)3	2 - ATIMA 1.2 LS-theory (recommended for high energy)	Energy (MeV/u)4	3 - ATIMA 1.2 without LS-correction	Energy (MeV/u)5	4 - ATIMA 1.4 H.Weick, improved mean charge formula for HI	Energy (MeV/u)6	5 - Range straggling - method [0] - LISE	Energy (MeV/u)7	6 - Range straggling - method [1] - Atima	Energy (MeV/u)8	7 - Lateral range - method [0] - LISE	Energy (MeV/u)9	8 - Lateral range - method [1] - Atima	Energy (MeV/u)10	9 - Lateral range - method [2] - PDG	
0.001000	982.167   	0.001000	982.167   	0.001000	757.111   	0.001000	757.111   	0.001000	757.277   	0.001000	0         	0.001000	0         	0.001000	15.7055   	0.001000	34.3891   	0.001000	17.4501   	
0.002000	1964.33   	0.002000	1964.33   	0.002000	1514.22   	0.002000	1514.22   	0.002000	1514.55   	0.002000	41.29     	0.002000	41.29     	0.002000	45.9978   	0.002000	97.3523   	0.002000	53.2963   	
0.005000	4192.95   	0.005000	4192.95   	0.005000	3215.34   	0.005000	3215.34   	0.005000	3215.81   	0.005000	47.2429   	0.005000	47.2429   	0.005000	145.466   	0.005000	299.957   	0.005000	173.618   	
0.008000	5842.77   	0.008000	5842.77   	0.008000	4505      	0.008000	4505      	0.008000	4505.51   	0.008000	47.3876   	0.008000	47.3876   	0.008000	240.823   	0.008000	488.779   	0.008000	295.173   	
0.010000	6776.22   	0.010000	6776.22   	0.010000	5248.99   	0.010000	5248.99   	0.010000	5249.51   	0.010000	47.847    	0.010000	47.847    	0.010000	293.613   	0.010000	586.306   	0.010000	368.313   	
0.015000	8692.09   	0.015000	8692.09   	0.015000	6873.6    	0.015000	6873.6    	0.015000	6874.15   	0.015000	50.0253   	0.015000	50.0253   	0.015000	407.016   	0.015000	779.709   	0.015000	485.334   	
0.020000	10214.1   	0.020000	10214.1   	0.020000	8286.02   	0.020000	8286.02   	0.020000	8286.57   	0.020000	52.8698   	0.020000	52.8698   	0.020000	500.383   	0.020000	926.43    	0.020000	561.502   	
0.025000	11507.1   	0.025000	11507.1   	0.025000	9560.93   	0.025000	9560.93   	0.025000	9561.49   	0.025000	55.8601   	0.025000	55.8601   	0.025000	567.786   	0.025000	1031.51   	0.025000	618.437   	
0.030000	12652.3   	0.030000	12652.3   	0.030000	10729.5   	0.030000	10729.5   	0.030000	10730.1   	0.030000	58.7402   	0.030000	58.7402   	0.030000	619.631   	0.030000	1112.37   	0.030000	663.284   	
0.035000	13694.8   	0.035000	13694.8   	0.035000	11812.2   	0.035000	11812.2   	0.035000	11812.8   	0.035000	61.4189   	0.035000	61.4189   	0.035000	661.604   	0.035000	1177.81   	0.035000	700.516   	
0.040000	14662     	0.040000	14662     	0.040000	12828.4   	0.040000	12828.4   	0.040000	12828.9   	0.040000	63.9088   	0.040000	63.9088   	0.040000	696.999   	0.040000	1232.88   	0.040000	732.502   	
0.045000	15571.1   	0.045000	15571.1   	0.045000	13791.3   	0.045000	13791.3   	0.045000	13791.9   	0.045000	66.2316   	0.045000	66.2316   	0.045000	727.521   	0.045000	1280.24   	0.045000	760.044   	
0.050000	16433.8   	0.050000	16433.8   	0.050000	14710.8   	0.050000	14710.8   	0.050000	14711.4   	0.050000	68.4097   	0.050000	68.7051   	0.050000	754.634   	0.050000	1322.05   	0.050000	784.978   	
0.055000	17258.4   	0.055000	17258.4   	0.055000	15594.1   	0.055000	15594.1   	0.055000	15594.7   	0.055000	70.4637   	0.055000	71.1694   	0.055000	778.671   	0.055000	1359      	0.055000	807.67    	
0.060000	18051.1   	0.060000	18051.1   	0.060000	16446.9   	0.060000	16446.9   	0.060000	16447.5   	0.060000	72.4115   	0.060000	73.4774   	0.060000	800.635   	0.060000	1392.51   	0.060000	828.303   	
0.070000	19559.6   	0.070000	19559.6   	0.070000	18078.6   	0.070000	18078.6   	0.070000	18079.1   	0.070000	76.0486   	0.070000	77.7378   	0.070000	839.723   	0.070000	1451.43   	0.070000	865.645   	
0.080000	20988.8   	0.080000	20988.8   	0.080000	19633.4   	0.080000	19633.4   	0.080000	19634     	0.080000	79.4204   	0.080000	81.6579   	0.080000	874.168   	0.080000	1502.35   	0.080000	898.765   	
0.090000	22359.1   	0.090000	22359.1   	0.090000	21131.1   	0.090000	21131.1   	0.090000	21131.6   	0.090000	82.6007   	0.090000	85.349    	0.090000	904.799   	0.090000	1546.82   	0.090000	929.455   	
0.100000	23686.2   	0.100000	23686.2   	0.100000	22585.9   	0.100000	22585.9   	0.100000	22586.5   	0.100000	85.6452   	0.100000	88.8889   	0.100000	933.122   	0.100000	1587.19   	0.100000	957.743   	
0.120000	26254.5   	0.120000	26254.5   	0.120000	25409     	0.120000	25409     	0.120000	25409.6   	0.120000	91.4889   	0.120000	95.7283   	0.120000	984.334   	0.120000	1658.27   	0.120000	1010.41   	
0.140000	28761.5   	0.140000	28761.5   	0.140000	28166.4   	0.140000	28166.4   	0.140000	28166.9   	0.140000	97.1985   	0.140000	102.467   	0.140000	1030.75   	0.140000	1720.97   	0.140000	1059.24   	
0.160000	31251.4   	0.160000	31251.4   	0.160000	30900     	0.160000	30900     	0.160000	30900.5   	0.160000	102.938   	0.160000	109.038   	0.160000	1073.9    	0.160000	1778.66   	0.160000	1105.76   	
0.180000	33754.5   	0.180000	33754.5   	0.180000	33639     	0.180000	33639     	0.180000	33639.5   	0.180000	108.822   	0.180000	115.537   	0.180000	1115.26   	0.180000	1833.55   	0.180000	1150.97   	
0.200000	36292.6   	0.200000	36292.6   	0.200000	36404.4   	0.200000	36404.4   	0.200000	36405     	0.200000	114.937   	0.200000	122.09    	0.200000	1154.99   	0.200000	1886.22   	0.200000	1194.75   	
0.250000	42885.5   	0.250000	42885.5   	0.250000	43527.7   	0.250000	43527.7   	0.250000	43528.3   	0.250000	131.633   	0.250000	139.229   	0.250000	1252.13   	0.250000	2013.98   	0.250000	1303.75   	
0.300000	49943.9   	0.300000	49943.9   	0.300000	51066.3   	0.300000	51066.3   	0.300000	51066.8   	0.300000	150.858   	0.300000	158.063   	0.300000	1349.73   	0.300000	2141.18   	0.300000	1415.46   	
0.350000	57548.7   	0.350000	57548.7   	0.350000	59108.6   	0.350000	59108.6   	0.350000	59109.2   	0.350000	173.016   	0.350000	179.042   	0.350000	1430.91   	0.350000	2269.93   	0.350000	1528.93   	
0.400000	65741.5   	0.400000	65741.5   	0.400000	67705.6   	0.400000	67705.6   	0.400000	67706.2   	0.400000	198.323   	0.400000	202.378   	0.400000	1512.12   	0.400000	2402.46   	0.400000	1647.28   	
0.450000	74542.9   	0.450000	74542.9   	0.450000	76886.5   	0.450000	76886.5   	0.450000	76887.1   	0.450000	226.872   	0.450000	228.144   	0.450000	1596.66   	0.450000	2539.12   	0.450000	1702.4    	
0.500000	83961     	0.500000	83961     	0.500000	86667.3   	0.500000	86667.3   	0.500000	86667.9   	0.500000	258.676   	0.500000	256.337   	0.500000	1685.33   	0.500000	2680.66   	0.500000	1761.59   	
0.600000	104648    	0.600000	104648    	0.600000	108053    	0.600000	108053    	0.600000	108053    	0.600000	331.877   	0.600000	320.146   	0.600000	1874.02   	0.600000	2929.29   	0.600000	1894.98   	
0.700000	127769    	0.700000	127769    	0.700000	131867    	0.700000	131867    	0.700000	131867    	0.700000	417.384   	0.700000	394.931   	0.700000	2077.83   	0.700000	3189      	0.700000	2047.5    	
0.800000	153268    	0.800000	153268    	0.800000	158074    	0.800000	158074    	0.800000	158074    	0.800000	514.549   	0.800000	479.438   	0.800000	2292.53   	0.800000	3463.2    	0.800000	2220      	
0.900000	181080    	0.900000	181080    	0.900000	186623    	0.900000	186623    	0.900000	186623    	0.900000	622.772   	0.900000	572.434   	0.900000	2478.54   	0.900000	3706.12   	0.900000	2410.13   	
1.000000	211148    	1.000000	211148    	1.000000	217462    	1.000000	217462    	1.000000	217462    	1.000000	741.544   	1.000000	673.024   	1.000000	2681.19   	1.000000	3971.07   	1.000000	2618.29   	
1.250000	295846    	1.250000	295846    	1.250000	304260    	1.250000	304260    	1.250000	304261    	1.250000	1082.17   	1.250000	953.88    	1.250000	3258.51   	1.250000	4723.99   	1.250000	3210.85   	
1.500000	393651    	1.500000	393651    	1.500000	404425    	1.500000	404425    	1.500000	404425    	1.500000	1482.18   	1.500000	1272.34   	1.500000	3930.76   	1.500000	5594.86   	1.500000	3901.05   	
1.750000	504093    	1.750000	504093    	1.750000	517494    	1.750000	517494    	1.750000	517494    	1.750000	1939.35   	1.750000	1625.26   	1.750000	4692.61   	1.750000	6573.9    	1.750000	4684.02   	
2.000000	626830    	2.000000	626830    	2.000000	643136    	2.000000	643136    	2.000000	643136    	2.000000	2452.58   	2.000000	2010.86   	2.000000	5540.63   	2.000000	7654.8    	2.000000	5556.6    	
2.250000	761607    	2.250000	761607    	2.250000	781104    	2.250000	781104    	2.250000	781104    	2.250000	3021.28   	2.250000	2428.1    	2.250000	6472.4    	2.250000	8833.05   	2.250000	6516.55   	
2.500000	908492    	2.500000	908216    	2.500000	931203    	2.500000	931203    	2.500000	931203    	2.500000	3645.09   	2.500000	2876.37   	2.500000	7486.12   	2.500000	10105.3   	2.500000	7562.16   	
3.000000	1.25425e+06	3.000000	1.23626e+06	3.000000	1.26717e+06	3.000000	1.26717e+06	3.000000	1.26717e+06	3.000000	5057.09   	3.000000	3864.37   	3.000000	9754.16   	3.000000	12921.7   	3.000000	9905.35   	
3.500000	1.6478e+06	3.500000	1.60978e+06	3.500000	1.64998e+06	3.500000	1.64998e+06	3.500000	1.64998e+06	3.500000	6686.82   	3.500000	4971.38   	3.500000	12336.2   	3.500000	16087.8   	3.500000	12578     	
4.000000	2.08815e+06	4.000000	2.02781e+06	4.000000	2.07875e+06	4.000000	2.07875e+06	4.000000	2.07875e+06	4.000000	8532.47   	4.000000	6194.1    	4.000000	15226.1   	4.000000	19591.9   	4.000000	15573.9   	
4.500000	2.57443e+06	4.500000	2.48951e+06	4.500000	2.55272e+06	4.500000	2.55272e+06	4.500000	2.55272e+06	4.500000	10592.1   	4.500000	7530.01   	4.500000	18418.7   	4.500000	23424.2   	4.500000	18888.2   	
5.000000	3.10591e+06	5.000000	2.9941e+06	5.000000	3.0712e+06	5.000000	3.0712e+06	5.000000	3.0712e+06	5.000000	12863.8   	5.000000	8976.81   	5.000000	21909.6   	5.000000	27576.6   	5.000000	22516.3   	
5.500000	3.68195e+06	5.500000	3.54091e+06	5.500000	3.63359e+06	5.500000	3.63359e+06	5.500000	3.63359e+06	5.500000	15345.6   	5.500000	10532.3   	5.500000	25694.8   	5.500000	32042.2   	5.500000	26454.3   	
6.000000	4.30195e+06	6.000000	4.12932e+06	6.000000	4.23932e+06	6.000000	4.23932e+06	6.000000	4.23932e+06	6.000000	18035.7   	6.000000	12194.5   	6.000000	29771.1   	6.000000	36814.9   	6.000000	30698.8   	
6.500000	4.96537e+06	6.500000	4.75876e+06	6.500000	4.8879e+06	6.500000	4.8879e+06	6.500000	4.8879e+06	6.500000	20932.5   	6.500000	13961.8   	6.500000	34135.3   	6.500000	41889     	6.500000	35246.7   	
7.000000	5.67174e+06	7.000000	5.42873e+06	7.000000	5.57887e+06	7.000000	5.57887e+06	7.000000	5.57886e+06	7.000000	24034.4   	7.000000	15832.4   	7.000000	38784.6   	7.000000	47259.9   	7.000000	40095.1   	
7.500000	6.4206e+06	7.500000	6.13876e+06	7.500000	6.31179e+06	7.500000	6.31179e+06	7.500000	6.31179e+06	7.500000	27340.1   	7.500000	17804.9   	7.500000	43716.5   	7.500000	52923     	7.500000	45241.4   	
8.000000	7.21152e+06	8.000000	6.88842e+06	8.000000	7.0863e+06	8.000000	7.0863e+06	8.000000	7.08629e+06	8.000000	30848.2   	8.000000	19878.1   	8.000000	48928.7   	8.000000	58874.5   	8.000000	50683.4   	
8.500000	8.04411e+06	8.500000	7.67732e+06	8.500000	7.90202e+06	8.500000	7.90202e+06	8.500000	7.90202e+06	8.500000	34557.7   	8.500000	22051     	8.500000	54419.2   	8.500000	65110.8   	8.500000	56418.9   	
9.000000	8.91801e+06	9.000000	8.50508e+06	9.000000	8.75865e+06	9.000000	8.75865e+06	9.000000	8.75864e+06	9.000000	38467.5   	9.000000	24322.5   	9.000000	60186.1   	9.000000	71628.6   	9.000000	62446.1   	
9.500000	9.83285e+06	9.500000	9.37138e+06	9.500000	9.65586e+06	9.500000	9.65586e+06	9.500000	9.65585e+06	9.500000	42576.7   	9.500000	26691.3   	9.500000	66227.7   	9.500000	78424.8   	9.500000	68763.1   	
10.000000	1.07883e+07	10.000000	1.02778e+07	10.000000	1.05934e+07	10.000000	1.05934e+07	10.000000	1.05934e+07	10.000000	46884.3   	10.000000	29156     	10.000000	72542.2   	10.000000	85496.7   	10.000000	75368.4   	
11.000000	1.28198e+07	11.000000	1.23184e+07	11.000000	1.25895e+07	11.000000	1.25894e+07	11.000000	1.25895e+07	11.000000	56107.8   	11.000000	34379     	11.000000	85994.8   	11.000000	100468    	11.000000	89448.4   	
12.000000	1.50101e+07	12.000000	1.4515e+07	12.000000	1.47462e+07	12.000000	1.4746e+07	12.000000	1.47464e+07	12.000000	66145.4   	12.000000	39995.7   	12.000000	100544    	12.000000	116535    	12.000000	104686    	
13.000000	1.7357e+07	13.000000	1.68657e+07	13.000000	1.70619e+07	13.000000	1.70614e+07	13.000000	1.70621e+07	13.000000	76988.1   	13.000000	45998.8   	13.000000	116180    	13.000000	133682    	13.000000	121073    	
14.000000	1.98585e+07	14.000000	1.93688e+07	14.000000	1.95346e+07	14.000000	1.95339e+07	14.000000	1.95352e+07	14.000000	88627.5   	14.000000	52378.3   	14.000000	132894    	14.000000	151893    	14.000000	138600    	
15.000000	2.25127e+07	15.000000	2.20225e+07	15.000000	2.2163e+07	15.000000	2.21619e+07	15.000000	2.21638e+07	15.000000	101055    	15.000000	59127.2   	15.000000	150677    	15.000000	171155    	15.000000	157259    	
16.000000	2.53178e+07	16.000000	2.48253e+07	16.000000	2.49453e+07	16.000000	2.49439e+07	16.000000	2.49465e+07	16.000000	114264    	16.000000	66241.7   	16.000000	169522    	16.000000	191452    	16.000000	177040    	
17.000000	2.82721e+07	17.000000	2.77758e+07	17.000000	2.788e+07 	17.000000	2.78783e+07	17.000000	2.78817e+07	17.000000	128245    	17.000000	73718.6   	17.000000	189418    	17.000000	212773    	17.000000	197935    	
18.000000	3.1374e+07	18.000000	3.08724e+07	18.000000	3.09657e+07	18.000000	3.09636e+07	18.000000	3.09679e+07	18.000000	142989    	18.000000	81551.2   	18.000000	210356    	18.000000	235103    	18.000000	219934    	
19.000000	3.4622e+07	19.000000	3.4114e+07	19.000000	3.42007e+07	19.000000	3.41983e+07	19.000000	3.42036e+07	19.000000	158487    	19.000000	89730.4   	19.000000	232328    	19.000000	258430    	19.000000	243029    	
20.000000	3.80147e+07	20.000000	3.74991e+07	20.000000	3.75835e+07	20.000000	3.75809e+07	20.000000	3.75872e+07	20.000000	174730    	20.000000	98249.5   	20.000000	255322    	20.000000	282739    	20.000000	267209    	
21.000000	4.15506e+07	21.000000	4.10266e+07	21.000000	4.11128e+07	21.000000	4.11099e+07	21.000000	4.11172e+07	21.000000	191708    	21.000000	107103    	21.000000	279330    	21.000000	308018    	21.000000	292465    	
22.000000	4.52284e+07	22.000000	4.46953e+07	22.000000	4.47868e+07	22.000000	4.47837e+07	22.000000	4.47921e+07	22.000000	209410    	22.000000	116285    	22.000000	304339    	22.000000	334253    	22.000000	318786    	
23.000000	4.90468e+07	23.000000	4.8504e+07	23.000000	4.86041e+07	23.000000	4.86008e+07	23.000000	4.86102e+07	23.000000	227825    	23.000000	125789    	23.000000	330341    	23.000000	361432    	23.000000	346161    	
24.000000	5.30047e+07	24.000000	5.24516e+07	24.000000	5.25628e+07	24.000000	5.25595e+07	24.000000	5.257e+07 	24.000000	246942    	24.000000	135609    	24.000000	357322    	24.000000	389540    	24.000000	374578    	
25.000000	5.71007e+07	25.000000	5.65372e+07	25.000000	5.66614e+07	25.000000	5.66583e+07	25.000000	5.66698e+07	25.000000	266748    	25.000000	145738    	25.000000	385271    	25.000000	418563    	25.000000	404026    	
27.000000	6.57029e+07	27.000000	6.51178e+07	27.000000	6.52714e+07	27.000000	6.52695e+07	27.000000	6.52829e+07	27.000000	308378    	27.000000	166891    	27.000000	444025    	27.000000	479300    	27.000000	465966    	
29.000000	7.48447e+07	29.000000	7.4238e+07	29.000000	7.44207e+07	29.000000	7.4421e+07	29.000000	7.44361e+07	29.000000	352609    	29.000000	189181    	29.000000	506500    	29.000000	543527    	29.000000	531877    	
31.000000	8.45178e+07	31.000000	8.38902e+07	31.000000	8.40971e+07	31.000000	8.41001e+07	31.000000	8.41164e+07	31.000000	399345    	31.000000	212574    	31.000000	572597    	31.000000	611137    	31.000000	601660    	
33.000000	9.47145e+07	33.000000	9.40674e+07	33.000000	9.42964e+07	33.000000	9.4303e+07	33.000000	9.432e+07 	33.000000	448610    	33.000000	237069    	33.000000	642289    	33.000000	682092    	33.000000	675293    	
35.000000	1.05427e+08	35.000000	1.04763e+08	35.000000	1.05013e+08	35.000000	1.05024e+08	35.000000	1.05041e+08	35.000000	500387    	35.000000	262660    	35.000000	715535    	35.000000	756344    	35.000000	752736    	
38.000000	1.22449e+08	38.000000	1.21763e+08	38.000000	1.22043e+08	38.000000	1.22062e+08	38.000000	1.22078e+08	38.000000	582687    	38.000000	303082    	38.000000	831958    	38.000000	873781    	38.000000	875942    	
41.000000	1.40595e+08	41.000000	1.39895e+08	41.000000	1.40201e+08	41.000000	1.40229e+08	41.000000	1.40244e+08	41.000000	670454    	41.000000	345861    	41.000000	956110    	41.000000	998339    	41.000000	1.00747e+06	
44.000000	1.59843e+08	44.000000	1.59136e+08	44.000000	1.59469e+08	44.000000	1.59507e+08	44.000000	1.59519e+08	44.000000	763579    	44.000000	390964    	44.000000	1.08785e+06	44.000000	1.12986e+06	44.000000	1.14718e+06	
47.000000	1.80173e+08	47.000000	1.79471e+08	47.000000	1.79827e+08	47.000000	1.79877e+08	47.000000	1.79884e+08	47.000000	861953    	47.000000	438367    	47.000000	1.22702e+06	47.000000	1.2682e+06	47.000000	1.29495e+06	
50.000000	2.01569e+08	50.000000	2.00879e+08	50.000000	2.01256e+08	50.000000	2.0132e+08	50.000000	2.01321e+08	50.000000	965474    	50.000000	487986    	50.000000	1.37351e+06	50.000000	1.41321e+06	50.000000	1.45065e+06	
55.000000	2.39546e+08	55.000000	2.38901e+08	55.000000	2.3931e+08	55.000000	2.394e+08 	55.000000	2.39389e+08	55.000000	1.14917e+06	55.000000	575465    	55.000000	1.63356e+06	55.000000	1.6694e+06	55.000000	1.72745e+06	
60.000000	2.80355e+08	60.000000	2.79784e+08	60.000000	2.80222e+08	60.000000	2.80344e+08	60.000000	2.80317e+08	60.000000	1.34642e+06	60.000000	668726    	60.000000	1.91301e+06	60.000000	1.94322e+06	60.000000	2.02545e+06	
65.000000	3.23926e+08	65.000000	3.2346e+08	65.000000	3.23927e+08	65.000000	3.24082e+08	65.000000	3.24036e+08	65.000000	1.5568e+06	65.000000	767660    	65.000000	2.21131e+06	65.000000	2.23416e+06	65.000000	2.34416e+06	
70.000000	3.70194e+08	70.000000	3.69861e+08	70.000000	3.70355e+08	70.000000	3.7055e+08	70.000000	3.70482e+08	70.000000	1.77988e+06	70.000000	872011    	70.000000	2.52797e+06	70.000000	2.54175e+06	70.000000	2.68311e+06	
75.000000	4.19098e+08	75.000000	4.18925e+08	75.000000	4.19449e+08	75.000000	4.19687e+08	75.000000	4.19592e+08	75.000000	2.01526e+06	75.000000	981679    	75.000000	2.86251e+06	75.000000	2.86552e+06	75.000000	3.04187e+06	
80.000000	4.70579e+08	80.000000	4.70592e+08	80.000000	4.71149e+08	80.000000	4.71435e+08	80.000000	4.7131e+08	80.000000	2.26257e+06	80.000000	1.09642e+06	80.000000	3.21446e+06	80.000000	3.20506e+06	80.000000	3.42002e+06	
85.000000	5.24586e+08	85.000000	5.24805e+08	85.000000	5.25398e+08	85.000000	5.25738e+08	85.000000	5.2558e+08	85.000000	2.52142e+06	85.000000	1.2161e+06	85.000000	3.58339e+06	85.000000	3.55998e+06	85.000000	3.81717e+06	
90.000000	5.81065e+08	90.000000	5.8151e+08	90.000000	5.82147e+08	90.000000	5.82542e+08	90.000000	5.82347e+08	90.000000	2.79147e+06	90.000000	1.3406e+06	90.000000	3.96888e+06	90.000000	3.92989e+06	90.000000	4.23294e+06	
95.000000	6.39969e+08	95.000000	6.40655e+08	95.000000	6.41342e+08	95.000000	6.41798e+08	95.000000	6.41562e+08	95.000000	3.07237e+06	95.000000	1.46978e+06	95.000000	4.3705e+06	95.000000	4.31443e+06	95.000000	4.66694e+06	
100.000000	7.01253e+08	100.000000	7.02188e+08	100.000000	7.02932e+08	100.000000	7.03455e+08	100.000000	7.03176e+08	100.000000	3.36379e+06	100.000000	1.60354e+06	100.000000	4.78787e+06	100.000000	4.71326e+06	100.000000	5.11883e+06	
105.000000	7.64872e+08	105.000000	7.66063e+08	105.000000	7.66875e+08	105.000000	7.67468e+08	105.000000	7.67141e+08	105.000000	3.66541e+06	105.000000	1.74176e+06	105.000000	5.22061e+06	105.000000	5.12605e+06	105.000000	5.58826e+06	
110.000000	8.30784e+08	110.000000	8.32234e+08	110.000000	8.33125e+08	110.000000	8.33789e+08	110.000000	8.33411e+08	110.000000	3.97692e+06	110.000000	1.88427e+06	110.000000	5.66834e+06	110.000000	5.55247e+06	110.000000	6.07489e+06	
115.000000	8.9895e+08	115.000000	9.00654e+08	115.000000	9.01637e+08	115.000000	9.02376e+08	115.000000	9.01944e+08	115.000000	4.29803e+06	115.000000	2.03093e+06	115.000000	6.13071e+06	115.000000	5.99224e+06	115.000000	6.5784e+06	
120.000000	9.69331e+08	120.000000	9.71281e+08	120.000000	9.72364e+08	120.000000	9.73185e+08	120.000000	9.72695e+08	120.000000	4.62844e+06	120.000000	2.18172e+06	120.000000	6.60737e+06	120.000000	6.44506e+06	120.000000	7.09847e+06	
125.000000	1.04189e+09	125.000000	1.04407e+09	125.000000	1.04527e+09	125.000000	1.04618e+09	125.000000	1.04563e+09	125.000000	4.96788e+06	125.000000	2.33645e+06	125.000000	7.098e+06 	125.000000	6.91064e+06	125.000000	7.63481e+06	
130.000000	1.1166e+09	130.000000	1.11899e+09	130.000000	1.12031e+09	130.000000	1.12131e+09	130.000000	1.12069e+09	130.000000	5.31608e+06	130.000000	2.4951e+06	130.000000	7.60225e+06	130.000000	7.38871e+06	130.000000	8.18711e+06	
135.000000	1.19341e+09	135.000000	1.19599e+09	135.000000	1.19746e+09	135.000000	1.19855e+09	135.000000	1.19786e+09	135.000000	5.67277e+06	135.000000	2.65759e+06	135.000000	8.11981e+06	135.000000	7.87901e+06	135.000000	8.75508e+06	
140.000000	1.2723e+09	140.000000	1.27505e+09	140.000000	1.27666e+09	140.000000	1.27785e+09	140.000000	1.27709e+09	140.000000	6.03771e+06	140.000000	2.82372e+06	140.000000	8.65038e+06	140.000000	8.38128e+06	140.000000	9.33844e+06	
145.000000	1.35324e+09	145.000000	1.35611e+09	145.000000	1.35788e+09	145.000000	1.35918e+09	145.000000	1.35834e+09	145.000000	6.41064e+06	145.000000	2.99343e+06	145.000000	9.19366e+06	145.000000	8.89528e+06	145.000000	9.93691e+06	
150.000000	1.43619e+09	150.000000	1.43915e+09	150.000000	1.4411e+09	150.000000	1.4425e+09	150.000000	1.44159e+09	150.000000	6.79132e+06	150.000000	3.16664e+06	150.000000	9.74934e+06	150.000000	9.42075e+06	150.000000	1.05502e+07	
155.000000	1.57535e+09	155.000000	1.52412e+09	155.000000	1.52627e+09	155.000000	1.52778e+09	155.000000	1.52679e+09	155.000000	7.17954e+06	155.000000	3.34328e+06	155.000000	1.03172e+07	155.000000	9.9575e+06	155.000000	1.11781e+07	
160.000000	1.7194e+09	160.000000	1.61101e+09	160.000000	1.61337e+09	160.000000	1.61499e+09	160.000000	1.61391e+09	160.000000	7.57505e+06	160.000000	3.52328e+06	160.000000	1.08968e+07	160.000000	1.05053e+07	160.000000	1.18204e+07	
165.000000	1.86644e+09	165.000000	1.69977e+09	165.000000	1.70235e+09	165.000000	1.70408e+09	165.000000	1.70292e+09	165.000000	7.97765e+06	165.000000	3.70655e+06	165.000000	1.14881e+07	165.000000	1.10638e+07	165.000000	1.24767e+07	
170.000000	2.01642e+09	170.000000	1.79037e+09	170.000000	1.79318e+09	170.000000	1.79504e+09	170.000000	1.79378e+09	170.000000	8.38712e+06	170.000000	3.89304e+06	170.000000	1.20907e+07	170.000000	1.1633e+07	170.000000	1.31468e+07	
175.000000	2.16929e+09	175.000000	1.88278e+09	175.000000	1.88584e+09	175.000000	1.88783e+09	175.000000	1.88647e+09	175.000000	8.80326e+06	175.000000	4.08271e+06	175.000000	1.27043e+07	175.000000	1.22126e+07	175.000000	1.38305e+07	
180.000000	2.325e+09 	180.000000	1.97698e+09	180.000000	1.9803e+09	180.000000	1.98241e+09	180.000000	1.98096e+09	180.000000	9.22587e+06	180.000000	4.27538e+06	180.000000	1.33288e+07	180.000000	1.28023e+07	180.000000	1.45276e+07	
185.000000	2.4835e+09	185.000000	2.07292e+09	185.000000	2.07652e+09	185.000000	2.07876e+09	185.000000	2.07721e+09	185.000000	9.65475e+06	185.000000	4.47094e+06	185.000000	1.39638e+07	185.000000	1.34021e+07	185.000000	1.52379e+07	
190.000000	2.64475e+09	190.000000	2.17059e+09	190.000000	2.17448e+09	190.000000	2.17686e+09	190.000000	2.1752e+09	190.000000	1.00897e+07	190.000000	4.66942e+06	190.000000	1.46092e+07	190.000000	1.40116e+07	190.000000	1.5961e+07	
195.000000	2.80871e+09	195.000000	2.26996e+09	195.000000	2.27415e+09	195.000000	2.27666e+09	195.000000	2.27489e+09	195.000000	1.05306e+07	195.000000	4.87083e+06	195.000000	1.52647e+07	195.000000	1.46307e+07	195.000000	1.66968e+07	
200.000000	2.97532e+09	200.000000	2.37099e+09	200.000000	2.37549e+09	200.000000	2.37814e+09	200.000000	2.37627e+09	200.000000	1.09772e+07	200.000000	5.07499e+06	200.000000	1.593e+07 	200.000000	1.52593e+07	200.000000	1.74451e+07	
210.000000	3.31636e+09	210.000000	2.57794e+09	210.000000	2.5831e+09	210.000000	2.58606e+09	210.000000	2.58395e+09	210.000000	1.18869e+07	210.000000	5.49119e+06	210.000000	1.72895e+07	210.000000	1.6544e+07	210.000000	1.89782e+07	
220.000000	3.66754e+09	220.000000	2.79126e+09	220.000000	2.79712e+09	220.000000	2.80039e+09	220.000000	2.79804e+09	220.000000	1.28175e+07	220.000000	5.91786e+06	220.000000	1.86859e+07	220.000000	1.78644e+07	220.000000	2.05588e+07	
230.000000	4.02857e+09	230.000000	3.01073e+09	230.000000	3.01734e+09	230.000000	3.02093e+09	230.000000	3.01832e+09	230.000000	1.37677e+07	230.000000	6.35479e+06	230.000000	2.01177e+07	230.000000	1.9219e+07	230.000000	2.21853e+07	
240.000000	4.39914e+09	240.000000	3.23618e+09	240.000000	3.24358e+09	240.000000	3.24749e+09	240.000000	3.24462e+09	240.000000	1.47364e+07	240.000000	6.8012e+06	240.000000	2.15832e+07	240.000000	2.06067e+07	240.000000	2.3856e+07	
250.000000	4.77898e+09	250.000000	3.46742e+09	250.000000	3.47562e+09	250.000000	3.47989e+09	250.000000	3.47674e+09	250.000000	1.57224e+07	250.000000	7.25678e+06	250.000000	2.3081e+07	250.000000	2.20263e+07	250.000000	2.55697e+07	
260.000000	5.16781e+09	260.000000	3.70429e+09	260.000000	3.71332e+09	260.000000	3.71795e+09	260.000000	3.71451e+09	260.000000	1.67247e+07	260.000000	7.7212e+06	260.000000	2.46098e+07	260.000000	2.34766e+07	260.000000	2.73249e+07	
270.000000	5.56539e+09	270.000000	3.9466e+09	270.000000	3.9565e+09	270.000000	3.96151e+09	270.000000	3.95776e+09	270.000000	1.77422e+07	270.000000	8.19416e+06	270.000000	2.6168e+07	270.000000	2.49565e+07	270.000000	2.91202e+07	
280.000000	5.97147e+09	280.000000	4.19422e+09	280.000000	4.205e+09 	280.000000	4.21039e+09	280.000000	4.20633e+09	280.000000	1.87741e+07	280.000000	8.67498e+06	280.000000	2.77545e+07	280.000000	2.64649e+07	280.000000	3.09543e+07	
290.000000	6.38582e+09	290.000000	4.44698e+09	290.000000	4.45865e+09	290.000000	4.46444e+09	290.000000	4.46006e+09	290.000000	1.98194e+07	290.000000	9.1635e+06	290.000000	2.9368e+07	290.000000	2.80009e+07	290.000000	3.28261e+07	
300.000000	6.8082e+09	300.000000	4.70473e+09	300.000000	4.7173e+09	300.000000	4.7235e+09	300.000000	4.71879e+09	300.000000	2.08772e+07	300.000000	9.65965e+06	300.000000	3.10074e+07	300.000000	2.95634e+07	300.000000	3.47343e+07	
310.000000	7.23841e+09	310.000000	4.96735e+09	310.000000	4.98082e+09	310.000000	4.98745e+09	310.000000	4.98239e+09	310.000000	2.19468e+07	310.000000	1.01628e+07	310.000000	3.26714e+07	310.000000	3.11516e+07	310.000000	3.66776e+07	
320.000000	7.67623e+09	320.000000	5.23469e+09	320.000000	5.24906e+09	320.000000	5.25612e+09	320.000000	5.25071e+09	320.000000	2.30273e+07	320.000000	1.0673e+07	320.000000	3.43591e+07	320.000000	3.27645e+07	320.000000	3.86551e+07	
330.000000	8.12147e+09	330.000000	5.50662e+09	330.000000	5.52189e+09	330.000000	5.52939e+09	330.000000	5.52362e+09	330.000000	2.41181e+07	330.000000	1.119e+07 	330.000000	3.60693e+07	330.000000	3.44013e+07	330.000000	4.06657e+07	
340.000000	8.57394e+09	340.000000	5.78302e+09	340.000000	5.79919e+09	340.000000	5.80713e+09	340.000000	5.80099e+09	340.000000	2.52184e+07	340.000000	1.17134e+07	340.000000	3.78012e+07	340.000000	3.60612e+07	340.000000	4.27082e+07	
350.000000	9.03343e+09	350.000000	6.06377e+09	350.000000	6.08081e+09	350.000000	6.08922e+09	350.000000	6.08269e+09	350.000000	2.63276e+07	350.000000	1.22428e+07	350.000000	3.95536e+07	350.000000	3.77432e+07	350.000000	4.47816e+07	
360.000000	9.49979e+09	360.000000	6.34875e+09	360.000000	6.36663e+09	360.000000	6.37552e+09	360.000000	6.36861e+09	360.000000	2.74451e+07	360.000000	1.27782e+07	360.000000	4.13258e+07	360.000000	3.94468e+07	360.000000	4.6885e+07	
370.000000	9.97283e+09	370.000000	6.63784e+09	370.000000	6.65655e+09	370.000000	6.66594e+09	370.000000	6.65862e+09	370.000000	2.85703e+07	370.000000	1.33197e+07	370.000000	4.31169e+07	370.000000	4.1171e+07	370.000000	4.90175e+07	
380.000000	1.04524e+10	380.000000	6.93094e+09	380.000000	6.95046e+09	380.000000	6.96034e+09	380.000000	6.95262e+09	380.000000	2.97025e+07	380.000000	1.3867e+07	380.000000	4.49259e+07	380.000000	4.29153e+07	380.000000	5.11781e+07	
390.000000	1.09383e+10	390.000000	7.22795e+09	390.000000	7.24824e+09	390.000000	7.25863e+09	390.000000	7.25049e+09	390.000000	3.08414e+07	390.000000	1.44198e+07	390.000000	4.67522e+07	390.000000	4.46789e+07	390.000000	5.33659e+07	
400.000000	1.14304e+10	400.000000	7.52876e+09	400.000000	7.54981e+09	400.000000	7.5607e+09	400.000000	7.55213e+09	400.000000	3.19863e+07	400.000000	1.49777e+07	400.000000	4.85949e+07	400.000000	4.64612e+07	400.000000	5.55802e+07	
410.000000	1.19286e+10	410.000000	7.83327e+09	410.000000	7.85504e+09	410.000000	7.86645e+09	410.000000	7.85745e+09	410.000000	3.31368e+07	410.000000	1.55407e+07	410.000000	5.04532e+07	410.000000	4.82615e+07	410.000000	5.782e+07 	
420.000000	1.24326e+10	420.000000	8.14139e+09	420.000000	8.16385e+09	420.000000	8.17578e+09	420.000000	8.16633e+09	420.000000	3.42925e+07	420.000000	1.61084e+07	420.000000	5.23266e+07	420.000000	5.00792e+07	420.000000	6.00845e+07	
430.000000	1.29425e+10	430.000000	8.45303e+09	430.000000	8.47611e+09	430.000000	8.48859e+09	430.000000	8.47869e+09	430.000000	3.54528e+07	430.000000	1.66804e+07	430.000000	5.42143e+07	430.000000	5.19137e+07	430.000000	6.23731e+07	
440.000000	1.34579e+10	440.000000	8.76809e+09	440.000000	8.79175e+09	440.000000	8.80479e+09	440.000000	8.79444e+09	440.000000	3.66174e+07	440.000000	1.72569e+07	440.000000	5.61156e+07	440.000000	5.37644e+07	440.000000	6.46848e+07	
450.000000	1.39789e+10	450.000000	9.0865e+09	450.000000	9.11069e+09	450.000000	9.1243e+09	450.000000	9.11348e+09	450.000000	3.77859e+07	450.000000	1.78377e+07	450.000000	5.80298e+07	450.000000	5.56308e+07	450.000000	6.70191e+07	
460.000000	1.45051e+10	460.000000	9.40816e+09	460.000000	9.43284e+09	460.000000	9.44702e+09	460.000000	9.43573e+09	460.000000	3.89579e+07	460.000000	1.84231e+07	460.000000	5.99565e+07	460.000000	5.75123e+07	460.000000	6.93751e+07	
470.000000	1.50367e+10	470.000000	9.73301e+09	470.000000	9.75812e+09	470.000000	9.77287e+09	470.000000	9.7611e+09	470.000000	4.01331e+07	470.000000	1.90128e+07	470.000000	6.1895e+07	470.000000	5.94084e+07	470.000000	7.17523e+07	
480.000000	1.55733e+10	480.000000	1.00609e+10	480.000000	1.00864e+10	480.000000	1.01018e+10	480.000000	1.00895e+10	480.000000	4.1311e+07	480.000000	1.96065e+07	480.000000	6.38447e+07	480.000000	6.13185e+07	480.000000	7.41498e+07	
490.000000	1.61149e+10	490.000000	1.03919e+10	490.000000	1.04177e+10	490.000000	1.04337e+10	490.000000	1.04209e+10	490.000000	4.24914e+07	490.000000	2.0204e+07	490.000000	6.58051e+07	490.000000	6.32423e+07	490.000000	7.65672e+07	
500.000000	1.66614e+10	500.000000	1.07258e+10	500.000000	1.07519e+10	500.000000	1.07684e+10	500.000000	1.07552e+10	500.000000	4.3674e+07	500.000000	2.0805e+07	500.000000	6.77757e+07	500.000000	6.51792e+07	500.000000	7.90037e+07	
520.000000	1.77686e+10	520.000000	1.14022e+10	520.000000	1.14287e+10	520.000000	1.14464e+10	520.000000	1.14321e+10	520.000000	4.60445e+07	520.000000	2.20178e+07	520.000000	7.17455e+07	520.000000	6.90905e+07	520.000000	8.39318e+07	
540.000000	1.8894e+10	540.000000	1.20896e+10	540.000000	1.21161e+10	540.000000	1.2135e+10	540.000000	1.21197e+10	540.000000	4.84203e+07	540.000000	2.32451e+07	540.000000	7.57502e+07	540.000000	7.3049e+07	540.000000	8.89296e+07	
560.000000	2.00368e+10	560.000000	1.27873e+10	560.000000	1.28137e+10	560.000000	1.28339e+10	560.000000	1.28175e+10	560.000000	5.07995e+07	560.000000	2.44849e+07	560.000000	7.97863e+07	560.000000	7.70513e+07	560.000000	9.39925e+07	
580.000000	2.11962e+10	580.000000	1.34951e+10	580.000000	1.35209e+10	580.000000	1.35425e+10	580.000000	1.3525e+10	580.000000	5.31803e+07	580.000000	2.57365e+07	580.000000	8.38506e+07	580.000000	8.10945e+07	580.000000	9.91166e+07	
600.000000	2.23714e+10	600.000000	1.42123e+10	600.000000	1.42374e+10	600.000000	1.42603e+10	600.000000	1.42417e+10	600.000000	5.55611e+07	600.000000	2.69994e+07	600.000000	8.794e+07 	600.000000	8.51756e+07	600.000000	1.04298e+08	
620.000000	2.35619e+10	620.000000	1.49386e+10	620.000000	1.49627e+10	620.000000	1.49869e+10	620.000000	1.49672e+10	620.000000	5.79403e+07	620.000000	2.8273e+07	620.000000	9.20518e+07	620.000000	8.92919e+07	620.000000	1.09533e+08	
640.000000	2.47668e+10	640.000000	1.56735e+10	640.000000	1.56963e+10	640.000000	1.57218e+10	640.000000	1.5701e+10	640.000000	6.03168e+07	640.000000	2.95569e+07	640.000000	9.61835e+07	640.000000	9.34409e+07	640.000000	1.14818e+08	
660.000000	2.59857e+10	660.000000	1.64167e+10	660.000000	1.64378e+10	660.000000	1.64647e+10	660.000000	1.64427e+10	660.000000	6.26893e+07	660.000000	3.08506e+07	660.000000	1.00332e+08	660.000000	9.76201e+07	660.000000	1.2015e+08	
680.000000	2.72178e+10	680.000000	1.71677e+10	680.000000	1.71869e+10	680.000000	1.72152e+10	680.000000	1.7192e+10	680.000000	6.50568e+07	680.000000	3.21536e+07	680.000000	1.04497e+08	680.000000	1.01827e+08	680.000000	1.25526e+08	
700.000000	2.84626e+10	700.000000	1.79263e+10	700.000000	1.79432e+10	700.000000	1.7973e+10	700.000000	1.79486e+10	700.000000	6.74182e+07	700.000000	3.34655e+07	700.000000	1.08674e+08	700.000000	1.0606e+08	700.000000	1.30942e+08	
720.000000	2.97196e+10	720.000000	1.8692e+10	720.000000	1.87064e+10	720.000000	1.87376e+10	720.000000	1.8712e+10	720.000000	6.97727e+07	720.000000	3.4786e+07	720.000000	1.12862e+08	720.000000	1.10317e+08	720.000000	1.36397e+08	
740.000000	3.09881e+10	740.000000	1.94646e+10	740.000000	1.94762e+10	740.000000	1.95089e+10	740.000000	1.9482e+10	740.000000	7.21196e+07	740.000000	3.61146e+07	740.000000	1.1706e+08	740.000000	1.14596e+08	740.000000	1.41888e+08	
760.000000	3.22678e+10	760.000000	2.02437e+10	760.000000	2.02522e+10	760.000000	2.02864e+10	760.000000	2.02582e+10	760.000000	7.44581e+07	760.000000	3.74512e+07	760.000000	1.21265e+08	760.000000	1.18896e+08	760.000000	1.47411e+08	
780.000000	3.35582e+10	780.000000	2.10291e+10	780.000000	2.10343e+10	780.000000	2.10699e+10	780.000000	2.10405e+10	780.000000	7.67876e+07	780.000000	3.87955e+07	780.000000	1.25476e+08	780.000000	1.23213e+08	780.000000	1.52965e+08	
800.000000	3.48587e+10	800.000000	2.18204e+10	800.000000	2.1822e+10	800.000000	2.18591e+10	800.000000	2.18284e+10	800.000000	7.91076e+07	800.000000	4.01466e+07	800.000000	1.29692e+08	800.000000	1.27548e+08	800.000000	1.58548e+08	
820.000000	3.6169e+10	820.000000	2.26175e+10	820.000000	2.26152e+10	820.000000	2.26539e+10	820.000000	2.26219e+10	820.000000	8.14175e+07	820.000000	4.15038e+07	820.000000	1.33912e+08	820.000000	1.31898e+08	820.000000	1.64158e+08	
840.000000	3.74886e+10	840.000000	2.34201e+10	840.000000	2.34136e+10	840.000000	2.34538e+10	840.000000	2.34205e+10	840.000000	8.37169e+07	840.000000	4.28669e+07	840.000000	1.38133e+08	840.000000	1.36262e+08	840.000000	1.69791e+08	
860.000000	3.8817e+10	860.000000	2.42278e+10	860.000000	2.42169e+10	860.000000	2.42587e+10	860.000000	2.42241e+10	860.000000	8.60054e+07	860.000000	4.42363e+07	860.000000	1.42356e+08	860.000000	1.40639e+08	860.000000	1.75448e+08	
880.000000	4.0154e+10	880.000000	2.50406e+10	880.000000	2.50251e+10	880.000000	2.50684e+10	880.000000	2.50325e+10	880.000000	8.82826e+07	880.000000	4.5612e+07	880.000000	1.46578e+08	880.000000	1.45028e+08	880.000000	1.81125e+08	
900.000000	4.14992e+10	900.000000	2.58581e+10	900.000000	2.58377e+10	900.000000	2.58827e+10	900.000000	2.58454e+10	900.000000	9.05483e+07	900.000000	4.69938e+07	900.000000	1.50799e+08	900.000000	1.49426e+08	900.000000	1.86822e+08	
920.000000	4.28521e+10	920.000000	2.66801e+10	920.000000	2.66548e+10	920.000000	2.67013e+10	920.000000	2.66627e+10	920.000000	9.28022e+07	920.000000	4.83809e+07	920.000000	1.55018e+08	920.000000	1.53834e+08	920.000000	1.92536e+08	
940.000000	4.42125e+10	940.000000	2.75065e+10	940.000000	2.7476e+10	940.000000	2.75241e+10	940.000000	2.74841e+10	940.000000	9.5044e+07	940.000000	4.97729e+07	940.000000	1.59234e+08	940.000000	1.5825e+08	940.000000	1.98266e+08	
960.000000	4.558e+10 	960.000000	2.83371e+10	960.000000	2.83011e+10	960.000000	2.83509e+10	960.000000	2.83095e+10	960.000000	9.72736e+07	960.000000	5.11697e+07	960.000000	1.63446e+08	960.000000	1.62673e+08	960.000000	2.04011e+08	
980.000000	4.69542e+10	980.000000	2.91717e+10	980.000000	2.91301e+10	980.000000	2.91815e+10	980.000000	2.91387e+10	980.000000	9.94907e+07	980.000000	5.25716e+07	980.000000	1.67654e+08	980.000000	1.67102e+08	980.000000	2.09769e+08	
1000.000000	4.8335e+10	1000.000000	3.001e+10 	1000.000000	2.99628e+10	1000.000000	3.00157e+10	1000.000000	2.99716e+10	1000.000000	1.01695e+08	1000.000000	5.39786e+07	1000.000000	1.71856e+08	1000.000000	1.71536e+08	1000.000000	2.15539e+08	
1020.000000	4.97219e+10	1020.000000	3.0852e+10	1020.000000	3.07989e+10	1020.000000	3.08534e+10	1020.000000	3.08079e+10	1020.000000	1.03887e+08	1020.000000	5.53908e+07	1020.000000	1.76052e+08	1020.000000	1.75975e+08	1020.000000	2.2132e+08	
1040.000000	5.11147e+10	1040.000000	3.16974e+10	1040.000000	3.16384e+10	1040.000000	3.16945e+10	1040.000000	3.16476e+10	1040.000000	1.06066e+08	1040.000000	5.68078e+07	1040.000000	1.80242e+08	1040.000000	1.80417e+08	1040.000000	2.27111e+08	
1060.000000	5.25132e+10	1060.000000	3.25461e+10	1060.000000	3.2481e+10	1060.000000	3.25388e+10	1060.000000	3.24905e+10	1060.000000	1.08232e+08	1060.000000	5.82291e+07	1060.000000	1.84425e+08	1060.000000	1.84862e+08	1060.000000	2.3291e+08	
1080.000000	5.3917e+10	1080.000000	3.3398e+10	1080.000000	3.33268e+10	1080.000000	3.33861e+10	1080.000000	3.33364e+10	1080.000000	1.10386e+08	1080.000000	5.96546e+07	1080.000000	1.886e+08 	1080.000000	1.89309e+08	1080.000000	2.38716e+08	
1100.000000	5.53259e+10	1100.000000	3.42529e+10	1100.000000	3.41754e+10	1100.000000	3.42364e+10	1100.000000	3.41852e+10	1100.000000	1.12526e+08	1100.000000	6.10838e+07	1100.000000	1.92768e+08	1100.000000	1.93757e+08	1100.000000	2.44529e+08	
1120.000000	5.67396e+10	1120.000000	3.51106e+10	1120.000000	3.50269e+10	1120.000000	3.50895e+10	1120.000000	3.50369e+10	1120.000000	1.14653e+08	1120.000000	6.25168e+07	1120.000000	1.96926e+08	1120.000000	1.98206e+08	1120.000000	2.50347e+08	
1140.000000	5.8158e+10	1140.000000	3.59711e+10	1140.000000	3.5881e+10	1140.000000	3.59453e+10	1140.000000	3.58912e+10	1140.000000	1.16767e+08	1140.000000	6.39535e+07	1140.000000	2.01076e+08	1140.000000	2.02656e+08	1140.000000	2.5617e+08	
1160.000000	5.95808e+10	1160.000000	3.68342e+10	1160.000000	3.67377e+10	1160.000000	3.68036e+10	1160.000000	3.67481e+10	1160.000000	1.18869e+08	1160.000000	6.53938e+07	1160.000000	2.05217e+08	1160.000000	2.07104e+08	1160.000000	2.61997e+08	
1180.000000	6.10077e+10	1180.000000	3.76997e+10	1180.000000	3.75968e+10	1180.000000	3.76644e+10	1180.000000	3.76075e+10	1180.000000	1.20957e+08	1180.000000	6.68378e+07	1180.000000	2.09348e+08	1180.000000	2.11552e+08	1180.000000	2.67827e+08	
1200.000000	6.24386e+10	1200.000000	3.85676e+10	1200.000000	3.84583e+10	1200.000000	3.85275e+10	1200.000000	3.84692e+10	1200.000000	1.23032e+08	1200.000000	6.82853e+07	1200.000000	2.13468e+08	1200.000000	2.15998e+08	1200.000000	2.73659e+08	
1220.000000	6.38732e+10	1220.000000	3.94378e+10	1220.000000	3.9322e+10	1220.000000	3.9393e+10	1220.000000	3.93331e+10	1220.000000	1.25094e+08	1220.000000	6.97363e+07	1220.000000	2.17579e+08	1220.000000	2.20443e+08	1220.000000	2.79492e+08	
1240.000000	6.53113e+10	1240.000000	4.03101e+10	1240.000000	4.01878e+10	1240.000000	4.02605e+10	1240.000000	4.01992e+10	1240.000000	1.27143e+08	1240.000000	7.11906e+07	1240.000000	2.21679e+08	1240.000000	2.24884e+08	1240.000000	2.85326e+08	
1260.000000	6.67529e+10	1260.000000	4.11844e+10	1260.000000	4.10557e+10	1260.000000	4.11302e+10	1260.000000	4.10674e+10	1260.000000	1.2918e+08	1260.000000	7.26483e+07	1260.000000	2.25768e+08	1260.000000	2.29323e+08	1260.000000	2.91159e+08	
1280.000000	6.81975e+10	1280.000000	4.20607e+10	1280.000000	4.19256e+10	1280.000000	4.20018e+10	1280.000000	4.19375e+10	1280.000000	1.31204e+08	1280.000000	7.41092e+07	1280.000000	2.29846e+08	1280.000000	2.33759e+08	1280.000000	2.96993e+08	
1300.000000	6.96452e+10	1300.000000	4.29387e+10	1300.000000	4.27974e+10	1300.000000	4.28753e+10	1300.000000	4.28096e+10	1300.000000	1.33214e+08	1300.000000	7.55733e+07	1300.000000	2.33913e+08	1300.000000	2.3819e+08	1300.000000	3.02825e+08	
1320.000000	7.10957e+10	1320.000000	4.38185e+10	1320.000000	4.3671e+10	1320.000000	4.37506e+10	1320.000000	4.36834e+10	1320.000000	1.35213e+08	1320.000000	7.70405e+07	1320.000000	2.37968e+08	1320.000000	2.42618e+08	1320.000000	3.08655e+08	
1340.000000	7.25488e+10	1340.000000	4.47e+10  	1340.000000	4.45464e+10	1340.000000	4.46277e+10	1340.000000	4.4559e+10	1340.000000	1.37198e+08	1340.000000	7.85107e+07	1340.000000	2.42012e+08	1340.000000	2.47041e+08	1340.000000	3.14483e+08	
1360.000000	7.40044e+10	1360.000000	4.5583e+10	1360.000000	4.54234e+10	1360.000000	4.55064e+10	1360.000000	4.54363e+10	1360.000000	1.39171e+08	1360.000000	7.9984e+07	1360.000000	2.46043e+08	1360.000000	2.51459e+08	1360.000000	3.20309e+08	
1380.000000	7.54623e+10	1380.000000	4.64674e+10	1380.000000	4.6302e+10	1380.000000	4.63867e+10	1380.000000	4.63151e+10	1380.000000	1.41132e+08	1380.000000	8.14603e+07	1380.000000	2.50063e+08	1380.000000	2.55872e+08	1380.000000	3.26131e+08	
1400.000000	7.69224e+10	1400.000000	4.73533e+10	1400.000000	4.71821e+10	1400.000000	4.72686e+10	1400.000000	4.71954e+10	1400.000000	1.4308e+08	1400.000000	8.29394e+07	1400.000000	2.54071e+08	1400.000000	2.6028e+08	1400.000000	3.31949e+08	
1420.000000	7.83845e+10	1420.000000	4.82404e+10	1420.000000	4.80637e+10	1420.000000	4.81519e+10	1420.000000	4.80772e+10	1420.000000	1.45016e+08	1420.000000	8.44215e+07	1420.000000	2.58066e+08	1420.000000	2.64682e+08	1420.000000	3.37763e+08	
1440.000000	7.98485e+10	1440.000000	4.91288e+10	1440.000000	4.89466e+10	1440.000000	4.90365e+10	1440.000000	4.89604e+10	1440.000000	1.46939e+08	1440.000000	8.59064e+07	1440.000000	2.62049e+08	1440.000000	2.69077e+08	1440.000000	3.43572e+08	
1460.000000	8.13142e+10	1460.000000	5.00183e+10	1460.000000	4.98309e+10	1460.000000	4.99226e+10	1460.000000	4.98449e+10	1460.000000	1.48851e+08	1460.000000	8.7394e+07	1460.000000	2.6602e+08	1460.000000	2.73467e+08	1460.000000	3.49376e+08	
1480.000000	8.27816e+10	1480.000000	5.09089e+10	1480.000000	5.07165e+10	1480.000000	5.08098e+10	1480.000000	5.07307e+10	1480.000000	1.50751e+08	1480.000000	8.88844e+07	1480.000000	2.69978e+08	1480.000000	2.7785e+08	1480.000000	3.55175e+08	
1500.000000	8.42504e+10	1500.000000	5.18005e+10	1500.000000	5.16033e+10	1500.000000	5.16983e+10	1500.000000	5.16177e+10	1500.000000	1.52638e+08	1500.000000	9.03775e+07	1500.000000	2.73923e+08	1500.000000	2.82227e+08	1500.000000	3.60968e+08	
1520.000000	8.57205e+10	1520.000000	5.26931e+10	1520.000000	5.24912e+10	1520.000000	5.2588e+10	1520.000000	5.25059e+10	1520.000000	1.54514e+08	1520.000000	9.18732e+07	1520.000000	2.77856e+08	1520.000000	2.86596e+08	1520.000000	3.66754e+08	
1540.000000	8.71919e+10	1540.000000	5.35865e+10	1540.000000	5.33803e+10	1540.000000	5.34788e+10	1540.000000	5.33951e+10	1540.000000	1.56378e+08	1540.000000	9.33716e+07	1540.000000	2.81776e+08	1540.000000	2.90958e+08	1540.000000	3.72535e+08	
1560.000000	8.86644e+10	1560.000000	5.44807e+10	1560.000000	5.42704e+10	1560.000000	5.43706e+10	1560.000000	5.42854e+10	1560.000000	1.58231e+08	1560.000000	9.48726e+07	1560.000000	2.85683e+08	1560.000000	2.95313e+08	1560.000000	3.78308e+08	
1580.000000	9.01379e+10	1580.000000	5.53757e+10	1580.000000	5.51615e+10	1580.000000	5.52634e+10	1580.000000	5.51768e+10	1580.000000	1.60072e+08	1580.000000	9.63762e+07	1580.000000	2.89578e+08	1580.000000	2.99661e+08	1580.000000	3.84075e+08	
1600.000000	9.16123e+10	1600.000000	5.62714e+10	1600.000000	5.60536e+10	1600.000000	5.61572e+10	1600.000000	5.60691e+10	1600.000000	1.61901e+08	1600.000000	9.78823e+07	1600.000000	2.93459e+08	1600.000000	3.04001e+08	1600.000000	3.89834e+08	
1620.000000	9.30875e+10	1620.000000	5.71678e+10	1620.000000	5.69466e+10	1620.000000	5.70519e+10	1620.000000	5.69623e+10	1620.000000	1.6372e+08	1620.000000	9.9391e+07	1620.000000	2.97328e+08	1620.000000	3.08332e+08	1620.000000	3.95585e+08	
1640.000000	9.45633e+10	1640.000000	5.80647e+10	1640.000000	5.78405e+10	1640.000000	5.79475e+10	1640.000000	5.78563e+10	1640.000000	1.65527e+08	1640.000000	1.00902e+08	1640.000000	3.01184e+08	1640.000000	3.12656e+08	1640.000000	4.01329e+08	
1660.000000	9.60397e+10	1660.000000	5.89622e+10	1660.000000	5.87352e+10	1660.000000	5.8844e+10	1660.000000	5.87512e+10	1660.000000	1.67323e+08	1660.000000	1.02416e+08	1660.000000	3.05027e+08	1660.000000	3.16972e+08	1660.000000	4.07064e+08	
1680.000000	9.75166e+10	1680.000000	5.98601e+10	1680.000000	5.96307e+10	1680.000000	5.97412e+10	1680.000000	5.96469e+10	1680.000000	1.69108e+08	1680.000000	1.03932e+08	1680.000000	3.08857e+08	1680.000000	3.2128e+08	1680.000000	4.12791e+08	
1700.000000	9.89939e+10	1700.000000	6.07585e+10	1700.000000	6.05269e+10	1700.000000	6.06392e+10	1700.000000	6.05434e+10	1700.000000	1.70882e+08	1700.000000	1.05451e+08	1700.000000	3.12674e+08	1700.000000	3.25579e+08	1700.000000	4.1851e+08	
1750.000000	1.02688e+11	1750.000000	6.3006e+10	1750.000000	6.27705e+10	1750.000000	6.28872e+10	1750.000000	6.27876e+10	1750.000000	1.75271e+08	1750.000000	1.09259e+08	1750.000000	3.22159e+08	1750.000000	3.36289e+08	1750.000000	4.32767e+08	
1800.000000	1.06383e+11	1800.000000	6.52552e+10	1800.000000	6.5018e+10	1800.000000	6.51391e+10	1800.000000	6.50358e+10	1800.000000	1.79594e+08	1800.000000	1.1308e+08	1800.000000	3.31564e+08	1800.000000	3.46944e+08	1800.000000	4.46967e+08	
1850.000000	1.10077e+11	1850.000000	6.75054e+10	1850.000000	6.72689e+10	1850.000000	6.73945e+10	1850.000000	6.72874e+10	1850.000000	1.83853e+08	1850.000000	1.16915e+08	1850.000000	3.40889e+08	1850.000000	3.57543e+08	1850.000000	4.61107e+08	
1900.000000	1.13769e+11	1900.000000	6.97561e+10	1900.000000	6.95229e+10	1900.000000	6.96529e+10	1900.000000	6.9542e+10	1900.000000	1.8805e+08	1900.000000	1.20762e+08	1900.000000	3.50134e+08	1900.000000	3.68084e+08	1900.000000	4.75184e+08	
1950.000000	1.17458e+11	1950.000000	7.20067e+10	1950.000000	7.17794e+10	1950.000000	7.19139e+10	1950.000000	7.17991e+10	1950.000000	1.92186e+08	1950.000000	1.24622e+08	1950.000000	3.59299e+08	1950.000000	3.78568e+08	1950.000000	4.89197e+08	
2000.000000	1.21142e+11	2000.000000	7.42566e+10	2000.000000	7.40382e+10	2000.000000	7.41771e+10	2000.000000	7.40585e+10	2000.000000	1.96263e+08	2000.000000	1.28493e+08	2000.000000	3.68386e+08	2000.000000	3.88991e+08	2000.000000	5.03144e+08	
2100.000000	1.28496e+11	2100.000000	7.87528e+10	2100.000000	7.8561e+10	2100.000000	7.87088e+10	2100.000000	7.85826e+10	2100.000000	2.04246e+08	2100.000000	1.36273e+08	2100.000000	3.86326e+08	2100.000000	4.09659e+08	2100.000000	5.30835e+08	
2200.000000	1.35824e+11	2200.000000	8.32411e+10	2200.000000	8.30889e+10	2200.000000	8.32455e+10	2200.000000	8.31116e+10	2200.000000	2.12009e+08	2200.000000	1.44104e+08	2200.000000	4.0396e+08	2200.000000	4.30085e+08	2200.000000	5.58249e+08	
2300.000000	1.43119e+11	2300.000000	8.77188e+10	2300.000000	8.76198e+10	2300.000000	8.77851e+10	2300.000000	8.76436e+10	2300.000000	2.19565e+08	2300.000000	1.51987e+08	2300.000000	4.21297e+08	2300.000000	4.50266e+08	2300.000000	5.8538e+08	
2400.000000	1.50377e+11	2400.000000	9.21833e+10	2400.000000	9.21519e+10	2400.000000	9.23259e+10	2400.000000	9.21769e+10	2400.000000	2.26924e+08	2400.000000	1.59919e+08	2400.000000	4.38343e+08	2400.000000	4.70203e+08	2400.000000	6.12225e+08	
2500.000000	1.57593e+11	2500.000000	9.66325e+10	2500.000000	9.66838e+10	2500.000000	9.68665e+10	2500.000000	9.67099e+10	2500.000000	2.34096e+08	2500.000000	1.67898e+08	2500.000000	4.55107e+08	2500.000000	4.89897e+08	2500.000000	6.38781e+08	
2600.000000	1.64764e+11	2600.000000	1.01065e+11	2600.000000	1.01214e+11	2600.000000	1.01406e+11	2600.000000	1.01241e+11	2600.000000	2.4109e+08	2600.000000	1.75922e+08	2600.000000	4.71596e+08	2600.000000	5.09349e+08	2600.000000	6.65048e+08	
2700.000000	1.71888e+11	2700.000000	1.05478e+11	2700.000000	1.05742e+11	2700.000000	1.05942e+11	2700.000000	1.0577e+11	2700.000000	2.47915e+08	2700.000000	1.83988e+08	2700.000000	4.8782e+08	2700.000000	5.28563e+08	2700.000000	6.91029e+08	
2800.000000	1.7896e+11	2800.000000	1.09871e+11	2800.000000	1.10267e+11	2800.000000	1.10475e+11	2800.000000	1.10296e+11	2800.000000	2.54579e+08	2800.000000	1.92098e+08	2800.000000	5.03785e+08	2800.000000	5.4754e+08	2800.000000	7.16723e+08	
2900.000000	1.8598e+11	2900.000000	1.14243e+11	2900.000000	1.14787e+11	2900.000000	1.15004e+11	2900.000000	1.14817e+11	2900.000000	2.61091e+08	2900.000000	2.0025e+08	2900.000000	5.195e+08 	2900.000000	5.66286e+08	2900.000000	7.42135e+08	
3000.000000	1.92945e+11	3000.000000	1.18593e+11	3000.000000	1.19302e+11	3000.000000	1.19528e+11	3000.000000	1.19334e+11	3000.000000	2.67457e+08	3000.000000	2.08444e+08	3000.000000	5.34973e+08	3000.000000	5.84803e+08	3000.000000	7.67266e+08	
3200.000000	2.06704e+11	3200.000000	1.27223e+11	3200.000000	1.28317e+11	3200.000000	1.28559e+11	3200.000000	1.2835e+11	3200.000000	2.79778e+08	3200.000000	2.24957e+08	3200.000000	5.6522e+08	3200.000000	6.21168e+08	3200.000000	8.16705e+08	
3400.000000	2.20229e+11	3400.000000	1.35756e+11	3400.000000	1.37306e+11	3400.000000	1.37565e+11	3400.000000	1.37341e+11	3400.000000	2.91592e+08	3400.000000	2.41636e+08	3400.000000	5.94586e+08	3400.000000	6.56669e+08	3400.000000	8.65071e+08	
3600.000000	2.33512e+11	3600.000000	1.44189e+11	3600.000000	1.46269e+11	3600.000000	1.46543e+11	3600.000000	1.46305e+11	3600.000000	3.02942e+08	3600.000000	2.58477e+08	3600.000000	6.23123e+08	3600.000000	6.9134e+08	3600.000000	9.12402e+08	
3800.000000	2.46552e+11	3800.000000	1.52519e+11	3800.000000	1.55202e+11	3800.000000	1.55492e+11	3800.000000	1.5524e+11	3800.000000	3.13868e+08	3800.000000	2.75478e+08	3800.000000	6.50882e+08	3800.000000	7.25217e+08	3800.000000	9.58734e+08	
4000.000000	2.59347e+11	4000.000000	1.60745e+11	4000.000000	1.64105e+11	4000.000000	1.64411e+11	4000.000000	1.64145e+11	4000.000000	3.24402e+08	4000.000000	2.92634e+08	4000.000000	6.77907e+08	4000.000000	7.58334e+08	4000.000000	1.00411e+09	
4200.000000	2.71896e+11	4200.000000	1.68866e+11	4200.000000	1.72978e+11	4200.000000	1.733e+11 	4200.000000	1.73019e+11	4200.000000	3.34574e+08	4200.000000	3.09943e+08	4200.000000	7.04243e+08	4200.000000	7.90724e+08	4200.000000	1.04855e+09	
4400.000000	2.84202e+11	4400.000000	1.76883e+11	4400.000000	1.81819e+11	4400.000000	1.82156e+11	4400.000000	1.81862e+11	4400.000000	3.44413e+08	4400.000000	3.27402e+08	4400.000000	7.29927e+08	4400.000000	8.22418e+08	4400.000000	1.09212e+09	
4600.000000	2.96267e+11	4600.000000	1.84795e+11	4600.000000	1.9063e+11	4600.000000	1.90982e+11	4600.000000	1.90673e+11	4600.000000	3.53942e+08	4600.000000	3.45011e+08	4600.000000	7.54997e+08	4600.000000	8.53447e+08	4600.000000	1.13483e+09	
4800.000000	3.08094e+11	4800.000000	1.92605e+11	4800.000000	1.99409e+11	4800.000000	1.99776e+11	4800.000000	1.99454e+11	4800.000000	3.63182e+08	4800.000000	3.62767e+08	4800.000000	7.79486e+08	4800.000000	8.83839e+08	4800.000000	1.17672e+09	
5000.000000	3.19687e+11	5000.000000	2.00312e+11	5000.000000	2.08157e+11	5000.000000	2.08539e+11	5000.000000	2.08203e+11	5000.000000	3.72153e+08	5000.000000	3.80669e+08	5000.000000	8.03424e+08	5000.000000	9.13623e+08	5000.000000	1.21784e+09	
5250.000000	3.33856e+11	5250.000000	2.09805e+11	5250.000000	2.19049e+11	5250.000000	2.1945e+11	5250.000000	2.19097e+11	5250.000000	3.83015e+08	5250.000000	4.03248e+08	5250.000000	8.32616e+08	5250.000000	9.50036e+08	5250.000000	1.26817e+09	
5500.000000	3.47675e+11	5500.000000	2.19143e+11	5500.000000	2.29894e+11	5500.000000	2.30314e+11	5500.000000	2.29944e+11	5500.000000	3.93515e+08	5500.000000	4.26049e+08	5500.000000	8.61043e+08	5500.000000	9.85586e+08	5500.000000	1.31739e+09	
6000.000000	3.743e+11 	6000.000000	2.3737e+11	6000.000000	2.51447e+11	6000.000000	2.51903e+11	6000.000000	2.51501e+11	6000.000000	4.13533e+08	6000.000000	4.72304e+08	6000.000000	9.15785e+08	6000.000000	1.05427e+09	6000.000000	1.41269e+09	
6500.000000	3.9964e+11	6500.000000	2.5502e+11	6500.000000	2.72824e+11	6500.000000	2.73315e+11	6500.000000	2.72881e+11	6500.000000	4.32391e+08	6500.000000	5.1941e+08	6500.000000	9.67976e+08	6500.000000	1.11999e+09	6500.000000	1.50413e+09	
7000.000000	4.23772e+11	7000.000000	2.72121e+11	7000.000000	2.94033e+11	7000.000000	2.94559e+11	7000.000000	2.94093e+11	7000.000000	4.50239e+08	7000.000000	5.67341e+08	7000.000000	1.01789e+09	7000.000000	1.18303e+09	7000.000000	1.59205e+09	
7500.000000	4.46771e+11	7500.000000	2.88701e+11	7500.000000	3.15082e+11	7500.000000	3.15643e+11	7500.000000	3.15146e+11	7500.000000	4.67199e+08	7500.000000	6.16073e+08	7500.000000	1.06575e+09	7500.000000	1.24363e+09	7500.000000	1.67675e+09	
8000.000000	4.6871e+11	8000.000000	3.04788e+11	8000.000000	3.35981e+11	8000.000000	3.36575e+11	8000.000000	3.36048e+11	8000.000000	4.8337e+08	8000.000000	6.6558e+08	8000.000000	1.11176e+09	8000.000000	1.30199e+09	8000.000000	1.75852e+09	
8500.000000	4.89655e+11	8500.000000	3.20407e+11	8500.000000	3.56736e+11	8500.000000	3.57363e+11	8500.000000	3.56807e+11	8500.000000	4.98836e+08	8500.000000	7.15844e+08	8500.000000	1.15609e+09	8500.000000	1.35831e+09	8500.000000	1.83757e+09	
9000.000000	5.09671e+11	9000.000000	3.35584e+11	9000.000000	3.77354e+11	9000.000000	3.78015e+11	9000.000000	3.7743e+11	9000.000000	5.1367e+08	9000.000000	7.66864e+08	9000.000000	1.19887e+09	9000.000000	1.41273e+09	9000.000000	1.91411e+09	
9500.000000	5.28815e+11	9500.000000	3.50341e+11	9500.000000	3.97843e+11	9500.000000	3.98537e+11	9500.000000	3.97923e+11	9500.000000	5.2793e+08	9500.000000	8.18622e+08	9500.000000	1.24025e+09	9500.000000	1.46542e+09	9500.000000	1.98834e+09	
10000.000000	5.47143e+11	10000.000000	3.64699e+11	10000.000000	4.18209e+11	10000.000000	4.18936e+11	10000.000000	4.18294e+11	10000.000000	5.4167e+08	10000.000000	8.71081e+08	10000.000000	1.28033e+09	10000.000000	1.51649e+09	10000.000000	2.06042e+09	
11000.000000	5.81547e+11	11000.000000	3.92302e+11	11000.000000	4.58596e+11	11000.000000	4.59386e+11	11000.000000	4.5869e+11	11000.000000	5.67761e+08	11000.000000	9.78019e+08	11000.000000	1.35697e+09	11000.000000	1.61423e+09	11000.000000	2.19868e+09	
12000.000000	6.13243e+11	12000.000000	4.18539e+11	12000.000000	4.98556e+11	12000.000000	4.99409e+11	12000.000000	4.9866e+11	12000.000000	5.92239e+08	12000.000000	1.08763e+09	12000.000000	1.42946e+09	12000.000000	1.70672e+09	12000.000000	2.32992e+09	
13000.000000	6.42539e+11	13000.000000	4.43538e+11	13000.000000	5.38127e+11	13000.000000	5.3904e+11	13000.000000	5.38241e+11	13000.000000	6.15336e+08	13000.000000	1.19981e+09	13000.000000	1.49832e+09	13000.000000	1.7946e+09	13000.000000	2.45495e+09	
14000.000000	6.69699e+11	14000.000000	4.67411e+11	14000.000000	5.77341e+11	14000.000000	5.78311e+11	14000.000000	5.77463e+11	14000.000000	6.37233e+08	14000.000000	1.31433e+09	14000.000000	1.56398e+09	14000.000000	1.87839e+09	14000.000000	2.57446e+09	
15000.000000	6.9495e+11	15000.000000	4.90255e+11	15000.000000	6.16226e+11	15000.000000	6.17249e+11	15000.000000	6.16354e+11	15000.000000	6.58078e+08	15000.000000	1.43095e+09	15000.000000	1.6268e+09	15000.000000	1.95853e+09	15000.000000	2.68903e+09	
16000.000000	7.18488e+11	16000.000000	5.12156e+11	16000.000000	6.54806e+11	16000.000000	6.55879e+11	16000.000000	6.54939e+11	16000.000000	6.77991e+08	16000.000000	1.54959e+09	16000.000000	1.68706e+09	16000.000000	2.03538e+09	16000.000000	2.79914e+09	
17000.000000	7.40483e+11	17000.000000	5.3319e+11	17000.000000	6.93101e+11	17000.000000	6.94222e+11	17000.000000	6.93238e+11	17000.000000	6.97074e+08	17000.000000	1.67024e+09	17000.000000	1.74503e+09	17000.000000	2.10924e+09	17000.000000	2.9052e+09	
18000.000000	7.61083e+11	18000.000000	5.53424e+11	18000.000000	7.31129e+11	18000.000000	7.32297e+11	18000.000000	7.31271e+11	18000.000000	7.1541e+08	18000.000000	1.79293e+09	18000.000000	1.80092e+09	18000.000000	2.1804e+09	18000.000000	3.00757e+09	
19000.000000	7.80419e+11	19000.000000	5.72918e+11	19000.000000	7.68907e+11	19000.000000	7.70119e+11	19000.000000	7.69053e+11	19000.000000	7.33071e+08	19000.000000	1.91767e+09	19000.000000	1.85489e+09	19000.000000	2.24908e+09	19000.000000	3.10656e+09	
20000.000000	7.98603e+11	20000.000000	5.91725e+11	20000.000000	8.06448e+11	20000.000000	8.07705e+11	20000.000000	8.06601e+11	20000.000000	7.50117e+08	20000.000000	2.04448e+09	20000.000000	1.90712e+09	20000.000000	2.31548e+09	20000.000000	3.20244e+09	
21000.000000	8.15736e+11	21000.000000	6.09892e+11	21000.000000	8.43765e+11	21000.000000	8.45068e+11	21000.000000	8.43926e+11	21000.000000	7.66603e+08	21000.000000	2.1733e+09	21000.000000	1.95775e+09	21000.000000	2.37978e+09	21000.000000	3.29545e+09	
22000.000000	8.31907e+11	22000.000000	6.27464e+11	22000.000000	8.80874e+11	22000.000000	8.8222e+11	22000.000000	8.81043e+11	22000.000000	7.82573e+08	22000.000000	2.30385e+09	22000.000000	2.00688e+09	22000.000000	2.44214e+09	22000.000000	3.38579e+09	
23000.000000	8.47196e+11	23000.000000	6.44478e+11	23000.000000	9.17785e+11	23000.000000	9.19172e+11	23000.000000	9.17961e+11	23000.000000	7.98069e+08	23000.000000	2.43603e+09	23000.000000	2.05464e+09	23000.000000	2.50269e+09	23000.000000	3.47366e+09	
24000.000000	8.61673e+11	24000.000000	6.6097e+11	24000.000000	9.54509e+11	24000.000000	9.55934e+11	24000.000000	9.5469e+11	24000.000000	8.13125e+08	24000.000000	2.57001e+09	24000.000000	2.10111e+09	24000.000000	2.56156e+09	24000.000000	3.55922e+09	
25000.000000	8.754e+11 	25000.000000	6.76971e+11	25000.000000	9.91053e+11	25000.000000	9.92515e+11	25000.000000	9.91241e+11	25000.000000	8.27773e+08	25000.000000	2.70572e+09	25000.000000	2.14638e+09	25000.000000	2.61887e+09	25000.000000	3.64261e+09	
26000.000000	8.88435e+11	26000.000000	6.92511e+11	26000.000000	1.02742e+12	26000.000000	1.02892e+12	26000.000000	1.02762e+12	26000.000000	8.42041e+08	26000.000000	2.84301e+09	26000.000000	2.19053e+09	26000.000000	2.6747e+09	26000.000000	3.72398e+09	
27000.000000	9.00829e+11	27000.000000	7.07616e+11	27000.000000	1.06363e+12	27000.000000	1.06517e+12	27000.000000	1.06384e+12	27000.000000	8.55955e+08	27000.000000	2.98181e+09	27000.000000	2.23363e+09	27000.000000	2.72915e+09	27000.000000	3.80345e+09	
28000.000000	9.12628e+11	28000.000000	7.22311e+11	28000.000000	1.09969e+12	28000.000000	1.10125e+12	28000.000000	1.0999e+12	28000.000000	8.69536e+08	28000.000000	3.12209e+09	28000.000000	2.27573e+09	28000.000000	2.7823e+09	28000.000000	3.88112e+09	
29000.000000	9.23872e+11	29000.000000	7.36617e+11	29000.000000	1.13559e+12	29000.000000	1.13719e+12	29000.000000	1.13581e+12	29000.000000	8.82805e+08	29000.000000	3.26388e+09	29000.000000	2.3169e+09	29000.000000	2.83422e+09	29000.000000	3.9571e+09	
30000.000000	9.34601e+11	30000.000000	7.50556e+11	30000.000000	1.17135e+12	30000.000000	1.17298e+12	30000.000000	1.17158e+12	30000.000000	8.95781e+08	30000.000000	3.40721e+09	30000.000000	2.35719e+09	30000.000000	2.88499e+09	30000.000000	4.03147e+09	
32000.000000	9.54646e+11	32000.000000	7.77404e+11	32000.000000	1.24247e+12	32000.000000	1.24415e+12	32000.000000	1.24271e+12	32000.000000	9.20917e+08	32000.000000	3.69829e+09	32000.000000	2.43529e+09	32000.000000	2.98329e+09	32000.000000	4.17574e+09	
34000.000000	9.73004e+11	34000.000000	8.02991e+11	34000.000000	1.31308e+12	34000.000000	1.3148e+12	34000.000000	1.31333e+12	34000.000000	9.45061e+08	34000.000000	3.99474e+09	34000.000000	2.51038e+09	34000.000000	3.07764e+09	34000.000000	4.31452e+09	
36000.000000	9.89876e+11	36000.000000	8.27433e+11	36000.000000	1.38322e+12	36000.000000	1.38498e+12	36000.000000	1.38348e+12	36000.000000	9.68313e+08	36000.000000	4.29609e+09	36000.000000	2.58273e+09	36000.000000	3.16841e+09	36000.000000	4.44832e+09	
38000.000000	1.00543e+12	38000.000000	8.50831e+11	38000.000000	1.45291e+12	38000.000000	1.4547e+12	38000.000000	1.45319e+12	38000.000000	9.90756e+08	38000.000000	4.60222e+09	38000.000000	2.65259e+09	38000.000000	3.25592e+09	38000.000000	4.57758e+09	
40000.000000	1.01982e+12	40000.000000	8.73272e+11	40000.000000	1.52219e+12	40000.000000	1.52401e+12	40000.000000	1.52249e+12	40000.000000	1.01246e+09	40000.000000	4.91314e+09	40000.000000	2.72016e+09	40000.000000	3.34044e+09	40000.000000	4.70266e+09	
42000.000000	1.03317e+12	42000.000000	8.94833e+11	42000.000000	1.59108e+12	42000.000000	1.59292e+12	42000.000000	1.5914e+12	42000.000000	1.03349e+09	42000.000000	5.22879e+09	42000.000000	2.78563e+09	42000.000000	3.42221e+09	42000.000000	4.82391e+09	
44000.000000	1.04558e+12	44000.000000	9.15584e+11	44000.000000	1.6596e+12	44000.000000	1.66146e+12	44000.000000	1.65994e+12	44000.000000	1.0539e+09	44000.000000	5.54903e+09	44000.000000	2.84915e+09	44000.000000	3.50144e+09	44000.000000	4.94161e+09	
46000.000000	1.05714e+12	46000.000000	9.35584e+11	46000.000000	1.72779e+12	46000.000000	1.72964e+12	46000.000000	1.72814e+12	46000.000000	1.07374e+09	46000.000000	5.87373e+09	46000.000000	2.91087e+09	46000.000000	3.57833e+09	46000.000000	5.056e+09 	
48000.000000	1.06794e+12	48000.000000	9.54887e+11	48000.000000	1.79564e+12	48000.000000	1.79749e+12	48000.000000	1.79601e+12	48000.000000	1.09304e+09	48000.000000	6.20271e+09	48000.000000	2.97092e+09	48000.000000	3.65303e+09	48000.000000	5.16734e+09	
50000.000000	1.07805e+12	50000.000000	9.73541e+11	50000.000000	1.86318e+12	50000.000000	1.86502e+12	50000.000000	1.86357e+12	50000.000000	1.11186e+09	50000.000000	6.53582e+09	50000.000000	3.02939e+09	50000.000000	3.72569e+09	50000.000000	5.2758e+09	
