! 10Li range in C5F20H190
! apply ZOOM for details
Energy (MeV/u)1	0 - [He-base] F.Hubert et al, AD&ND Tables 46(1990)1	Energy (MeV/u)2	1 - [H -base] J.F.Ziegler et al,Pergamon Press,NY(low energy)	Energy (MeV/u)3	2 - ATIMA 1.2 LS-theory (recommended for high energy)	Energy (MeV/u)4	3 - ATIMA 1.2 without LS-correction	Energy (MeV/u)5	4 - ATIMA 1.4 H.Weick, improved mean charge formula for HI	Energy (MeV/u)6	5 - Range straggling - method [0] - LISE	Energy (MeV/u)7	6 - Range straggling - method [1] - Atima	Energy (MeV/u)8	7 - Lateral range - method [0] - LISE	Energy (MeV/u)9	8 - Lateral range - method [1] - Atima	Energy (MeV/u)10	9 - Lateral range - method [2] - PDG	
0.001000	639.475   	0.001000	639.475   	0.001000	482.944   	0.001000	482.944   	0.001000	483.036   	0.001000	0         	0.001000	0         	0.001000	7.77341   	0.001000	17.5134   	0.001000	8.43043   	
0.002000	1278.95   	0.002000	1278.95   	0.002000	965.888   	0.002000	965.888   	0.002000	966.071   	0.002000	31.281    	0.002000	31.281    	0.002000	22.7647   	0.002000	49.5631   	0.002000	25.848    	
0.005000	2946.81   	0.005000	2946.81   	0.005000	2172.7    	0.005000	2172.7    	0.005000	2172.98   	0.005000	36.9861   	0.005000	36.9861   	0.005000	79.1592   	0.005000	166.757   	0.005000	93.4887   	
0.008000	4294.52   	0.008000	4294.52   	0.008000	3142.58   	0.008000	3142.58   	0.008000	3142.89   	0.008000	37.1663   	0.008000	37.1663   	0.008000	139.551   	0.008000	289.868   	0.008000	167.424   	
0.010000	5074.87   	0.010000	5074.87   	0.010000	3708.03   	0.010000	3708.03   	0.010000	3708.35   	0.010000	37.7454   	0.010000	37.7454   	0.010000	179.959   	0.010000	371.495   	0.010000	217.37    	
0.015000	6750.92   	0.015000	6750.92   	0.015000	4948.17   	0.015000	4948.17   	0.015000	4948.51   	0.015000	40.4906   	0.015000	40.4906   	0.015000	266.393   	0.015000	536.004   	0.015000	335.987   	
0.020000	8147.28   	0.020000	8147.28   	0.020000	6043.28   	0.020000	6043.28   	0.020000	6043.63   	0.020000	44.1331   	0.020000	44.1331   	0.020000	340.433   	0.020000	666.277   	0.020000	417.385   	
0.025000	9338.01   	0.025000	9338.01   	0.025000	7033.25   	0.025000	7033.25   	0.025000	7033.6    	0.025000	47.8686   	0.025000	47.8686   	0.025000	407.744   	0.025000	777.357   	0.025000	476.383   	
0.030000	10379.2   	0.030000	10379.2   	0.030000	7934.92   	0.030000	7934.92   	0.030000	7935.27   	0.030000	51.3198   	0.030000	51.3198   	0.030000	464.272   	0.030000	867.66    	0.030000	522.031   	
0.035000	11314.8   	0.035000	11314.8   	0.035000	8762.47   	0.035000	8762.47   	0.035000	8762.83   	0.035000	54.3897   	0.035000	54.3897   	0.035000	508.21    	0.035000	937.643   	0.035000	559.031   	
0.040000	12171.6   	0.040000	12171.6   	0.040000	9530.88   	0.040000	9530.88   	0.040000	9531.23   	0.040000	57.1219   	0.040000	57.1219   	0.040000	544.215   	0.040000	994.884   	0.040000	589.892   	
0.045000	12966.5   	0.045000	12966.5   	0.045000	10251.1   	0.045000	10251.1   	0.045000	10251.5   	0.045000	59.5695   	0.045000	59.5695   	0.045000	574.235   	0.045000	1042.63   	0.045000	616.203   	
0.050000	13711.1   	0.050000	13711.1   	0.050000	10931.6   	0.050000	10931.6   	0.050000	10932     	0.050000	61.7814   	0.050000	61.778    	0.050000	600.473   	0.050000	1084.26   	0.050000	639.266   	
0.055000	14413.6   	0.055000	14413.6   	0.055000	11578.8   	0.055000	11578.8   	0.055000	11579.1   	0.055000	63.7987   	0.055000	63.7828   	0.055000	623.273   	0.055000	1120.36   	0.055000	659.853   	
0.060000	15080.3   	0.060000	15080.3   	0.060000	12197.8   	0.060000	12197.8   	0.060000	12198.2   	0.060000	65.6553   	0.060000	65.6254   	0.060000	643.595   	0.060000	1152.5    	0.060000	678.367   	
0.070000	16326.2   	0.070000	16326.2   	0.070000	13367.5   	0.070000	13367.5   	0.070000	13367.9   	0.070000	68.9911   	0.070000	68.9451   	0.070000	678.866   	0.070000	1207.98   	0.070000	710.551   	
0.080000	17480.3   	0.080000	17480.3   	0.080000	14466     	0.080000	14466     	0.080000	14466.4   	0.080000	71.9528   	0.080000	71.9178   	0.080000	708.766   	0.080000	1254.65   	0.080000	738.16    	
0.090000	18565     	0.090000	18565     	0.090000	15511.3   	0.090000	15511.3   	0.090000	15511.7   	0.090000	74.6511   	0.090000	74.652    	0.090000	734.797   	0.090000	1294.89   	0.090000	763       	
0.100000	19596.7   	0.100000	19596.7   	0.100000	16516.3   	0.100000	16516.3   	0.100000	16516.7   	0.100000	77.1626   	0.100000	77.1641   	0.100000	758.164   	0.100000	1330.66   	0.100000	785.106   	
0.120000	21535.6   	0.120000	21535.6   	0.120000	18442.2   	0.120000	18442.2   	0.120000	18442.5   	0.120000	81.8289   	0.120000	81.7205   	0.120000	799.395   	0.120000	1392.73   	0.120000	824.99    	
0.140000	23358.2   	0.140000	23358.2   	0.140000	20297.8   	0.140000	20297.8   	0.140000	20298.2   	0.140000	86.2397   	0.140000	85.9193   	0.140000	835.372   	0.140000	1445.69   	0.140000	860.736   	
0.160000	25109     	0.160000	25109     	0.160000	22117.1   	0.160000	22117.1   	0.160000	22117.5   	0.160000	90.5634   	0.160000	89.9545   	0.160000	868.043   	0.160000	1492.72   	0.160000	893.996   	
0.180000	26820.6   	0.180000	26820.6   	0.180000	23922.3   	0.180000	23922.3   	0.180000	23922.7   	0.180000	94.9054   	0.180000	93.9424   	0.180000	898.943   	0.180000	1536.55   	0.180000	925.637   	
0.200000	28512.3   	0.200000	28512.3   	0.200000	25728.5   	0.200000	25728.5   	0.200000	25728.8   	0.200000	99.3361   	0.200000	97.9575   	0.200000	928.012   	0.200000	1577.48   	0.200000	956.229   	
0.250000	32739.7   	0.250000	32739.7   	0.250000	30310.7   	0.250000	30310.7   	0.250000	30311.1   	0.250000	111.083   	0.250000	108.404   	0.250000	997.623   	0.250000	1674.17   	0.250000	1030.32   	
0.300000	36998.3   	0.300000	36998.3   	0.300000	35046.4   	0.300000	35046.4   	0.300000	35046.7   	0.300000	123.997   	0.300000	119.652   	0.300000	1064.63   	0.300000	1766.02   	0.300000	1103.47   	
0.350000	41349.5   	0.350000	41349.5   	0.350000	39952.9   	0.350000	39952.9   	0.350000	39953.3   	0.350000	138.023   	0.350000	131.683   	0.350000	1130.31   	0.350000	1855.54   	0.350000	1176.23   	
0.400000	45841.6   	0.400000	45841.6   	0.400000	45062.1   	0.400000	45062.1   	0.400000	45062.4   	0.400000	153.296   	0.400000	144.618   	0.400000	1196.11   	0.400000	1944.68   	0.400000	1249.9    	
0.450000	50510.3   	0.450000	50510.3   	0.450000	50397.1   	0.450000	50397.1   	0.450000	50397.4   	0.450000	169.922   	0.450000	158.544   	0.450000	1262.22   	0.450000	2034.1    	0.450000	1324.85   	
0.500000	55372.7   	0.500000	55372.7   	0.500000	55967     	0.500000	55967     	0.500000	55967.3   	0.500000	187.905   	0.500000	173.458   	0.500000	1320.7    	0.500000	2125.01   	0.500000	1401.81   	
0.600000	65675.6   	0.600000	65675.6   	0.600000	67810.3   	0.600000	67810.3   	0.600000	67810.7   	0.600000	227.702   	0.600000	206.212   	0.600000	1434.43   	0.600000	2310.49   	0.600000	1561.18   	
0.700000	76828.3   	0.700000	76828.3   	0.700000	80573.4   	0.700000	80573.4   	0.700000	80573.7   	0.700000	272.174   	0.700000	243.295   	0.700000	1552.4    	0.700000	2501.06   	0.700000	1645.24   	
0.800000	88782.7   	0.800000	88782.7   	0.800000	94228.3   	0.800000	94228.3   	0.800000	94228.6   	0.800000	320.879   	0.800000	284.005   	0.800000	1675.61   	0.800000	2665.66   	0.800000	1734.65   	
0.900000	101472    	0.900000	101472    	0.900000	108749    	0.900000	108749    	0.900000	108749    	0.900000	373.488   	0.900000	327.733   	0.900000	1803.36   	0.900000	2830.69   	0.900000	1829.94   	
1.000000	114971    	1.000000	114971    	1.000000	124132    	1.000000	124132    	1.000000	124133    	1.000000	429.975   	1.000000	374.246   	1.000000	1936.34   	1.000000	3002.26   	1.000000	1931.7    	
1.250000	152464    	1.250000	152464    	1.250000	166331    	1.250000	166331    	1.250000	166331    	1.250000	587.861   	1.250000	501.67    	1.250000	2268.77   	1.250000	3432.53   	1.250000	2211.67   	
1.500000	196177    	1.500000	196177    	1.500000	213648    	1.500000	213648    	1.500000	213648    	1.500000	767.649   	1.500000	642.623   	1.500000	2572.92   	1.500000	3833.63   	1.500000	2525.74   	
1.750000	246489    	1.750000	246489    	1.750000	265960    	1.750000	265960    	1.750000	265961    	1.750000	968.858   	1.750000	796.153   	1.750000	2909.3    	1.750000	4276.65   	1.750000	2872.74   	
2.000000	302925    	2.000000	302925    	2.000000	323226    	2.000000	323226    	2.000000	323226    	2.000000	1191.75   	2.000000	962.117   	2.000000	3277.35   	2.000000	4759.64   	2.000000	3252.4    	
2.250000	365159    	2.250000	365159    	2.250000	385450    	2.250000	385450    	2.250000	385450    	2.250000	1436.94   	2.250000	1140.74   	2.250000	3677      	2.250000	5281.65   	2.250000	3664.84   	
2.500000	433026    	2.500000	432967    	2.500000	452652    	2.500000	452652    	2.500000	452652    	2.500000	1705.07   	2.500000	1332.3    	2.500000	4108.29   	2.500000	5842.11   	2.500000	4110.27   	
3.000000	588235    	3.000000	584663    	3.000000	602036    	3.000000	602036    	3.000000	602036    	3.000000	2311.88   	3.000000	1754.92   	3.000000	5066.22   	3.000000	7076.94   	3.000000	5100.88   	
3.500000	764314    	3.500000	757135    	3.500000	771419    	3.500000	771419    	3.500000	771419    	3.500000	3014.6    	3.500000	2230.79   	3.500000	6151.44   	3.500000	8461.41   	3.500000	6225.1    	
4.000000	960903    	4.000000	949889    	4.000000	960744    	4.000000	960744    	4.000000	960744    	4.000000	3814.16   	4.000000	2759.74   	4.000000	7363.9    	4.000000	9993.14   	4.000000	7483.26   	
4.500000	1.17768e+06	4.500000	1.1626e+06	4.500000	1.16989e+06	4.500000	1.16989e+06	4.500000	1.16989e+06	4.500000	4710.58   	4.500000	3340.82   	4.500000	8703.1    	4.500000	11669.7   	4.500000	8875.09   	
5.000000	1.41436e+06	5.000000	1.39501e+06	5.000000	1.39868e+06	5.000000	1.39868e+06	5.000000	1.39868e+06	5.000000	5703.34   	5.000000	3972.96   	5.000000	10168.3   	5.000000	13488.6   	5.000000	10400     	
5.500000	1.67069e+06	5.500000	1.64688e+06	5.500000	1.64694e+06	5.500000	1.64694e+06	5.500000	1.64694e+06	5.500000	6791.67   	5.500000	4655.14   	5.500000	11758.3   	5.500000	15447.2   	5.500000	12056.9   	
6.000000	1.94642e+06	6.000000	1.91798e+06	6.000000	1.91446e+06	6.000000	1.91446e+06	6.000000	1.91446e+06	6.000000	7974.64   	6.000000	5386.35   	6.000000	13472.3   	6.000000	17543.4   	6.000000	13845     	
6.500000	2.24134e+06	6.500000	2.20812e+06	6.500000	2.20106e+06	6.500000	2.20106e+06	6.500000	2.20105e+06	6.500000	9251.36   	6.500000	6165.61   	6.500000	15309     	6.500000	19774.8   	6.500000	15763.2   	
7.000000	2.55524e+06	7.000000	2.51712e+06	7.000000	2.50653e+06	7.000000	2.50653e+06	7.000000	2.50653e+06	7.000000	10620.9   	7.000000	6992.03   	7.000000	17267.4   	7.000000	22139.4   	7.000000	17810.4   	
7.500000	2.88793e+06	7.500000	2.84479e+06	7.500000	2.83071e+06	7.500000	2.83071e+06	7.500000	2.83071e+06	7.500000	12082.5   	7.500000	7864.85   	7.500000	19346.6   	7.500000	24635.1   	7.500000	19985.7   	
8.000000	3.23924e+06	8.000000	3.19098e+06	8.000000	3.17342e+06	8.000000	3.17342e+06	8.000000	3.17341e+06	8.000000	13635.3   	8.000000	8783.27   	8.000000	21545.6   	8.000000	27260.2   	8.000000	22288.1   	
8.500000	3.609e+06 	8.500000	3.55553e+06	8.500000	3.53449e+06	8.500000	3.53449e+06	8.500000	3.53449e+06	8.500000	15278.6   	8.500000	9746.41   	8.500000	23863.3   	8.500000	30013     	8.500000	24716.8   	
9.000000	3.99704e+06	9.000000	3.9383e+06	9.000000	3.91379e+06	9.000000	3.91379e+06	9.000000	3.91379e+06	9.000000	17011.8   	9.000000	10753.5   	9.000000	26299.2   	9.000000	32891.9   	9.000000	27270.9   	
9.500000	4.40321e+06	9.500000	4.33915e+06	9.500000	4.31117e+06	9.500000	4.31117e+06	9.500000	4.31116e+06	9.500000	18834.4   	9.500000	11804.2   	9.500000	28852.2   	9.500000	35895.6   	9.500000	29949.7   	
10.000000	4.82738e+06	10.000000	4.75821e+06	10.000000	4.72649e+06	10.000000	4.72649e+06	10.000000	4.72649e+06	10.000000	20745.8   	10.000000	12898.1   	10.000000	31521.7   	10.000000	39022.8   	10.000000	32752.3   	
11.000000	5.72914e+06	11.000000	5.66374e+06	11.000000	5.61107e+06	11.000000	5.611e+06 	11.000000	5.61108e+06	11.000000	24840.7   	11.000000	15218.8   	11.000000	37212.1   	11.000000	45647.4   	11.000000	38731.5   	
12.000000	6.70129e+06	12.000000	6.63843e+06	12.000000	6.56719e+06	12.000000	6.56693e+06	12.000000	6.56722e+06	12.000000	29299.5   	12.000000	17716.4   	12.000000	43370.1   	12.000000	52762.3   	12.000000	45208.6   	
13.000000	7.74286e+06	13.000000	7.68144e+06	13.000000	7.59399e+06	13.000000	7.59343e+06	13.000000	7.59407e+06	13.000000	34117.2   	13.000000	20385.8   	13.000000	49991.3   	13.000000	60359.4   	13.000000	52179.5   	
14.000000	8.85296e+06	14.000000	8.792e+06 	14.000000	8.69069e+06	14.000000	8.68973e+06	14.000000	8.69084e+06	14.000000	39289.6   	14.000000	23222.9   	14.000000	57071.5   	14.000000	68431.6   	14.000000	59639.9   	
15.000000	1.00308e+07	15.000000	9.9694e+06	15.000000	9.85652e+06	15.000000	9.85509e+06	15.000000	9.85678e+06	15.000000	44812.8   	15.000000	26226     	15.000000	64606.8   	15.000000	76972     	15.000000	67586     	
16.000000	1.12755e+07	16.000000	1.12129e+07	16.000000	1.10907e+07	16.000000	1.10888e+07	16.000000	1.10912e+07	16.000000	50682.8   	16.000000	29392.8   	16.000000	72593     	16.000000	85974.3   	16.000000	76013.9   	
17.000000	1.25864e+07	17.000000	1.25219e+07	17.000000	1.23927e+07	17.000000	1.23902e+07	17.000000	1.23933e+07	17.000000	56895.7   	17.000000	32718.9   	17.000000	81026.3   	17.000000	95432.1   	17.000000	84919.7   	
18.000000	1.39627e+07	18.000000	1.38958e+07	18.000000	1.37616e+07	18.000000	1.37585e+07	18.000000	1.37625e+07	18.000000	63447.5   	18.000000	36201.2   	18.000000	89902.5   	18.000000	105339    	18.000000	94299.3   	
19.000000	1.54039e+07	19.000000	1.5334e+07	19.000000	1.51968e+07	19.000000	1.51931e+07	19.000000	1.5198e+07	19.000000	70334     	19.000000	39837.2   	19.000000	99217.3   	19.000000	115690    	19.000000	104149    	
20.000000	1.69092e+07	20.000000	1.68358e+07	20.000000	1.66976e+07	20.000000	1.66933e+07	20.000000	1.66991e+07	20.000000	77550.9   	20.000000	43624.5   	20.000000	108967    	20.000000	126477    	20.000000	114464    	
21.000000	1.8478e+07	21.000000	1.84008e+07	21.000000	1.82634e+07	21.000000	1.82584e+07	21.000000	1.82653e+07	21.000000	85093.7   	21.000000	47560.1   	21.000000	119146    	21.000000	137696    	21.000000	125240    	
22.000000	2.01098e+07	22.000000	2.00285e+07	22.000000	1.98934e+07	22.000000	1.98878e+07	22.000000	1.98957e+07	22.000000	92957.6   	22.000000	51641.4   	22.000000	129750    	22.000000	149340    	22.000000	136472    	
23.000000	2.1804e+07	23.000000	2.17182e+07	23.000000	2.15869e+07	23.000000	2.15807e+07	23.000000	2.15896e+07	23.000000	101138    	23.000000	55865.5   	23.000000	140776    	23.000000	161403    	23.000000	148157    	
24.000000	2.356e+07 	24.000000	2.34697e+07	24.000000	2.33431e+07	24.000000	2.33365e+07	24.000000	2.33464e+07	24.000000	109629    	24.000000	60229.5   	24.000000	152217    	24.000000	173879    	24.000000	160288    	
25.000000	2.53773e+07	25.000000	2.52823e+07	25.000000	2.51615e+07	25.000000	2.51543e+07	25.000000	2.51653e+07	25.000000	118426    	25.000000	64730.4   	25.000000	164068    	25.000000	186761    	25.000000	172862    	
27.000000	2.91939e+07	27.000000	2.90891e+07	27.000000	2.89814e+07	27.000000	2.89735e+07	27.000000	2.89865e+07	27.000000	136914    	27.000000	74131.5   	27.000000	188982    	27.000000	213721    	27.000000	199313    	
29.000000	3.32498e+07	29.000000	3.31354e+07	29.000000	3.30407e+07	29.000000	3.30322e+07	29.000000	3.30471e+07	29.000000	156554    	29.000000	84042.6   	29.000000	215473    	29.000000	242230    	29.000000	227467    	
31.000000	3.75415e+07	31.000000	3.74177e+07	31.000000	3.73335e+07	31.000000	3.73249e+07	31.000000	3.73415e+07	31.000000	177305    	31.000000	94435.2   	31.000000	243499    	31.000000	272241    	31.000000	257281    	
33.000000	4.20654e+07	33.000000	4.19329e+07	33.000000	4.18583e+07	33.000000	4.18501e+07	33.000000	4.18678e+07	33.000000	199176    	33.000000	105321    	33.000000	273050    	33.000000	303737    	33.000000	288745    	
35.000000	4.68183e+07	35.000000	4.66781e+07	35.000000	4.66124e+07	35.000000	4.6605e+07	35.000000	4.66235e+07	35.000000	222161    	35.000000	116694    	35.000000	304106    	35.000000	336695    	35.000000	321843    	
38.000000	5.43702e+07	38.000000	5.42205e+07	38.000000	5.41672e+07	38.000000	5.41621e+07	38.000000	5.41809e+07	38.000000	258694    	38.000000	134647    	38.000000	353467    	38.000000	388821    	38.000000	374509    	
41.000000	6.24206e+07	41.000000	6.22646e+07	41.000000	6.2222e+07	41.000000	6.22203e+07	41.000000	6.22385e+07	41.000000	297650    	41.000000	153662    	41.000000	406104    	41.000000	444107    	41.000000	430744    	
44.000000	7.09601e+07	44.000000	7.08015e+07	44.000000	7.07681e+07	44.000000	7.07712e+07	44.000000	7.07878e+07	44.000000	338983    	44.000000	173701    	44.000000	461954    	44.000000	502482    	44.000000	490490    	
47.000000	7.998e+07 	47.000000	7.98229e+07	47.000000	7.97971e+07	47.000000	7.98064e+07	47.000000	7.98204e+07	47.000000	382643    	47.000000	194744    	47.000000	520958    	47.000000	563882    	47.000000	553692    	
50.000000	8.94722e+07	50.000000	8.93209e+07	50.000000	8.93014e+07	50.000000	8.93182e+07	50.000000	8.93286e+07	50.000000	428586    	50.000000	216772    	50.000000	583059    	50.000000	628244    	50.000000	620297    	
55.000000	1.06321e+08	55.000000	1.0619e+08	55.000000	1.06179e+08	55.000000	1.0621e+08	55.000000	1.06212e+08	55.000000	510107    	55.000000	255619    	55.000000	693298    	55.000000	741945    	55.000000	738734    	
60.000000	1.24426e+08	60.000000	1.24328e+08	60.000000	1.24324e+08	60.000000	1.24372e+08	60.000000	1.24364e+08	60.000000	597640    	60.000000	297063    	60.000000	811753    	60.000000	863468    	60.000000	866266    	
65.000000	1.43757e+08	65.000000	1.43705e+08	65.000000	1.43706e+08	65.000000	1.43774e+08	65.000000	1.43753e+08	65.000000	690992    	65.000000	340987    	65.000000	938199    	65.000000	992586    	65.000000	1.00269e+06	
70.000000	1.64284e+08	70.000000	1.64292e+08	70.000000	1.64296e+08	70.000000	1.64388e+08	70.000000	1.6435e+08	70.000000	789978    	70.000000	387339    	70.000000	1.07242e+06	70.000000	1.12908e+06	70.000000	1.1478e+06	
75.000000	1.8598e+08	75.000000	1.86059e+08	75.000000	1.86067e+08	75.000000	1.86186e+08	75.000000	1.8613e+08	75.000000	894421    	75.000000	436028    	75.000000	1.21421e+06	75.000000	1.27276e+06	75.000000	1.30142e+06	
80.000000	2.0882e+08	80.000000	2.08982e+08	80.000000	2.08993e+08	80.000000	2.09141e+08	80.000000	2.09064e+08	80.000000	1.00415e+06	80.000000	487009    	80.000000	1.36339e+06	80.000000	1.42344e+06	80.000000	1.46337e+06	
85.000000	2.3278e+08	85.000000	2.33034e+08	85.000000	2.3305e+08	85.000000	2.33231e+08	85.000000	2.3313e+08	85.000000	1.119e+06 	85.000000	540178    	85.000000	1.51975e+06	85.000000	1.58093e+06	85.000000	1.63348e+06	
90.000000	2.57838e+08	90.000000	2.58192e+08	90.000000	2.58214e+08	90.000000	2.58431e+08	90.000000	2.58303e+08	90.000000	1.23881e+06	90.000000	595483    	90.000000	1.68312e+06	90.000000	1.74507e+06	90.000000	1.81159e+06	
95.000000	2.83971e+08	95.000000	2.84432e+08	95.000000	2.84463e+08	95.000000	2.84718e+08	95.000000	2.84561e+08	95.000000	1.36344e+06	95.000000	652868    	95.000000	1.85333e+06	95.000000	1.9157e+06	95.000000	1.99753e+06	
100.000000	3.11159e+08	100.000000	3.11732e+08	100.000000	3.11774e+08	100.000000	3.1207e+08	100.000000	3.11883e+08	100.000000	1.49273e+06	100.000000	712281    	100.000000	2.03021e+06	100.000000	2.09267e+06	100.000000	2.19116e+06	
105.000000	3.39384e+08	105.000000	3.40071e+08	105.000000	3.40128e+08	105.000000	3.40468e+08	105.000000	3.40246e+08	105.000000	1.62654e+06	105.000000	773671    	105.000000	2.2136e+06	105.000000	2.27583e+06	105.000000	2.39233e+06	
110.000000	3.68626e+08	110.000000	3.69428e+08	110.000000	3.69503e+08	110.000000	3.6989e+08	110.000000	3.69632e+08	110.000000	1.76474e+06	110.000000	836995    	110.000000	2.40334e+06	110.000000	2.46503e+06	110.000000	2.60088e+06	
115.000000	3.98868e+08	115.000000	3.99783e+08	115.000000	3.9988e+08	115.000000	4.00317e+08	115.000000	4.0002e+08	115.000000	1.90719e+06	115.000000	902187    	115.000000	2.59928e+06	115.000000	2.66016e+06	115.000000	2.8167e+06	
120.000000	4.30093e+08	120.000000	4.31117e+08	120.000000	4.31241e+08	120.000000	4.31731e+08	120.000000	4.31391e+08	120.000000	2.05377e+06	120.000000	969166    	120.000000	2.80127e+06	120.000000	2.86106e+06	120.000000	3.03963e+06	
125.000000	4.62285e+08	125.000000	4.63412e+08	125.000000	4.63566e+08	125.000000	4.64112e+08	125.000000	4.63728e+08	125.000000	2.20435e+06	125.000000	1.03794e+06	125.000000	3.00918e+06	125.000000	3.06763e+06	125.000000	3.26956e+06	
130.000000	4.95428e+08	130.000000	4.9665e+08	130.000000	4.96838e+08	130.000000	4.97444e+08	130.000000	4.97013e+08	130.000000	2.35881e+06	130.000000	1.10843e+06	130.000000	3.22285e+06	130.000000	3.27974e+06	130.000000	3.50634e+06	
135.000000	5.29506e+08	135.000000	5.30813e+08	135.000000	5.31043e+08	135.000000	5.31708e+08	135.000000	5.31229e+08	135.000000	2.51704e+06	135.000000	1.18058e+06	135.000000	3.44216e+06	135.000000	3.49727e+06	135.000000	3.74987e+06	
140.000000	5.64507e+08	140.000000	5.65885e+08	140.000000	5.66162e+08	140.000000	5.66889e+08	140.000000	5.66358e+08	140.000000	2.67892e+06	140.000000	1.25435e+06	140.000000	3.66698e+06	140.000000	3.72011e+06	140.000000	4.00001e+06	
145.000000	6.00415e+08	145.000000	6.01849e+08	145.000000	6.02177e+08	145.000000	6.0297e+08	145.000000	6.02385e+08	145.000000	2.84435e+06	145.000000	1.32972e+06	145.000000	3.89719e+06	145.000000	3.94814e+06	145.000000	4.25665e+06	
150.000000	6.37217e+08	150.000000	6.3869e+08	150.000000	6.39074e+08	150.000000	6.39935e+08	150.000000	6.39293e+08	150.000000	3.01322e+06	150.000000	1.40663e+06	150.000000	4.13264e+06	150.000000	4.18127e+06	150.000000	4.51968e+06	
155.000000	6.98955e+08	155.000000	6.76391e+08	155.000000	6.76838e+08	155.000000	6.77769e+08	155.000000	6.77069e+08	155.000000	3.18542e+06	155.000000	1.48507e+06	155.000000	4.37324e+06	155.000000	4.41939e+06	155.000000	4.78898e+06	
160.000000	7.62864e+08	160.000000	7.14939e+08	160.000000	7.15451e+08	160.000000	7.16457e+08	160.000000	7.15695e+08	160.000000	3.36086e+06	160.000000	1.565e+06 	160.000000	4.61885e+06	160.000000	4.6624e+06	160.000000	5.06443e+06	
165.000000	8.281e+08 	165.000000	7.54317e+08	165.000000	7.54902e+08	165.000000	7.55985e+08	165.000000	7.55159e+08	165.000000	3.53944e+06	165.000000	1.64639e+06	165.000000	4.86937e+06	165.000000	4.91021e+06	165.000000	5.34595e+06	
170.000000	8.9464e+08	170.000000	7.94514e+08	170.000000	7.95176e+08	170.000000	7.96337e+08	170.000000	7.95446e+08	170.000000	3.72106e+06	170.000000	1.7292e+06	170.000000	5.12468e+06	170.000000	5.16271e+06	170.000000	5.63341e+06	
175.000000	9.62461e+08	175.000000	8.35514e+08	175.000000	8.36257e+08	175.000000	8.37501e+08	175.000000	8.36541e+08	175.000000	3.90564e+06	175.000000	1.81342e+06	175.000000	5.38468e+06	175.000000	5.41981e+06	175.000000	5.92673e+06	
180.000000	1.03154e+09	180.000000	8.77304e+08	180.000000	8.78132e+08	180.000000	8.79463e+08	180.000000	8.78432e+08	180.000000	4.09309e+06	180.000000	1.89901e+06	180.000000	5.64926e+06	180.000000	5.68144e+06	180.000000	6.22579e+06	
185.000000	1.10186e+09	185.000000	9.19871e+08	185.000000	9.20791e+08	185.000000	9.22209e+08	185.000000	9.21105e+08	185.000000	4.28332e+06	185.000000	1.98594e+06	185.000000	5.91832e+06	185.000000	5.94749e+06	185.000000	6.5305e+06	
190.000000	1.1734e+09	190.000000	9.63202e+08	190.000000	9.64221e+08	190.000000	9.65727e+08	190.000000	9.64548e+08	190.000000	4.47625e+06	190.000000	2.07413e+06	190.000000	6.19175e+06	190.000000	6.21788e+06	190.000000	6.84076e+06	
195.000000	1.24614e+09	195.000000	1.00729e+09	195.000000	1.00841e+09	195.000000	1.01e+09  	195.000000	1.00875e+09	195.000000	4.67179e+06	195.000000	2.16357e+06	195.000000	6.46946e+06	195.000000	6.49254e+06	195.000000	7.15648e+06	
200.000000	1.32006e+09	200.000000	1.05211e+09	200.000000	1.05334e+09	200.000000	1.05503e+09	200.000000	1.05369e+09	200.000000	4.86987e+06	200.000000	2.25426e+06	200.000000	6.75136e+06	200.000000	6.77138e+06	200.000000	7.47757e+06	
210.000000	1.47136e+09	210.000000	1.14393e+09	210.000000	1.14538e+09	210.000000	1.14727e+09	210.000000	1.14577e+09	210.000000	5.27334e+06	210.000000	2.4393e+06	210.000000	7.32733e+06	210.000000	7.34127e+06	210.000000	8.13549e+06	
220.000000	1.62717e+09	220.000000	1.23857e+09	220.000000	1.24026e+09	220.000000	1.24235e+09	220.000000	1.24068e+09	220.000000	5.68607e+06	220.000000	2.62888e+06	220.000000	7.91894e+06	220.000000	7.92695e+06	220.000000	8.81381e+06	
230.000000	1.78734e+09	230.000000	1.33594e+09	230.000000	1.33789e+09	230.000000	1.3402e+09	230.000000	1.33834e+09	230.000000	6.10751e+06	230.000000	2.82284e+06	230.000000	8.5255e+06	230.000000	8.52785e+06	230.000000	9.51187e+06	
240.000000	1.95174e+09	240.000000	1.43596e+09	240.000000	1.43818e+09	240.000000	1.44071e+09	240.000000	1.43866e+09	240.000000	6.53712e+06	240.000000	3.0211e+06	240.000000	9.14637e+06	240.000000	9.1434e+06	240.000000	1.0229e+07	
250.000000	2.12026e+09	250.000000	1.53855e+09	250.000000	1.54106e+09	250.000000	1.54381e+09	250.000000	1.54156e+09	250.000000	6.97442e+06	250.000000	3.22358e+06	250.000000	9.78091e+06	250.000000	9.77308e+06	250.000000	1.09646e+07	
260.000000	2.29277e+09	260.000000	1.64364e+09	260.000000	1.64643e+09	260.000000	1.64943e+09	260.000000	1.64697e+09	260.000000	7.41893e+06	260.000000	3.42979e+06	260.000000	1.04285e+07	260.000000	1.04164e+07	260.000000	1.17181e+07	
270.000000	2.46915e+09	270.000000	1.75114e+09	270.000000	1.75424e+09	270.000000	1.75748e+09	270.000000	1.75481e+09	270.000000	7.8702e+06	270.000000	3.63975e+06	270.000000	1.10886e+07	270.000000	1.10728e+07	270.000000	1.24889e+07	
280.000000	2.64931e+09	280.000000	1.861e+09 	280.000000	1.86439e+09	280.000000	1.8679e+09	280.000000	1.865e+09 	280.000000	8.32782e+06	280.000000	3.85337e+06	280.000000	1.17607e+07	280.000000	1.17419e+07	280.000000	1.32764e+07	
290.000000	2.83314e+09	290.000000	1.97314e+09	290.000000	1.97683e+09	290.000000	1.98061e+09	290.000000	1.97748e+09	290.000000	8.79138e+06	290.000000	4.07054e+06	290.000000	1.24442e+07	290.000000	1.24231e+07	290.000000	1.40801e+07	
300.000000	3.02053e+09	300.000000	2.08749e+09	300.000000	2.0915e+09	300.000000	2.09554e+09	300.000000	2.09218e+09	300.000000	9.26049e+06	300.000000	4.29107e+06	300.000000	1.31387e+07	300.000000	1.31162e+07	300.000000	1.48994e+07	
310.000000	3.21139e+09	310.000000	2.20401e+09	310.000000	2.20832e+09	310.000000	2.21264e+09	310.000000	2.20903e+09	310.000000	9.73482e+06	310.000000	4.51471e+06	310.000000	1.38436e+07	310.000000	1.38206e+07	310.000000	1.57339e+07	
320.000000	3.40564e+09	320.000000	2.32261e+09	320.000000	2.32723e+09	320.000000	2.33184e+09	320.000000	2.32798e+09	320.000000	1.0214e+07	320.000000	4.74146e+06	320.000000	1.45585e+07	320.000000	1.4536e+07	320.000000	1.65832e+07	
330.000000	3.60317e+09	330.000000	2.44326e+09	330.000000	2.44817e+09	330.000000	2.45307e+09	330.000000	2.44896e+09	330.000000	1.06977e+07	330.000000	4.97128e+06	330.000000	1.52829e+07	330.000000	1.52619e+07	330.000000	1.74466e+07	
340.000000	3.80391e+09	340.000000	2.56589e+09	340.000000	2.57108e+09	340.000000	2.5763e+09	340.000000	2.57191e+09	340.000000	1.11857e+07	340.000000	5.20391e+06	340.000000	1.60165e+07	340.000000	1.59981e+07	340.000000	1.83238e+07	
350.000000	4.00776e+09	350.000000	2.69044e+09	350.000000	2.69593e+09	350.000000	2.70144e+09	350.000000	2.69679e+09	350.000000	1.16775e+07	350.000000	5.43919e+06	350.000000	1.67588e+07	350.000000	1.67441e+07	350.000000	1.92144e+07	
360.000000	4.21467e+09	360.000000	2.81687e+09	360.000000	2.82264e+09	360.000000	2.82846e+09	360.000000	2.82353e+09	360.000000	1.21731e+07	360.000000	5.67713e+06	360.000000	1.75095e+07	360.000000	1.74997e+07	360.000000	2.01179e+07	
370.000000	4.42453e+09	370.000000	2.94513e+09	370.000000	2.95115e+09	370.000000	2.9573e+09	370.000000	2.95208e+09	370.000000	1.2672e+07	370.000000	5.91778e+06	370.000000	1.82682e+07	370.000000	1.82644e+07	370.000000	2.10339e+07	
380.000000	4.63729e+09	380.000000	3.07517e+09	380.000000	3.08144e+09	380.000000	3.08792e+09	380.000000	3.08241e+09	380.000000	1.31741e+07	380.000000	6.16104e+06	380.000000	1.90344e+07	380.000000	1.9038e+07	380.000000	2.1962e+07	
390.000000	4.85287e+09	390.000000	3.20694e+09	390.000000	3.21344e+09	390.000000	3.22025e+09	390.000000	3.21445e+09	390.000000	1.36791e+07	390.000000	6.40668e+06	390.000000	1.9808e+07	390.000000	1.98202e+07	390.000000	2.29018e+07	
400.000000	5.0712e+09	400.000000	3.34039e+09	400.000000	3.34711e+09	400.000000	3.35427e+09	400.000000	3.34816e+09	400.000000	1.41868e+07	400.000000	6.65463e+06	400.000000	2.05885e+07	400.000000	2.06106e+07	400.000000	2.38531e+07	
410.000000	5.29221e+09	410.000000	3.47549e+09	410.000000	3.48241e+09	410.000000	3.48991e+09	410.000000	3.4835e+09	410.000000	1.4697e+07	410.000000	6.90484e+06	410.000000	2.13757e+07	410.000000	2.14091e+07	410.000000	2.48153e+07	
420.000000	5.51584e+09	420.000000	3.61219e+09	420.000000	3.61928e+09	420.000000	3.62715e+09	420.000000	3.62042e+09	420.000000	1.52094e+07	420.000000	7.15714e+06	420.000000	2.21691e+07	420.000000	2.22152e+07	420.000000	2.57883e+07	
430.000000	5.74202e+09	430.000000	3.75045e+09	430.000000	3.7577e+09	430.000000	3.76593e+09	430.000000	3.75888e+09	430.000000	1.5724e+07	430.000000	7.41138e+06	430.000000	2.29687e+07	430.000000	2.30288e+07	430.000000	2.67715e+07	
440.000000	5.9707e+09	440.000000	3.89023e+09	440.000000	3.89762e+09	440.000000	3.90621e+09	440.000000	3.89884e+09	440.000000	1.62404e+07	440.000000	7.66755e+06	440.000000	2.3774e+07	440.000000	2.38495e+07	440.000000	2.77648e+07	
450.000000	6.20182e+09	450.000000	4.0315e+09	450.000000	4.039e+09 	450.000000	4.04796e+09	450.000000	4.04026e+09	450.000000	1.67585e+07	450.000000	7.9257e+06	450.000000	2.45848e+07	450.000000	2.46772e+07	450.000000	2.87678e+07	
460.000000	6.43531e+09	460.000000	4.17421e+09	460.000000	4.1818e+09	460.000000	4.19114e+09	460.000000	4.1831e+09	460.000000	1.72782e+07	460.000000	8.18585e+06	460.000000	2.54008e+07	460.000000	2.55117e+07	460.000000	2.97801e+07	
470.000000	6.67112e+09	470.000000	4.31832e+09	470.000000	4.32599e+09	470.000000	4.3357e+09	470.000000	4.32732e+09	470.000000	1.77993e+07	470.000000	8.44791e+06	470.000000	2.62219e+07	470.000000	2.63525e+07	470.000000	3.08016e+07	
480.000000	6.9092e+09	480.000000	4.46382e+09	480.000000	4.47152e+09	480.000000	4.48162e+09	480.000000	4.4729e+09	480.000000	1.83216e+07	480.000000	8.71178e+06	480.000000	2.70477e+07	480.000000	2.71996e+07	480.000000	3.18319e+07	
490.000000	7.1495e+09	490.000000	4.61065e+09	490.000000	4.61836e+09	490.000000	4.62886e+09	490.000000	4.61979e+09	490.000000	1.8845e+07	490.000000	8.97729e+06	490.000000	2.7878e+07	490.000000	2.80528e+07	490.000000	3.28707e+07	
500.000000	7.39196e+09	500.000000	4.75879e+09	500.000000	4.76648e+09	500.000000	4.77738e+09	500.000000	4.76796e+09	500.000000	1.93693e+07	500.000000	9.24437e+06	500.000000	2.87126e+07	500.000000	2.89117e+07	500.000000	3.39177e+07	
520.000000	7.88317e+09	520.000000	5.05888e+09	520.000000	5.06646e+09	520.000000	5.07816e+09	520.000000	5.06801e+09	520.000000	2.04204e+07	520.000000	9.78341e+06	520.000000	3.0394e+07	520.000000	3.06463e+07	520.000000	3.60357e+07	
540.000000	8.38245e+09	540.000000	5.36382e+09	540.000000	5.37117e+09	540.000000	5.38369e+09	540.000000	5.3728e+09	540.000000	2.14739e+07	540.000000	1.03288e+07	540.000000	3.20901e+07	540.000000	3.24017e+07	540.000000	3.81836e+07	
560.000000	8.88945e+09	560.000000	5.6734e+09	560.000000	5.68038e+09	560.000000	5.69375e+09	560.000000	5.6821e+09	560.000000	2.25288e+07	560.000000	1.08798e+07	560.000000	3.37995e+07	560.000000	3.41766e+07	560.000000	4.03597e+07	
580.000000	9.40382e+09	580.000000	5.9874e+09	580.000000	5.99388e+09	580.000000	6.00811e+09	580.000000	5.99569e+09	580.000000	2.35844e+07	580.000000	1.14363e+07	580.000000	3.55209e+07	580.000000	3.59696e+07	580.000000	4.25622e+07	
600.000000	9.92523e+09	600.000000	6.3056e+09	600.000000	6.31146e+09	600.000000	6.32656e+09	600.000000	6.31336e+09	600.000000	2.46401e+07	600.000000	1.19984e+07	600.000000	3.72528e+07	600.000000	3.77793e+07	600.000000	4.47894e+07	
620.000000	1.04534e+10	620.000000	6.62782e+09	620.000000	6.63292e+09	620.000000	6.64891e+09	620.000000	6.63491e+09	620.000000	2.5695e+07	620.000000	1.25652e+07	620.000000	3.89943e+07	620.000000	3.96047e+07	620.000000	4.70397e+07	
640.000000	1.0988e+10	640.000000	6.95388e+09	640.000000	6.95806e+09	640.000000	6.97498e+09	640.000000	6.96016e+09	640.000000	2.67487e+07	640.000000	1.31366e+07	640.000000	4.07441e+07	640.000000	4.14445e+07	640.000000	4.93117e+07	
660.000000	1.15287e+10	660.000000	7.28359e+09	660.000000	7.28673e+09	660.000000	7.30457e+09	660.000000	7.28893e+09	660.000000	2.78006e+07	660.000000	1.37122e+07	660.000000	4.25013e+07	660.000000	4.32978e+07	660.000000	5.1604e+07	
680.000000	1.20753e+10	680.000000	7.61679e+09	680.000000	7.61876e+09	680.000000	7.63754e+09	680.000000	7.62106e+09	680.000000	2.88503e+07	680.000000	1.4292e+07	680.000000	4.42648e+07	680.000000	4.51635e+07	680.000000	5.39151e+07	
700.000000	1.26276e+10	700.000000	7.95332e+09	700.000000	7.954e+09 	700.000000	7.97372e+09	700.000000	7.95638e+09	700.000000	2.98973e+07	700.000000	1.48758e+07	700.000000	4.60339e+07	700.000000	4.70406e+07	700.000000	5.6244e+07	
720.000000	1.31852e+10	720.000000	8.29304e+09	720.000000	8.29229e+09	720.000000	8.31296e+09	720.000000	8.29476e+09	720.000000	3.09413e+07	720.000000	1.54634e+07	720.000000	4.78077e+07	720.000000	4.89283e+07	720.000000	5.85893e+07	
740.000000	1.37481e+10	740.000000	8.6358e+09	740.000000	8.63347e+09	740.000000	8.65512e+09	740.000000	8.63605e+09	740.000000	3.19818e+07	740.000000	1.60547e+07	740.000000	4.95854e+07	740.000000	5.08257e+07	740.000000	6.095e+07 	
760.000000	1.43158e+10	760.000000	8.98146e+09	760.000000	8.97742e+09	760.000000	9.00006e+09	760.000000	8.98011e+09	760.000000	3.30187e+07	760.000000	1.66492e+07	760.000000	5.13663e+07	760.000000	5.27321e+07	760.000000	6.3325e+07	
780.000000	1.48883e+10	780.000000	9.3299e+09	780.000000	9.32404e+09	780.000000	9.34767e+09	780.000000	9.32683e+09	780.000000	3.40515e+07	780.000000	1.72466e+07	780.000000	5.31499e+07	780.000000	5.46468e+07	780.000000	6.57134e+07	
800.000000	1.54652e+10	800.000000	9.681e+09 	800.000000	9.67319e+09	800.000000	9.69782e+09	800.000000	9.67607e+09	800.000000	3.50801e+07	800.000000	1.7847e+07	800.000000	5.49354e+07	800.000000	5.65689e+07	800.000000	6.81141e+07	
820.000000	1.60466e+10	820.000000	1.00346e+10	820.000000	1.00248e+10	820.000000	1.00504e+10	820.000000	1.00277e+10	820.000000	3.61043e+07	820.000000	1.84504e+07	820.000000	5.67223e+07	820.000000	5.84979e+07	820.000000	7.05263e+07	
840.000000	1.6632e+10	840.000000	1.03907e+10	840.000000	1.03787e+10	840.000000	1.04053e+10	840.000000	1.03817e+10	840.000000	3.71238e+07	840.000000	1.90568e+07	840.000000	5.851e+07 	840.000000	6.0433e+07	840.000000	7.29491e+07	
860.000000	1.72214e+10	860.000000	1.0749e+10	860.000000	1.07347e+10	860.000000	1.07624e+10	860.000000	1.07379e+10	860.000000	3.81384e+07	860.000000	1.96663e+07	860.000000	6.02982e+07	860.000000	6.23739e+07	860.000000	7.53817e+07	
880.000000	1.78145e+10	880.000000	1.11096e+10	880.000000	1.10929e+10	880.000000	1.11216e+10	880.000000	1.10962e+10	880.000000	3.91481e+07	880.000000	2.02786e+07	880.000000	6.20863e+07	880.000000	6.43197e+07	880.000000	7.78234e+07	
900.000000	1.84113e+10	900.000000	1.14723e+10	900.000000	1.14531e+10	900.000000	1.14829e+10	900.000000	1.14565e+10	900.000000	4.01526e+07	900.000000	2.08934e+07	900.000000	6.38738e+07	900.000000	6.62702e+07	900.000000	8.02733e+07	
920.000000	1.90116e+10	920.000000	1.1837e+10	920.000000	1.18153e+10	920.000000	1.18461e+10	920.000000	1.18187e+10	920.000000	4.1152e+07	920.000000	2.15107e+07	920.000000	6.56605e+07	920.000000	6.82247e+07	920.000000	8.2731e+07	
940.000000	1.96151e+10	940.000000	1.22037e+10	940.000000	1.21792e+10	940.000000	1.22111e+10	940.000000	1.21828e+10	940.000000	4.21459e+07	940.000000	2.21303e+07	940.000000	6.74459e+07	940.000000	7.01827e+07	940.000000	8.51956e+07	
960.000000	2.02218e+10	960.000000	1.25722e+10	960.000000	1.2545e+10	960.000000	1.25779e+10	960.000000	1.25486e+10	960.000000	4.31344e+07	960.000000	2.27519e+07	960.000000	6.92297e+07	960.000000	7.21439e+07	960.000000	8.76666e+07	
980.000000	2.08315e+10	980.000000	1.29424e+10	980.000000	1.29124e+10	980.000000	1.29464e+10	980.000000	1.29162e+10	980.000000	4.41174e+07	980.000000	2.33755e+07	980.000000	7.10115e+07	980.000000	7.41078e+07	980.000000	9.01433e+07	
1000.000000	2.14441e+10	1000.000000	1.33143e+10	1000.000000	1.32815e+10	1000.000000	1.33165e+10	1000.000000	1.32853e+10	1000.000000	4.50949e+07	1000.000000	2.40011e+07	1000.000000	7.27912e+07	1000.000000	7.6074e+07	1000.000000	9.26253e+07	
1020.000000	2.20594e+10	1020.000000	1.36879e+10	1020.000000	1.36521e+10	1020.000000	1.36882e+10	1020.000000	1.3656e+10	1020.000000	4.60667e+07	1020.000000	2.46286e+07	1020.000000	7.45683e+07	1020.000000	7.80421e+07	1020.000000	9.51119e+07	
1040.000000	2.26773e+10	1040.000000	1.4063e+10	1040.000000	1.40241e+10	1040.000000	1.40613e+10	1040.000000	1.40282e+10	1040.000000	4.70328e+07	1040.000000	2.52582e+07	1040.000000	7.63427e+07	1040.000000	8.00118e+07	1040.000000	9.76028e+07	
1060.000000	2.32977e+10	1060.000000	1.44395e+10	1060.000000	1.43976e+10	1060.000000	1.44359e+10	1060.000000	1.44017e+10	1060.000000	4.79932e+07	1060.000000	2.58899e+07	1060.000000	7.8114e+07	1060.000000	8.19828e+07	1060.000000	1.00097e+08	
1080.000000	2.39205e+10	1080.000000	1.48174e+10	1080.000000	1.47724e+10	1080.000000	1.48118e+10	1080.000000	1.47767e+10	1080.000000	4.89479e+07	1080.000000	2.65237e+07	1080.000000	7.98822e+07	1080.000000	8.39546e+07	1080.000000	1.02595e+08	
1100.000000	2.45456e+10	1100.000000	1.51967e+10	1100.000000	1.51486e+10	1100.000000	1.51891e+10	1100.000000	1.51529e+10	1100.000000	4.98968e+07	1100.000000	2.71595e+07	1100.000000	8.1647e+07	1100.000000	8.59271e+07	1100.000000	1.05096e+08	
1120.000000	2.51728e+10	1120.000000	1.55772e+10	1120.000000	1.55259e+10	1120.000000	1.55675e+10	1120.000000	1.55304e+10	1120.000000	5.084e+07 	1120.000000	2.77972e+07	1120.000000	8.34081e+07	1120.000000	8.78998e+07	1120.000000	1.07599e+08	
1140.000000	2.58021e+10	1140.000000	1.5959e+10	1140.000000	1.59045e+10	1140.000000	1.59472e+10	1140.000000	1.5909e+10	1140.000000	5.17773e+07	1140.000000	2.84368e+07	1140.000000	8.51654e+07	1140.000000	8.98727e+07	1140.000000	1.10104e+08	
1160.000000	2.64333e+10	1160.000000	1.63419e+10	1160.000000	1.62842e+10	1160.000000	1.6328e+10	1160.000000	1.62888e+10	1160.000000	5.27089e+07	1160.000000	2.90779e+07	1160.000000	8.69188e+07	1160.000000	9.18453e+07	1160.000000	1.12611e+08	
1180.000000	2.70663e+10	1180.000000	1.67259e+10	1180.000000	1.66649e+10	1180.000000	1.67099e+10	1180.000000	1.66697e+10	1180.000000	5.36348e+07	1180.000000	2.97207e+07	1180.000000	8.86682e+07	1180.000000	9.38174e+07	1180.000000	1.15119e+08	
1200.000000	2.77012e+10	1200.000000	1.7111e+10	1200.000000	1.70468e+10	1200.000000	1.70928e+10	1200.000000	1.70516e+10	1200.000000	5.45549e+07	1200.000000	3.03649e+07	1200.000000	9.04132e+07	1200.000000	9.57889e+07	1200.000000	1.17628e+08	
1220.000000	2.83376e+10	1220.000000	1.7497e+10	1220.000000	1.74296e+10	1220.000000	1.74768e+10	1220.000000	1.74345e+10	1220.000000	5.54692e+07	1220.000000	3.10107e+07	1220.000000	9.21539e+07	1220.000000	9.77595e+07	1220.000000	1.20138e+08	
1240.000000	2.89757e+10	1240.000000	1.7884e+10	1240.000000	1.78134e+10	1240.000000	1.78617e+10	1240.000000	1.78184e+10	1240.000000	5.63778e+07	1240.000000	3.16579e+07	1240.000000	9.38902e+07	1240.000000	9.9729e+07	1240.000000	1.22648e+08	
1260.000000	2.96152e+10	1260.000000	1.82719e+10	1260.000000	1.8198e+10	1260.000000	1.82475e+10	1260.000000	1.82032e+10	1260.000000	5.72807e+07	1260.000000	3.23066e+07	1260.000000	9.56218e+07	1260.000000	1.01697e+08	1260.000000	1.25158e+08	
1280.000000	3.02561e+10	1280.000000	1.86607e+10	1280.000000	1.85836e+10	1280.000000	1.86342e+10	1280.000000	1.85889e+10	1280.000000	5.81779e+07	1280.000000	3.29567e+07	1280.000000	9.73488e+07	1280.000000	1.03664e+08	1280.000000	1.27668e+08	
1300.000000	3.08984e+10	1300.000000	1.90502e+10	1300.000000	1.897e+10 	1300.000000	1.90217e+10	1300.000000	1.89754e+10	1300.000000	5.90695e+07	1300.000000	3.36083e+07	1300.000000	9.90709e+07	1300.000000	1.05629e+08	1300.000000	1.30177e+08	
1320.000000	3.15419e+10	1320.000000	1.94406e+10	1320.000000	1.93572e+10	1320.000000	1.94101e+10	1320.000000	1.93627e+10	1320.000000	5.99554e+07	1320.000000	3.42613e+07	1320.000000	1.00788e+08	1320.000000	1.07592e+08	1320.000000	1.32686e+08	
1340.000000	3.21866e+10	1340.000000	1.98316e+10	1340.000000	1.97451e+10	1340.000000	1.97992e+10	1340.000000	1.97507e+10	1340.000000	6.08357e+07	1340.000000	3.49156e+07	1340.000000	1.02501e+08	1340.000000	1.09553e+08	1340.000000	1.35194e+08	
1360.000000	3.28324e+10	1360.000000	2.02234e+10	1360.000000	2.01338e+10	1360.000000	2.0189e+10	1360.000000	2.01395e+10	1360.000000	6.17105e+07	1360.000000	3.55713e+07	1360.000000	1.04208e+08	1360.000000	1.11512e+08	1360.000000	1.377e+08 	
1380.000000	3.34792e+10	1380.000000	2.06158e+10	1380.000000	2.05232e+10	1380.000000	2.05796e+10	1380.000000	2.05291e+10	1380.000000	6.25797e+07	1380.000000	3.62283e+07	1380.000000	1.0591e+08	1380.000000	1.13469e+08	1380.000000	1.40205e+08	
1400.000000	3.4127e+10	1400.000000	2.10088e+10	1400.000000	2.09133e+10	1400.000000	2.09708e+10	1400.000000	2.09192e+10	1400.000000	6.34435e+07	1400.000000	3.68866e+07	1400.000000	1.07607e+08	1400.000000	1.15423e+08	1400.000000	1.42709e+08	
1420.000000	3.47756e+10	1420.000000	2.14024e+10	1420.000000	2.1304e+10	1420.000000	2.13627e+10	1420.000000	2.13101e+10	1420.000000	6.43018e+07	1420.000000	3.75462e+07	1420.000000	1.09299e+08	1420.000000	1.17375e+08	1420.000000	1.45211e+08	
1440.000000	3.54251e+10	1440.000000	2.17965e+10	1440.000000	2.16953e+10	1440.000000	2.17552e+10	1440.000000	2.17015e+10	1440.000000	6.51547e+07	1440.000000	3.8207e+07	1440.000000	1.10986e+08	1440.000000	1.19324e+08	1440.000000	1.47711e+08	
1460.000000	3.60754e+10	1460.000000	2.21911e+10	1460.000000	2.20872e+10	1460.000000	2.21483e+10	1460.000000	2.20935e+10	1460.000000	6.60023e+07	1460.000000	3.88691e+07	1460.000000	1.12667e+08	1460.000000	1.21271e+08	1460.000000	1.50209e+08	
1480.000000	3.67264e+10	1480.000000	2.25863e+10	1480.000000	2.24797e+10	1480.000000	2.25419e+10	1480.000000	2.24861e+10	1480.000000	6.68445e+07	1480.000000	3.95325e+07	1480.000000	1.14344e+08	1480.000000	1.23214e+08	1480.000000	1.52704e+08	
1500.000000	3.73781e+10	1500.000000	2.29818e+10	1500.000000	2.28728e+10	1500.000000	2.29361e+10	1500.000000	2.28793e+10	1500.000000	6.76814e+07	1500.000000	4.01971e+07	1500.000000	1.16014e+08	1500.000000	1.25155e+08	1500.000000	1.55197e+08	
1520.000000	3.80303e+10	1520.000000	2.33778e+10	1520.000000	2.32663e+10	1520.000000	2.33308e+10	1520.000000	2.32729e+10	1520.000000	6.85131e+07	1520.000000	4.08629e+07	1520.000000	1.1768e+08	1520.000000	1.27092e+08	1520.000000	1.57687e+08	
1540.000000	3.86831e+10	1540.000000	2.37742e+10	1540.000000	2.36603e+10	1540.000000	2.3726e+10	1540.000000	2.3667e+10	1540.000000	6.93397e+07	1540.000000	4.15299e+07	1540.000000	1.1934e+08	1540.000000	1.29026e+08	1540.000000	1.60175e+08	
1560.000000	3.93364e+10	1560.000000	2.41709e+10	1560.000000	2.40549e+10	1560.000000	2.41217e+10	1560.000000	2.40617e+10	1560.000000	7.0161e+07	1560.000000	4.21981e+07	1560.000000	1.20994e+08	1560.000000	1.30957e+08	1560.000000	1.6266e+08	
1580.000000	3.99901e+10	1580.000000	2.4568e+10	1580.000000	2.44498e+10	1580.000000	2.45178e+10	1580.000000	2.44567e+10	1580.000000	7.09773e+07	1580.000000	4.28674e+07	1580.000000	1.22644e+08	1580.000000	1.32885e+08	1580.000000	1.65142e+08	
1600.000000	4.06442e+10	1600.000000	2.49654e+10	1600.000000	2.48452e+10	1600.000000	2.49143e+10	1600.000000	2.48522e+10	1600.000000	7.17885e+07	1600.000000	4.35378e+07	1600.000000	1.24287e+08	1600.000000	1.34809e+08	1600.000000	1.6762e+08	
1620.000000	4.12987e+10	1620.000000	2.5363e+10	1620.000000	2.5241e+10	1620.000000	2.53113e+10	1620.000000	2.52481e+10	1620.000000	7.25947e+07	1620.000000	4.42093e+07	1620.000000	1.25926e+08	1620.000000	1.3673e+08	1620.000000	1.70096e+08	
1640.000000	4.19534e+10	1640.000000	2.5761e+10	1640.000000	2.56372e+10	1640.000000	2.57086e+10	1640.000000	2.56443e+10	1640.000000	7.3396e+07	1640.000000	4.48817e+07	1640.000000	1.27558e+08	1640.000000	1.38647e+08	1640.000000	1.72568e+08	
1660.000000	4.26084e+10	1660.000000	2.61591e+10	1660.000000	2.60337e+10	1660.000000	2.61063e+10	1660.000000	2.6041e+10	1660.000000	7.41923e+07	1660.000000	4.55551e+07	1660.000000	1.29186e+08	1660.000000	1.40561e+08	1660.000000	1.75036e+08	
1680.000000	4.32637e+10	1680.000000	2.65575e+10	1680.000000	2.64306e+10	1680.000000	2.65044e+10	1680.000000	2.6438e+10	1680.000000	7.49838e+07	1680.000000	4.62295e+07	1680.000000	1.30808e+08	1680.000000	1.42471e+08	1680.000000	1.77501e+08	
1700.000000	4.39191e+10	1700.000000	2.69561e+10	1700.000000	2.68278e+10	1700.000000	2.69028e+10	1700.000000	2.68353e+10	1700.000000	7.57705e+07	1700.000000	4.69048e+07	1700.000000	1.32424e+08	1700.000000	1.44377e+08	1700.000000	1.79962e+08	
1750.000000	4.5558e+10	1750.000000	2.79532e+10	1750.000000	2.78222e+10	1750.000000	2.79001e+10	1750.000000	2.783e+10 	1750.000000	7.77164e+07	1750.000000	4.85972e+07	1750.000000	1.36441e+08	1750.000000	1.49126e+08	1750.000000	1.86099e+08	
1800.000000	4.71972e+10	1800.000000	2.8951e+10	1800.000000	2.88183e+10	1800.000000	2.88992e+10	1800.000000	2.88264e+10	1800.000000	7.96332e+07	1800.000000	5.02953e+07	1800.000000	1.40424e+08	1800.000000	1.5385e+08	1800.000000	1.92211e+08	
1850.000000	4.8836e+10	1850.000000	2.99494e+10	1850.000000	2.9816e+10	1850.000000	2.98998e+10	1850.000000	2.98243e+10	1850.000000	8.15216e+07	1850.000000	5.19995e+07	1850.000000	1.44373e+08	1850.000000	1.5855e+08	1850.000000	1.98298e+08	
1900.000000	5.0474e+10	1900.000000	3.09479e+10	1900.000000	3.0815e+10	1900.000000	3.09018e+10	1900.000000	3.08236e+10	1900.000000	8.33824e+07	1900.000000	5.37098e+07	1900.000000	1.48287e+08	1900.000000	1.63224e+08	1900.000000	2.04358e+08	
1950.000000	5.21106e+10	1950.000000	3.19464e+10	1950.000000	3.18151e+10	1950.000000	3.19049e+10	1950.000000	3.1824e+10	1950.000000	8.52163e+07	1950.000000	5.54263e+07	1950.000000	1.52169e+08	1950.000000	1.67872e+08	1950.000000	2.1039e+08	
2000.000000	5.37454e+10	2000.000000	3.29446e+10	2000.000000	3.28162e+10	2000.000000	3.29089e+10	2000.000000	3.28254e+10	2000.000000	8.7024e+07	2000.000000	5.7149e+07	2000.000000	1.56017e+08	2000.000000	1.72494e+08	2000.000000	2.16394e+08	
2100.000000	5.70079e+10	2100.000000	3.49393e+10	2100.000000	3.48208e+10	2100.000000	3.49194e+10	2100.000000	3.48306e+10	2100.000000	9.05633e+07	2100.000000	6.06126e+07	2100.000000	1.63614e+08	2100.000000	1.81658e+08	2100.000000	2.28315e+08	
2200.000000	6.02587e+10	2200.000000	3.69306e+10	2200.000000	3.68277e+10	2200.000000	3.69321e+10	2200.000000	3.68379e+10	2200.000000	9.40056e+07	2200.000000	6.40998e+07	2200.000000	1.71082e+08	2200.000000	1.90715e+08	2200.000000	2.40118e+08	
2300.000000	6.34952e+10	2300.000000	3.89172e+10	2300.000000	3.88359e+10	2300.000000	3.89462e+10	2300.000000	3.88466e+10	2300.000000	9.73558e+07	2300.000000	6.76096e+07	2300.000000	1.78423e+08	2300.000000	1.99663e+08	2300.000000	2.51799e+08	
2400.000000	6.67152e+10	2400.000000	4.08979e+10	2400.000000	4.08447e+10	2400.000000	4.09607e+10	2400.000000	4.08559e+10	2400.000000	1.00619e+08	2400.000000	7.1141e+07	2400.000000	1.85642e+08	2400.000000	2.08503e+08	2400.000000	2.63358e+08	
2500.000000	6.99168e+10	2500.000000	4.28718e+10	2500.000000	4.28534e+10	2500.000000	4.29752e+10	2500.000000	4.2865e+10	2500.000000	1.03799e+08	2500.000000	7.4693e+07	2500.000000	1.92741e+08	2500.000000	2.17236e+08	2500.000000	2.74793e+08	
2600.000000	7.30984e+10	2600.000000	4.48381e+10	2600.000000	4.48614e+10	2600.000000	4.4989e+10	2600.000000	4.48735e+10	2600.000000	1.069e+08 	2600.000000	7.82649e+07	2600.000000	1.99724e+08	2600.000000	2.25861e+08	2600.000000	2.86104e+08	
2700.000000	7.62587e+10	2700.000000	4.67961e+10	2700.000000	4.68682e+10	2700.000000	4.70016e+10	2700.000000	4.68808e+10	2700.000000	1.09926e+08	2700.000000	8.1856e+07	2700.000000	2.06594e+08	2700.000000	2.3438e+08	2700.000000	2.97292e+08	
2800.000000	7.93965e+10	2800.000000	4.87452e+10	2800.000000	4.88735e+10	2800.000000	4.90127e+10	2800.000000	4.88867e+10	2800.000000	1.12881e+08	2800.000000	8.54663e+07	2800.000000	2.13355e+08	2800.000000	2.42795e+08	2800.000000	3.08358e+08	
2900.000000	8.25108e+10	2900.000000	5.06849e+10	2900.000000	5.08769e+10	2900.000000	5.10219e+10	2900.000000	5.08906e+10	2900.000000	1.15769e+08	2900.000000	8.90954e+07	2900.000000	2.2001e+08	2900.000000	2.51107e+08	2900.000000	3.19302e+08	
3000.000000	8.56008e+10	3000.000000	5.26147e+10	3000.000000	5.28782e+10	3000.000000	5.30289e+10	3000.000000	5.28924e+10	3000.000000	1.18591e+08	3000.000000	9.27432e+07	3000.000000	2.26563e+08	3000.000000	2.59318e+08	3000.000000	3.30125e+08	
3200.000000	9.17051e+10	3200.000000	5.64435e+10	3200.000000	5.68733e+10	3200.000000	5.70356e+10	3200.000000	5.68887e+10	3200.000000	1.24055e+08	3200.000000	1.00095e+08	3200.000000	2.39372e+08	3200.000000	2.75442e+08	3200.000000	3.51419e+08	
3400.000000	9.77053e+10	3400.000000	6.02293e+10	3400.000000	6.08575e+10	3400.000000	6.10311e+10	3400.000000	6.08739e+10	3400.000000	1.29294e+08	3400.000000	1.0752e+08	3400.000000	2.51808e+08	3400.000000	2.91184e+08	3400.000000	3.72252e+08	
3600.000000	1.03599e+11	3600.000000	6.39704e+10	3600.000000	6.48296e+10	3600.000000	6.50144e+10	3600.000000	6.48471e+10	3600.000000	1.34327e+08	3600.000000	1.15017e+08	3600.000000	2.63893e+08	3600.000000	3.06558e+08	3600.000000	3.9264e+08	
3800.000000	1.09384e+11	3800.000000	6.7666e+10	3800.000000	6.87889e+10	3800.000000	6.89848e+10	3800.000000	6.88073e+10	3800.000000	1.39171e+08	3800.000000	1.22586e+08	3800.000000	2.75649e+08	3800.000000	3.2158e+08	3800.000000	4.126e+08 	
4000.000000	1.1506e+11	4000.000000	7.13154e+10	4000.000000	7.27349e+10	4000.000000	7.29418e+10	4000.000000	7.27543e+10	4000.000000	1.43843e+08	4000.000000	1.30225e+08	4000.000000	2.87094e+08	4000.000000	3.36265e+08	4000.000000	4.32147e+08	
4200.000000	1.20628e+11	4200.000000	7.49184e+10	4200.000000	7.66672e+10	4200.000000	7.6885e+10	4200.000000	7.66876e+10	4200.000000	1.48354e+08	4200.000000	1.37933e+08	4200.000000	2.98247e+08	4200.000000	3.50627e+08	4200.000000	4.51297e+08	
4400.000000	1.26087e+11	4400.000000	7.8475e+10	4400.000000	8.05859e+10	4400.000000	8.08144e+10	4400.000000	8.06072e+10	4400.000000	1.52717e+08	4400.000000	1.45709e+08	4400.000000	3.09125e+08	4400.000000	3.64681e+08	4400.000000	4.70066e+08	
4600.000000	1.3144e+11	4600.000000	8.19855e+10	4600.000000	8.44907e+10	4600.000000	8.47299e+10	4600.000000	8.45129e+10	4600.000000	1.56942e+08	4600.000000	1.53552e+08	4600.000000	3.19742e+08	4600.000000	3.7844e+08	4600.000000	4.8847e+08	
4800.000000	1.36687e+11	4800.000000	8.54502e+10	4800.000000	8.83817e+10	4800.000000	8.86315e+10	4800.000000	8.84049e+10	4800.000000	1.6104e+08	4800.000000	1.61461e+08	4800.000000	3.30113e+08	4800.000000	3.91917e+08	4800.000000	5.06523e+08	
5000.000000	1.41831e+11	5000.000000	8.88697e+10	5000.000000	9.22591e+10	5000.000000	9.25194e+10	5000.000000	9.22831e+10	5000.000000	1.65018e+08	5000.000000	1.69436e+08	5000.000000	3.40251e+08	5000.000000	4.05124e+08	5000.000000	5.24239e+08	
5250.000000	1.48117e+11	5250.000000	9.30812e+10	5250.000000	9.70867e+10	5250.000000	9.736e+10 	5250.000000	9.71119e+10	5250.000000	1.69835e+08	5250.000000	1.79495e+08	5250.000000	3.52614e+08	5250.000000	4.21271e+08	5250.000000	5.45931e+08	
5500.000000	1.54248e+11	5500.000000	9.72242e+10	5500.000000	1.01894e+11	5500.000000	1.0218e+11	5500.000000	1.0192e+11	5500.000000	1.74492e+08	5500.000000	1.89653e+08	5500.000000	3.64653e+08	5500.000000	4.37035e+08	5500.000000	5.67143e+08	
6000.000000	1.6606e+11	6000.000000	1.05311e+11	6000.000000	1.11446e+11	6000.000000	1.11758e+11	6000.000000	1.11475e+11	6000.000000	1.83369e+08	6000.000000	2.10261e+08	6000.000000	3.87838e+08	6000.000000	4.67492e+08	6000.000000	6.08216e+08	
6500.000000	1.77302e+11	6500.000000	1.13141e+11	6500.000000	1.20921e+11	6500.000000	1.21257e+11	6500.000000	1.20952e+11	6500.000000	1.91733e+08	6500.000000	2.31246e+08	6500.000000	4.09941e+08	6500.000000	4.96637e+08	6500.000000	6.47628e+08	
7000.000000	1.88008e+11	7000.000000	1.20728e+11	7000.000000	1.30322e+11	7000.000000	1.30682e+11	7000.000000	1.30354e+11	7000.000000	1.99649e+08	7000.000000	2.52599e+08	7000.000000	4.3108e+08	7000.000000	5.24592e+08	7000.000000	6.85528e+08	
7500.000000	1.98212e+11	7500.000000	1.28084e+11	7500.000000	1.39652e+11	7500.000000	1.40036e+11	7500.000000	1.39686e+11	7500.000000	2.0717e+08	7500.000000	2.74308e+08	7500.000000	4.51352e+08	7500.000000	5.51464e+08	7500.000000	7.22046e+08	
8000.000000	2.07945e+11	8000.000000	1.35221e+11	8000.000000	1.48915e+11	8000.000000	1.49323e+11	8000.000000	1.48952e+11	8000.000000	2.14342e+08	8000.000000	2.96364e+08	8000.000000	4.70839e+08	8000.000000	5.77346e+08	8000.000000	7.57296e+08	
8500.000000	2.17237e+11	8500.000000	1.4215e+11	8500.000000	1.58114e+11	8500.000000	1.58546e+11	8500.000000	1.58153e+11	8500.000000	2.21202e+08	8500.000000	3.18757e+08	8500.000000	4.89612e+08	8500.000000	6.0232e+08	8500.000000	7.9138e+08	
9000.000000	2.26117e+11	9000.000000	1.48883e+11	9000.000000	1.67254e+11	9000.000000	1.67708e+11	9000.000000	1.67295e+11	9000.000000	2.27781e+08	9000.000000	3.41477e+08	9000.000000	5.07735e+08	9000.000000	6.26457e+08	9000.000000	8.24386e+08	
9500.000000	2.34611e+11	9500.000000	1.5543e+11	9500.000000	1.76336e+11	9500.000000	1.76812e+11	9500.000000	1.76379e+11	9500.000000	2.34105e+08	9500.000000	3.64517e+08	9500.000000	5.25261e+08	9500.000000	6.49822e+08	9500.000000	8.56395e+08	
10000.000000	2.42742e+11	10000.000000	1.61801e+11	10000.000000	1.85365e+11	10000.000000	1.85862e+11	10000.000000	1.85409e+11	10000.000000	2.40199e+08	10000.000000	3.87874e+08	10000.000000	5.42236e+08	10000.000000	6.7247e+08	10000.000000	8.87476e+08	
11000.000000	2.58006e+11	11000.000000	1.74047e+11	11000.000000	2.03268e+11	11000.000000	2.03808e+11	11000.000000	2.03316e+11	11000.000000	2.51772e+08	11000.000000	4.35504e+08	11000.000000	5.74697e+08	11000.000000	7.15814e+08	11000.000000	9.47105e+08	
12000.000000	2.72068e+11	12000.000000	1.85687e+11	12000.000000	2.20983e+11	12000.000000	2.21565e+11	12000.000000	2.21034e+11	12000.000000	2.62629e+08	12000.000000	4.84255e+08	12000.000000	6.05399e+08	12000.000000	7.56833e+08	12000.000000	1.00371e+09	
13000.000000	2.85065e+11	13000.000000	1.96778e+11	13000.000000	2.38525e+11	13000.000000	2.39147e+11	13000.000000	2.3858e+11	13000.000000	2.72873e+08	13000.000000	5.34063e+08	13000.000000	6.34565e+08	13000.000000	7.95808e+08	13000.000000	1.05764e+09	
14000.000000	2.97115e+11	14000.000000	2.07369e+11	14000.000000	2.55908e+11	14000.000000	2.5657e+11	14000.000000	2.55966e+11	14000.000000	2.82586e+08	14000.000000	5.8494e+08	14000.000000	6.62378e+08	14000.000000	8.32969e+08	14000.000000	1.1092e+09	
15000.000000	3.08317e+11	15000.000000	2.17504e+11	15000.000000	2.73146e+11	15000.000000	2.73845e+11	15000.000000	2.73207e+11	15000.000000	2.91832e+08	15000.000000	6.36903e+08	15000.000000	6.88985e+08	15000.000000	8.6851e+08	15000.000000	1.15862e+09	
16000.000000	3.1876e+11	16000.000000	2.2722e+11	16000.000000	2.90249e+11	16000.000000	2.90983e+11	16000.000000	2.90311e+11	16000.000000	3.00665e+08	16000.000000	6.89919e+08	16000.000000	7.14514e+08	16000.000000	9.02591e+08	16000.000000	1.20613e+09	
17000.000000	3.28518e+11	17000.000000	2.36552e+11	17000.000000	3.07225e+11	17000.000000	3.07994e+11	17000.000000	3.07289e+11	17000.000000	3.09129e+08	17000.000000	7.43915e+08	17000.000000	7.39069e+08	17000.000000	9.35351e+08	17000.000000	1.25189e+09	
18000.000000	3.37658e+11	18000.000000	2.45529e+11	18000.000000	3.24083e+11	18000.000000	3.24886e+11	18000.000000	3.24149e+11	18000.000000	3.17263e+08	18000.000000	7.98819e+08	18000.000000	7.62739e+08	18000.000000	9.6691e+08	18000.000000	1.29607e+09	
19000.000000	3.46236e+11	19000.000000	2.54178e+11	19000.000000	3.40829e+11	19000.000000	3.41667e+11	19000.000000	3.40898e+11	19000.000000	3.25096e+08	19000.000000	8.54562e+08	19000.000000	7.85603e+08	19000.000000	9.97369e+08	19000.000000	1.33878e+09	
20000.000000	3.54303e+11	20000.000000	2.62521e+11	20000.000000	3.57472e+11	20000.000000	3.58342e+11	20000.000000	3.57543e+11	20000.000000	3.32658e+08	20000.000000	9.11089e+08	20000.000000	8.07727e+08	20000.000000	1.02682e+09	20000.000000	1.38016e+09	
21000.000000	3.61904e+11	21000.000000	2.70581e+11	21000.000000	3.74015e+11	21000.000000	3.74918e+11	21000.000000	3.7409e+11	21000.000000	3.39971e+08	21000.000000	9.68368e+08	21000.000000	8.2917e+08	21000.000000	1.05534e+09	21000.000000	1.4203e+09	
22000.000000	3.69079e+11	22000.000000	2.78377e+11	22000.000000	3.90465e+11	22000.000000	3.914e+11 	22000.000000	3.90544e+11	22000.000000	3.47055e+08	22000.000000	1.02646e+09	22000.000000	8.49984e+08	22000.000000	1.083e+09 	22000.000000	1.45929e+09	
23000.000000	3.75862e+11	23000.000000	2.85926e+11	23000.000000	4.06828e+11	23000.000000	4.07794e+11	23000.000000	4.0691e+11	23000.000000	3.53928e+08	23000.000000	1.08536e+09	23000.000000	8.70213e+08	23000.000000	1.10985e+09	23000.000000	1.49722e+09	
24000.000000	3.82285e+11	24000.000000	2.93242e+11	24000.000000	4.23108e+11	24000.000000	4.24104e+11	24000.000000	4.23193e+11	24000.000000	3.60607e+08	24000.000000	1.14501e+09	24000.000000	8.89898e+08	24000.000000	1.13596e+09	24000.000000	1.53415e+09	
25000.000000	3.88375e+11	25000.000000	3.00341e+11	25000.000000	4.39308e+11	25000.000000	4.40333e+11	25000.000000	4.39396e+11	25000.000000	3.67105e+08	25000.000000	1.20537e+09	25000.000000	9.09075e+08	25000.000000	1.16138e+09	25000.000000	1.57015e+09	
26000.000000	3.94158e+11	26000.000000	3.07236e+11	26000.000000	4.55432e+11	26000.000000	4.56486e+11	26000.000000	4.55524e+11	26000.000000	3.73434e+08	26000.000000	1.26645e+09	26000.000000	9.27777e+08	26000.000000	1.18614e+09	26000.000000	1.60527e+09	
27000.000000	3.99656e+11	27000.000000	3.13937e+11	27000.000000	4.71485e+11	27000.000000	4.72566e+11	27000.000000	4.71579e+11	27000.000000	3.79606e+08	27000.000000	1.32822e+09	27000.000000	9.46033e+08	27000.000000	1.21029e+09	27000.000000	1.63958e+09	
28000.000000	4.04891e+11	28000.000000	3.20456e+11	28000.000000	4.87469e+11	28000.000000	4.88576e+11	28000.000000	4.87565e+11	28000.000000	3.8563e+08	28000.000000	1.39069e+09	28000.000000	9.63868e+08	28000.000000	1.23386e+09	28000.000000	1.67311e+09	
29000.000000	4.0988e+11	29000.000000	3.26803e+11	29000.000000	5.03386e+11	29000.000000	5.04519e+11	29000.000000	5.03486e+11	29000.000000	3.91516e+08	29000.000000	1.45384e+09	29000.000000	9.81307e+08	29000.000000	1.25689e+09	29000.000000	1.70591e+09	
30000.000000	4.14639e+11	30000.000000	3.32987e+11	30000.000000	5.19241e+11	30000.000000	5.20398e+11	30000.000000	5.19342e+11	30000.000000	3.97272e+08	30000.000000	1.51767e+09	30000.000000	9.98373e+08	30000.000000	1.27941e+09	30000.000000	1.73802e+09	
32000.000000	4.23532e+11	32000.000000	3.44899e+11	32000.000000	5.50769e+11	32000.000000	5.51972e+11	32000.000000	5.50876e+11	32000.000000	4.08422e+08	32000.000000	1.6473e+09	32000.000000	1.03146e+09	32000.000000	1.32301e+09	32000.000000	1.80031e+09	
34000.000000	4.31677e+11	34000.000000	3.56251e+11	34000.000000	5.82071e+11	34000.000000	5.83318e+11	34000.000000	5.82184e+11	34000.000000	4.19132e+08	34000.000000	1.77938e+09	34000.000000	1.06327e+09	34000.000000	1.36486e+09	34000.000000	1.86023e+09	
36000.000000	4.39162e+11	36000.000000	3.67094e+11	36000.000000	6.13164e+11	36000.000000	6.14451e+11	36000.000000	6.13282e+11	36000.000000	4.29446e+08	36000.000000	1.91374e+09	36000.000000	1.09391e+09	36000.000000	1.40512e+09	36000.000000	1.91801e+09	
38000.000000	4.46065e+11	38000.000000	3.77475e+11	38000.000000	6.44062e+11	38000.000000	6.45386e+11	38000.000000	6.44185e+11	38000.000000	4.39402e+08	38000.000000	2.05029e+09	38000.000000	1.12351e+09	38000.000000	1.44393e+09	38000.000000	1.97383e+09	
40000.000000	4.52448e+11	40000.000000	3.87431e+11	40000.000000	6.74777e+11	40000.000000	6.76133e+11	40000.000000	6.74905e+11	40000.000000	4.4903e+08	40000.000000	2.18899e+09	40000.000000	1.15213e+09	40000.000000	1.48142e+09	40000.000000	2.02785e+09	
42000.000000	4.58369e+11	42000.000000	3.96997e+11	42000.000000	7.0532e+11	42000.000000	7.06706e+11	42000.000000	7.05454e+11	42000.000000	4.58359e+08	42000.000000	2.32975e+09	42000.000000	1.17986e+09	42000.000000	1.51769e+09	42000.000000	2.08022e+09	
44000.000000	4.63874e+11	44000.000000	4.06203e+11	44000.000000	7.357e+11 	44000.000000	7.37112e+11	44000.000000	7.3584e+11	44000.000000	4.67412e+08	44000.000000	2.47251e+09	44000.000000	1.20677e+09	44000.000000	1.55283e+09	44000.000000	2.13105e+09	
46000.000000	4.69004e+11	46000.000000	4.15076e+11	46000.000000	7.65928e+11	46000.000000	7.67363e+11	46000.000000	7.66074e+11	46000.000000	4.76211e+08	46000.000000	2.61718e+09	46000.000000	1.23292e+09	46000.000000	1.58693e+09	46000.000000	2.18046e+09	
48000.000000	4.73796e+11	48000.000000	4.2364e+11	48000.000000	7.9601e+11	48000.000000	7.97465e+11	48000.000000	7.96163e+11	48000.000000	4.84775e+08	48000.000000	2.76369e+09	48000.000000	1.25835e+09	48000.000000	1.62006e+09	48000.000000	2.22855e+09	
50000.000000	4.78281e+11	50000.000000	4.31916e+11	50000.000000	8.25955e+11	50000.000000	8.27426e+11	50000.000000	8.26115e+11	50000.000000	4.93119e+08	50000.000000	2.91196e+09	50000.000000	1.28312e+09	50000.000000	1.65229e+09	50000.000000	2.2754e+09	
