! 10Li range in Si
! apply ZOOM for details
Energy (MeV/u)1	0 - [He-base] F.Hubert et al, AD&ND Tables 46(1990)1	Energy (MeV/u)2	1 - [H -base] J.F.Ziegler et al,Pergamon Press,NY(low energy)	Energy (MeV/u)3	2 - ATIMA 1.2 LS-theory (recommended for high energy)	Energy (MeV/u)4	3 - ATIMA 1.2 without LS-correction	Energy (MeV/u)5	4 - ATIMA 1.4 H.Weick, improved mean charge formula for HI	Energy (MeV/u)6	5 - Range straggling - method [0] - LISE	Energy (MeV/u)7	6 - Range straggling - method [1] - Atima	Energy (MeV/u)8	7 - Lateral range - method [0] - LISE	Energy (MeV/u)9	8 - Lateral range - method [1] - Atima	Energy (MeV/u)10	9 - Lateral range - method [2] - PDG	
0.001000	0.124406  	0.001000	0.124406  	0.001000	0.0792645 	0.001000	0.0792645 	0.001000	0.0792966 	0.001000	0         	0.001000	0         	0.001000	0.00142383	0.001000	0.00223898	0.001000	0.00108637	
0.002000	0.254551  	0.002000	0.248813  	0.002000	0.158529  	0.002000	0.158529  	0.002000	0.158593  	0.002000	0.00893158	0.002000	0.00893158	0.002000	0.00416985	0.002000	0.00633494	0.002000	0.0033003 	
0.005000	0.581691  	0.005000	0.56153   	0.005000	0.363907  	0.005000	0.363907  	0.005000	0.364009  	0.005000	0.0106396 	0.005000	0.0106396 	0.005000	0.014993  	0.005000	0.0219756 	0.005000	0.0122678 	
0.008000	0.845213  	0.008000	0.813434  	0.008000	0.540779  	0.008000	0.540779  	0.008000	0.540896  	0.008000	0.0107127 	0.008000	0.0107127 	0.008000	0.0276205 	0.008000	0.0397919 	0.008000	0.0229281 	
0.010000	0.998215  	0.010000	0.95969   	0.010000	0.64858   	0.010000	0.64858   	0.010000	0.648704  	0.010000	0.0109697 	0.010000	0.0109697 	0.010000	0.0365644 	0.010000	0.0522633 	0.010000	0.0305438 	
0.015000	1.32817   	0.015000	1.2751    	0.015000	0.893667  	0.015000	0.893667  	0.015000	0.893801  	0.015000	0.0122886 	0.015000	0.0122886 	0.015000	0.0599601 	0.015000	0.0845375 	0.015000	0.0506142 	
0.020000	1.59586   	0.020000	1.53098   	0.020000	1.10507   	0.020000	1.10507   	0.020000	1.1052    	0.020000	0.0138468 	0.020000	0.0138468 	0.020000	0.0831097 	0.020000	0.116222  	0.020000	0.0705791 	
0.025000	1.81872   	0.025000	1.74402   	0.025000	1.28897   	0.025000	1.28897   	0.025000	1.28911   	0.025000	0.0152405 	0.025000	0.0152405 	0.025000	0.105242  	0.025000	0.146382  	0.025000	0.0897221 	
0.030000	2.01106   	0.030000	1.92788   	0.030000	1.45341   	0.030000	1.45341   	0.030000	1.45355   	0.030000	0.0164473 	0.030000	0.0164473 	0.030000	0.126517  	0.030000	0.17519   	0.030000	0.108171  	
0.035000	2.18197   	0.035000	2.09126   	0.035000	1.60401   	0.035000	1.60401   	0.035000	1.60416   	0.035000	0.0175083 	0.035000	0.0175083 	0.035000	0.146363  	0.035000	0.201114  	0.035000	0.125421  	
0.040000	2.33714   	0.040000	2.23959   	0.040000	1.74388   	0.040000	1.74388   	0.040000	1.74402   	0.040000	0.0184494 	0.040000	0.0184494 	0.040000	0.162171  	0.040000	0.220974  	0.040000	0.13919   	
0.045000	2.48037   	0.045000	2.3765    	0.045000	1.87524   	0.045000	1.87524   	0.045000	1.87539   	0.045000	0.0192949 	0.045000	0.0192949 	0.045000	0.175095  	0.045000	0.236863  	0.045000	0.150472  	
0.050000	2.61438   	0.050000	2.5046    	0.050000	1.99977   	0.050000	1.99977   	0.050000	1.99992   	0.050000	0.0200647 	0.050000	0.0200181 	0.050000	0.186137  	0.050000	0.250277  	0.050000	0.160129  	
0.055000	2.74118   	0.055000	2.62581   	0.055000	2.11874   	0.055000	2.11874   	0.055000	2.11889   	0.055000	0.0207745 	0.055000	0.0206503 	0.055000	0.195617  	0.055000	0.261745  	0.055000	0.168437  	
0.060000	2.86228   	0.060000	2.74157   	0.060000	2.23317   	0.060000	2.23317   	0.060000	2.23332   	0.060000	0.0214368 	0.060000	0.0212322 	0.060000	0.204074  	0.060000	0.271942  	0.060000	0.175863  	
0.070000	3.09184   	0.070000	2.96101   	0.070000	2.45142   	0.070000	2.45142   	0.070000	2.45156   	0.070000	0.0226555 	0.070000	0.0222882 	0.070000	0.218694  	0.070000	0.289528  	0.070000	0.188733  	
0.080000	3.30974   	0.080000	3.16931   	0.080000	2.65929   	0.080000	2.65929   	0.080000	2.65944   	0.080000	0.0237774 	0.080000	0.0232477 	0.080000	0.231213  	0.080000	0.304564  	0.080000	0.199791  	
0.090000	3.52023   	0.090000	3.37052   	0.090000	2.86005   	0.090000	2.86005   	0.090000	2.8602    	0.090000	0.0248392 	0.090000	0.0241484 	0.090000	0.242022  	0.090000	0.317578  	0.090000	0.209374  	
0.100000	3.72612   	0.100000	3.56732   	0.100000	3.05599   	0.100000	3.05599   	0.100000	3.05614   	0.100000	0.0258656 	0.100000	0.0250143 	0.100000	0.25192   	0.100000	0.329447  	0.100000	0.218173  	
0.120000	4.12852   	0.120000	3.95198   	0.120000	3.43961   	0.120000	3.43961   	0.120000	3.43976   	0.120000	0.027876  	0.120000	0.0267017 	0.120000	0.269496  	0.120000	0.350504  	0.120000	0.233868  	
0.140000	4.52413   	0.140000	4.33015   	0.140000	3.81887   	0.140000	3.81887   	0.140000	3.81902   	0.140000	0.0298943 	0.140000	0.0283894 	0.140000	0.285172  	0.140000	0.369171  	0.140000	0.24794   	
0.160000	4.9172    	0.160000	4.70589   	0.160000	4.1986    	0.160000	4.1986    	0.160000	4.19875   	0.160000	0.0319646 	0.160000	0.0301171 	0.160000	0.299555  	0.160000	0.386246  	0.160000	0.260916  	
0.180000	5.31061   	0.180000	5.08196   	0.180000	4.58154   	0.180000	4.58154   	0.180000	4.58169   	0.180000	0.0341082 	0.180000	0.031904  	0.180000	0.31324   	0.180000	0.402363  	0.180000	0.273309  	
0.200000	5.70528   	0.200000	5.45923   	0.200000	4.96924   	0.200000	4.96924   	0.200000	4.96939   	0.200000	0.036334  	0.200000	0.0337576 	0.200000	0.326302  	0.200000	0.417668  	0.200000	0.285183  	
0.250000	6.70125   	0.250000	6.41129   	0.250000	5.96372   	0.250000	5.96372   	0.250000	5.96388   	0.250000	0.042258  	0.250000	0.0386829 	0.250000	0.357516  	0.250000	0.453748  	0.250000	0.313703  	
0.300000	7.70042   	0.300000	7.36641   	0.300000	6.99424   	0.300000	6.99424   	0.300000	6.99439   	0.300000	0.0485986 	0.300000	0.0439372 	0.300000	0.387321  	0.300000	0.487632  	0.300000	0.341107  	
0.350000	8.70672   	0.350000	8.32835   	0.350000	8.05443   	0.350000	8.05443   	0.350000	8.05458   	0.350000	0.0551763 	0.350000	0.0493624 	0.350000	0.416084  	0.350000	0.519877  	0.350000	0.367677  	
0.400000	9.72762   	0.400000	9.30423   	0.400000	9.14547   	0.400000	9.14547   	0.400000	9.14562   	0.400000	0.0619842 	0.400000	0.0549449 	0.400000	0.444272  	0.400000	0.550984  	0.400000	0.393817  	
0.450000	10.7704   	0.450000	10.3011   	0.450000	10.2693   	0.450000	10.2693   	0.450000	10.2694   	0.450000	0.0690418 	0.450000	0.0606944 	0.450000	0.472108  	0.450000	0.581332  	0.450000	0.419721  	
0.500000	11.8393   	0.500000	11.3228   	0.500000	11.4264   	0.500000	11.4264   	0.500000	11.4265   	0.500000	0.0763467 	0.500000	0.0666045 	0.500000	0.499866  	0.500000	0.611174  	0.500000	0.445624  	
0.600000	14.0562   	0.600000	13.4419   	0.600000	13.8385   	0.600000	13.8385   	0.600000	13.8387   	0.600000	0.0916463 	0.600000	0.0788504 	0.600000	0.555113  	0.600000	0.66966   	0.600000	0.497378  	
0.700000	16.399    	0.700000	15.6815   	0.700000	16.379    	0.700000	16.379    	0.700000	16.3791   	0.700000	0.107818  	0.700000	0.0916107 	0.700000	0.610688  	0.700000	0.727639  	0.700000	0.549627  	
0.800000	18.8642   	0.800000	18.038    	0.800000	19.0455   	0.800000	19.0455   	0.800000	19.0457   	0.800000	0.124834  	0.800000	0.104854  	0.800000	0.666843  	0.800000	0.785878  	0.800000	0.602564  	
0.900000	21.4442   	0.900000	20.5043   	0.900000	21.8369   	0.900000	21.8369   	0.900000	21.837    	0.900000	0.142689  	0.900000	0.118568  	0.900000	0.723472  	0.900000	0.844485  	0.900000	0.65608   	
1.000000	24.1562   	1.000000	23.0966   	1.000000	24.7556   	1.000000	24.7556   	1.000000	24.7557   	1.000000	0.161452  	1.000000	0.132801  	1.000000	0.780126  	1.000000	0.903906  	1.000000	0.71066   	
1.250000	31.5647   	1.250000	30.1786   	1.250000	32.6179   	1.250000	32.6179   	1.250000	32.618    	1.250000	0.212546  	1.250000	0.171221  	1.250000	0.92405   	1.250000	1.05662   	1.250000	0.851704  	
1.500000	40.0316   	1.500000	38.2722   	1.500000	41.2654   	1.500000	41.2654   	1.500000	41.2655   	1.500000	0.269341  	1.500000	0.215356  	1.500000	1.07468   	1.500000	1.21601   	1.500000	1.00004   	
1.750000	49.617    	1.750000	47.435    	1.750000	50.6899   	1.750000	50.6899   	1.750000	50.69     	1.750000	0.331881  	1.750000	0.264284  	1.750000	1.21728   	1.750000	1.38269   	1.750000	1.12575   	
2.000000	60.2372   	2.000000	57.587    	2.000000	60.8905   	2.000000	60.8905   	2.000000	60.8906   	2.000000	0.400309  	2.000000	0.317325  	2.000000	1.3566    	2.000000	1.55679   	2.000000	1.2589    	
2.250000	71.8311   	2.250000	68.6696   	2.250000	71.8711   	2.250000	71.8711   	2.250000	71.8712   	2.250000	0.474821  	2.250000	0.374225  	2.250000	1.50562   	2.250000	1.7267    	2.250000	1.40131   	
2.500000	84.3543   	2.500000	80.6399   	2.500000	83.6354   	2.500000	83.6354   	2.500000	83.6355   	2.500000	0.55558   	2.500000	0.434882  	2.500000	1.66442   	2.500000	1.89123   	2.500000	1.55311   	
3.000000	111.165   	3.000000	107.123   	3.000000	109.52    	3.000000	109.52    	3.000000	109.52    	3.000000	0.736206  	3.000000	0.567238  	3.000000	2.01147   	3.000000	2.24813   	3.000000	1.88502   	
3.500000	141.178   	3.500000	136.862   	3.500000	138.537   	3.500000	138.537   	3.500000	138.537   	3.500000	0.942511  	3.500000	0.714027  	3.500000	2.39767   	3.500000	2.64142   	3.500000	2.2547    	
4.000000	174.331   	4.000000	169.746   	4.000000	170.658   	4.000000	170.658   	4.000000	170.658   	4.000000	1.17436   	4.000000	0.874816  	4.000000	2.82266   	4.000000	3.07025   	4.000000	2.66188   	
4.500000	210.565   	4.500000	205.696   	4.500000	205.84    	4.500000	205.84    	4.500000	205.84    	4.500000	1.43137   	4.500000	1.04905   	4.500000	3.2859    	4.500000	3.53367   	4.500000	3.10608   	
5.000000	249.829   	5.000000	244.643   	5.000000	244.037   	5.000000	244.037   	5.000000	244.037   	5.000000	1.71304   	5.000000	1.23618   	5.000000	3.78677   	5.000000	4.03075   	5.000000	3.58671   	
5.500000	292.075   	5.500000	286.529   	5.500000	285.197   	5.500000	285.197   	5.500000	285.197   	5.500000	2.01882   	5.500000	1.43576   	5.500000	4.32451   	5.500000	4.56051   	5.500000	4.10308   	
6.000000	337.26    	6.000000	331.298   	6.000000	329.271   	6.000000	329.271   	6.000000	329.271   	6.000000	2.34816   	6.000000	1.64732   	6.000000	4.8985    	6.000000	5.12214   	6.000000	4.65459   	
6.500000	385.344   	6.500000	378.902   	6.500000	376.209   	6.500000	376.209   	6.500000	376.209   	6.500000	2.70055   	6.500000	1.87048   	6.500000	5.50801   	6.500000	5.71476   	6.500000	5.24057   	
7.000000	436.292   	7.000000	429.292   	7.000000	425.967   	7.000000	425.967   	7.000000	425.967   	7.000000	3.07551   	7.000000	2.10486   	7.000000	6.15245   	7.000000	6.33765   	7.000000	5.86043   	
7.500000	490.068   	7.500000	482.426   	7.500000	478.5     	7.500000	478.5     	7.500000	478.5     	7.500000	3.4726    	7.500000	2.35015   	7.500000	6.83119   	7.500000	6.99007   	7.500000	6.5136    	
8.000000	546.642   	8.000000	538.264   	8.000000	533.767   	8.000000	533.767   	8.000000	533.767   	8.000000	3.89143   	8.000000	2.60606   	8.000000	7.54369   	8.000000	7.67141   	8.000000	7.19954   	
8.500000	605.984   	8.500000	596.769   	8.500000	591.732   	8.500000	591.732   	8.500000	591.731   	8.500000	4.33164   	8.500000	2.87226   	8.500000	8.28942   	8.500000	8.38105   	8.500000	7.91776   	
9.000000	668.064   	9.000000	657.904   	9.000000	652.358   	9.000000	652.358   	9.000000	652.357   	9.000000	4.79289   	9.000000	3.1485    	9.000000	9.0679    	9.000000	9.11846   	9.000000	8.6678    	
9.500000	732.858   	9.500000	721.639   	9.500000	715.612   	9.500000	715.612   	9.500000	715.612   	9.500000	5.27489   	9.500000	3.43459   	9.500000	9.87869   	9.500000	9.88313   	9.500000	9.44924   	
10.000000	800.339   	10.000000	787.932   	10.000000	781.465   	10.000000	781.465   	10.000000	781.465   	10.000000	5.77737   	10.000000	3.7304    	10.000000	10.7214   	10.000000	10.6746   	10.000000	10.2617   	
11.000000	943.27    	11.000000	927.538   	11.000000	920.976   	11.000000	920.963   	11.000000	920.976   	11.000000	6.8455    	11.000000	4.35225   	11.000000	12.5028   	11.000000	12.3379   	11.000000	11.9799   	
12.000000	1096.68   	12.000000	1077.18   	12.000000	1070.84   	12.000000	1070.78   	12.000000	1070.83   	12.000000	7.99838   	12.000000	5.01459   	12.000000	14.4118   	12.000000	14.1076   	12.000000	13.8223   	
13.000000	1260.4    	13.000000	1236.75   	13.000000	1230.9    	13.000000	1230.79   	13.000000	1230.9    	13.000000	9.23488   	13.000000	5.71634   	13.000000	16.4468   	13.000000	15.9815   	13.000000	15.7873   	
14.000000	1434.29   	14.000000	1406.15   	14.000000	1401.06   	14.000000	1400.87   	14.000000	1401.06   	14.000000	10.5542   	14.000000	6.4567    	14.000000	18.6064   	14.000000	17.958    	14.000000	17.8735   	
15.000000	1618.2    	15.000000	1585.26   	15.000000	1581.2    	15.000000	1580.93   	15.000000	1581.2    	15.000000	11.9558   	15.000000	7.23553   	15.000000	20.8894   	15.000000	20.0357   	15.000000	20.08     	
16.000000	1812      	16.000000	1774      	16.000000	1771.24   	16.000000	1770.87   	16.000000	1771.24   	16.000000	13.4391   	16.000000	8.05258   	16.000000	23.2951   	16.000000	22.2135   	16.000000	22.406    	
17.000000	2015.57   	17.000000	1972.27   	17.000000	1971.1    	17.000000	1970.62   	17.000000	1971.1    	17.000000	15.004    	17.000000	8.90725   	17.000000	25.8225   	17.000000	24.4903   	17.000000	24.8507   	
18.000000	2228.79   	18.000000	2179.99   	18.000000	2180.72   	18.000000	2180.13   	18.000000	2180.72   	18.000000	16.6502   	18.000000	9.79918   	18.000000	28.4712   	18.000000	26.8652   	18.000000	27.4136   	
19.000000	2451.55   	19.000000	2397.07   	19.000000	2400.03   	19.000000	2399.32   	19.000000	2400.03   	19.000000	18.3775   	19.000000	10.7283   	19.000000	31.2405   	19.000000	29.3375   	19.000000	30.0943   	
20.000000	2683.75   	20.000000	2623.42   	20.000000	2628.98   	20.000000	2628.16   	20.000000	2628.99   	20.000000	20.1859   	20.000000	11.6945   	20.000000	34.1299   	20.000000	31.9065   	20.000000	32.8923   	
21.000000	2925.29   	21.000000	2858.96   	21.000000	2867.53   	21.000000	2866.6    	21.000000	2867.55   	21.000000	22.0752   	21.000000	12.6976   	21.000000	37.1392   	21.000000	34.5716   	21.000000	35.8074   	
22.000000	3176.06   	22.000000	3103.63   	22.000000	3115.65   	22.000000	3114.59   	22.000000	3115.65   	22.000000	24.0456   	22.000000	13.7376   	22.000000	40.268    	22.000000	37.3323   	22.000000	38.8392   	
23.000000	3435.99   	23.000000	3357.34   	23.000000	3373.26   	23.000000	3372.1    	23.000000	3373.27   	23.000000	26.0969   	23.000000	14.8144   	23.000000	43.5159   	23.000000	40.1881   	23.000000	41.9877   	
24.000000	3704.97   	24.000000	3620.02   	24.000000	3640.35   	24.000000	3639.1    	24.000000	3640.37   	24.000000	28.2291   	24.000000	15.9279   	24.000000	46.8828   	24.000000	43.1386   	24.000000	45.2525   	
25.000000	3982.94   	25.000000	3891.6    	25.000000	3916.89   	25.000000	3915.55   	25.000000	3916.91   	25.000000	30.4423   	25.000000	17.0781   	25.000000	50.3684   	25.000000	46.1834   	25.000000	48.6336   	
27.000000	4565.47   	27.000000	4461.21   	27.000000	4498.19   	27.000000	4496.7    	27.000000	4498.2    	27.000000	35.1114   	27.000000	19.4884   	27.000000	57.695    	27.000000	52.5545   	27.000000	55.7442   	
29.000000	5182.98   	29.000000	5065.64   	29.000000	5116.92   	29.000000	5115.34   	29.000000	5116.91   	29.000000	40.1042   	29.000000	22.0447   	29.000000	65.4943   	29.000000	59.2989   	29.000000	63.3185   	
31.000000	5834.88   	31.000000	5704.39   	31.000000	5772.52   	31.000000	5770.92   	31.000000	5772.46   	31.000000	45.412    	31.000000	24.7405   	31.000000	73.7597   	31.000000	66.4099   	31.000000	71.3507   	
33.000000	6520.63   	33.000000	6376.99   	33.000000	6462.57   	33.000000	6461.02   	33.000000	6462.46   	33.000000	50.9846   	33.000000	27.5517   	33.000000	82.4554   	33.000000	73.8575   	33.000000	79.8067   	
35.000000	7239.72   	35.000000	7082.99   	35.000000	7186.24   	35.000000	7184.85   	35.000000	7186.07   	35.000000	56.8129   	35.000000	30.4734   	35.000000	91.57     	35.000000	81.6316   	35.000000	88.6762   	
38.000000	8379.81   	38.000000	8203.67   	38.000000	8333.78   	38.000000	8332.81   	38.000000	8333.54   	38.000000	66.0312   	38.000000	35.06     	38.000000	106.013   	38.000000	93.8918   	38.000000	102.743   	
41.000000	9592.29   	41.000000	9397.13   	41.000000	9554.48   	41.000000	9554.15   	41.000000	9554.19   	41.000000	75.8137   	41.000000	39.891    	41.000000	121.364   	41.000000	106.854   	41.000000	117.709   	
44.000000	10875.7   	44.000000	10662     	44.000000	10847     	44.000000	10847.5   	44.000000	10846.6   	44.000000	86.1513   	44.000000	44.9588   	44.000000	137.602   	44.000000	120.501   	44.000000	133.556   	
47.000000	12228.8   	47.000000	11997.2   	47.000000	12209.9   	47.000000	12211.6   	47.000000	12209.6   	47.000000	97.0343   	47.000000	50.2596   	47.000000	154.709   	47.000000	134.816   	47.000000	150.269   	
50.000000	13650.2   	50.000000	13401.3   	50.000000	13642.2   	50.000000	13645.2   	50.000000	13641.9   	50.000000	108.453   	50.000000	55.7891   	50.000000	172.668   	50.000000	149.785   	50.000000	167.833   	
55.000000	16167.9   	55.000000	15891.7   	55.000000	16180.4   	55.000000	16185.9   	55.000000	16180.1   	55.000000	128.645   	55.000000	65.502    	55.000000	204.448   	55.000000	176.15    	55.000000	198.959   	
60.000000	18867.1   	60.000000	18565.7   	60.000000	18902.9   	60.000000	18911.6   	60.000000	18902.6   	60.000000	150.249   	60.000000	75.8202   	60.000000	238.477   	60.000000	204.233   	60.000000	232.347   	
65.000000	21743     	65.000000	21418.4   	65.000000	21805.2   	65.000000	21817.5   	65.000000	21804.9   	65.000000	173.219   	65.000000	86.7163   	65.000000	274.687   	65.000000	233.981   	65.000000	267.94    	
70.000000	24791.2   	70.000000	24445.4   	70.000000	24882.7   	70.000000	24899.2   	70.000000	24882.4   	70.000000	197.51    	70.000000	98.1781   	70.000000	313.016   	70.000000	265.344   	70.000000	305.684   	
75.000000	28007.7   	75.000000	27642.5   	75.000000	28131.4   	75.000000	28152.7   	75.000000	28131.3   	75.000000	223.08    	75.000000	110.185   	75.000000	353.404   	75.000000	298.276   	75.000000	345.53    	
80.000000	31388.7   	80.000000	31005.6   	80.000000	31547.5   	80.000000	31574.1   	80.000000	31547.4   	80.000000	249.887   	80.000000	122.725   	80.000000	395.793   	80.000000	332.733   	80.000000	387.428   	
85.000000	34930.4   	85.000000	34531     	85.000000	35127.1   	85.000000	35159.5   	85.000000	35127.1   	85.000000	277.891   	85.000000	135.773   	85.000000	440.131   	85.000000	368.674   	85.000000	431.335   	
90.000000	38629.7   	90.000000	38215.1   	90.000000	38866.9   	90.000000	38905.5   	90.000000	38866.9   	90.000000	307.055   	90.000000	149.319   	90.000000	486.366   	90.000000	406.062   	90.000000	477.207   	
95.000000	42483.2   	95.000000	42054.2   	95.000000	42763.3   	95.000000	42808.7   	95.000000	42763.4   	95.000000	337.341   	95.000000	163.347   	95.000000	534.446   	95.000000	444.858   	95.000000	525       	
100.000000	46487.9   	100.000000	46045.1   	100.000000	46813.2   	100.000000	46865.8   	100.000000	46813.3   	100.000000	368.714   	100.000000	177.846   	100.000000	584.326   	100.000000	485.029   	100.000000	574.676   	
105.000000	50641     	105.000000	50184.6   	105.000000	51013.3   	105.000000	51073.7   	105.000000	51013.5   	105.000000	401.141   	105.000000	192.803   	105.000000	635.959   	105.000000	526.542   	105.000000	626.197   	
110.000000	54939.7   	110.000000	54469.6   	110.000000	55360.8   	110.000000	55429.4   	110.000000	55361     	110.000000	434.587   	110.000000	208.209   	110.000000	689.3     	110.000000	569.364   	110.000000	679.523   	
115.000000	59381.3   	115.000000	58897     	115.000000	59852.5   	115.000000	59930     	115.000000	59853     	115.000000	469.021   	115.000000	224.047   	115.000000	744.308   	115.000000	613.465   	115.000000	734.621   	
120.000000	63963.4   	120.000000	63464     	120.000000	64486.1   	120.000000	64572.6   	120.000000	64486.5   	120.000000	504.413   	120.000000	240.298   	120.000000	800.94    	120.000000	658.817   	120.000000	791.455   	
125.000000	68683.6   	125.000000	68167.9   	125.000000	69258.3   	125.000000	69354.6   	125.000000	69258.9   	125.000000	540.732   	125.000000	256.964   	125.000000	859.158   	125.000000	705.389   	125.000000	849.991   	
130.000000	73539.4   	130.000000	73005.9   	130.000000	74166.7   	130.000000	74273.3   	130.000000	74167.5   	130.000000	577.951   	130.000000	274.027   	130.000000	918.921   	130.000000	753.157   	130.000000	910.196   	
135.000000	78528.8   	135.000000	77975.5   	135.000000	79209.3   	135.000000	79326.3   	135.000000	79210     	135.000000	616.041   	135.000000	291.472   	135.000000	980.193   	135.000000	802.093   	135.000000	972.039   	
140.000000	83649.6   	140.000000	83074.1   	140.000000	84383.2   	140.000000	84510.9   	140.000000	84383.6   	140.000000	654.975   	140.000000	309.292   	140.000000	1042.94   	140.000000	852.172   	140.000000	1035.49   	
145.000000	88899.8   	145.000000	88299.3   	145.000000	89685.8   	145.000000	89825     	145.000000	89686.2   	145.000000	694.728   	145.000000	327.477   	145.000000	1107.12   	145.000000	903.37    	145.000000	1100.52   	
150.000000	94277.2   	150.000000	93648.7   	150.000000	95115     	150.000000	95266     	150.000000	95115.3   	150.000000	735.275   	150.000000	346.021   	150.000000	1172.7    	150.000000	955.663   	150.000000	1167.09   	
155.000000	99855.8   	155.000000	99120.2   	155.000000	100669    	155.000000	100832    	155.000000	100669    	155.000000	776.59    	155.000000	364.915   	155.000000	1239.66   	155.000000	1009.03   	155.000000	1235.18   	
160.000000	105555    	160.000000	104711    	160.000000	106344    	160.000000	106520    	160.000000	106344    	160.000000	818.651   	160.000000	384.151   	160.000000	1307.95   	160.000000	1063.44   	160.000000	1304.77   	
165.000000	111371    	165.000000	110420    	165.000000	112139    	165.000000	112329    	165.000000	112140    	165.000000	861.434   	165.000000	403.723   	165.000000	1377.54   	165.000000	1118.89   	165.000000	1375.82   	
170.000000	117301    	170.000000	116244    	170.000000	118053    	170.000000	118256    	170.000000	118053    	170.000000	904.917   	170.000000	423.622   	170.000000	1448.41   	170.000000	1175.34   	170.000000	1448.3    	
175.000000	123344    	175.000000	122182    	175.000000	124082    	175.000000	124299    	175.000000	124083    	175.000000	949.079   	175.000000	443.842   	175.000000	1520.53   	175.000000	1232.77   	175.000000	1522.2    	
180.000000	129496    	180.000000	128231    	180.000000	130225    	180.000000	130457    	180.000000	130226    	180.000000	993.899   	180.000000	464.379   	180.000000	1593.86   	180.000000	1291.18   	180.000000	1597.49   	
185.000000	135758    	185.000000	134390    	185.000000	136480    	185.000000	136727    	185.000000	136481    	185.000000	1039.36   	185.000000	485.222   	185.000000	1668.38   	185.000000	1350.53   	185.000000	1674.13   	
190.000000	142125    	190.000000	140656    	190.000000	142845    	190.000000	143107    	190.000000	142846    	190.000000	1085.43   	190.000000	506.357   	190.000000	1744.06   	190.000000	1410.81   	190.000000	1752.12   	
195.000000	148598    	195.000000	147028    	195.000000	149319    	195.000000	149596    	195.000000	149319    	195.000000	1132.11   	195.000000	527.773   	195.000000	1820.88   	195.000000	1472      	195.000000	1831.42   	
200.000000	155174    	200.000000	153504    	200.000000	155899    	200.000000	156192    	200.000000	155899    	200.000000	1179.36   	200.000000	549.478   	200.000000	1898.8    	200.000000	1534.09   	200.000000	1912.01   	
210.000000	168629    	210.000000	166761    	210.000000	169371    	210.000000	169698    	210.000000	169371    	210.000000	1275.54   	210.000000	593.723   	210.000000	2057.86   	210.000000	1660.87   	210.000000	2076.98   	
220.000000	182478    	220.000000	180414    	220.000000	183248    	220.000000	183610    	220.000000	183249    	220.000000	1373.83   	220.000000	639.007   	220.000000	2221.05   	220.000000	1791.01   	220.000000	2246.84   	
230.000000	196707    	230.000000	194450    	230.000000	197517    	230.000000	197916    	230.000000	197518    	230.000000	1474.09   	230.000000	685.287   	230.000000	2388.19   	230.000000	1924.4    	230.000000	2421.44   	
240.000000	211307    	240.000000	208856    	240.000000	212167    	240.000000	212604    	240.000000	212168    	240.000000	1576.22   	240.000000	732.549   	240.000000	2559.1    	240.000000	2060.91   	240.000000	2600.62   	
250.000000	226266    	250.000000	223622    	250.000000	227186    	250.000000	227661    	250.000000	227186    	250.000000	1680.09   	250.000000	780.772   	250.000000	2733.6    	250.000000	2200.42   	250.000000	2784.21   	
260.000000	241573    	260.000000	238735    	260.000000	242560    	260.000000	243077    	260.000000	242560    	260.000000	1785.59   	260.000000	829.842   	260.000000	2911.54   	260.000000	2342.82   	260.000000	2972.08   	
270.000000	257218    	270.000000	254186    	270.000000	258280    	270.000000	258839    	270.000000	258280    	270.000000	1892.62   	270.000000	879.763   	270.000000	3092.76   	270.000000	2488.01   	270.000000	3164.07   	
280.000000	273192    	280.000000	269964    	280.000000	274336    	280.000000	274938    	280.000000	274336    	280.000000	2001.07   	280.000000	930.518   	280.000000	3277.1    	280.000000	2635.88   	280.000000	3360.06   	
290.000000	289485    	290.000000	286059    	290.000000	290716    	290.000000	291364    	290.000000	290717    	290.000000	2110.87   	290.000000	982.076   	290.000000	3464.45   	290.000000	2786.33   	290.000000	3559.9    	
300.000000	306089    	300.000000	302462    	300.000000	307412    	300.000000	308107    	300.000000	307414    	300.000000	2221.91   	300.000000	1034.4    	300.000000	3654.64   	300.000000	2939.28   	300.000000	3763.48   	
310.000000	322996    	310.000000	319164    	310.000000	324416    	310.000000	325158    	310.000000	324416    	310.000000	2334.11   	310.000000	1087.42   	310.000000	3847.57   	310.000000	3094.63   	310.000000	3970.66   	
320.000000	340196    	320.000000	336156    	320.000000	341716    	320.000000	342507    	320.000000	341717    	320.000000	2447.4    	320.000000	1141.15   	320.000000	4043.1    	320.000000	3252.29   	320.000000	4181.34   	
330.000000	357683    	330.000000	353430    	330.000000	359305    	330.000000	360145    	330.000000	359306    	330.000000	2561.69   	330.000000	1195.57   	330.000000	4241.12   	330.000000	3412.19   	330.000000	4395.39   	
340.000000	375448    	340.000000	370978    	340.000000	377174    	340.000000	378066    	340.000000	377175    	340.000000	2676.93   	340.000000	1250.62   	340.000000	4441.51   	340.000000	3574.24   	340.000000	4612.71   	
350.000000	393484    	350.000000	388793    	350.000000	395316    	350.000000	396260    	350.000000	395317    	350.000000	2793.04   	350.000000	1306.28   	350.000000	4644.16   	350.000000	3738.37   	350.000000	4833.19   	
360.000000	411785    	360.000000	406866    	360.000000	413724    	360.000000	414720    	360.000000	413723    	360.000000	2909.95   	360.000000	1362.53   	360.000000	4848.98   	360.000000	3904.49   	360.000000	5056.73   	
370.000000	430344    	370.000000	425191    	370.000000	432388    	370.000000	433439    	370.000000	432387    	370.000000	3027.61   	370.000000	1419.39   	370.000000	5055.86   	370.000000	4072.55   	370.000000	5283.22   	
380.000000	449154    	380.000000	443761    	380.000000	451302    	380.000000	452408    	380.000000	451301    	380.000000	3145.95   	380.000000	1476.84   	380.000000	5264.71   	380.000000	4242.47   	380.000000	5512.58   	
390.000000	468208    	390.000000	462570    	390.000000	470459    	390.000000	471622    	390.000000	470458    	390.000000	3264.93   	390.000000	1534.82   	390.000000	5475.44   	390.000000	4414.19   	390.000000	5744.71   	
400.000000	487501    	400.000000	481610    	400.000000	489853    	400.000000	491073    	400.000000	489852    	400.000000	3384.5    	400.000000	1593.33   	400.000000	5687.95   	400.000000	4587.64   	400.000000	5979.52   	
410.000000	507027    	410.000000	500875    	410.000000	509476    	410.000000	510755    	410.000000	509476    	410.000000	3504.59   	410.000000	1652.33   	410.000000	5902.17   	410.000000	4762.76   	410.000000	6216.92   	
420.000000	526779    	420.000000	520361    	420.000000	529323    	420.000000	530662    	420.000000	529323    	420.000000	3625.17   	420.000000	1711.81   	420.000000	6118.02   	420.000000	4939.5    	420.000000	6456.84   	
430.000000	546754    	430.000000	540060    	430.000000	549387    	430.000000	550788    	430.000000	549388    	430.000000	3746.19   	430.000000	1771.71   	430.000000	6335.41   	430.000000	5117.79   	430.000000	6699.18   	
440.000000	566944    	440.000000	559968    	440.000000	569665    	440.000000	571126    	440.000000	569665    	440.000000	3867.61   	440.000000	1832.05   	440.000000	6554.28   	440.000000	5297.58   	440.000000	6943.87   	
450.000000	587345    	450.000000	580078    	450.000000	590148    	450.000000	591672    	450.000000	590148    	450.000000	3989.39   	450.000000	1892.83   	450.000000	6774.55   	450.000000	5478.81   	450.000000	7190.84   	
460.000000	607952    	460.000000	600386    	460.000000	610833    	460.000000	612419    	460.000000	610832    	460.000000	4111.49   	460.000000	1954.05   	460.000000	6996.15   	460.000000	5661.44   	460.000000	7440.01   	
470.000000	628759    	470.000000	620887    	470.000000	631713    	470.000000	633363    	470.000000	631712    	470.000000	4233.87   	470.000000	2015.71   	470.000000	7219.02   	470.000000	5845.42   	470.000000	7691.31   	
480.000000	649763    	480.000000	641575    	480.000000	652782    	480.000000	654497    	480.000000	652781    	480.000000	4356.51   	480.000000	2077.76   	480.000000	7443.1    	480.000000	6030.69   	480.000000	7944.67   	
490.000000	670958    	490.000000	662447    	490.000000	674036    	490.000000	675818    	490.000000	674036    	490.000000	4479.36   	490.000000	2140.19   	490.000000	7668.32   	490.000000	6217.22   	490.000000	8200.03   	
500.000000	692341    	500.000000	683497    	500.000000	695471    	500.000000	697320    	500.000000	695472    	500.000000	4602.4    	500.000000	2202.96   	500.000000	7894.63   	500.000000	6404.95   	500.000000	8457.31   	
520.000000	735649    	520.000000	726114    	520.000000	738867    	520.000000	740850    	520.000000	738866    	520.000000	4848.93   	520.000000	2329.58   	520.000000	8350.3    	520.000000	6783.86   	520.000000	8977.43   	
540.000000	779654    	540.000000	769392    	540.000000	782932    	540.000000	785051    	540.000000	782929    	540.000000	5095.87   	540.000000	2457.63   	540.000000	8809.66   	540.000000	7167.1    	540.000000	9504.54   	
560.000000	824324    	560.000000	813301    	560.000000	827629    	560.000000	829890    	560.000000	827626    	560.000000	5343.02   	560.000000	2586.91   	560.000000	9272.34   	560.000000	7554.35   	560.000000	10038.2   	
580.000000	869629    	580.000000	857808    	580.000000	872930    	580.000000	875334    	580.000000	872927    	580.000000	5590.22   	580.000000	2717.43   	580.000000	9737.98   	580.000000	7945.32   	580.000000	10578     	
600.000000	915541    	600.000000	902886    	600.000000	918805    	600.000000	921355    	600.000000	918802    	600.000000	5837.31   	600.000000	2849.18   	600.000000	10206.2   	600.000000	8339.75   	600.000000	11123.5   	
620.000000	962033    	620.000000	948508    	620.000000	965224    	620.000000	967925    	620.000000	965222    	620.000000	6084.12   	620.000000	2981.99   	620.000000	10676.8   	620.000000	8737.38   	620.000000	11674.3   	
640.000000	1.00908e+06	640.000000	994649    	640.000000	1.01216e+06	640.000000	1.01502e+06	640.000000	1.01216e+06	640.000000	6330.55   	640.000000	3115.79   	640.000000	11149.4   	640.000000	9137.97   	640.000000	12230.1   	
660.000000	1.05665e+06	660.000000	1.04128e+06	660.000000	1.0596e+06	660.000000	1.0626e+06	660.000000	1.0596e+06	660.000000	6576.48   	660.000000	3250.56   	660.000000	11623.8   	660.000000	9541.3    	660.000000	12790.7   	
680.000000	1.10473e+06	680.000000	1.08839e+06	680.000000	1.1075e+06	680.000000	1.11067e+06	680.000000	1.1075e+06	680.000000	6821.79   	680.000000	3386.24   	680.000000	12099.7   	680.000000	9947.16   	680.000000	13355.5   	
700.000000	1.15329e+06	700.000000	1.13594e+06	700.000000	1.15586e+06	700.000000	1.15918e+06	700.000000	1.15586e+06	700.000000	7066.39   	700.000000	3522.81   	700.000000	12576.8   	700.000000	10355.3   	700.000000	13924.4   	
720.000000	1.20232e+06	720.000000	1.18393e+06	720.000000	1.20464e+06	720.000000	1.20812e+06	720.000000	1.20464e+06	720.000000	7310.21   	720.000000	3660.23   	720.000000	13055.1   	720.000000	10765.7   	720.000000	14497.1   	
740.000000	1.25178e+06	740.000000	1.23232e+06	740.000000	1.25384e+06	740.000000	1.25748e+06	740.000000	1.25384e+06	740.000000	7553.16   	740.000000	3798.46   	740.000000	13534.2   	740.000000	11178     	740.000000	15073.3   	
760.000000	1.30167e+06	760.000000	1.2811e+06	760.000000	1.30342e+06	760.000000	1.30722e+06	760.000000	1.30342e+06	760.000000	7795.19   	760.000000	3937.41   	760.000000	14014     	760.000000	11592.1   	760.000000	15652.7   	
780.000000	1.35196e+06	780.000000	1.33026e+06	780.000000	1.35337e+06	780.000000	1.35734e+06	780.000000	1.35337e+06	780.000000	8036.22   	780.000000	4077.01   	780.000000	14494.4   	780.000000	12007.8   	780.000000	16235.2   	
800.000000	1.40263e+06	800.000000	1.37977e+06	800.000000	1.40368e+06	800.000000	1.40782e+06	800.000000	1.40368e+06	800.000000	8276.21   	800.000000	4217.25   	800.000000	14975.1   	800.000000	12425.1   	800.000000	16820.5   	
820.000000	1.45368e+06	820.000000	1.42962e+06	820.000000	1.45433e+06	820.000000	1.45863e+06	820.000000	1.45433e+06	820.000000	8515.11   	820.000000	4358.18   	820.000000	15456.1   	820.000000	12843.7   	820.000000	17408.4   	
840.000000	1.50507e+06	840.000000	1.4798e+06	840.000000	1.5053e+06	840.000000	1.50977e+06	840.000000	1.5053e+06	840.000000	8752.79   	840.000000	4499.75   	840.000000	15937.1   	840.000000	13263.5   	840.000000	17998.6   	
860.000000	1.55681e+06	860.000000	1.53029e+06	860.000000	1.55657e+06	860.000000	1.56121e+06	860.000000	1.55657e+06	860.000000	8989.17   	860.000000	4641.91   	860.000000	16418     	860.000000	13684.3   	860.000000	18590.8   	
880.000000	1.60886e+06	880.000000	1.58107e+06	880.000000	1.60812e+06	880.000000	1.61293e+06	880.000000	1.60812e+06	880.000000	9224.25   	880.000000	4784.64   	880.000000	16898.6   	880.000000	14106     	880.000000	19185     	
900.000000	1.66122e+06	900.000000	1.63213e+06	900.000000	1.65995e+06	900.000000	1.66493e+06	900.000000	1.65995e+06	900.000000	9457.98   	900.000000	4927.89   	900.000000	17378.8   	900.000000	14528.5   	900.000000	19780.9   	
920.000000	1.71387e+06	920.000000	1.68347e+06	920.000000	1.71204e+06	920.000000	1.7172e+06	920.000000	1.71204e+06	920.000000	9690.37   	920.000000	5071.61   	920.000000	17858.6   	920.000000	14951.7   	920.000000	20378.4   	
940.000000	1.7668e+06	940.000000	1.73506e+06	940.000000	1.76438e+06	940.000000	1.76971e+06	940.000000	1.76438e+06	940.000000	9921.39   	940.000000	5215.78   	940.000000	18337.9   	940.000000	15375.5   	940.000000	20977.3   	
960.000000	1.82e+06  	960.000000	1.7869e+06	960.000000	1.81696e+06	960.000000	1.82247e+06	960.000000	1.81696e+06	960.000000	10151     	960.000000	5360.36   	960.000000	18816.6   	960.000000	15799.9   	960.000000	21577.5   	
980.000000	1.87345e+06	980.000000	1.83897e+06	980.000000	1.86977e+06	980.000000	1.87545e+06	980.000000	1.86977e+06	980.000000	10379.3   	980.000000	5505.35   	980.000000	19294.5   	980.000000	16224.7   	980.000000	22178.9   	
1000.000000	1.92714e+06	1000.000000	1.89127e+06	1000.000000	1.9228e+06	1000.000000	1.92866e+06	1000.000000	1.9228e+06	1000.000000	10606.1   	1000.000000	5650.72   	1000.000000	19771.7   	1000.000000	16649.8   	1000.000000	22781.3   	
1020.000000	1.98107e+06	1020.000000	1.94378e+06	1020.000000	1.97604e+06	1020.000000	1.98208e+06	1020.000000	1.97603e+06	1020.000000	10831.6   	1020.000000	5796.5    	1020.000000	20248     	1020.000000	17075.2   	1020.000000	23384.6   	
1040.000000	2.03521e+06	1040.000000	1.99649e+06	1040.000000	2.02948e+06	1040.000000	2.03569e+06	1040.000000	2.02947e+06	1040.000000	11055.7   	1040.000000	5942.7    	1040.000000	20723.4   	1040.000000	17500.8   	1040.000000	23988.7   	
1060.000000	2.08956e+06	1060.000000	2.0494e+06	1060.000000	2.08311e+06	1060.000000	2.0895e+06	1060.000000	2.0831e+06	1060.000000	11278.3   	1060.000000	6089.32   	1060.000000	21197.9   	1060.000000	17926.5   	1060.000000	24593.5   	
1080.000000	2.14411e+06	1080.000000	2.1025e+06	1080.000000	2.13692e+06	1080.000000	2.1435e+06	1080.000000	2.13691e+06	1080.000000	11499.6   	1080.000000	6236.39   	1080.000000	21671.4   	1080.000000	18352.3   	1080.000000	25198.8   	
1100.000000	2.19885e+06	1100.000000	2.15577e+06	1100.000000	2.19091e+06	1100.000000	2.19767e+06	1100.000000	2.1909e+06	1100.000000	11719.4   	1100.000000	6383.89   	1100.000000	22143.8   	1100.000000	18778.1   	1100.000000	25804.7   	
1120.000000	2.25377e+06	1120.000000	2.20921e+06	1120.000000	2.24506e+06	1120.000000	2.252e+06 	1120.000000	2.24506e+06	1120.000000	11937.9   	1120.000000	6531.78   	1120.000000	22615.1   	1120.000000	19203.9   	1120.000000	26411     	
1140.000000	2.30886e+06	1140.000000	2.26282e+06	1140.000000	2.29938e+06	1140.000000	2.3065e+06	1140.000000	2.29937e+06	1140.000000	12154.9   	1140.000000	6680.05   	1140.000000	23085.3   	1140.000000	19629.5   	1140.000000	27017.5   	
1160.000000	2.36412e+06	1160.000000	2.31657e+06	1160.000000	2.35385e+06	1160.000000	2.36116e+06	1160.000000	2.35385e+06	1160.000000	12370.6   	1160.000000	6828.66   	1160.000000	23554.2   	1160.000000	20055     	1160.000000	27624.3   	
1180.000000	2.41952e+06	1180.000000	2.37047e+06	1180.000000	2.40847e+06	1180.000000	2.41596e+06	1180.000000	2.40846e+06	1180.000000	12584.8   	1180.000000	6977.6    	1180.000000	24022     	1180.000000	20480.3   	1180.000000	28231.2   	
1200.000000	2.47507e+06	1200.000000	2.42451e+06	1200.000000	2.46323e+06	1200.000000	2.4709e+06	1200.000000	2.46322e+06	1200.000000	12797.7   	1200.000000	7126.86   	1200.000000	24488.5   	1200.000000	20905.3   	1200.000000	28838.2   	
1220.000000	2.53075e+06	1220.000000	2.47868e+06	1220.000000	2.51812e+06	1220.000000	2.52598e+06	1220.000000	2.51812e+06	1220.000000	13009.2   	1220.000000	7276.44   	1220.000000	24953.8   	1220.000000	21330.1   	1220.000000	29445.2   	
1240.000000	2.58657e+06	1240.000000	2.53297e+06	1240.000000	2.57315e+06	1240.000000	2.58119e+06	1240.000000	2.57314e+06	1240.000000	13219.4   	1240.000000	7426.33   	1240.000000	25417.7   	1240.000000	21754.5   	1240.000000	30052.2   	
1260.000000	2.64251e+06	1260.000000	2.58739e+06	1260.000000	2.62829e+06	1260.000000	2.63652e+06	1260.000000	2.62829e+06	1260.000000	13428.1   	1260.000000	7576.53   	1260.000000	25880.3   	1260.000000	22178.5   	1260.000000	30659     	
1280.000000	2.69856e+06	1280.000000	2.64191e+06	1280.000000	2.68356e+06	1280.000000	2.69198e+06	1280.000000	2.68355e+06	1280.000000	13635.6   	1280.000000	7727.05   	1280.000000	26341.6   	1280.000000	22602.2   	1280.000000	31265.6   	
1300.000000	2.75472e+06	1300.000000	2.69655e+06	1300.000000	2.73893e+06	1300.000000	2.74754e+06	1300.000000	2.73893e+06	1300.000000	13841.7   	1300.000000	7877.87   	1300.000000	26801.4   	1300.000000	23025.4   	1300.000000	31872     	
1320.000000	2.81098e+06	1320.000000	2.75128e+06	1320.000000	2.79441e+06	1320.000000	2.80321e+06	1320.000000	2.79441e+06	1320.000000	14046.4   	1320.000000	8029      	1320.000000	27259.9   	1320.000000	23448.1   	1320.000000	32478     	
1340.000000	2.86733e+06	1340.000000	2.80611e+06	1340.000000	2.85e+06  	1340.000000	2.85899e+06	1340.000000	2.85e+06  	1340.000000	14249.9   	1340.000000	8180.42   	1340.000000	27717     	1340.000000	23870.3   	1340.000000	33083.7   	
1360.000000	2.92377e+06	1360.000000	2.86103e+06	1360.000000	2.90569e+06	1360.000000	2.91487e+06	1360.000000	2.90569e+06	1360.000000	14452     	1360.000000	8332.12   	1360.000000	28172.7   	1360.000000	24292     	1360.000000	33689     	
1380.000000	2.9803e+06	1380.000000	2.91604e+06	1380.000000	2.96147e+06	1380.000000	2.97084e+06	1380.000000	2.96148e+06	1380.000000	14652.8   	1380.000000	8484.12   	1380.000000	28626.9   	1380.000000	24713.1   	1380.000000	34293.8   	
1400.000000	3.0369e+06	1400.000000	2.97112e+06	1400.000000	3.01734e+06	1400.000000	3.02691e+06	1400.000000	3.01735e+06	1400.000000	14852.3   	1400.000000	8636.4    	1400.000000	29079.7   	1400.000000	25133.6   	1400.000000	34898.2   	
1420.000000	3.09357e+06	1420.000000	3.02628e+06	1420.000000	3.0733e+06	1420.000000	3.08306e+06	1420.000000	3.07331e+06	1420.000000	15050.6   	1420.000000	8788.96   	1420.000000	29531.1   	1420.000000	25553.5   	1420.000000	35502     	
1440.000000	3.1503e+06	1440.000000	3.08152e+06	1440.000000	3.12934e+06	1440.000000	3.13929e+06	1440.000000	3.12936e+06	1440.000000	15247.6   	1440.000000	8941.81   	1440.000000	29980.9   	1440.000000	25972.8   	1440.000000	36105.2   	
1460.000000	3.2071e+06	1460.000000	3.13682e+06	1460.000000	3.18547e+06	1460.000000	3.1956e+06	1460.000000	3.18548e+06	1460.000000	15443.3   	1460.000000	9094.93   	1460.000000	30429.3   	1460.000000	26391.4   	1460.000000	36707.8   	
1480.000000	3.26395e+06	1480.000000	3.19218e+06	1480.000000	3.24167e+06	1480.000000	3.25199e+06	1480.000000	3.24168e+06	1480.000000	15637.8   	1480.000000	9248.33   	1480.000000	30876.2   	1480.000000	26809.3   	1480.000000	37309.8   	
1500.000000	3.32085e+06	1500.000000	3.2476e+06	1500.000000	3.29794e+06	1500.000000	3.30846e+06	1500.000000	3.29796e+06	1500.000000	15831.1   	1500.000000	9402.01   	1500.000000	31321.6   	1500.000000	27226.6   	1500.000000	37911     	
1520.000000	3.3778e+06	1520.000000	3.30307e+06	1520.000000	3.35428e+06	1520.000000	3.36499e+06	1520.000000	3.3543e+06	1520.000000	16023.1   	1520.000000	9555.96   	1520.000000	31765.6   	1520.000000	27643.1   	1520.000000	38511.6   	
1540.000000	3.43478e+06	1540.000000	3.3586e+06	1540.000000	3.41069e+06	1540.000000	3.42159e+06	1540.000000	3.41071e+06	1540.000000	16213.9   	1540.000000	9710.18   	1540.000000	32208     	1540.000000	28058.9   	1540.000000	39111.4   	
1560.000000	3.4918e+06	1560.000000	3.41417e+06	1560.000000	3.46716e+06	1560.000000	3.47825e+06	1560.000000	3.46718e+06	1560.000000	16403.5   	1560.000000	9864.66   	1560.000000	32649     	1560.000000	28473.9   	1560.000000	39710.4   	
1580.000000	3.54886e+06	1580.000000	3.46978e+06	1580.000000	3.5237e+06	1580.000000	3.53497e+06	1580.000000	3.52371e+06	1580.000000	16592     	1580.000000	10019.4   	1580.000000	33088.4   	1580.000000	28888.2   	1580.000000	40308.6   	
1600.000000	3.60594e+06	1600.000000	3.52544e+06	1600.000000	3.58029e+06	1600.000000	3.59175e+06	1600.000000	3.5803e+06	1600.000000	16779.2   	1600.000000	10174.4   	1600.000000	33526.3   	1600.000000	29301.7   	1600.000000	40906     	
1620.000000	3.66304e+06	1620.000000	3.58113e+06	1620.000000	3.63693e+06	1620.000000	3.64858e+06	1620.000000	3.63694e+06	1620.000000	16965.3   	1620.000000	10329.6   	1620.000000	33962.8   	1620.000000	29714.4   	1620.000000	41502.5   	
1640.000000	3.72016e+06	1640.000000	3.63685e+06	1640.000000	3.69363e+06	1640.000000	3.70547e+06	1640.000000	3.69364e+06	1640.000000	17150.3   	1640.000000	10485     	1640.000000	34397.7   	1640.000000	30126.2   	1640.000000	42098.2   	
1660.000000	3.7773e+06	1660.000000	3.69261e+06	1660.000000	3.75037e+06	1660.000000	3.76241e+06	1660.000000	3.75038e+06	1660.000000	17334.1   	1660.000000	10640.7   	1660.000000	34831.1   	1660.000000	30537.3   	1660.000000	42692.9   	
1680.000000	3.83445e+06	1680.000000	3.74839e+06	1680.000000	3.80717e+06	1680.000000	3.81939e+06	1680.000000	3.80718e+06	1680.000000	17516.8   	1680.000000	10796.6   	1680.000000	35263.1   	1680.000000	30947.6   	1680.000000	43286.7   	
1700.000000	3.89161e+06	1700.000000	3.8042e+06	1700.000000	3.864e+06 	1700.000000	3.87642e+06	1700.000000	3.86401e+06	1700.000000	17698.4   	1700.000000	10952.7   	1700.000000	35693.5   	1700.000000	31357     	1700.000000	43879.6   	
1750.000000	4.03451e+06	1750.000000	3.9438e+06	1750.000000	4.00628e+06	1750.000000	4.01918e+06	1750.000000	4.00629e+06	1750.000000	18147.5   	1750.000000	11343.9   	1750.000000	36763     	1750.000000	32376.8   	1750.000000	45357.5   	
1800.000000	4.17739e+06	1800.000000	4.0835e+06	1800.000000	4.14879e+06	1800.000000	4.16218e+06	1800.000000	4.14881e+06	1800.000000	18589.9   	1800.000000	11736.5   	1800.000000	37823.3   	1800.000000	33391.2   	1800.000000	46829.1   	
1850.000000	4.3202e+06	1850.000000	4.22325e+06	1850.000000	4.29151e+06	1850.000000	4.30538e+06	1850.000000	4.29153e+06	1850.000000	19025.8   	1850.000000	12130.4   	1850.000000	38874.3   	1850.000000	34400     	1850.000000	48294.3   	
1900.000000	4.4629e+06	1900.000000	4.36302e+06	1900.000000	4.43441e+06	1900.000000	4.44876e+06	1900.000000	4.43444e+06	1900.000000	19455.3   	1900.000000	12525.8   	1900.000000	39916.1   	1900.000000	35403.3   	1900.000000	49752.7   	
1950.000000	4.60544e+06	1950.000000	4.50278e+06	1950.000000	4.57746e+06	1950.000000	4.5923e+06	1950.000000	4.5775e+06	1950.000000	19878.7   	1950.000000	12922.6   	1950.000000	40948.8   	1950.000000	36400.8   	1950.000000	51204.3   	
2000.000000	4.74778e+06	2000.000000	4.64249e+06	2000.000000	4.72065e+06	2000.000000	4.73598e+06	2000.000000	4.7207e+06	2000.000000	20296     	2000.000000	13321     	2000.000000	41972.6   	2000.000000	37392.6   	2000.000000	52648.9   	
2100.000000	5.03174e+06	2100.000000	4.92167e+06	2100.000000	5.00736e+06	2100.000000	5.02365e+06	2100.000000	5.00741e+06	2100.000000	21113.3   	2100.000000	14122     	2100.000000	43993.5   	2100.000000	39358.7   	2100.000000	55516.6   	
2200.000000	5.31454e+06	2200.000000	5.20036e+06	2200.000000	5.29439e+06	2200.000000	5.31163e+06	2200.000000	5.29443e+06	2200.000000	21908.3   	2200.000000	14928.7   	2200.000000	45979.8   	2200.000000	41301.6   	2200.000000	58355.2   	
2300.000000	5.59595e+06	2300.000000	5.4784e+06	2300.000000	5.58161e+06	2300.000000	5.59979e+06	2300.000000	5.58164e+06	2300.000000	22682.4   	2300.000000	15740.8   	2300.000000	47932.3   	2300.000000	43221     	2300.000000	61164.2   	
2400.000000	5.87579e+06	2400.000000	5.75564e+06	2400.000000	5.86892e+06	2400.000000	5.88805e+06	2400.000000	5.86895e+06	2400.000000	23436.6   	2400.000000	16558.3   	2400.000000	49852     	2400.000000	45117.1   	2400.000000	63943.3   	
2500.000000	6.15391e+06	2500.000000	6.03194e+06	2500.000000	6.15623e+06	2500.000000	6.1763e+06	2500.000000	6.15625e+06	2500.000000	24172     	2500.000000	17380.9   	2500.000000	51739.9   	2500.000000	46990     	2500.000000	66692.6   	
2600.000000	6.43017e+06	2600.000000	6.30721e+06	2600.000000	6.44346e+06	2600.000000	6.46449e+06	2600.000000	6.44349e+06	2600.000000	24889.5   	2600.000000	18208.4   	2600.000000	53597.1   	2600.000000	48840.1   	2600.000000	69412.1   	
2700.000000	6.70446e+06	2700.000000	6.58135e+06	2700.000000	6.73056e+06	2700.000000	6.75254e+06	2700.000000	6.7306e+06	2700.000000	25589.9   	2700.000000	19040.8   	2700.000000	55424.3   	2700.000000	50667.5   	2700.000000	72102     	
2800.000000	6.97668e+06	2800.000000	6.85428e+06	2800.000000	7.01748e+06	2800.000000	7.0404e+06	2800.000000	7.01752e+06	2800.000000	26274.3   	2800.000000	19878.1   	2800.000000	57222.7   	2800.000000	52472.7   	2800.000000	74762.5   	
2900.000000	7.24675e+06	2900.000000	7.12594e+06	2900.000000	7.30416e+06	2900.000000	7.32804e+06	2900.000000	7.30422e+06	2900.000000	26943.3   	2900.000000	20720.1   	2900.000000	58993.2   	2900.000000	54255.9   	2900.000000	77394.1   	
3000.000000	7.51459e+06	3000.000000	7.39626e+06	3000.000000	7.59058e+06	3000.000000	7.61541e+06	3000.000000	7.59065e+06	3000.000000	27597.7   	3000.000000	21566.9   	3000.000000	60736.5   	3000.000000	56017.7   	3000.000000	79996.9   	
3200.000000	8.04342e+06	3200.000000	7.93272e+06	3200.000000	8.16251e+06	3200.000000	8.18922e+06	3200.000000	8.16261e+06	3200.000000	28865.5   	3200.000000	23274.8   	3200.000000	64145.6   	3200.000000	59478.3   	3200.000000	85118.5   	
3400.000000	8.56284e+06	3400.000000	8.46335e+06	3400.000000	8.73308e+06	3400.000000	8.76165e+06	3400.000000	8.73319e+06	3400.000000	30082.5   	3400.000000	25001.7   	3400.000000	67456.6   	3400.000000	62858     	3400.000000	90130.9   	
3600.000000	9.07264e+06	3600.000000	8.98795e+06	3600.000000	9.30215e+06	3600.000000	9.33256e+06	3600.000000	9.30228e+06	3600.000000	31253.3   	3600.000000	26747.3   	3600.000000	70675.7   	3600.000000	66160.2   	3600.000000	95038.1   	
3800.000000	9.57272e+06	3800.000000	9.50638e+06	3800.000000	9.86962e+06	3800.000000	9.90186e+06	3800.000000	9.86977e+06	3800.000000	32381.6   	3800.000000	28511.6   	3800.000000	73808.5   	3800.000000	69388.2   	3800.000000	99844     	
4000.000000	1.00631e+07	4000.000000	1.00186e+07	4000.000000	1.04354e+07	4000.000000	1.04695e+07	4000.000000	1.04356e+07	4000.000000	33471     	4000.000000	30294.2   	4000.000000	76860.3   	4000.000000	72545.4   	4000.000000	104553    	
4200.000000	1.05437e+07	4200.000000	1.05245e+07	4200.000000	1.09996e+07	4200.000000	1.10354e+07	4200.000000	1.09997e+07	4200.000000	34524.4   	4200.000000	32095     	4200.000000	79835.8   	4200.000000	75634.9   	4200.000000	109168    	
4400.000000	1.10147e+07	4400.000000	1.10241e+07	4400.000000	1.1562e+07	4400.000000	1.15996e+07	4400.000000	1.15622e+07	4400.000000	35544.5   	4400.000000	33913.8   	4400.000000	82739.6   	4400.000000	78659.8   	4400.000000	113694    	
4600.000000	1.14762e+07	4600.000000	1.15174e+07	4600.000000	1.21227e+07	4600.000000	1.21621e+07	4600.000000	1.21229e+07	4600.000000	36533.8   	4600.000000	35750.5   	4600.000000	85575.6   	4600.000000	81622.9   	4600.000000	118135    	
4800.000000	1.19283e+07	4800.000000	1.20046e+07	4800.000000	1.26817e+07	4800.000000	1.27229e+07	4800.000000	1.26819e+07	4800.000000	37494.4   	4800.000000	37604.7   	4800.000000	88347.6   	4800.000000	84527     	4800.000000	122493    	
5000.000000	1.23713e+07	5000.000000	1.24856e+07	5000.000000	1.32391e+07	5000.000000	1.32819e+07	5000.000000	1.32392e+07	5000.000000	38428.3   	5000.000000	39476.3   	5000.000000	91059.1   	5000.000000	87374.6   	5000.000000	126772    	
5250.000000	1.29123e+07	5250.000000	1.30783e+07	5250.000000	1.39334e+07	5250.000000	1.39784e+07	5250.000000	1.39335e+07	5250.000000	39560.6   	5250.000000	41840.1   	5250.000000	94368.1   	5250.000000	90858.5   	5250.000000	132015    	
5500.000000	1.34395e+07	5500.000000	1.36618e+07	5500.000000	1.46251e+07	5500.000000	1.46722e+07	5500.000000	1.46253e+07	5500.000000	40657     	5500.000000	44230.5   	5500.000000	97593.1   	5500.000000	94262.4   	5500.000000	137146    	
6000.000000	1.44545e+07	6000.000000	1.48014e+07	6000.000000	1.60012e+07	6000.000000	1.60525e+07	6000.000000	1.60014e+07	6000.000000	42752.2   	6000.000000	49089.6   	6000.000000	103811    	6000.000000	100847    	6000.000000	147093    	
6500.000000	1.54191e+07	6500.000000	1.59062e+07	6500.000000	1.73677e+07	6500.000000	1.74231e+07	6500.000000	1.73679e+07	6500.000000	44732.3   	6500.000000	54050.8   	6500.000000	109749    	6500.000000	107157    	6500.000000	156652    	
7000.000000	1.63367e+07	7000.000000	1.69777e+07	7000.000000	1.87251e+07	7000.000000	1.87847e+07	7000.000000	1.87254e+07	7000.000000	46612     	7000.000000	59111.7   	7000.000000	115438    	7000.000000	113220    	7000.000000	165858    	
7500.000000	1.72103e+07	7500.000000	1.80176e+07	7500.000000	2.00741e+07	7500.000000	2.01376e+07	7500.000000	2.00743e+07	7500.000000	48403.4   	7500.000000	64269.6   	7500.000000	120902    	7500.000000	119057    	7500.000000	174743    	
8000.000000	1.80426e+07	8000.000000	1.90275e+07	8000.000000	2.14149e+07	8000.000000	2.14824e+07	8000.000000	2.14152e+07	8000.000000	50116.5   	8000.000000	69522.4   	8000.000000	126163    	8000.000000	124688    	8000.000000	183332    	
8500.000000	1.88365e+07	8500.000000	2.00089e+07	8500.000000	2.27481e+07	8500.000000	2.28195e+07	8500.000000	2.27485e+07	8500.000000	51759.4   	8500.000000	74867.6   	8500.000000	131240    	8500.000000	130129    	8500.000000	191650    	
9000.000000	1.95943e+07	9000.000000	2.09633e+07	9000.000000	2.40742e+07	9000.000000	2.41494e+07	9000.000000	2.40745e+07	9000.000000	53339.4   	9000.000000	80302.6   	9000.000000	136149    	9000.000000	135397    	9000.000000	199717    	
9500.000000	2.03184e+07	9500.000000	2.1892e+07	9500.000000	2.53935e+07	9500.000000	2.54724e+07	9500.000000	2.53938e+07	9500.000000	54862.3   	9500.000000	85825.9   	9500.000000	140903    	9500.000000	140503    	9500.000000	207551    	
10000.000000	2.10111e+07	10000.000000	2.27964e+07	10000.000000	2.67063e+07	10000.000000	2.67889e+07	10000.000000	2.67065e+07	10000.000000	56333.3   	10000.000000	91436.8   	10000.000000	145515    	10000.000000	145460    	10000.000000	215169    	
11000.000000	2.23095e+07	11000.000000	2.45367e+07	11000.000000	2.93138e+07	11000.000000	2.94036e+07	11000.000000	2.9314e+07	11000.000000	59136.8   	11000.000000	102912    	11000.000000	154354    	11000.000000	154967    	11000.000000	229816    	
12000.000000	2.35037e+07	12000.000000	2.61932e+07	12000.000000	3.1899e+07	12000.000000	3.19959e+07	12000.000000	3.18992e+07	12000.000000	61779.2   	12000.000000	114702    	12000.000000	162737    	12000.000000	163988    	12000.000000	243757    	
13000.000000	2.46057e+07	13000.000000	2.77733e+07	13000.000000	3.4464e+07	13000.000000	3.45678e+07	13000.000000	3.44642e+07	13000.000000	64283.3   	13000.000000	126789    	13000.000000	170723    	13000.000000	172583    	13000.000000	257074    	
14000.000000	2.56258e+07	14000.000000	2.92839e+07	14000.000000	3.70105e+07	14000.000000	3.7121e+07	14000.000000	3.70107e+07	14000.000000	66667.1   	14000.000000	139176    	14000.000000	178358    	14000.000000	180798    	14000.000000	269837    	
15000.000000	2.65728e+07	15000.000000	3.07309e+07	15000.000000	3.95402e+07	15000.000000	3.96571e+07	15000.000000	3.95402e+07	15000.000000	68945.3   	15000.000000	151867    	15000.000000	185681    	15000.000000	188674    	15000.000000	282102    	
16000.000000	2.74544e+07	16000.000000	3.21194e+07	16000.000000	4.20542e+07	16000.000000	4.21774e+07	16000.000000	4.20541e+07	16000.000000	71129.7   	16000.000000	164853    	16000.000000	192724    	16000.000000	196245    	16000.000000	293918    	
17000.000000	2.82771e+07	17000.000000	3.34541e+07	17000.000000	4.45538e+07	17000.000000	4.46829e+07	17000.000000	4.45533e+07	17000.000000	73230.3   	17000.000000	178116    	17000.000000	199514    	17000.000000	203538    	17000.000000	305326    	
18000.000000	2.90466e+07	18000.000000	3.4739e+07	18000.000000	4.70397e+07	18000.000000	4.71748e+07	18000.000000	4.70391e+07	18000.000000	75255.5   	18000.000000	191638    	18000.000000	206073    	18000.000000	210579    	18000.000000	316360    	
19000.000000	2.9768e+07	19000.000000	3.59778e+07	19000.000000	4.9513e+07	19000.000000	4.96539e+07	19000.000000	4.95122e+07	19000.000000	77212.3   	19000.000000	205402    	19000.000000	212423    	19000.000000	217389    	19000.000000	327053    	
20000.000000	3.04457e+07	20000.000000	3.71738e+07	20000.000000	5.19743e+07	20000.000000	5.2121e+07	20000.000000	5.19734e+07	20000.000000	79106.9   	20000.000000	219393    	20000.000000	218580    	20000.000000	223987    	20000.000000	337432    	
21000.000000	3.10835e+07	21000.000000	3.83298e+07	21000.000000	5.44243e+07	21000.000000	5.45768e+07	21000.000000	5.44236e+07	21000.000000	80944.5   	21000.000000	233603    	21000.000000	224559    	21000.000000	230388    	21000.000000	347518    	
22000.000000	3.16848e+07	22000.000000	3.94486e+07	22000.000000	5.68639e+07	22000.000000	5.7022e+07	22000.000000	5.68632e+07	22000.000000	82729.6   	22000.000000	248047    	22000.000000	230374    	22000.000000	236607    	22000.000000	357335    	
23000.000000	3.22527e+07	23000.000000	4.05324e+07	23000.000000	5.92936e+07	23000.000000	5.94572e+07	23000.000000	5.92929e+07	23000.000000	84466.3   	23000.000000	262726    	23000.000000	236036    	23000.000000	242658    	23000.000000	366900    	
24000.000000	3.27899e+07	24000.000000	4.15835e+07	24000.000000	6.17139e+07	24000.000000	6.18828e+07	24000.000000	6.17133e+07	24000.000000	86158.1   	24000.000000	277619    	24000.000000	241556    	24000.000000	248551    	24000.000000	376230    	
25000.000000	3.32988e+07	25000.000000	4.26039e+07	25000.000000	6.41253e+07	25000.000000	6.42994e+07	25000.000000	6.41247e+07	25000.000000	87808.2   	25000.000000	292721    	25000.000000	246943    	25000.000000	254296    	25000.000000	385340    	
26000.000000	3.37816e+07	26000.000000	4.35953e+07	26000.000000	6.65283e+07	26000.000000	6.67074e+07	26000.000000	6.65277e+07	26000.000000	89419.4   	26000.000000	308031    	26000.000000	252205    	26000.000000	259904    	26000.000000	394244    	
27000.000000	3.42401e+07	27000.000000	4.45594e+07	27000.000000	6.89232e+07	27000.000000	6.91072e+07	27000.000000	6.89226e+07	27000.000000	90994.1   	27000.000000	323545    	27000.000000	257350    	27000.000000	265381    	27000.000000	402953    	
28000.000000	3.46762e+07	28000.000000	4.54976e+07	28000.000000	7.13105e+07	28000.000000	7.14992e+07	28000.000000	7.13099e+07	28000.000000	92534.7   	28000.000000	339260    	28000.000000	262385    	28000.000000	270736    	28000.000000	411479    	
29000.000000	3.50915e+07	29000.000000	4.64114e+07	29000.000000	7.36905e+07	29000.000000	7.38837e+07	29000.000000	7.36898e+07	29000.000000	94043.1   	29000.000000	355176    	29000.000000	267315    	29000.000000	275975    	29000.000000	419832    	
30000.000000	3.54874e+07	30000.000000	4.73021e+07	30000.000000	7.60634e+07	30000.000000	7.6261e+07	30000.000000	7.60627e+07	30000.000000	95521.2   	30000.000000	371289    	30000.000000	272147    	30000.000000	281106    	30000.000000	428021    	
32000.000000	3.62262e+07	32000.000000	4.90185e+07	32000.000000	8.07893e+07	32000.000000	8.09953e+07	32000.000000	8.07885e+07	32000.000000	98393.2   	32000.000000	404094    	32000.000000	281536    	32000.000000	291061    	32000.000000	443939    	
34000.000000	3.69016e+07	34000.000000	5.06553e+07	34000.000000	8.54903e+07	34000.000000	8.57041e+07	34000.000000	8.54895e+07	34000.000000	101163    	34000.000000	437622    	34000.000000	290588    	34000.000000	300642    	34000.000000	459294    	
36000.000000	3.75214e+07	36000.000000	5.22197e+07	36000.000000	9.01683e+07	36000.000000	9.03894e+07	36000.000000	9.01676e+07	36000.000000	103839    	36000.000000	471828    	36000.000000	299333    	36000.000000	309884    	36000.000000	474137    	
38000.000000	3.80921e+07	38000.000000	5.37181e+07	38000.000000	9.4825e+07	38000.000000	9.50527e+07	38000.000000	9.48242e+07	38000.000000	106431    	38000.000000	506690    	38000.000000	307798    	38000.000000	318816    	38000.000000	488512    	
40000.000000	3.86192e+07	40000.000000	5.51559e+07	40000.000000	9.94618e+07	40000.000000	9.96955e+07	40000.000000	9.9461e+07	40000.000000	108946    	40000.000000	542191    	40000.000000	316006    	40000.000000	327463    	40000.000000	502456    	
42000.000000	3.91073e+07	42000.000000	5.65379e+07	42000.000000	1.0408e+08	42000.000000	1.04319e+08	42000.000000	1.04079e+08	42000.000000	111391    	42000.000000	578313    	42000.000000	323978    	42000.000000	335849    	42000.000000	516003    	
44000.000000	3.95605e+07	44000.000000	5.78685e+07	44000.000000	1.0868e+08	44000.000000	1.08924e+08	44000.000000	1.0868e+08	44000.000000	113770    	44000.000000	615035    	44000.000000	331730    	44000.000000	343992    	44000.000000	529181    	
46000.000000	3.99824e+07	46000.000000	5.91515e+07	46000.000000	1.13264e+08	46000.000000	1.13512e+08	46000.000000	1.13264e+08	46000.000000	116089    	46000.000000	652334    	46000.000000	339279    	46000.000000	351911    	46000.000000	542018    	
48000.000000	4.0376e+07	48000.000000	6.03901e+07	48000.000000	1.17833e+08	48000.000000	1.18084e+08	48000.000000	1.17832e+08	48000.000000	118352    	48000.000000	690192    	48000.000000	346638    	48000.000000	359620    	48000.000000	554536    	
50000.000000	4.07439e+07	50000.000000	6.15876e+07	50000.000000	1.22386e+08	50000.000000	1.22641e+08	50000.000000	1.22386e+08	50000.000000	120563    	50000.000000	728587    	50000.000000	353820    	50000.000000	367134    	50000.000000	566755    	
