! 11Li range in Si
! apply ZOOM for details
Energy (MeV/u)1	0 - [He-base] F.Hubert et al, AD&ND Tables 46(1990)1	Energy (MeV/u)2	1 - [H -base] J.F.Ziegler et al,Pergamon Press,NY(low energy)	Energy (MeV/u)3	2 - ATIMA 1.2 LS-theory (recommended for high energy)	Energy (MeV/u)4	3 - ATIMA 1.2 without LS-correction	Energy (MeV/u)5	4 - ATIMA 1.4 H.Weick, improved mean charge formula for HI	Energy (MeV/u)6	5 - Range straggling - method [0] - LISE	Energy (MeV/u)7	6 - Range straggling - method [1] - Atima	Energy (MeV/u)8	7 - Lateral range - method [0] - LISE	Energy (MeV/u)9	8 - Lateral range - method [1] - Atima	Energy (MeV/u)10	9 - Lateral range - method [2] - PDG	
0.001000	0.13447   	0.001000	0.13447   	0.001000	0.0862329 	0.001000	0.0862329 	0.001000	0.0862718 	0.001000	0         	0.001000	0         	0.001000	0.00162261	0.001000	0.00254088	0.001000	0.00124391	
0.002000	0.275159  	0.002000	0.26894   	0.002000	0.172466  	0.002000	0.172466  	0.002000	0.172544  	0.002000	0.00920384	0.002000	0.00920384	0.002000	0.00475209	0.002000	0.00718934	0.002000	0.00377663	
0.005000	0.632297  	0.005000	0.610292  	0.005000	0.397287  	0.005000	0.397287  	0.005000	0.397411  	0.005000	0.0109897 	0.005000	0.0109897 	0.005000	0.0171857 	0.005000	0.0250755 	0.005000	0.0141166 	
0.008000	0.921297  	0.008000	0.886517  	0.008000	0.591445  	0.008000	0.591445  	0.008000	0.591588  	0.008000	0.0110671 	0.008000	0.0110671 	0.008000	0.0317487 	0.008000	0.0455298 	0.008000	0.0264518 	
0.010000	1.08931   	0.010000	1.04711   	0.010000	0.709883  	0.010000	0.709883  	0.010000	0.710033  	0.010000	0.0113395 	0.010000	0.0113395 	0.010000	0.0420789 	0.010000	0.0598691 	0.010000	0.0352756 	
0.015000	1.45194   	0.015000	1.39371   	0.015000	0.979296  	0.015000	0.979296  	0.015000	0.979457  	0.015000	0.012737  	0.015000	0.012737  	0.015000	0.0691312 	0.015000	0.0970206 	0.015000	0.0585531 	
0.020000	1.74635   	0.020000	1.6751    	0.020000	1.21179   	0.020000	1.21179   	0.020000	1.21196   	0.020000	0.0143863 	0.020000	0.0143863 	0.020000	0.0959273 	0.020000	0.133533  	0.020000	0.0817299 	
0.025000	1.9915    	0.025000	1.90941   	0.025000	1.41408   	0.025000	1.41408   	0.025000	1.41425   	0.025000	0.0158593 	0.025000	0.0158593 	0.025000	0.121558  	0.025000	0.168308  	0.025000	0.103962  	
0.030000	2.20311   	0.030000	2.11167   	0.030000	1.59498   	0.030000	1.59498   	0.030000	1.59516   	0.030000	0.0171335 	0.030000	0.0171335 	0.030000	0.146207  	0.030000	0.200668  	0.030000	0.125394  	
0.035000	2.39116   	0.035000	2.29141   	0.035000	1.76068   	0.035000	1.76068   	0.035000	1.76085   	0.035000	0.018253  	0.035000	0.018253  	0.035000	0.16635   	0.035000	0.225813  	0.035000	0.142951  	
0.040000	2.56191   	0.040000	2.45461   	0.040000	1.91456   	0.040000	1.91456   	0.040000	1.91474   	0.040000	0.0192455 	0.040000	0.0192455 	0.040000	0.18224   	0.040000	0.245111  	0.040000	0.156831  	
0.045000	2.71952   	0.045000	2.60526   	0.045000	2.0591    	0.045000	2.0591    	0.045000	2.05928   	0.045000	0.0201368 	0.045000	0.0201368 	0.045000	0.195551  	0.045000	0.261051  	0.045000	0.168482  	
0.050000	2.86699   	0.050000	2.74621   	0.050000	2.19612   	0.050000	2.19612   	0.050000	2.1963    	0.050000	0.020948  	0.050000	0.0208989 	0.050000	0.20674   	0.050000	0.274409  	0.050000	0.178297  	
0.055000	3.00653   	0.055000	2.87957   	0.055000	2.32704   	0.055000	2.32704   	0.055000	2.32721   	0.055000	0.0216958 	0.055000	0.0215649 	0.055000	0.216568  	0.055000	0.286114  	0.055000	0.186934  	
0.060000	3.1398    	0.060000	3.00696   	0.060000	2.45294   	0.060000	2.45294   	0.060000	2.45312   	0.060000	0.0223933 	0.060000	0.0221779 	0.060000	0.225343  	0.060000	0.29656   	0.060000	0.19466   	
0.070000	3.39244   	0.070000	3.24842   	0.070000	2.6931    	0.070000	2.6931    	0.070000	2.69328   	0.070000	0.0236766 	0.070000	0.0232899 	0.070000	0.240516  	0.070000	0.314647  	0.070000	0.208054  	
0.080000	3.63224   	0.080000	3.47763   	0.080000	2.92184   	0.080000	2.92184   	0.080000	2.92202   	0.080000	0.0248575 	0.080000	0.0243001 	0.080000	0.25351   	0.080000	0.330145  	0.080000	0.219563  	
0.090000	3.8639    	0.090000	3.69904   	0.090000	3.14276   	0.090000	3.14276   	0.090000	3.14294   	0.090000	0.0259748 	0.090000	0.025248  	0.090000	0.264889  	0.090000	0.343745  	0.090000	0.229679  	
0.100000	4.09048   	0.100000	3.91561   	0.100000	3.35838   	0.100000	3.35838   	0.100000	3.35856   	0.100000	0.0270547 	0.100000	0.0261591 	0.100000	0.275314  	0.100000	0.35614   	0.100000	0.238969  	
0.120000	4.53335   	0.120000	4.3389    	0.120000	3.78053   	0.120000	3.78053   	0.120000	3.78071   	0.120000	0.0291691 	0.120000	0.0279342 	0.120000	0.293609  	0.120000	0.377952  	0.120000	0.255355  	
0.140000	4.96875   	0.140000	4.75506   	0.140000	4.19787   	0.140000	4.19787   	0.140000	4.19805   	0.140000	0.0312912 	0.140000	0.0297091 	0.140000	0.310078  	0.140000	0.39747   	0.140000	0.270179  	
0.160000	5.40135   	0.160000	5.16854   	0.160000	4.61575   	0.160000	4.61575   	0.160000	4.61593   	0.160000	0.0334672 	0.160000	0.0315255 	0.160000	0.32536   	0.160000	0.415415  	0.160000	0.283997  	
0.180000	5.83434   	0.180000	5.58238   	0.180000	5.03716   	0.180000	5.03716   	0.180000	5.03734   	0.180000	0.0357199 	0.180000	0.0334036 	0.180000	0.339692  	0.180000	0.432192  	0.180000	0.297015  	
0.200000	6.2687    	0.200000	5.99755   	0.200000	5.4638    	0.200000	5.4638    	0.200000	5.46399   	0.200000	0.0380584 	0.200000	0.0353516 	0.200000	0.353548  	0.200000	0.448263  	0.200000	0.30964   	
0.250000	7.36486   	0.250000	7.04525   	0.250000	6.55819   	0.250000	6.55819   	0.250000	6.55837   	0.250000	0.0442805 	0.250000	0.0405259 	0.250000	0.386526  	0.250000	0.486047  	0.250000	0.339854  	
0.300000	8.46454   	0.300000	8.09632   	0.300000	7.69223   	0.300000	7.69223   	0.300000	7.69241   	0.300000	0.0509381 	0.300000	0.046044  	0.300000	0.418168  	0.300000	0.521598  	0.300000	0.369019  	
0.350000	9.57207   	0.350000	9.1549    	0.350000	8.85893   	0.350000	8.85893   	0.350000	8.85911   	0.350000	0.0578432 	0.350000	0.0517402 	0.350000	0.448689  	0.350000	0.555396  	0.350000	0.397287  	
0.400000	10.6957   	0.400000	10.2288   	0.400000	10.0596   	0.400000	10.0596   	0.400000	10.0598   	0.400000	0.0649889 	0.400000	0.0576005 	0.400000	0.478593  	0.400000	0.587958  	0.400000	0.425096  	
0.450000	11.8434   	0.450000	11.3258   	0.450000	11.2963   	0.450000	11.2963   	0.450000	11.2965   	0.450000	0.0723959 	0.450000	0.0636355 	0.450000	0.508306  	0.450000	0.619847  	0.450000	0.452811  	
0.500000	13.0198   	0.500000	12.4502   	0.500000	12.5697   	0.500000	12.5697   	0.500000	12.5698   	0.500000	0.0800617 	0.500000	0.0698383 	0.500000	0.537757  	0.500000	0.651049  	0.500000	0.480374  	
0.600000	15.4597   	0.600000	14.7823   	0.600000	15.2242   	0.600000	15.2242   	0.600000	15.2243   	0.600000	0.096116  	0.600000	0.0826894 	0.600000	0.596752  	0.600000	0.712426  	0.600000	0.535772  	
0.700000	18.0382   	0.700000	17.2468   	0.700000	18.0198   	0.700000	18.0198   	0.700000	18.02     	0.700000	0.113084  	0.700000	0.0960788 	0.700000	0.655992  	0.700000	0.773286  	0.700000	0.591717  	
0.800000	20.7514   	0.800000	19.8401   	0.800000	20.9543   	0.800000	20.9543   	0.800000	20.9545   	0.800000	0.130937  	0.800000	0.109974  	0.800000	0.71396   	0.800000	0.834503  	0.800000	0.648426  	
0.900000	23.591    	0.900000	22.5542   	0.900000	24.0261   	0.900000	24.0261   	0.900000	24.0263   	0.900000	0.14967   	0.900000	0.124363  	0.900000	0.77242   	0.900000	0.896255  	0.900000	0.705871  	
1.000000	26.5758   	1.000000	25.407    	1.000000	27.2381   	1.000000	27.2381   	1.000000	27.2383   	1.000000	0.169354  	1.000000	0.139296  	1.000000	0.831757  	1.000000	0.958916  	1.000000	0.764469  	
1.250000	34.7297   	1.250000	33.2005   	1.250000	35.8903   	1.250000	35.8903   	1.250000	35.8905   	1.250000	0.222956  	1.250000	0.179603  	1.250000	0.984518  	1.250000	1.12016   	1.250000	0.915797  	
1.500000	44.0485   	1.500000	42.1073   	1.500000	45.4067   	1.500000	45.4067   	1.500000	45.4069   	1.500000	0.282538  	1.500000	0.225905  	1.500000	1.14459   	1.500000	1.28876   	1.500000	1.05626   	
1.750000	54.5982   	1.750000	52.1908   	1.750000	55.7781   	1.750000	55.7781   	1.750000	55.7783   	1.750000	0.348146  	1.750000	0.277233  	1.750000	1.2818    	1.750000	1.46505   	1.750000	1.18719   	
2.000000	66.287    	2.000000	63.3628   	2.000000	67.0037   	2.000000	67.0037   	2.000000	67.0038   	2.000000	0.41993   	2.000000	0.332876  	2.000000	1.42877   	2.000000	1.64711   	2.000000	1.32773   	
2.250000	79.0472   	2.250000	75.5591   	2.250000	79.0876   	2.250000	79.0876   	2.250000	79.0877   	2.250000	0.498096  	2.250000	0.392568  	2.250000	1.58594   	2.250000	1.80998   	2.250000	1.47802   	
2.500000	92.8305   	2.500000	88.7321   	2.500000	92.034    	2.500000	92.034    	2.500000	92.0341   	2.500000	0.582816  	2.500000	0.456199  	2.500000	1.7534    	2.500000	1.98269   	2.500000	1.63818   	
3.000000	122.335   	3.000000	117.876   	3.000000	120.52    	3.000000	120.52    	3.000000	120.52    	3.000000	0.772299  	3.000000	0.595046  	3.000000	2.11933   	3.000000	2.35725   	3.000000	1.98833   	
3.500000	155.364   	3.500000	150.603   	3.500000	152.452   	3.500000	152.452   	3.500000	152.452   	3.500000	0.988721  	3.500000	0.749034  	3.500000	2.52649   	3.500000	2.76994   	3.500000	2.37825   	
4.000000	191.849   	4.000000	186.792   	4.000000	187.8     	4.000000	187.8     	4.000000	187.8     	4.000000	1.23194   	4.000000	0.917707  	4.000000	2.97452   	4.000000	3.21988   	4.000000	2.80768   	
4.500000	231.724   	4.500000	226.353   	4.500000	226.518   	4.500000	226.518   	4.500000	226.518   	4.500000	1.50156   	4.500000	1.10048   	4.500000	3.46286   	4.500000	3.70609   	4.500000	3.27611   	
5.000000	274.933   	5.000000	269.214   	5.000000	268.552   	5.000000	268.552   	5.000000	268.552   	5.000000	1.79703   	5.000000	1.29679   	5.000000	3.99084   	5.000000	4.22758   	5.000000	3.78293   	
5.500000	321.424   	5.500000	315.308   	5.500000	313.848   	5.500000	313.848   	5.500000	313.848   	5.500000	2.1178    	5.500000	1.50615   	5.500000	4.55769   	5.500000	4.78337   	5.500000	4.3274    	
6.000000	371.149   	6.000000	364.576   	6.000000	362.35    	6.000000	362.35    	6.000000	362.35    	6.000000	2.46329   	6.000000	1.7281    	6.000000	5.16273   	6.000000	5.37256   	6.000000	4.9089    	
6.500000	424.065   	6.500000	416.963   	6.500000	414.005   	6.500000	414.005   	6.500000	414.005   	6.500000	2.83296   	6.500000	1.96219   	6.500000	5.80522   	6.500000	5.99427   	6.500000	5.52671   	
7.000000	480.132   	7.000000	472.416   	7.000000	468.763   	7.000000	468.763   	7.000000	468.762   	7.000000	3.22631   	7.000000	2.20806   	7.000000	6.48452   	7.000000	6.64772   	7.000000	6.18022   	
7.500000	539.312   	7.500000	530.89    	7.500000	526.574   	7.500000	526.574   	7.500000	526.574   	7.500000	3.64287   	7.500000	2.46538   	7.500000	7.19997   	7.500000	7.33215   	7.500000	6.86882   	
8.000000	601.571   	8.000000	592.338   	8.000000	587.395   	8.000000	587.395   	8.000000	587.394   	8.000000	4.08224   	8.000000	2.73384   	8.000000	7.95099   	8.000000	8.04691   	8.000000	7.59195   	
8.500000	666.875   	8.500000	656.721   	8.500000	651.183   	8.500000	651.183   	8.500000	651.183   	8.500000	4.54403   	8.500000	3.0131    	8.500000	8.73705   	8.500000	8.79136   	8.500000	8.34909   	
9.000000	735.194   	9.000000	724       	9.000000	717.901   	9.000000	717.901   	9.000000	717.901   	9.000000	5.0279    	9.000000	3.30288   	9.000000	9.55763   	9.000000	9.56494   	9.000000	9.13975   	
9.500000	806.498   	9.500000	794.138   	9.500000	787.511   	9.500000	787.511   	9.500000	787.511   	9.500000	5.53353   	9.500000	3.603     	9.500000	10.4123   	9.500000	10.3671   	9.500000	9.96348   	
10.000000	880.76    	10.000000	867.093   	10.000000	859.981   	10.000000	859.981   	10.000000	859.981   	10.000000	6.06065   	10.000000	3.91331   	10.000000	11.3005   	10.000000	11.1974   	10.000000	10.8199   	
11.000000	1038.05   	11.000000	1020.73   	11.000000	1013.51   	11.000000	1013.5    	11.000000	1013.51   	11.000000	7.18116   	11.000000	4.56565   	11.000000	13.1782   	11.000000	12.9423   	11.000000	12.631    	
12.000000	1206.88   	12.000000	1185.41   	12.000000	1178.43   	12.000000	1178.37   	12.000000	1178.43   	12.000000	8.39056   	12.000000	5.26047   	12.000000	15.1905   	12.000000	14.7987   	12.000000	14.573    	
13.000000	1387.05   	13.000000	1361.01   	13.000000	1354.58   	13.000000	1354.46   	13.000000	1354.58   	13.000000	9.6877    	13.000000	5.99663   	13.000000	17.3355   	13.000000	16.7645   	13.000000	16.644    	
14.000000	1578.41   	14.000000	1547.42   	14.000000	1541.84   	14.000000	1541.63   	14.000000	1541.83   	14.000000	11.0717   	14.000000	6.77329   	14.000000	19.6118   	14.000000	18.8379   	14.000000	18.8428   	
15.000000	1780.8    	15.000000	1744.54   	15.000000	1740.08   	15.000000	1739.77   	15.000000	1740.07   	15.000000	12.542    	15.000000	7.59031   	15.000000	22.0183   	15.000000	21.0175   	15.000000	21.1683   	
16.000000	1994.08   	16.000000	1952.24   	16.000000	1949.21   	16.000000	1948.8    	16.000000	1949.21   	16.000000	14.0981   	16.000000	8.44743   	16.000000	24.554    	16.000000	23.3021   	16.000000	23.6197   	
17.000000	2218.1    	17.000000	2170.44   	17.000000	2169.15   	17.000000	2168.63   	17.000000	2169.15   	17.000000	15.7397   	17.000000	9.34401   	17.000000	27.2181   	17.000000	25.6905   	17.000000	26.1961   	
18.000000	2452.75   	18.000000	2399.03   	18.000000	2399.83   	18.000000	2399.18   	18.000000	2399.83   	18.000000	17.4666   	18.000000	10.2797   	18.000000	30.01     	18.000000	28.1819   	18.000000	28.897    	
19.000000	2697.9    	19.000000	2637.91   	19.000000	2641.18   	19.000000	2640.4    	19.000000	2641.18   	19.000000	19.2786   	19.000000	11.2543   	19.000000	32.929    	19.000000	30.7754   	19.000000	31.722    	
20.000000	2953.43   	20.000000	2887.01   	20.000000	2893.13   	20.000000	2892.24   	20.000000	2893.15   	20.000000	21.1757   	20.000000	12.2679   	20.000000	35.9746   	20.000000	33.4703   	20.000000	34.6706   	
21.000000	3219.23   	21.000000	3146.22   	21.000000	3155.66   	21.000000	3154.63   	21.000000	3155.67   	21.000000	23.1577   	21.000000	13.3202   	21.000000	39.1466   	21.000000	36.2661   	21.000000	37.7424   	
22.000000	3495.21   	22.000000	3415.47   	22.000000	3428.7    	22.000000	3427.54   	22.000000	3428.71   	22.000000	25.2246   	22.000000	14.4112   	22.000000	42.4445   	22.000000	39.1621   	22.000000	40.9373   	
23.000000	3781.25   	23.000000	3694.67   	23.000000	3712.2    	23.000000	3710.92   	23.000000	3712.21   	23.000000	27.3765   	23.000000	15.5408   	23.000000	45.868    	23.000000	42.158    	23.000000	44.255    	
24.000000	4077.26   	24.000000	3983.75   	24.000000	4006.13   	24.000000	4004.75   	24.000000	4006.15   	24.000000	29.6133   	24.000000	16.7089   	24.000000	49.4169   	24.000000	45.2531   	24.000000	47.6952   	
25.000000	4383.16   	25.000000	4282.62   	25.000000	4310.45   	25.000000	4308.98   	25.000000	4310.48   	25.000000	31.935    	25.000000	17.9155   	25.000000	53.091    	25.000000	48.4472   	25.000000	51.258    	
27.000000	5024.23   	27.000000	4909.46   	27.000000	4950.16   	27.000000	4948.52   	27.000000	4950.18   	27.000000	36.8331   	27.000000	20.444    	27.000000	60.8137   	27.000000	55.1307   	27.000000	58.7503   	
29.000000	5703.78   	29.000000	5574.63   	29.000000	5631.07   	29.000000	5629.32   	29.000000	5631.05   	29.000000	42.0707   	29.000000	23.1256   	29.000000	69.0346   	29.000000	62.2058   	29.000000	66.731    	
31.000000	6421.19   	31.000000	6277.56   	31.000000	6352.54   	31.000000	6350.77   	31.000000	6352.48   	31.000000	47.6388   	31.000000	25.9537   	31.000000	77.7468   	31.000000	69.6654   	31.000000	75.194    	
33.000000	7175.85   	33.000000	7017.74   	33.000000	7111.93   	33.000000	7110.23   	33.000000	7111.8    	33.000000	53.4846   	33.000000	28.9027   	33.000000	86.9126   	33.000000	77.4782   	33.000000	84.1034   	
35.000000	7967.19   	35.000000	7794.68   	35.000000	7908.31   	35.000000	7906.78   	35.000000	7908.13   	35.000000	59.5987   	35.000000	31.9676   	35.000000	96.52     	35.000000	85.6334   	35.000000	93.4482   	
38.000000	9221.85   	38.000000	9027.97   	38.000000	9171.16   	38.000000	9170.09   	38.000000	9170.9    	38.000000	69.269    	38.000000	36.7791   	38.000000	111.744   	38.000000	98.4947   	38.000000	108.269   	
41.000000	10556.2   	41.000000	10341.3   	41.000000	10514.5   	41.000000	10514.1   	41.000000	10514.2   	41.000000	79.5312   	41.000000	41.8471   	41.000000	127.924   	41.000000	112.092   	41.000000	124.035   	
44.000000	11968.6   	44.000000	11733.4   	44.000000	11936.9   	44.000000	11937.5   	44.000000	11936.5   	44.000000	90.3757   	44.000000	47.1634   	44.000000	145.04    	44.000000	126.408   	44.000000	140.731   	
47.000000	13457.6   	47.000000	13202.6   	47.000000	13436.8   	47.000000	13438.6   	47.000000	13436.5   	47.000000	101.792   	47.000000	52.7241   	47.000000	163.072   	47.000000	141.425   	47.000000	158.338   	
50.000000	15021.8   	50.000000	14747.9   	50.000000	15012.9   	50.000000	15016.3   	50.000000	15012.7   	50.000000	113.771   	50.000000	58.5248   	50.000000	182.002   	50.000000	157.129   	50.000000	176.841   	
55.000000	17792.5   	55.000000	17488.6   	55.000000	17806.2   	55.000000	17812.3   	55.000000	17805.9   	55.000000	134.953   	55.000000	68.7139   	55.000000	215.5     	55.000000	184.786   	55.000000	209.63    	
60.000000	20762.9   	60.000000	20431.2   	60.000000	20802.2   	60.000000	20811.8   	60.000000	20802     	60.000000	157.617   	60.000000	79.5381   	60.000000	251.369   	60.000000	214.246   	60.000000	244.801   	
65.000000	23927.8   	65.000000	23570.5   	65.000000	23996.2   	65.000000	24009.7   	65.000000	23995.8   	65.000000	181.713   	65.000000	90.9685   	65.000000	289.537   	65.000000	245.453   	65.000000	282.293   	
70.000000	27282.3   	70.000000	26901.7   	70.000000	27382.9   	70.000000	27401.1   	70.000000	27382.6   	70.000000	207.195   	70.000000	102.992   	70.000000	329.938   	70.000000	278.354   	70.000000	322.052   	
75.000000	30822     	75.000000	30420     	75.000000	30958.1   	75.000000	30981.5   	75.000000	30957.9   	75.000000	234.019   	75.000000	115.587   	75.000000	372.509   	75.000000	312.9     	75.000000	364.022   	
80.000000	34542.7   	80.000000	34121.1   	80.000000	34717.4   	80.000000	34746.6   	80.000000	34717.3   	80.000000	262.14    	80.000000	128.742   	80.000000	417.19    	80.000000	349.046   	80.000000	408.154   	
85.000000	38440.4   	85.000000	38000.7   	85.000000	38656.7   	85.000000	38692.4   	85.000000	38656.7   	85.000000	291.518   	85.000000	142.431   	85.000000	463.925   	85.000000	386.749   	85.000000	454.401   	
90.000000	42511.4   	90.000000	42054.9   	90.000000	42772.3   	90.000000	42814.8   	90.000000	42772.3   	90.000000	322.112   	90.000000	156.641   	90.000000	512.659   	90.000000	425.97    	90.000000	502.716   	
95.000000	46752.1   	95.000000	46279.9   	95.000000	47060.2   	95.000000	47110.2   	95.000000	47060.3   	95.000000	353.883   	95.000000	171.357   	95.000000	563.339   	95.000000	466.669   	95.000000	553.055   	
100.000000	51159.2   	100.000000	50671.8   	100.000000	51517     	100.000000	51574.9   	100.000000	51517.2   	100.000000	386.795   	100.000000	186.567   	100.000000	615.915   	100.000000	508.809   	100.000000	605.375   	
105.000000	55729.6   	105.000000	55227.2   	105.000000	56139.2   	105.000000	56205.7   	105.000000	56139.4   	105.000000	420.811   	105.000000	202.258   	105.000000	670.34    	105.000000	552.358   	105.000000	659.638   	
110.000000	60460.3   	110.000000	59942.7   	110.000000	60923.5   	110.000000	60999     	110.000000	60923.8   	110.000000	455.897   	110.000000	218.419   	110.000000	726.565   	110.000000	597.279   	110.000000	715.802   	
115.000000	65348.2   	115.000000	64815     	115.000000	65866.6   	115.000000	65951.8   	115.000000	65867     	115.000000	492.02    	115.000000	235.034   	115.000000	784.546   	115.000000	643.543   	115.000000	773.831   	
120.000000	70390.7   	120.000000	69840.9   	120.000000	70965.7   	120.000000	71060.9   	120.000000	70966.1   	120.000000	529.147   	120.000000	252.081   	120.000000	844.24    	120.000000	691.118   	120.000000	833.687   	
125.000000	75585.2   	125.000000	75017.5   	125.000000	76217.4   	125.000000	76323.4   	125.000000	76218.1   	125.000000	567.248   	125.000000	269.565   	125.000000	905.605   	125.000000	739.974   	125.000000	895.335   	
130.000000	80929     	130.000000	80341.6   	130.000000	81619.1   	130.000000	81736.4   	130.000000	81620     	130.000000	606.291   	130.000000	287.465   	130.000000	968.6     	130.000000	790.084   	130.000000	958.741   	
135.000000	86419.7   	135.000000	85810.5   	135.000000	87168.3   	135.000000	87297.1   	135.000000	87169.1   	135.000000	646.249   	135.000000	305.765   	135.000000	1033.18   	135.000000	841.419   	135.000000	1023.87   	
140.000000	92055.1   	140.000000	91421.4   	140.000000	92862.2   	140.000000	93002.7   	140.000000	92862.6   	140.000000	687.093   	140.000000	324.458   	140.000000	1099.32   	140.000000	893.954   	140.000000	1090.69   	
145.000000	97832.8   	145.000000	97171.7   	145.000000	98697.5   	145.000000	98850.7   	145.000000	98698     	145.000000	728.795   	145.000000	343.536   	145.000000	1166.97   	145.000000	947.662   	145.000000	1159.17   	
150.000000	103751    	150.000000	103059    	150.000000	104672    	150.000000	104838    	150.000000	104673    	150.000000	771.33    	150.000000	362.989   	150.000000	1236.1    	150.000000	1002.52   	150.000000	1229.28   	
155.000000	109890    	155.000000	109080    	155.000000	110784    	155.000000	110963    	155.000000	110784    	155.000000	814.671   	155.000000	382.809   	155.000000	1306.67   	155.000000	1058.5    	155.000000	1300.99   	
160.000000	116162    	160.000000	115233    	160.000000	117030    	160.000000	117223    	160.000000	117030    	160.000000	858.794   	160.000000	402.989   	160.000000	1378.66   	160.000000	1115.58   	160.000000	1374.27   	
165.000000	122562    	165.000000	121515    	165.000000	123407    	165.000000	123616    	165.000000	123408    	165.000000	903.675   	165.000000	423.52    	165.000000	1452.02   	165.000000	1173.74   	165.000000	1449.09   	
170.000000	129088    	170.000000	127925    	170.000000	129915    	170.000000	130138    	170.000000	129915    	170.000000	949.291   	170.000000	444.395   	170.000000	1526.72   	170.000000	1232.96   	170.000000	1525.43   	
175.000000	135738    	175.000000	134459    	175.000000	136550    	175.000000	136789    	175.000000	136550    	175.000000	995.618   	175.000000	465.607   	175.000000	1602.73   	175.000000	1293.22   	175.000000	1603.25   	
180.000000	142509    	180.000000	141116    	180.000000	143310    	180.000000	143565    	180.000000	143311    	180.000000	1042.64   	180.000000	487.15    	180.000000	1680.03   	180.000000	1354.48   	180.000000	1682.53   	
185.000000	149399    	185.000000	147893    	185.000000	150194    	185.000000	150465    	185.000000	150195    	185.000000	1090.32   	185.000000	509.016   	185.000000	1758.58   	185.000000	1416.75   	185.000000	1763.24   	
190.000000	156407    	190.000000	154789    	190.000000	157199    	190.000000	157487    	190.000000	157199    	190.000000	1138.66   	190.000000	531.186   	190.000000	1838.35   	190.000000	1479.98   	190.000000	1845.36   	
195.000000	163530    	195.000000	161801    	195.000000	164323    	195.000000	164628    	195.000000	164323    	195.000000	1187.62   	195.000000	553.653   	195.000000	1919.32   	195.000000	1544.18   	195.000000	1928.87   	
200.000000	170767    	200.000000	168928    	200.000000	171564    	200.000000	171887    	200.000000	171564    	200.000000	1237.19   	200.000000	576.423   	200.000000	2001.45   	200.000000	1609.31   	200.000000	2013.74   	
210.000000	185574    	210.000000	183517    	210.000000	186390    	210.000000	186749    	210.000000	186390    	210.000000	1338.08   	210.000000	622.837   	210.000000	2169.11   	210.000000	1742.3    	210.000000	2187.45   	
220.000000	200814    	220.000000	198542    	220.000000	201661    	220.000000	202060    	220.000000	201662    	220.000000	1441.19   	220.000000	670.341   	220.000000	2341.13   	220.000000	1878.83   	220.000000	2366.32   	
230.000000	216473    	230.000000	213988    	230.000000	217364    	230.000000	217803    	230.000000	217365    	230.000000	1546.38   	230.000000	718.892   	230.000000	2517.31   	230.000000	2018.76   	230.000000	2550.18   	
240.000000	232540    	240.000000	229842    	240.000000	233486    	240.000000	233967    	240.000000	233487    	240.000000	1653.51   	240.000000	768.47    	240.000000	2697.45   	240.000000	2161.96   	240.000000	2738.85   	
250.000000	249002    	250.000000	246092    	250.000000	250014    	250.000000	250537    	250.000000	250014    	250.000000	1762.48   	250.000000	819.058   	250.000000	2881.39   	250.000000	2308.31   	250.000000	2932.17   	
260.000000	265847    	260.000000	262724    	260.000000	266933    	260.000000	267501    	260.000000	266933    	260.000000	1873.15   	260.000000	870.535   	260.000000	3068.94   	260.000000	2457.69   	260.000000	3129.99   	
270.000000	283064    	270.000000	279727    	270.000000	284233    	270.000000	284848    	270.000000	284233    	270.000000	1985.43   	270.000000	922.904   	270.000000	3259.96   	270.000000	2610      	270.000000	3332.15   	
280.000000	300643    	280.000000	297090    	280.000000	301901    	280.000000	302565    	280.000000	301902    	280.000000	2099.2    	280.000000	976.147   	280.000000	3454.27   	280.000000	2765.12   	280.000000	3538.52   	
290.000000	318574    	290.000000	314802    	290.000000	319927    	290.000000	320641    	290.000000	319929    	290.000000	2214.38   	290.000000	1030.23   	290.000000	3651.74   	290.000000	2922.95   	290.000000	3748.94   	
300.000000	336846    	300.000000	332854    	300.000000	338302    	300.000000	339066    	300.000000	338303    	300.000000	2330.86   	300.000000	1085.12   	300.000000	3852.22   	300.000000	3083.4    	300.000000	3963.29   	
310.000000	355451    	310.000000	351234    	310.000000	357014    	310.000000	357830    	310.000000	357014    	310.000000	2448.57   	310.000000	1140.74   	310.000000	4055.58   	310.000000	3246.36   	310.000000	4181.45   	
320.000000	374380    	320.000000	369934    	320.000000	376052    	320.000000	376922    	320.000000	376053    	320.000000	2567.41   	320.000000	1197.11   	320.000000	4261.68   	320.000000	3411.76   	320.000000	4403.27   	
330.000000	393624    	330.000000	388943    	330.000000	395408    	330.000000	396334    	330.000000	395409    	330.000000	2687.31   	330.000000	1254.2    	330.000000	4470.4    	330.000000	3579.5    	330.000000	4628.65   	
340.000000	413174    	340.000000	408255    	340.000000	415073    	340.000000	416055    	340.000000	415074    	340.000000	2808.2    	340.000000	1311.95   	340.000000	4681.63   	340.000000	3749.49   	340.000000	4857.47   	
350.000000	433023    	350.000000	427859    	350.000000	435039    	350.000000	436077    	350.000000	435039    	350.000000	2930      	350.000000	1370.33   	350.000000	4895.24   	350.000000	3921.66   	350.000000	5089.61   	
360.000000	453163    	360.000000	447749    	360.000000	455296    	360.000000	456392    	360.000000	455295    	360.000000	3052.64   	360.000000	1429.34   	360.000000	5111.13   	360.000000	4095.94   	360.000000	5324.98   	
370.000000	473587    	370.000000	467915    	370.000000	475835    	370.000000	476991    	370.000000	475835    	370.000000	3176.07   	370.000000	1488.99   	370.000000	5329.2    	370.000000	4272.24   	370.000000	5563.45   	
380.000000	494286    	380.000000	488351    	380.000000	496650    	380.000000	497867    	380.000000	496649    	380.000000	3300.22   	380.000000	1549.26   	380.000000	5549.34   	380.000000	4450.49   	380.000000	5804.94   	
390.000000	515255    	390.000000	509050    	390.000000	517732    	390.000000	519011    	390.000000	517731    	390.000000	3425.04   	390.000000	1610.09   	390.000000	5771.46   	390.000000	4630.63   	390.000000	6049.34   	
400.000000	536487    	400.000000	530003    	400.000000	539075    	400.000000	540417    	400.000000	539073    	400.000000	3550.46   	400.000000	1671.46   	400.000000	5995.46   	400.000000	4812.58   	400.000000	6296.57   	
410.000000	557975    	410.000000	551204    	410.000000	560670    	410.000000	562077    	410.000000	560669    	410.000000	3676.44   	410.000000	1733.36   	410.000000	6221.26   	410.000000	4996.29   	410.000000	6546.52   	
420.000000	579712    	420.000000	572648    	420.000000	582510    	420.000000	583984    	420.000000	582511    	420.000000	3802.94   	420.000000	1795.75   	420.000000	6448.78   	420.000000	5181.69   	420.000000	6799.12   	
430.000000	601694    	430.000000	594326    	430.000000	604591    	430.000000	606132    	430.000000	604592    	430.000000	3929.89   	430.000000	1858.59   	430.000000	6677.93   	430.000000	5368.72   	430.000000	7054.27   	
440.000000	623913    	440.000000	616234    	440.000000	626906    	440.000000	628514    	440.000000	626906    	440.000000	4057.27   	440.000000	1921.89   	440.000000	6908.63   	440.000000	5557.33   	440.000000	7311.9    	
450.000000	646364    	450.000000	638366    	450.000000	649448    	450.000000	651124    	450.000000	649448    	450.000000	4185.02   	450.000000	1985.65   	450.000000	7140.8    	450.000000	5747.45   	450.000000	7571.92   	
460.000000	669041    	460.000000	660714    	460.000000	672211    	460.000000	673956    	460.000000	672210    	460.000000	4313.11   	460.000000	2049.88   	460.000000	7374.39   	460.000000	5939.03   	460.000000	7834.25   	
470.000000	691940    	470.000000	683275    	470.000000	695188    	470.000000	697004    	470.000000	695187    	470.000000	4441.49   	470.000000	2114.55   	470.000000	7609.31   	470.000000	6132.03   	470.000000	8098.83   	
480.000000	715054    	480.000000	706042    	480.000000	718375    	480.000000	720263    	480.000000	718374    	480.000000	4570.14   	480.000000	2179.65   	480.000000	7845.51   	480.000000	6326.39   	480.000000	8365.58   	
490.000000	738379    	490.000000	729011    	490.000000	741765    	490.000000	743726    	490.000000	741765    	490.000000	4699.02   	490.000000	2245.14   	490.000000	8082.91   	490.000000	6522.06   	490.000000	8634.43   	
500.000000	761910    	500.000000	752176    	500.000000	765354    	500.000000	767388    	500.000000	765354    	500.000000	4828.09   	500.000000	2310.98   	500.000000	8321.45   	500.000000	6719      	500.000000	8905.31   	
520.000000	809570    	520.000000	799075    	520.000000	813110    	520.000000	815292    	520.000000	813109    	520.000000	5086.71   	520.000000	2443.82   	520.000000	8801.75   	520.000000	7116.49   	520.000000	9452.9    	
540.000000	857996    	540.000000	846703    	540.000000	861603    	540.000000	863935    	540.000000	861599    	540.000000	5345.76   	540.000000	2578.15   	540.000000	9285.95   	540.000000	7518.51   	540.000000	10007.8   	
560.000000	907155    	560.000000	895023    	560.000000	910791    	560.000000	913279    	560.000000	910788    	560.000000	5605.03   	560.000000	2713.76   	560.000000	9773.65   	560.000000	7924.75   	560.000000	10569.7   	
580.000000	957013    	580.000000	944003    	580.000000	960644    	580.000000	963290    	580.000000	960641    	580.000000	5864.36   	580.000000	2850.69   	580.000000	10264.5   	580.000000	8334.9    	580.000000	11138     	
600.000000	1.00754e+06	600.000000	993611    	600.000000	1.01113e+06	600.000000	1.01394e+06	600.000000	1.01113e+06	600.000000	6123.55   	600.000000	2988.89   	600.000000	10758     	600.000000	8748.67   	600.000000	11712.3   	
620.000000	1.0587e+06	620.000000	1.04382e+06	620.000000	1.06221e+06	620.000000	1.06518e+06	620.000000	1.06221e+06	620.000000	6382.48   	620.000000	3128.22   	620.000000	11254.1   	620.000000	9165.8    	620.000000	12292.2   	
640.000000	1.11047e+06	640.000000	1.09459e+06	640.000000	1.11387e+06	640.000000	1.11701e+06	640.000000	1.11387e+06	640.000000	6640.99   	640.000000	3268.58   	640.000000	11752.2   	640.000000	9586.03   	640.000000	12877.4   	
660.000000	1.16283e+06	660.000000	1.14591e+06	660.000000	1.16607e+06	660.000000	1.16938e+06	660.000000	1.16607e+06	660.000000	6898.97   	660.000000	3409.96   	660.000000	12252.2   	660.000000	10009.1   	660.000000	13467.4   	
680.000000	1.21574e+06	680.000000	1.19775e+06	680.000000	1.21879e+06	680.000000	1.22227e+06	680.000000	1.21879e+06	680.000000	7156.31   	680.000000	3552.3    	680.000000	12753.8   	680.000000	10434.9   	680.000000	14062.1   	
700.000000	1.26918e+06	700.000000	1.25009e+06	700.000000	1.272e+06 	700.000000	1.27566e+06	700.000000	1.272e+06 	700.000000	7412.91   	700.000000	3695.56   	700.000000	13256.8   	700.000000	10863.1   	700.000000	14661     	
720.000000	1.32313e+06	720.000000	1.30289e+06	720.000000	1.32569e+06	720.000000	1.32952e+06	720.000000	1.32569e+06	720.000000	7668.69   	720.000000	3839.72   	720.000000	13760.9   	720.000000	11293.5   	720.000000	15263.9   	
740.000000	1.37757e+06	740.000000	1.35615e+06	740.000000	1.37982e+06	740.000000	1.38383e+06	740.000000	1.37982e+06	740.000000	7923.55   	740.000000	3984.73   	740.000000	14265.9   	740.000000	11726.1   	740.000000	15870.5   	
760.000000	1.43247e+06	760.000000	1.40983e+06	760.000000	1.43439e+06	760.000000	1.43857e+06	760.000000	1.43439e+06	760.000000	8177.45   	760.000000	4130.49   	760.000000	14771.7   	760.000000	12160.5   	760.000000	16480.5   	
780.000000	1.48781e+06	780.000000	1.46393e+06	780.000000	1.48936e+06	780.000000	1.49373e+06	780.000000	1.48936e+06	780.000000	8430.3    	780.000000	4276.93   	780.000000	15278     	780.000000	12596.6   	780.000000	17093.7   	
800.000000	1.54358e+06	800.000000	1.51841e+06	800.000000	1.54472e+06	800.000000	1.54928e+06	800.000000	1.54473e+06	800.000000	8682.06   	800.000000	4424.06   	800.000000	15784.8   	800.000000	13034.3   	800.000000	17709.9   	
820.000000	1.59975e+06	820.000000	1.57327e+06	820.000000	1.60046e+06	820.000000	1.6052e+06	820.000000	1.60047e+06	820.000000	8932.67   	820.000000	4571.9    	820.000000	16291.7   	820.000000	13473.4   	820.000000	18328.8   	
840.000000	1.65631e+06	840.000000	1.62849e+06	840.000000	1.65655e+06	840.000000	1.66147e+06	840.000000	1.65655e+06	840.000000	9182.01   	840.000000	4720.41   	840.000000	16798.7   	840.000000	13913.8   	840.000000	18950.1   	
860.000000	1.71324e+06	860.000000	1.68405e+06	860.000000	1.71297e+06	860.000000	1.71808e+06	860.000000	1.71297e+06	860.000000	9429.99   	860.000000	4869.54   	860.000000	17305.6   	860.000000	14355.2   	860.000000	19573.6   	
880.000000	1.77052e+06	880.000000	1.73994e+06	880.000000	1.76971e+06	880.000000	1.775e+06 	880.000000	1.76971e+06	880.000000	9676.59   	880.000000	5019.27   	880.000000	17812.2   	880.000000	14797.6   	880.000000	20199.1   	
900.000000	1.82814e+06	900.000000	1.79613e+06	900.000000	1.82674e+06	900.000000	1.83223e+06	900.000000	1.82674e+06	900.000000	9921.79   	900.000000	5169.54   	900.000000	18318.4   	900.000000	15240.9   	900.000000	20826.4   	
920.000000	1.88608e+06	920.000000	1.85263e+06	920.000000	1.88407e+06	920.000000	1.88974e+06	920.000000	1.88407e+06	920.000000	10165.6   	920.000000	5320.32   	920.000000	18824.2   	920.000000	15684.8   	920.000000	21455.4   	
940.000000	1.94433e+06	940.000000	1.9094e+06	940.000000	1.94166e+06	940.000000	1.94754e+06	940.000000	1.94167e+06	940.000000	10407.9   	940.000000	5471.55   	940.000000	19329.4   	940.000000	16129.5   	940.000000	22085.9   	
960.000000	2.00288e+06	960.000000	1.96645e+06	960.000000	1.99953e+06	960.000000	2.00559e+06	960.000000	1.99953e+06	960.000000	10648.8   	960.000000	5623.23   	960.000000	19833.9   	960.000000	16574.6   	960.000000	22717.7   	
980.000000	2.0617e+06	980.000000	2.02376e+06	980.000000	2.05764e+06	980.000000	2.0639e+06	980.000000	2.05765e+06	980.000000	10888.3   	980.000000	5775.32   	980.000000	20337.7   	980.000000	17020.2   	980.000000	23350.8   	
1000.000000	2.12079e+06	1000.000000	2.08131e+06	1000.000000	2.116e+06 	1000.000000	2.12246e+06	1000.000000	2.116e+06 	1000.000000	11126.3   	1000.000000	5927.82   	1000.000000	20840.6   	1000.000000	17466.2   	1000.000000	23984.9   	
1020.000000	2.18013e+06	1020.000000	2.1391e+06	1020.000000	2.17459e+06	1020.000000	2.18124e+06	1020.000000	2.17459e+06	1020.000000	11362.8   	1020.000000	6080.75   	1020.000000	21342.7   	1020.000000	17912.4   	1020.000000	24620     	
1040.000000	2.23971e+06	1040.000000	2.19711e+06	1040.000000	2.2334e+06	1040.000000	2.24024e+06	1040.000000	2.2334e+06	1040.000000	11597.8   	1040.000000	6234.12   	1040.000000	21843.9   	1040.000000	18358.9   	1040.000000	25256     	
1060.000000	2.29953e+06	1060.000000	2.25533e+06	1060.000000	2.29242e+06	1060.000000	2.29946e+06	1060.000000	2.29242e+06	1060.000000	11831.4   	1060.000000	6387.94   	1060.000000	22344     	1060.000000	18805.5   	1060.000000	25892.6   	
1080.000000	2.35956e+06	1080.000000	2.31377e+06	1080.000000	2.35164e+06	1080.000000	2.35888e+06	1080.000000	2.35164e+06	1080.000000	12063.5   	1080.000000	6542.22   	1080.000000	22843.1   	1080.000000	19252.2   	1080.000000	26529.9   	
1100.000000	2.4198e+06	1100.000000	2.37239e+06	1100.000000	2.41106e+06	1100.000000	2.41849e+06	1100.000000	2.41105e+06	1100.000000	12294.1   	1100.000000	6696.94   	1100.000000	23341     	1100.000000	19698.9   	1100.000000	27167.7   	
1120.000000	2.48024e+06	1120.000000	2.4312e+06	1120.000000	2.47065e+06	1120.000000	2.47829e+06	1120.000000	2.47065e+06	1120.000000	12523.3   	1120.000000	6852.09   	1120.000000	23837.8   	1120.000000	20145.5   	1120.000000	27805.9   	
1140.000000	2.54087e+06	1140.000000	2.49019e+06	1140.000000	2.53043e+06	1140.000000	2.53827e+06	1140.000000	2.53042e+06	1140.000000	12751     	1140.000000	7007.63   	1140.000000	24333.4   	1140.000000	20592     	1140.000000	28444.4   	
1160.000000	2.60167e+06	1160.000000	2.54935e+06	1160.000000	2.59037e+06	1160.000000	2.59841e+06	1160.000000	2.59037e+06	1160.000000	12977.2   	1160.000000	7163.53   	1160.000000	24827.7   	1160.000000	21038.4   	1160.000000	29083.1   	
1180.000000	2.66264e+06	1180.000000	2.60866e+06	1180.000000	2.65048e+06	1180.000000	2.65872e+06	1180.000000	2.65047e+06	1180.000000	13202     	1180.000000	7319.78   	1180.000000	25320.8   	1180.000000	21484.5   	1180.000000	29722     	
1200.000000	2.72377e+06	1200.000000	2.66813e+06	1200.000000	2.71074e+06	1200.000000	2.71919e+06	1200.000000	2.71073e+06	1200.000000	13425.3   	1200.000000	7476.36   	1200.000000	25812.5   	1200.000000	21930.4   	1200.000000	30361     	
1220.000000	2.78506e+06	1220.000000	2.72774e+06	1220.000000	2.77115e+06	1220.000000	2.7798e+06	1220.000000	2.77114e+06	1220.000000	13647.2   	1220.000000	7633.27   	1220.000000	26302.9   	1220.000000	22376     	1220.000000	31000     	
1240.000000	2.84648e+06	1240.000000	2.7875e+06	1240.000000	2.8317e+06	1240.000000	2.84056e+06	1240.000000	2.8317e+06	1240.000000	13867.6   	1240.000000	7790.51   	1240.000000	26791.9   	1240.000000	22821.2   	1240.000000	31638.9   	
1260.000000	2.90804e+06	1260.000000	2.84738e+06	1260.000000	2.89239e+06	1260.000000	2.90145e+06	1260.000000	2.89238e+06	1260.000000	14086.6   	1260.000000	7948.08   	1260.000000	27279.6   	1260.000000	23266     	1260.000000	32277.7   	
1280.000000	2.96972e+06	1280.000000	2.90738e+06	1280.000000	2.95321e+06	1280.000000	2.96247e+06	1280.000000	2.9532e+06	1280.000000	14304.3   	1280.000000	8105.97   	1280.000000	27765.8   	1280.000000	23710.4   	1280.000000	32916.2   	
1300.000000	3.03152e+06	1300.000000	2.9675e+06	1300.000000	3.01415e+06	1300.000000	3.02362e+06	1300.000000	3.01414e+06	1300.000000	14520.4   	1300.000000	8264.19   	1300.000000	28250.5   	1300.000000	24154.4   	1300.000000	33554.5   	
1320.000000	3.09343e+06	1320.000000	3.02774e+06	1320.000000	3.07521e+06	1320.000000	3.08489e+06	1320.000000	3.07521e+06	1320.000000	14735.2   	1320.000000	8422.73   	1320.000000	28733.8   	1320.000000	24597.8   	1320.000000	34192.5   	
1340.000000	3.15545e+06	1340.000000	3.08808e+06	1340.000000	3.13638e+06	1340.000000	3.14627e+06	1340.000000	3.13638e+06	1340.000000	14948.7   	1340.000000	8581.57   	1340.000000	29215.6   	1340.000000	25040.7   	1340.000000	34830.1   	
1360.000000	3.21756e+06	1360.000000	3.14852e+06	1360.000000	3.19766e+06	1360.000000	3.20776e+06	1360.000000	3.19767e+06	1360.000000	15160.7   	1360.000000	8740.72   	1360.000000	29695.9   	1360.000000	25483.1   	1360.000000	35467.3   	
1380.000000	3.27977e+06	1380.000000	3.20905e+06	1380.000000	3.25905e+06	1380.000000	3.26936e+06	1380.000000	3.25906e+06	1380.000000	15371.4   	1380.000000	8900.17   	1380.000000	30174.7   	1380.000000	25924.9   	1380.000000	36103.9   	
1400.000000	3.34206e+06	1400.000000	3.26967e+06	1400.000000	3.32053e+06	1400.000000	3.33106e+06	1400.000000	3.32055e+06	1400.000000	15580.7   	1400.000000	9059.92   	1400.000000	30652     	1400.000000	26366     	1400.000000	36740.1   	
1420.000000	3.40442e+06	1420.000000	3.33037e+06	1420.000000	3.38211e+06	1420.000000	3.39285e+06	1420.000000	3.38213e+06	1420.000000	15788.7   	1420.000000	9219.96   	1420.000000	31127.7   	1420.000000	26806.5   	1420.000000	37375.7   	
1440.000000	3.46686e+06	1440.000000	3.39116e+06	1440.000000	3.44379e+06	1440.000000	3.45474e+06	1440.000000	3.44381e+06	1440.000000	15995.3   	1440.000000	9380.3    	1440.000000	31601.9   	1440.000000	27246.3   	1440.000000	38010.7   	
1460.000000	3.52936e+06	1460.000000	3.45201e+06	1460.000000	3.50555e+06	1460.000000	3.51671e+06	1460.000000	3.50557e+06	1460.000000	16200.6   	1460.000000	9540.93   	1460.000000	32074.5   	1460.000000	27685.5   	1460.000000	38645     	
1480.000000	3.59193e+06	1480.000000	3.51294e+06	1480.000000	3.5674e+06	1480.000000	3.57876e+06	1480.000000	3.56742e+06	1480.000000	16404.7   	1480.000000	9701.86   	1480.000000	32545.6   	1480.000000	28123.9   	1480.000000	39278.7   	
1500.000000	3.65454e+06	1500.000000	3.57393e+06	1500.000000	3.62933e+06	1500.000000	3.6409e+06	1500.000000	3.62935e+06	1500.000000	16607.4   	1500.000000	9863.07   	1500.000000	33015.1   	1500.000000	28561.6   	1500.000000	39911.6   	
1520.000000	3.71721e+06	1520.000000	3.63497e+06	1520.000000	3.69133e+06	1520.000000	3.70311e+06	1520.000000	3.69135e+06	1520.000000	16808.8   	1520.000000	10024.6   	1520.000000	33483     	1520.000000	28998.5   	1520.000000	40543.7   	
1540.000000	3.77992e+06	1540.000000	3.69608e+06	1540.000000	3.75341e+06	1540.000000	3.7654e+06	1540.000000	3.75342e+06	1540.000000	17009     	1540.000000	10186.4   	1540.000000	33949.4   	1540.000000	29434.7   	1540.000000	41175.1   	
1560.000000	3.84267e+06	1560.000000	3.75723e+06	1560.000000	3.81555e+06	1560.000000	3.82775e+06	1560.000000	3.81557e+06	1560.000000	17207.9   	1560.000000	10348.4   	1560.000000	34414.2   	1560.000000	29870.1   	1560.000000	41805.7   	
1580.000000	3.90546e+06	1580.000000	3.81844e+06	1580.000000	3.87777e+06	1580.000000	3.89017e+06	1580.000000	3.87778e+06	1580.000000	17405.6   	1580.000000	10510.7   	1580.000000	34877.4   	1580.000000	30304.7   	1580.000000	42435.4   	
1600.000000	3.96828e+06	1600.000000	3.87968e+06	1600.000000	3.94004e+06	1600.000000	3.95266e+06	1600.000000	3.94006e+06	1600.000000	17602.1   	1600.000000	10673.3   	1600.000000	35339     	1600.000000	30738.4   	1600.000000	43064.2   	
1620.000000	4.03112e+06	1620.000000	3.94097e+06	1620.000000	4.00238e+06	1620.000000	4.0152e+06	1620.000000	4.00239e+06	1620.000000	17797.3   	1620.000000	10836.2   	1620.000000	35799     	1620.000000	31171.4   	1620.000000	43692.1   	
1640.000000	4.09398e+06	1640.000000	4.0023e+06	1640.000000	4.06477e+06	1640.000000	4.07781e+06	1640.000000	4.06479e+06	1640.000000	17991.3   	1640.000000	10999.2   	1640.000000	36257.5   	1640.000000	31603.5   	1640.000000	44319.1   	
1660.000000	4.15686e+06	1660.000000	4.06365e+06	1660.000000	4.12722e+06	1660.000000	4.14046e+06	1660.000000	4.12723e+06	1660.000000	18184.1   	1660.000000	11162.5   	1660.000000	36714.4   	1660.000000	32034.7   	1660.000000	44945.1   	
1680.000000	4.21975e+06	1680.000000	4.12504e+06	1680.000000	4.18972e+06	1680.000000	4.20318e+06	1680.000000	4.18973e+06	1680.000000	18375.8   	1680.000000	11326.1   	1680.000000	37169.6   	1680.000000	32465.1   	1680.000000	45570.2   	
1700.000000	4.28265e+06	1700.000000	4.18646e+06	1700.000000	4.25227e+06	1700.000000	4.26594e+06	1700.000000	4.25228e+06	1700.000000	18566.3   	1700.000000	11489.8   	1700.000000	37623.3   	1700.000000	32894.6   	1700.000000	46194.3   	
1750.000000	4.43992e+06	1750.000000	4.34009e+06	1750.000000	4.40884e+06	1750.000000	4.42304e+06	1750.000000	4.40886e+06	1750.000000	19037.4   	1750.000000	11900.2   	1750.000000	38750.7   	1750.000000	33964.4   	1750.000000	47749.9   	
1800.000000	4.59715e+06	1800.000000	4.49382e+06	1800.000000	4.56567e+06	1800.000000	4.5804e+06	1800.000000	4.5657e+06	1800.000000	19501.5   	1800.000000	12312     	1800.000000	39868.3   	1800.000000	35028.5   	1800.000000	49299     	
1850.000000	4.75432e+06	1850.000000	4.64762e+06	1850.000000	4.72273e+06	1850.000000	4.738e+06 	1850.000000	4.72276e+06	1850.000000	19958.8   	1850.000000	12725.3   	1850.000000	40976.1   	1850.000000	36086.8   	1850.000000	50841.3   	
1900.000000	4.91135e+06	1900.000000	4.80143e+06	1900.000000	4.87999e+06	1900.000000	4.89579e+06	1900.000000	4.88003e+06	1900.000000	20409.4   	1900.000000	13140.1   	1900.000000	42074.3   	1900.000000	37139.2   	1900.000000	52376.4   	
1950.000000	5.06821e+06	1950.000000	4.95523e+06	1950.000000	5.03742e+06	1950.000000	5.05375e+06	1950.000000	5.03746e+06	1950.000000	20853.5   	1950.000000	13556.4   	1950.000000	43162.8   	1950.000000	38185.7   	1950.000000	53904.4   	
2000.000000	5.22485e+06	2000.000000	5.10898e+06	2000.000000	5.195e+06 	2000.000000	5.21186e+06	2000.000000	5.19505e+06	2000.000000	21291.3   	2000.000000	13974.2   	2000.000000	44241.9   	2000.000000	39226.1   	2000.000000	55425     	
2100.000000	5.53735e+06	2100.000000	5.41621e+06	2100.000000	5.51052e+06	2100.000000	5.52844e+06	2100.000000	5.51057e+06	2100.000000	22148.6   	2100.000000	14814.5   	2100.000000	46372.1   	2100.000000	41288.7   	2100.000000	58443.6   	
2200.000000	5.84856e+06	2200.000000	5.72291e+06	2200.000000	5.82638e+06	2200.000000	5.84535e+06	2200.000000	5.82643e+06	2200.000000	22982.7   	2200.000000	15660.8   	2200.000000	48465.8   	2200.000000	43326.8   	2200.000000	61431.4   	
2300.000000	6.15825e+06	2300.000000	6.02889e+06	2300.000000	6.14246e+06	2300.000000	6.16248e+06	2300.000000	6.14251e+06	2300.000000	23794.8   	2300.000000	16512.8   	2300.000000	50523.9   	2300.000000	45340.3   	2300.000000	64388.1   	
2400.000000	6.46622e+06	2400.000000	6.33398e+06	2400.000000	6.45864e+06	2400.000000	6.4797e+06	2400.000000	6.45868e+06	2400.000000	24586     	2400.000000	17370.3   	2400.000000	52547.4   	2400.000000	47329.4   	2400.000000	67313.4   	
2500.000000	6.77228e+06	2500.000000	6.63805e+06	2500.000000	6.77482e+06	2500.000000	6.79692e+06	2500.000000	6.77486e+06	2500.000000	25357.4   	2500.000000	18233.3   	2500.000000	54537.4   	2500.000000	49294.2   	2500.000000	70207.3   	
2600.000000	7.0763e+06	2600.000000	6.94098e+06	2600.000000	7.09092e+06	2600.000000	7.11406e+06	2600.000000	7.09096e+06	2600.000000	26110     	2600.000000	19101.4   	2600.000000	56495     	2600.000000	51234.9   	2600.000000	73069.8   	
2700.000000	7.37815e+06	2700.000000	7.24267e+06	2700.000000	7.40687e+06	2700.000000	7.43106e+06	2700.000000	7.40691e+06	2700.000000	26844.9   	2700.000000	19974.6   	2700.000000	58421     	2700.000000	53152     	2700.000000	75901.1   	
2800.000000	7.67772e+06	2800.000000	7.54303e+06	2800.000000	7.72262e+06	2800.000000	7.74785e+06	2800.000000	7.72267e+06	2800.000000	27562.8   	2800.000000	20852.9   	2800.000000	60316.7   	2800.000000	55045.7   	2800.000000	78701.5   	
2900.000000	7.97493e+06	2900.000000	7.84198e+06	2900.000000	8.03811e+06	2900.000000	8.06438e+06	2900.000000	8.03817e+06	2900.000000	28264.6   	2900.000000	21736.2   	2900.000000	62182.8   	2900.000000	56916.4   	2900.000000	81471.3   	
3000.000000	8.26969e+06	3000.000000	8.13946e+06	3000.000000	8.35331e+06	3000.000000	8.38063e+06	3000.000000	8.35339e+06	3000.000000	28951.1   	3000.000000	22624.5   	3000.000000	64020.5   	3000.000000	58764.5   	3000.000000	84211     	
3200.000000	8.85166e+06	3200.000000	8.72983e+06	3200.000000	8.98271e+06	3200.000000	9.0121e+06	3200.000000	8.98282e+06	3200.000000	30281     	3200.000000	24416.2   	3200.000000	67613.9   	3200.000000	62394.9   	3200.000000	89601.7   	
3400.000000	9.42327e+06	3400.000000	9.31378e+06	3400.000000	9.61061e+06	3400.000000	9.64205e+06	3400.000000	9.61074e+06	3400.000000	31557.7   	3400.000000	26227.8   	3400.000000	71103.9   	3400.000000	65940.3   	3400.000000	94877.5   	
3600.000000	9.9843e+06	3600.000000	9.89109e+06	3600.000000	1.02369e+07	3600.000000	1.02703e+07	3600.000000	1.0237e+07	3600.000000	32785.9   	3600.000000	28059.2   	3600.000000	74497.1   	3600.000000	69404.4   	3600.000000	100042    	
3800.000000	1.05346e+07	3800.000000	1.04616e+07	3800.000000	1.08614e+07	3800.000000	1.08968e+07	3800.000000	1.08615e+07	3800.000000	33969.6   	3800.000000	29910     	3800.000000	77799.3   	3800.000000	72790.8   	3800.000000	105101    	
4000.000000	1.10742e+07	4000.000000	1.10253e+07	4000.000000	1.1484e+07	4000.000000	1.15215e+07	4000.000000	1.14842e+07	4000.000000	35112.4   	4000.000000	31779.9   	4000.000000	81016.1   	4000.000000	76102.8   	4000.000000	110057    	
4200.000000	1.16032e+07	4200.000000	1.1582e+07	4200.000000	1.21049e+07	4200.000000	1.21443e+07	4200.000000	1.2105e+07	4200.000000	36217.5   	4200.000000	33668.9   	4200.000000	84152.5   	4200.000000	79343.8   	4200.000000	114915    	
4400.000000	1.21215e+07	4400.000000	1.21318e+07	4400.000000	1.27238e+07	4400.000000	1.27652e+07	4400.000000	1.2724e+07	4400.000000	37287.6   	4400.000000	35576.6   	4400.000000	87213.3   	4400.000000	82517     	4400.000000	119679    	
4600.000000	1.26294e+07	4600.000000	1.26748e+07	4600.000000	1.33409e+07	4600.000000	1.33842e+07	4600.000000	1.33411e+07	4600.000000	38325.5   	4600.000000	37502.9   	4600.000000	90202.7   	4600.000000	85625.4   	4600.000000	124352    	
4800.000000	1.3127e+07	4800.000000	1.32109e+07	4800.000000	1.3956e+07	4800.000000	1.40013e+07	4800.000000	1.39562e+07	4800.000000	39333.2   	4800.000000	39447.6   	4800.000000	93124.6   	4800.000000	88671.9   	4800.000000	128939    	
5000.000000	1.36144e+07	5000.000000	1.37402e+07	5000.000000	1.45694e+07	5000.000000	1.46165e+07	5000.000000	1.45696e+07	5000.000000	40312.8   	5000.000000	41410.5   	5000.000000	95982.7   	5000.000000	91659.2   	5000.000000	133443    	
5250.000000	1.42098e+07	5250.000000	1.43925e+07	5250.000000	1.53334e+07	5250.000000	1.5383e+07	5250.000000	1.53337e+07	5250.000000	41500.7   	5250.000000	43889.5   	5250.000000	99470.6   	5250.000000	95313.9   	5250.000000	138962    	
5500.000000	1.479e+07 	5500.000000	1.50346e+07	5500.000000	1.60947e+07	5500.000000	1.61466e+07	5500.000000	1.60949e+07	5500.000000	42650.9   	5500.000000	46396.4   	5500.000000	102870    	5500.000000	98884.8   	5500.000000	144362    	
6000.000000	1.59069e+07	6000.000000	1.62887e+07	6000.000000	1.7609e+07	6000.000000	1.76655e+07	6000.000000	1.76093e+07	6000.000000	44848.9   	6000.000000	51492.2   	6000.000000	109424    	6000.000000	105792    	6000.000000	154830    	
6500.000000	1.69685e+07	6500.000000	1.75045e+07	6500.000000	1.91128e+07	6500.000000	1.91739e+07	6500.000000	1.91131e+07	6500.000000	46926.1   	6500.000000	56695.4   	6500.000000	115684    	6500.000000	112412    	6500.000000	164891    	
7000.000000	1.79783e+07	7000.000000	1.86837e+07	7000.000000	2.06067e+07	7000.000000	2.06722e+07	7000.000000	2.0607e+07	7000.000000	48898     	7000.000000	62002.9   	7000.000000	121680    	7000.000000	118772    	7000.000000	174581    	
7500.000000	1.89396e+07	7500.000000	1.98281e+07	7500.000000	2.20912e+07	7500.000000	2.21611e+07	7500.000000	2.20915e+07	7500.000000	50777.3   	7500.000000	67413.4   	7500.000000	127440    	7500.000000	124895    	7500.000000	183931    	
8000.000000	1.98556e+07	8000.000000	2.09394e+07	8000.000000	2.35668e+07	8000.000000	2.3641e+07	8000.000000	2.35671e+07	8000.000000	52574.3   	8000.000000	72924.6   	8000.000000	132985    	8000.000000	130802    	8000.000000	192971    	
8500.000000	2.07292e+07	8500.000000	2.20194e+07	8500.000000	2.5034e+07	8500.000000	2.51125e+07	8500.000000	2.50344e+07	8500.000000	54297.9   	8500.000000	78532.6   	8500.000000	138337    	8500.000000	136511    	8500.000000	201725    	
9000.000000	2.15632e+07	9000.000000	2.30697e+07	9000.000000	2.64933e+07	9000.000000	2.6576e+07	9000.000000	2.64937e+07	9000.000000	55955.3   	9000.000000	84234.5   	9000.000000	143511    	9000.000000	142036    	9000.000000	210215    	
9500.000000	2.23601e+07	9500.000000	2.40918e+07	9500.000000	2.79451e+07	9500.000000	2.80319e+07	9500.000000	2.79455e+07	9500.000000	57553     	9500.000000	90029.1   	9500.000000	148522    	9500.000000	147393    	9500.000000	218460    	
10000.000000	2.31223e+07	10000.000000	2.5087e+07	10000.000000	2.93899e+07	10000.000000	2.94807e+07	10000.000000	2.93902e+07	10000.000000	59096.1   	10000.000000	95915.9   	10000.000000	153383    	10000.000000	152593    	10000.000000	226478    	
11000.000000	2.45512e+07	11000.000000	2.70023e+07	11000.000000	3.22595e+07	11000.000000	3.23581e+07	11000.000000	3.22597e+07	11000.000000	62037.2   	11000.000000	107956    	11000.000000	162700    	11000.000000	162566    	11000.000000	241892    	
12000.000000	2.58654e+07	12000.000000	2.88252e+07	12000.000000	3.51045e+07	12000.000000	3.52109e+07	12000.000000	3.51047e+07	12000.000000	64809.3   	12000.000000	120322    	12000.000000	171537    	12000.000000	172030    	12000.000000	256564    	
13000.000000	2.70781e+07	13000.000000	3.05641e+07	13000.000000	3.79272e+07	13000.000000	3.80413e+07	13000.000000	3.79275e+07	13000.000000	67436.2   	13000.000000	132997    	13000.000000	179955    	13000.000000	181047    	13000.000000	270580    	
14000.000000	2.82007e+07	14000.000000	3.22265e+07	14000.000000	4.07297e+07	14000.000000	4.08511e+07	14000.000000	4.07299e+07	14000.000000	69937     	14000.000000	145987    	14000.000000	188003    	14000.000000	189665    	14000.000000	284011    	
15000.000000	2.92429e+07	15000.000000	3.38189e+07	15000.000000	4.35136e+07	15000.000000	4.3642e+07	15000.000000	4.35136e+07	15000.000000	72327     	15000.000000	159301    	15000.000000	195722    	15000.000000	197928    	15000.000000	296919    	
16000.000000	3.02131e+07	16000.000000	3.53469e+07	16000.000000	4.62804e+07	16000.000000	4.64155e+07	16000.000000	4.62801e+07	16000.000000	74618.6   	16000.000000	172931    	16000.000000	203146    	16000.000000	205869    	16000.000000	309354    	
17000.000000	3.11184e+07	17000.000000	3.68157e+07	17000.000000	4.90313e+07	17000.000000	4.91729e+07	17000.000000	4.90306e+07	17000.000000	76822.4   	17000.000000	186854    	17000.000000	210303    	17000.000000	213521    	17000.000000	321359    	
18000.000000	3.19653e+07	18000.000000	3.82297e+07	18000.000000	5.17672e+07	18000.000000	5.19151e+07	18000.000000	5.17662e+07	18000.000000	78947     	18000.000000	201047    	18000.000000	217218    	18000.000000	220907    	18000.000000	332972    	
19000.000000	3.27592e+07	19000.000000	3.9593e+07	19000.000000	5.44891e+07	19000.000000	5.46433e+07	19000.000000	5.44878e+07	19000.000000	80999.9   	19000.000000	215490    	19000.000000	223911    	19000.000000	228051    	19000.000000	344225    	
20000.000000	3.3505e+07	20000.000000	4.09091e+07	20000.000000	5.71979e+07	20000.000000	5.73583e+07	20000.000000	5.71965e+07	20000.000000	82987.5   	20000.000000	230165    	20000.000000	230401    	20000.000000	234973    	20000.000000	355147    	
21000.000000	3.42069e+07	21000.000000	4.21813e+07	21000.000000	5.98942e+07	21000.000000	6.00609e+07	21000.000000	5.98929e+07	21000.000000	84915.3   	21000.000000	245062    	21000.000000	236704    	21000.000000	241688    	21000.000000	365762    	
22000.000000	3.48686e+07	22000.000000	4.34125e+07	22000.000000	6.25789e+07	22000.000000	6.27518e+07	22000.000000	6.25777e+07	22000.000000	86788.1   	22000.000000	260206    	22000.000000	242834    	22000.000000	248213    	22000.000000	376093    	
23000.000000	3.54936e+07	23000.000000	4.46053e+07	23000.000000	6.52528e+07	23000.000000	6.54317e+07	23000.000000	6.52517e+07	23000.000000	88610.2   	23000.000000	275600    	23000.000000	248802    	23000.000000	254560    	23000.000000	386159    	
24000.000000	3.60848e+07	24000.000000	4.5762e+07	24000.000000	6.79165e+07	24000.000000	6.81011e+07	24000.000000	6.79154e+07	24000.000000	90385.1   	24000.000000	291216    	24000.000000	254621    	24000.000000	260742    	24000.000000	395978    	
25000.000000	3.66448e+07	25000.000000	4.68849e+07	25000.000000	7.05704e+07	25000.000000	7.07605e+07	25000.000000	7.05692e+07	25000.000000	92116.3   	25000.000000	307048    	25000.000000	260299    	25000.000000	266770    	25000.000000	405565    	
26000.000000	3.71761e+07	26000.000000	4.79759e+07	26000.000000	7.32149e+07	26000.000000	7.34104e+07	26000.000000	7.32138e+07	26000.000000	93806.6   	26000.000000	323099    	26000.000000	265846    	26000.000000	272652    	26000.000000	414935    	
27000.000000	3.76807e+07	27000.000000	4.90369e+07	27000.000000	7.58506e+07	27000.000000	7.60514e+07	27000.000000	7.58495e+07	27000.000000	95458.8   	27000.000000	339366    	27000.000000	271270    	27000.000000	278399    	27000.000000	424101    	
28000.000000	3.81606e+07	28000.000000	5.00694e+07	28000.000000	7.84779e+07	28000.000000	7.86837e+07	28000.000000	7.84767e+07	28000.000000	97075.1   	28000.000000	355843    	28000.000000	276577    	28000.000000	284017    	28000.000000	433073    	
29000.000000	3.86177e+07	29000.000000	5.1075e+07	29000.000000	8.10972e+07	29000.000000	8.13078e+07	29000.000000	8.10959e+07	29000.000000	98657.7   	29000.000000	372531    	29000.000000	281774    	29000.000000	289514    	29000.000000	441863    	
30000.000000	3.90534e+07	30000.000000	5.20552e+07	30000.000000	8.37087e+07	30000.000000	8.3924e+07	30000.000000	8.37074e+07	30000.000000	100209    	30000.000000	389428    	30000.000000	286868    	30000.000000	294896    	30000.000000	450481    	
32000.000000	3.98663e+07	32000.000000	5.39441e+07	32000.000000	8.89098e+07	32000.000000	8.9134e+07	32000.000000	8.89084e+07	32000.000000	103222    	32000.000000	423829    	32000.000000	296765    	32000.000000	305340    	32000.000000	467233    	
34000.000000	4.06096e+07	34000.000000	5.57453e+07	34000.000000	9.40835e+07	34000.000000	9.4316e+07	34000.000000	9.40822e+07	34000.000000	106127    	34000.000000	458982    	34000.000000	306307    	34000.000000	315392    	34000.000000	483393    	
36000.000000	4.12917e+07	36000.000000	5.7467e+07	36000.000000	9.9232e+07	36000.000000	9.94721e+07	36000.000000	9.92307e+07	36000.000000	108936    	36000.000000	494835    	36000.000000	315526    	36000.000000	325088    	36000.000000	499013    	
38000.000000	4.19198e+07	38000.000000	5.91159e+07	38000.000000	1.04357e+08	38000.000000	1.04604e+08	38000.000000	1.04356e+08	38000.000000	111656    	38000.000000	531368    	38000.000000	324450    	38000.000000	334459    	38000.000000	514141    	
40000.000000	4.24998e+07	40000.000000	6.06981e+07	40000.000000	1.0946e+08	40000.000000	1.09713e+08	40000.000000	1.09459e+08	40000.000000	114295    	40000.000000	568570    	40000.000000	333103    	40000.000000	343532    	40000.000000	528816    	
42000.000000	4.3037e+07	42000.000000	6.22191e+07	42000.000000	1.14543e+08	42000.000000	1.14801e+08	42000.000000	1.14542e+08	42000.000000	116860    	42000.000000	606422    	42000.000000	341507    	42000.000000	352330    	42000.000000	543072    	
44000.000000	4.35357e+07	44000.000000	6.36834e+07	44000.000000	1.19606e+08	44000.000000	1.19869e+08	44000.000000	1.19605e+08	44000.000000	119357    	44000.000000	644903    	44000.000000	349680    	44000.000000	360874    	44000.000000	556942    	
46000.000000	4.4e+07   	46000.000000	6.50952e+07	46000.000000	1.24651e+08	46000.000000	1.24919e+08	46000.000000	1.2465e+08	46000.000000	121790    	46000.000000	683987    	46000.000000	357638    	46000.000000	369182    	46000.000000	570451    	
48000.000000	4.44331e+07	48000.000000	6.64584e+07	48000.000000	1.29679e+08	48000.000000	1.2995e+08	48000.000000	1.29679e+08	48000.000000	124165    	48000.000000	723651    	48000.000000	365396    	48000.000000	377271    	48000.000000	583625    	
50000.000000	4.4838e+07	50000.000000	6.77761e+07	50000.000000	1.34691e+08	50000.000000	1.34964e+08	50000.000000	1.34691e+08	50000.000000	126485    	50000.000000	763874    	50000.000000	372968    	50000.000000	385154    	50000.000000	596485    	
