! 11Li range in H190C5F20
! apply ZOOM for details
Energy (MeV/u)1	0 - [He-base] F.Hubert et al, AD&ND Tables 46(1990)1	Energy (MeV/u)2	1 - [H -base] J.F.Ziegler et al,Pergamon Press,NY(low energy)	Energy (MeV/u)3	2 - ATIMA 1.2 LS-theory (recommended for high energy)	Energy (MeV/u)4	3 - ATIMA 1.2 without LS-correction	Energy (MeV/u)5	4 - ATIMA 1.4 H.Weick, improved mean charge formula for HI	Energy (MeV/u)6	5 - Range straggling - method [0] - LISE	Energy (MeV/u)7	6 - Range straggling - method [1] - Atima	Energy (MeV/u)8	7 - Lateral range - method [0] - LISE	Energy (MeV/u)9	8 - Lateral range - method [1] - Atima	Energy (MeV/u)10	9 - Lateral range - method [2] - PDG	
0.001000	709.524   	0.001000	709.524   	0.001000	534.787   	0.001000	534.787   	0.001000	534.874   	0.001000	0         	0.001000	0         	0.001000	9.10416   	0.001000	20.4083   	0.001000	9.94459   	
0.002000	1419.05   	0.002000	1419.05   	0.002000	1069.57   	0.002000	1069.57   	0.002000	1069.75   	0.002000	33.1346   	0.002000	33.1346   	0.002000	26.6622   	0.002000	57.7589   	0.002000	30.4625   	
0.005000	3261.02   	0.005000	3261.02   	0.005000	2401.09   	0.005000	2401.09   	0.005000	2401.35   	0.005000	39.1263   	0.005000	39.1263   	0.005000	92.4083   	0.005000	193.76    	0.005000	109.707   	
0.008000	4746.45   	0.008000	4746.45   	0.008000	3469.61   	0.008000	3469.61   	0.008000	3469.9    	0.008000	39.3143   	0.008000	39.3143   	0.008000	162.677   	0.008000	336.372   	0.008000	196.127   	
0.010000	5606.01   	0.010000	5606.01   	0.010000	4092.29   	0.010000	4092.29   	0.010000	4092.6    	0.010000	39.9181   	0.010000	39.9181   	0.010000	208.655   	0.010000	428.219   	0.010000	254.457   	
0.015000	7451.55   	0.015000	7451.55   	0.015000	5457.63   	0.015000	5457.63   	0.015000	5457.94   	0.015000	42.7796   	0.015000	42.7796   	0.015000	303.983   	0.015000	605.251   	0.015000	382.753   	
0.020000	8988.77   	0.020000	8988.77   	0.020000	6663.12   	0.020000	6663.12   	0.020000	6663.43   	0.020000	46.5788   	0.020000	46.5788   	0.020000	387.103   	0.020000	747.143   	0.020000	466.413   	
0.025000	10299.5   	0.025000	10299.5   	0.025000	7752.77   	0.025000	7752.77   	0.025000	7753.09   	0.025000	50.4778   	0.025000	50.4778   	0.025000	461.43    	0.025000	866.022   	0.025000	527.975   	
0.030000	11445.5   	0.030000	11445.5   	0.030000	8745.19   	0.030000	8745.19   	0.030000	8745.51   	0.030000	54.0823   	0.030000	54.0823   	0.030000	519.171   	0.030000	957.107   	0.030000	575.74    	
0.035000	12475.2   	0.035000	12475.2   	0.035000	9656      	0.035000	9656      	0.035000	9656.32   	0.035000	57.29     	0.035000	57.29     	0.035000	564.441   	0.035000	1028.48   	0.035000	614.569   	
0.040000	13418.2   	0.040000	13418.2   	0.040000	10501.7   	0.040000	10501.7   	0.040000	10502     	0.040000	60.1458   	0.040000	60.1458   	0.040000	601.622   	0.040000	1087.1    	0.040000	647.259   	
0.045000	14293.1   	0.045000	14293.1   	0.045000	11294.4   	0.045000	11294.4   	0.045000	11294.7   	0.045000	62.7049   	0.045000	62.7049   	0.045000	633.124   	0.045000	1136.76   	0.045000	674.862   	
0.050000	15112.5   	0.050000	15112.5   	0.050000	12043.3   	0.050000	12043.3   	0.050000	12043.6   	0.050000	65.018    	0.050000	65.0144   	0.050000	660.335   	0.050000	1179.59   	0.050000	699.365   	
0.055000	15885.7   	0.055000	15885.7   	0.055000	12755.5   	0.055000	12755.5   	0.055000	12755.9   	0.055000	67.1281   	0.055000	67.1114   	0.055000	684.125   	0.055000	1217.04   	0.055000	721.088   	
0.060000	16619.4   	0.060000	16619.4   	0.060000	13436.8   	0.060000	13436.8   	0.060000	13437.1   	0.060000	69.0704   	0.060000	69.0391   	0.060000	705.466   	0.060000	1250.52   	0.060000	740.515   	
0.070000	17990.5   	0.070000	17990.5   	0.070000	14724.1   	0.070000	14724.1   	0.070000	14724.4   	0.070000	72.5607   	0.070000	72.5126   	0.070000	742.477   	0.070000	1308.26   	0.070000	774.76    	
0.080000	19260.6   	0.080000	19260.6   	0.080000	15933     	0.080000	15933     	0.080000	15933.4   	0.080000	75.6603   	0.080000	75.6236   	0.080000	774.144   	0.080000	1357.16   	0.080000	804.191   	
0.090000	20454.4   	0.090000	20454.4   	0.090000	17083.4   	0.090000	17083.4   	0.090000	17083.7   	0.090000	78.4847   	0.090000	78.4856   	0.090000	801.505   	0.090000	1399.06   	0.090000	830.449   	
0.100000	21589.8   	0.100000	21589.8   	0.100000	18189.4   	0.100000	18189.4   	0.100000	18189.7   	0.100000	81.1139   	0.100000	81.1155   	0.100000	826.364   	0.100000	1436.64   	0.100000	854.227   	
0.120000	23723.5   	0.120000	23723.5   	0.120000	20308.8   	0.120000	20308.8   	0.120000	20309.1   	0.120000	85.9998   	0.120000	85.8862   	0.120000	869.855   	0.120000	1501.25   	0.120000	897.147   	
0.140000	25729.3   	0.140000	25729.3   	0.140000	22351     	0.140000	22351     	0.140000	22351.3   	0.140000	90.6191   	0.140000	90.2835   	0.140000	908.216   	0.140000	1556.77   	0.140000	935.634   	
0.160000	27656.1   	0.160000	27656.1   	0.160000	24353.1   	0.160000	24353.1   	0.160000	24353.4   	0.160000	95.1478   	0.160000	94.51     	0.160000	943.153   	0.160000	1606.14   	0.160000	971.462   	
0.180000	29539.7   	0.180000	29539.7   	0.180000	26339.7   	0.180000	26339.7   	0.180000	26340     	0.180000	99.6963   	0.180000	98.6875   	0.180000	975.963   	0.180000	1651.56   	0.180000	1006      	
0.200000	31401.4   	0.200000	31401.4   	0.200000	28327.4   	0.200000	28327.4   	0.200000	28327.7   	0.200000	104.338   	0.200000	102.894   	0.200000	1007.25   	0.200000	1694.51   	0.200000	1038.97   	
0.250000	36053.6   	0.250000	36053.6   	0.250000	33370.1   	0.250000	33370.1   	0.250000	33370.4   	0.250000	116.648   	0.250000	113.84    	0.250000	1081.98   	0.250000	1795.78   	0.250000	1119.94   	
0.300000	40740.2   	0.300000	40740.2   	0.300000	38581.6   	0.300000	38581.6   	0.300000	38582     	0.300000	130.183   	0.300000	125.629   	0.300000	1154.41   	0.300000	1892.64   	0.300000	1200.14   	
0.350000	45528.6   	0.350000	45528.6   	0.350000	43981.3   	0.350000	43981.3   	0.350000	43981.6   	0.350000	144.887   	0.350000	138.24    	0.350000	1225.4    	0.350000	1987.26   	0.350000	1280.1    	
0.400000	50472.1   	0.400000	50472.1   	0.400000	49603.9   	0.400000	49603.9   	0.400000	49604.2   	0.400000	160.9     	0.400000	151.801   	0.400000	1296.57   	0.400000	2081.71   	0.400000	1361.48   	
0.450000	55610     	0.450000	55610     	0.450000	55474.9   	0.450000	55474.9   	0.450000	55475.3   	0.450000	178.333   	0.450000	166.402   	0.450000	1360.3    	0.450000	2177      	0.450000	1444.13   	
0.500000	60961     	0.500000	60961     	0.500000	61604.6   	0.500000	61604.6   	0.500000	61604.9   	0.500000	197.191   	0.500000	182.041   	0.500000	1419.65   	0.500000	2273.78   	0.500000	1529.35   	
0.600000	72299.2   	0.600000	72299.2   	0.600000	74638     	0.600000	74638     	0.600000	74638.3   	0.600000	238.927   	0.600000	216.389   	0.600000	1541.27   	0.600000	2471.35   	0.600000	1654.95   	
0.700000	84572.6   	0.700000	84572.6   	0.700000	88683.6   	0.700000	88683.6   	0.700000	88683.9   	0.700000	285.571   	0.700000	255.281   	0.700000	1667.51   	0.700000	2669.5    	0.700000	1740.94   	
0.800000	97728.3   	0.800000	97728.3   	0.800000	103711    	0.800000	103711    	0.800000	103711    	0.800000	336.657   	0.800000	297.98    	0.800000	1799.65   	0.800000	2838.48   	0.800000	1835.15   	
0.900000	111692    	0.900000	111692    	0.900000	119691    	0.900000	119691    	0.900000	119691    	0.900000	391.841   	0.900000	343.847   	0.900000	1936.43   	0.900000	3013.23   	0.900000	1935.58   	
1.000000	126549    	1.000000	126549    	1.000000	136620    	1.000000	136620    	1.000000	136620    	1.000000	451.094   	1.000000	392.636   	1.000000	2076.03   	1.000000	3191.66   	1.000000	2042.85   	
1.250000	167809    	1.250000	167809    	1.250000	183059    	1.250000	183059    	1.250000	183059    	1.250000	616.715   	1.250000	526.3     	1.250000	2392.95   	1.250000	3602.52   	1.250000	2338.09   	
1.500000	215914    	1.500000	215914    	1.500000	235130    	1.500000	235130    	1.500000	235131    	1.500000	805.315   	1.500000	674.161   	1.500000	2713.41   	1.500000	4023.2    	1.500000	2669.36   	
1.750000	271282    	1.750000	271282    	1.750000	292700    	1.750000	292700    	1.750000	292700    	1.750000	1016.39   	1.750000	835.216   	1.750000	3067.87   	1.750000	4487.85   	1.750000	3035.4    	
2.000000	333389    	2.000000	333389    	2.000000	355720    	2.000000	355720    	2.000000	355720    	2.000000	1250.21   	2.000000	1009.32   	2.000000	3455.74   	2.000000	4994.45   	2.000000	3435.92   	
2.250000	401876    	2.250000	401876    	2.250000	424197    	2.250000	424197    	2.250000	424197    	2.250000	1507.42   	2.250000	1196.7    	2.250000	3876.92   	2.250000	5541.98   	2.250000	3871.02   	
2.500000	476564    	2.500000	476498    	2.500000	498151    	2.500000	498151    	2.500000	498151    	2.500000	1788.7    	2.500000	1397.65   	2.500000	4331.47   	2.500000	6129.86   	2.500000	4340.92   	
3.000000	647368    	3.000000	643438    	3.000000	662547    	3.000000	662547    	3.000000	662547    	3.000000	2425.27   	3.000000	1841      	3.000000	5341.1    	3.000000	7425.13   	3.000000	5385.94   	
3.500000	841141    	3.500000	833241    	3.500000	848950    	3.500000	848950    	3.500000	848950    	3.500000	3162.45   	3.500000	2340.2    	3.500000	6484.92   	3.500000	8877.4    	3.500000	6571.87   	
4.000000	1.05748e+06	4.000000	1.04536e+06	4.000000	1.0573e+06	4.000000	1.0573e+06	4.000000	1.0573e+06	4.000000	4001.22   	4.000000	2895.09   	4.000000	7762.88   	4.000000	10484.2   	4.000000	7899.03   	
4.500000	1.29604e+06	4.500000	1.27945e+06	4.500000	1.28746e+06	4.500000	1.28746e+06	4.500000	1.28746e+06	4.500000	4941.6    	4.500000	3504.67   	4.500000	9174.45   	4.500000	12242.9   	4.500000	9367.12   	
5.000000	1.55651e+06	5.000000	1.53521e+06	5.000000	1.53924e+06	5.000000	1.53924e+06	5.000000	1.53924e+06	5.000000	5983.06   	5.000000	4167.81   	5.000000	10718.8   	5.000000	14150.9   	5.000000	10975.5   	
5.500000	1.83859e+06	5.500000	1.81239e+06	5.500000	1.81245e+06	5.500000	1.81245e+06	5.500000	1.81245e+06	5.500000	7124.75   	5.500000	4883.44   	5.500000	12394.8   	5.500000	16205.6   	5.500000	12723     	
6.000000	2.14203e+06	6.000000	2.11074e+06	6.000000	2.10685e+06	6.000000	2.10685e+06	6.000000	2.10685e+06	6.000000	8365.75   	6.000000	5650.52   	6.000000	14201.4   	6.000000	18404.5   	6.000000	14608.9   	
6.500000	2.46658e+06	6.500000	2.43003e+06	6.500000	2.42225e+06	6.500000	2.42225e+06	6.500000	2.42224e+06	6.500000	9705.07   	6.500000	6467.99   	6.500000	16137.4   	6.500000	20745.3   	6.500000	16631.8   	
7.000000	2.81203e+06	7.000000	2.77008e+06	7.000000	2.75842e+06	7.000000	2.75842e+06	7.000000	2.75842e+06	7.000000	11141.8   	7.000000	7334.94   	7.000000	18201.8   	7.000000	23225.8   	7.000000	18790.8   	
7.500000	3.17815e+06	7.500000	3.13067e+06	7.500000	3.11517e+06	7.500000	3.11517e+06	7.500000	3.11517e+06	7.500000	12675     	7.500000	8250.57   	7.500000	20393.3   	7.500000	25843.8   	7.500000	21084.8   	
8.000000	3.56476e+06	8.000000	3.51165e+06	8.000000	3.49231e+06	8.000000	3.49231e+06	8.000000	3.49231e+06	8.000000	14304     	8.000000	9214.03   	8.000000	22711.2   	8.000000	28597.6   	8.000000	23512.7   	
8.500000	3.97167e+06	8.500000	3.91283e+06	8.500000	3.88967e+06	8.500000	3.88967e+06	8.500000	3.88967e+06	8.500000	16027.9   	8.500000	10224.4   	8.500000	25154.3   	8.500000	31485.4   	8.500000	26073.7   	
9.000000	4.3987e+06	9.000000	4.33406e+06	9.000000	4.30709e+06	9.000000	4.30709e+06	9.000000	4.30708e+06	9.000000	17846.1   	9.000000	11280.9   	9.000000	27721.8   	9.000000	34505.6   	9.000000	28766.9   	
9.500000	4.84569e+06	9.500000	4.7752e+06	9.500000	4.74439e+06	9.500000	4.74439e+06	9.500000	4.74439e+06	9.500000	19758.1   	9.500000	12383.1   	9.500000	30412.9   	9.500000	37656.6   	9.500000	31591.4   	
10.000000	5.31248e+06	10.000000	5.23637e+06	10.000000	5.20145e+06	10.000000	5.20145e+06	10.000000	5.20145e+06	10.000000	21763.2   	10.000000	13530.6   	10.000000	33226.7   	10.000000	40937     	10.000000	34546.5   	
11.000000	6.30485e+06	11.000000	6.2329e+06	11.000000	6.17492e+06	11.000000	6.17485e+06	11.000000	6.17493e+06	11.000000	26059     	11.000000	15965.2   	11.000000	39224.8   	11.000000	47886.5   	11.000000	40850.7   	
12.000000	7.37468e+06	12.000000	7.30552e+06	12.000000	7.22711e+06	12.000000	7.22683e+06	12.000000	7.22715e+06	12.000000	30736.4   	12.000000	18585.2   	12.000000	45715.8   	12.000000	55350.2   	12.000000	47679.7   	
13.000000	8.52092e+06	13.000000	8.45334e+06	13.000000	8.3571e+06	13.000000	8.35648e+06	13.000000	8.35718e+06	13.000000	35790.4   	13.000000	21385.5   	13.000000	52695     	13.000000	63319.9   	13.000000	55028.9   	
14.000000	9.74257e+06	14.000000	9.6755e+06	14.000000	9.564e+06 	14.000000	9.56294e+06	14.000000	9.56417e+06	14.000000	41216.5   	14.000000	24361.8   	14.000000	60158.1   	14.000000	71787.9   	14.000000	62894     	
15.000000	1.10387e+07	15.000000	1.09712e+07	15.000000	1.0847e+07	15.000000	1.08454e+07	15.000000	1.08473e+07	15.000000	47010.5   	15.000000	27512.2   	15.000000	68100.8   	15.000000	80747.2   	15.000000	71270.8   	
16.000000	1.24085e+07	16.000000	1.23397e+07	16.000000	1.22052e+07	16.000000	1.22031e+07	16.000000	1.22057e+07	16.000000	53168.4   	16.000000	30834.2   	16.000000	76518.9   	16.000000	90190.9   	16.000000	80155.2   	
17.000000	1.38511e+07	17.000000	1.37802e+07	17.000000	1.3638e+07	17.000000	1.36352e+07	17.000000	1.36387e+07	17.000000	59686     	17.000000	34323.5   	17.000000	85408.2   	17.000000	100112    	17.000000	89543.2   	
18.000000	1.53658e+07	18.000000	1.52922e+07	18.000000	1.51444e+07	18.000000	1.5141e+07	18.000000	1.51454e+07	18.000000	66559.1   	18.000000	37976.6   	18.000000	94764.3   	18.000000	110505    	18.000000	99430.5   	
19.000000	1.69518e+07	19.000000	1.68748e+07	19.000000	1.67238e+07	19.000000	1.67198e+07	19.000000	1.67252e+07	19.000000	73783.3   	19.000000	41790.9   	19.000000	104583    	19.000000	121363    	19.000000	109813    	
20.000000	1.86083e+07	20.000000	1.85276e+07	20.000000	1.83755e+07	20.000000	1.83707e+07	20.000000	1.83772e+07	20.000000	81354.2   	20.000000	45763.9   	20.000000	114859    	20.000000	132680    	20.000000	120685    	
21.000000	2.03348e+07	21.000000	2.02499e+07	21.000000	2.00986e+07	21.000000	2.00932e+07	21.000000	2.01007e+07	21.000000	89266.9   	21.000000	49892.6   	21.000000	125589    	21.000000	144449    	21.000000	132044    	
22.000000	2.21306e+07	22.000000	2.20411e+07	22.000000	2.18924e+07	22.000000	2.18863e+07	22.000000	2.18949e+07	22.000000	97516.5   	22.000000	54174     	22.000000	136767    	22.000000	156664    	22.000000	143883    	
23.000000	2.3995e+07	23.000000	2.39006e+07	23.000000	2.37561e+07	23.000000	2.37493e+07	23.000000	2.37591e+07	23.000000	106098    	23.000000	58605.3   	23.000000	148388    	23.000000	169318    	23.000000	156199    	
24.000000	2.59274e+07	24.000000	2.58281e+07	24.000000	2.56888e+07	24.000000	2.56815e+07	24.000000	2.56924e+07	24.000000	115005    	24.000000	63183.3   	24.000000	160448    	24.000000	182406    	24.000000	168985    	
25.000000	2.79274e+07	25.000000	2.78228e+07	25.000000	2.76898e+07	25.000000	2.7682e+07	25.000000	2.76941e+07	25.000000	124234    	25.000000	67904.9   	25.000000	172940    	25.000000	195920    	25.000000	182237    	
27.000000	3.21275e+07	27.000000	3.20122e+07	27.000000	3.18937e+07	27.000000	3.18849e+07	27.000000	3.18992e+07	27.000000	143628    	27.000000	77767     	27.000000	199201    	27.000000	224202    	27.000000	210115    	
29.000000	3.65909e+07	29.000000	3.64651e+07	29.000000	3.63608e+07	29.000000	3.63515e+07	29.000000	3.63679e+07	29.000000	164232    	29.000000	88164.2   	29.000000	227125    	29.000000	254110    	29.000000	239787    	
31.000000	4.13138e+07	31.000000	4.11777e+07	31.000000	4.1085e+07	31.000000	4.10756e+07	31.000000	4.10938e+07	31.000000	186000    	31.000000	99066.5   	31.000000	256667    	31.000000	285592    	31.000000	271207    	
33.000000	4.62923e+07	33.000000	4.61466e+07	33.000000	4.60645e+07	33.000000	4.60555e+07	33.000000	4.6075e+07	33.000000	208944    	33.000000	110486    	33.000000	287815    	33.000000	318632    	33.000000	304365    	
35.000000	5.15228e+07	35.000000	5.13686e+07	35.000000	5.12963e+07	35.000000	5.12882e+07	35.000000	5.13085e+07	35.000000	233056    	35.000000	122417    	35.000000	320550    	35.000000	353206    	35.000000	339244    	
38.000000	5.98336e+07	38.000000	5.9669e+07	38.000000	5.96102e+07	38.000000	5.96046e+07	38.000000	5.96253e+07	38.000000	271381    	38.000000	141250    	38.000000	372581    	38.000000	407889    	38.000000	394744    	
41.000000	6.86929e+07	41.000000	6.85213e+07	41.000000	6.84744e+07	41.000000	6.84726e+07	41.000000	6.84926e+07	41.000000	312248    	41.000000	161198    	41.000000	428064    	41.000000	465886    	41.000000	454003    	
44.000000	7.80905e+07	44.000000	7.7916e+07	44.000000	7.78793e+07	44.000000	7.78827e+07	44.000000	7.7901e+07	44.000000	355607    	44.000000	182220    	44.000000	486934    	44.000000	527124    	44.000000	516960    	
47.000000	8.80168e+07	47.000000	8.7844e+07	47.000000	8.78156e+07	47.000000	8.78259e+07	47.000000	8.78412e+07	47.000000	401409    	47.000000	204295    	47.000000	549129    	47.000000	591534    	47.000000	583556    	
50.000000	9.84627e+07	50.000000	9.82964e+07	50.000000	9.82749e+07	50.000000	9.82934e+07	50.000000	9.83049e+07	50.000000	449605    	50.000000	227403    	50.000000	614588    	50.000000	659053    	50.000000	653737    	
55.000000	1.17004e+08	55.000000	1.1686e+08	55.000000	1.16849e+08	55.000000	1.16882e+08	55.000000	1.16885e+08	55.000000	535123    	55.000000	268155    	55.000000	730788    	55.000000	778329    	55.000000	778528    	
60.000000	1.36929e+08	60.000000	1.36821e+08	60.000000	1.36817e+08	60.000000	1.3687e+08	60.000000	1.36861e+08	60.000000	626949    	60.000000	311632    	60.000000	855649    	60.000000	905812    	60.000000	912899    	
65.000000	1.58202e+08	65.000000	1.58146e+08	65.000000	1.58147e+08	65.000000	1.58222e+08	65.000000	1.58198e+08	65.000000	724879    	65.000000	357710    	65.000000	988932    	65.000000	1.04126e+06	65.000000	1.05663e+06	
70.000000	1.80792e+08	70.000000	1.80801e+08	70.000000	1.80805e+08	70.000000	1.80907e+08	70.000000	1.80865e+08	70.000000	828720    	70.000000	406334    	70.000000	1.13041e+06	70.000000	1.18445e+06	70.000000	1.20952e+06	
75.000000	2.04668e+08	75.000000	2.04756e+08	75.000000	2.04764e+08	75.000000	2.04895e+08	75.000000	2.04833e+08	75.000000	938285    	75.000000	457411    	75.000000	1.27987e+06	75.000000	1.33518e+06	75.000000	1.37136e+06	
80.000000	2.29803e+08	80.000000	2.29982e+08	80.000000	2.29994e+08	80.000000	2.30157e+08	80.000000	2.30072e+08	80.000000	1.05339e+06	80.000000	510893    	80.000000	1.43711e+06	80.000000	1.49324e+06	80.000000	1.54198e+06	
85.000000	2.56171e+08	85.000000	2.56451e+08	85.000000	2.56468e+08	85.000000	2.56667e+08	85.000000	2.56556e+08	85.000000	1.17388e+06	85.000000	566669    	85.000000	1.60193e+06	85.000000	1.65846e+06	85.000000	1.72119e+06	
90.000000	2.83746e+08	90.000000	2.84136e+08	90.000000	2.84161e+08	90.000000	2.84399e+08	90.000000	2.84259e+08	90.000000	1.29957e+06	90.000000	624686    	90.000000	1.77414e+06	90.000000	1.83065e+06	90.000000	1.90882e+06	
95.000000	3.12505e+08	95.000000	3.13013e+08	95.000000	3.13047e+08	95.000000	3.13328e+08	95.000000	3.13156e+08	95.000000	1.4303e+06	95.000000	684885    	95.000000	1.95355e+06	95.000000	2.00965e+06	95.000000	2.1047e+06	
100.000000	3.42426e+08	100.000000	3.43056e+08	100.000000	3.43103e+08	100.000000	3.43429e+08	100.000000	3.43222e+08	100.000000	1.56593e+06	100.000000	747212    	100.000000	2.13999e+06	100.000000	2.19529e+06	100.000000	2.30867e+06	
105.000000	3.73487e+08	105.000000	3.74243e+08	105.000000	3.74305e+08	105.000000	3.7468e+08	105.000000	3.74436e+08	105.000000	1.70631e+06	105.000000	811613    	105.000000	2.3333e+06	105.000000	2.38743e+06	105.000000	2.52059e+06	
110.000000	4.05667e+08	110.000000	4.0655e+08	110.000000	4.06633e+08	110.000000	4.07059e+08	110.000000	4.06774e+08	110.000000	1.85128e+06	110.000000	878043    	110.000000	2.5333e+06	110.000000	2.58592e+06	110.000000	2.74028e+06	
115.000000	4.38948e+08	115.000000	4.39955e+08	115.000000	4.40062e+08	115.000000	4.40543e+08	115.000000	4.40216e+08	115.000000	2.00072e+06	115.000000	946432    	115.000000	2.73983e+06	115.000000	2.79061e+06	115.000000	2.96762e+06	
120.000000	4.73311e+08	120.000000	4.74438e+08	120.000000	4.74574e+08	120.000000	4.75113e+08	120.000000	4.7474e+08	120.000000	2.15449e+06	120.000000	1.01669e+06	120.000000	2.95275e+06	120.000000	3.00137e+06	120.000000	3.20245e+06	
125.000000	5.08737e+08	125.000000	5.09979e+08	125.000000	5.10148e+08	125.000000	5.10749e+08	125.000000	5.10326e+08	125.000000	2.31245e+06	125.000000	1.08884e+06	125.000000	3.17189e+06	125.000000	3.21807e+06	125.000000	3.44464e+06	
130.000000	5.4521e+08	130.000000	5.46556e+08	130.000000	5.46763e+08	130.000000	5.47429e+08	130.000000	5.46956e+08	130.000000	2.47449e+06	130.000000	1.16279e+06	130.000000	3.39712e+06	130.000000	3.44057e+06	130.000000	3.69406e+06	
135.000000	5.82713e+08	135.000000	5.84152e+08	135.000000	5.84405e+08	135.000000	5.85137e+08	135.000000	5.84609e+08	135.000000	2.64048e+06	135.000000	1.23848e+06	135.000000	3.6283e+06	135.000000	3.66877e+06	135.000000	3.95057e+06	
140.000000	6.21231e+08	140.000000	6.22748e+08	140.000000	6.23053e+08	140.000000	6.23853e+08	140.000000	6.23269e+08	140.000000	2.8103e+06	140.000000	1.31587e+06	140.000000	3.86527e+06	140.000000	3.90254e+06	140.000000	4.21405e+06	
145.000000	6.60747e+08	145.000000	6.62326e+08	145.000000	6.62687e+08	145.000000	6.6356e+08	145.000000	6.62916e+08	145.000000	2.98384e+06	145.000000	1.39493e+06	145.000000	4.10792e+06	145.000000	4.14176e+06	145.000000	4.48438e+06	
150.000000	7.01247e+08	150.000000	7.02869e+08	150.000000	7.03292e+08	150.000000	7.04239e+08	150.000000	7.03533e+08	150.000000	3.16099e+06	150.000000	1.47562e+06	150.000000	4.35611e+06	150.000000	4.38632e+06	150.000000	4.76142e+06	
155.000000	7.69189e+08	155.000000	7.44358e+08	155.000000	7.4485e+08	155.000000	7.45875e+08	155.000000	7.45104e+08	155.000000	3.34164e+06	155.000000	1.5579e+06	155.000000	4.60971e+06	155.000000	4.63612e+06	155.000000	5.04507e+06	
160.000000	8.3952e+08	160.000000	7.86779e+08	160.000000	7.87344e+08	160.000000	7.88451e+08	160.000000	7.87612e+08	160.000000	3.52568e+06	160.000000	1.64175e+06	160.000000	4.86861e+06	160.000000	4.89104e+06	160.000000	5.3352e+06	
165.000000	9.11311e+08	165.000000	8.30115e+08	165.000000	8.30758e+08	165.000000	8.3195e+08	165.000000	8.31041e+08	165.000000	3.71301e+06	165.000000	1.72713e+06	165.000000	5.13267e+06	165.000000	5.151e+06 	165.000000	5.63172e+06	
170.000000	9.84537e+08	170.000000	8.74351e+08	170.000000	8.75079e+08	170.000000	8.76357e+08	170.000000	8.75376e+08	170.000000	3.90355e+06	170.000000	1.81401e+06	170.000000	5.40179e+06	170.000000	5.41588e+06	170.000000	5.93449e+06	
175.000000	1.05917e+09	175.000000	9.19471e+08	175.000000	9.20289e+08	175.000000	9.21658e+08	175.000000	9.20601e+08	175.000000	4.09718e+06	175.000000	1.90235e+06	175.000000	5.67585e+06	175.000000	5.6856e+06	175.000000	6.24342e+06	
180.000000	1.1352e+09	180.000000	9.6546e+08	180.000000	9.66372e+08	180.000000	9.67836e+08	180.000000	9.66702e+08	180.000000	4.29382e+06	180.000000	1.99213e+06	180.000000	5.95474e+06	180.000000	5.96005e+06	180.000000	6.55841e+06	
185.000000	1.21258e+09	185.000000	1.0123e+09	185.000000	1.01332e+09	185.000000	1.01488e+09	185.000000	1.01366e+09	185.000000	4.49338e+06	185.000000	2.08333e+06	185.000000	6.23834e+06	185.000000	6.23915e+06	185.000000	6.87934e+06	
190.000000	1.29131e+09	190.000000	1.05999e+09	190.000000	1.06111e+09	190.000000	1.06277e+09	190.000000	1.06147e+09	190.000000	4.69577e+06	190.000000	2.17585e+06	190.000000	6.52656e+06	190.000000	6.5228e+06	190.000000	7.20611e+06	
195.000000	1.37136e+09	195.000000	1.1085e+09	195.000000	1.10974e+09	195.000000	1.11149e+09	195.000000	1.11011e+09	195.000000	4.9009e+06	195.000000	2.26967e+06	195.000000	6.81929e+06	195.000000	6.81093e+06	195.000000	7.53864e+06	
200.000000	1.4527e+09	200.000000	1.15783e+09	200.000000	1.15918e+09	200.000000	1.16104e+09	200.000000	1.15957e+09	200.000000	5.10869e+06	200.000000	2.36481e+06	200.000000	7.11643e+06	200.000000	7.10344e+06	200.000000	7.87681e+06	
210.000000	1.61921e+09	210.000000	1.25888e+09	210.000000	1.26048e+09	210.000000	1.26255e+09	210.000000	1.2609e+09	210.000000	5.53195e+06	210.000000	2.55892e+06	210.000000	7.72354e+06	210.000000	7.70128e+06	210.000000	8.56973e+06	
220.000000	1.79067e+09	220.000000	1.36302e+09	220.000000	1.36489e+09	220.000000	1.36719e+09	220.000000	1.36535e+09	220.000000	5.96492e+06	220.000000	2.75781e+06	220.000000	8.34714e+06	220.000000	8.31568e+06	220.000000	9.28414e+06	
230.000000	1.96693e+09	230.000000	1.47018e+09	230.000000	1.47233e+09	230.000000	1.47487e+09	230.000000	1.47282e+09	230.000000	6.40703e+06	230.000000	2.96128e+06	230.000000	8.98651e+06	230.000000	8.94605e+06	230.000000	1.00193e+07	
240.000000	2.14786e+09	240.000000	1.58025e+09	240.000000	1.5827e+09	240.000000	1.58548e+09	240.000000	1.58322e+09	240.000000	6.85771e+06	240.000000	3.16926e+06	240.000000	9.64094e+06	240.000000	9.59179e+06	240.000000	1.07746e+07	
250.000000	2.33331e+09	250.000000	1.69315e+09	250.000000	1.69591e+09	250.000000	1.69895e+09	250.000000	1.69647e+09	250.000000	7.31645e+06	250.000000	3.38167e+06	250.000000	1.03098e+07	250.000000	1.02523e+07	250.000000	1.15493e+07	
260.000000	2.52315e+09	260.000000	1.8088e+09	260.000000	1.81188e+09	260.000000	1.81517e+09	260.000000	1.81247e+09	260.000000	7.78276e+06	260.000000	3.59799e+06	260.000000	1.09924e+07	260.000000	1.09272e+07	260.000000	1.23428e+07	
270.000000	2.71726e+09	270.000000	1.92711e+09	270.000000	1.93051e+09	270.000000	1.93408e+09	270.000000	1.93114e+09	270.000000	8.25617e+06	270.000000	3.81824e+06	270.000000	1.16882e+07	270.000000	1.16158e+07	270.000000	1.31545e+07	
280.000000	2.91553e+09	280.000000	2.048e+09 	280.000000	2.05174e+09	280.000000	2.05559e+09	280.000000	2.05241e+09	280.000000	8.73622e+06	280.000000	4.04234e+06	280.000000	1.23967e+07	280.000000	1.23177e+07	280.000000	1.39839e+07	
290.000000	3.11782e+09	290.000000	2.17141e+09	290.000000	2.17548e+09	290.000000	2.17963e+09	290.000000	2.17619e+09	290.000000	9.22251e+06	290.000000	4.27016e+06	290.000000	1.31171e+07	290.000000	1.30323e+07	290.000000	1.48302e+07	
300.000000	3.32405e+09	300.000000	2.29726e+09	300.000000	2.30166e+09	300.000000	2.30611e+09	300.000000	2.30241e+09	300.000000	9.71464e+06	300.000000	4.50151e+06	300.000000	1.38491e+07	300.000000	1.37594e+07	300.000000	1.56931e+07	
310.000000	3.53409e+09	310.000000	2.42548e+09	310.000000	2.43022e+09	310.000000	2.43498e+09	310.000000	2.43101e+09	310.000000	1.02122e+07	310.000000	4.73611e+06	310.000000	1.45921e+07	310.000000	1.44983e+07	310.000000	1.6572e+07	
320.000000	3.74785e+09	320.000000	2.556e+09 	320.000000	2.56108e+09	320.000000	2.56615e+09	320.000000	2.5619e+09	320.000000	1.07149e+07	320.000000	4.97399e+06	320.000000	1.53457e+07	320.000000	1.52488e+07	320.000000	1.74663e+07	
330.000000	3.96523e+09	330.000000	2.68877e+09	330.000000	2.69417e+09	330.000000	2.69957e+09	330.000000	2.69504e+09	330.000000	1.12223e+07	330.000000	5.21508e+06	330.000000	1.61093e+07	330.000000	1.60104e+07	330.000000	1.83756e+07	
340.000000	4.18614e+09	340.000000	2.82372e+09	340.000000	2.82944e+09	340.000000	2.83517e+09	340.000000	2.83035e+09	340.000000	1.17342e+07	340.000000	5.45911e+06	340.000000	1.68826e+07	340.000000	1.67826e+07	340.000000	1.92993e+07	
350.000000	4.41048e+09	350.000000	2.96079e+09	350.000000	2.96683e+09	350.000000	2.9729e+09	350.000000	2.96777e+09	350.000000	1.22502e+07	350.000000	5.70593e+06	350.000000	1.76651e+07	350.000000	1.75653e+07	350.000000	2.02372e+07	
360.000000	4.63817e+09	360.000000	3.09993e+09	360.000000	3.10627e+09	360.000000	3.11268e+09	360.000000	3.10725e+09	360.000000	1.277e+07 	360.000000	5.95554e+06	360.000000	1.84563e+07	360.000000	1.83578e+07	360.000000	2.11886e+07	
370.000000	4.86913e+09	370.000000	3.24107e+09	370.000000	3.2477e+09	370.000000	3.25447e+09	370.000000	3.24873e+09	370.000000	1.32934e+07	370.000000	6.20799e+06	370.000000	1.9256e+07	370.000000	1.91601e+07	370.000000	2.21532e+07	
380.000000	5.10326e+09	380.000000	3.38418e+09	380.000000	3.39108e+09	380.000000	3.39821e+09	380.000000	3.39214e+09	380.000000	1.38202e+07	380.000000	6.46318e+06	380.000000	2.00637e+07	380.000000	1.99716e+07	380.000000	2.31305e+07	
390.000000	5.3405e+09	390.000000	3.52919e+09	390.000000	3.53634e+09	390.000000	3.54384e+09	390.000000	3.53745e+09	390.000000	1.43499e+07	390.000000	6.72087e+06	390.000000	2.08791e+07	390.000000	2.07921e+07	390.000000	2.41202e+07	
400.000000	5.58077e+09	400.000000	3.67605e+09	400.000000	3.68345e+09	400.000000	3.69132e+09	400.000000	3.6846e+09	400.000000	1.48825e+07	400.000000	6.98098e+06	400.000000	2.17018e+07	400.000000	2.16214e+07	400.000000	2.51219e+07	
410.000000	5.82399e+09	410.000000	3.82473e+09	410.000000	3.83234e+09	410.000000	3.8406e+09	410.000000	3.83354e+09	410.000000	1.54177e+07	410.000000	7.24346e+06	410.000000	2.25315e+07	410.000000	2.24589e+07	410.000000	2.61352e+07	
420.000000	6.07009e+09	420.000000	3.97516e+09	420.000000	3.98297e+09	420.000000	3.99162e+09	420.000000	3.98421e+09	420.000000	1.59553e+07	420.000000	7.50813e+06	420.000000	2.33679e+07	420.000000	2.33046e+07	420.000000	2.71597e+07	
430.000000	6.31901e+09	430.000000	4.12732e+09	430.000000	4.13529e+09	430.000000	4.14435e+09	430.000000	4.13659e+09	430.000000	1.64951e+07	430.000000	7.77484e+06	430.000000	2.42107e+07	430.000000	2.41581e+07	430.000000	2.81951e+07	
440.000000	6.57066e+09	440.000000	4.28114e+09	440.000000	4.28927e+09	440.000000	4.29873e+09	440.000000	4.29061e+09	440.000000	1.70368e+07	440.000000	8.04357e+06	440.000000	2.50595e+07	440.000000	2.50191e+07	440.000000	2.9241e+07	
450.000000	6.825e+09 	450.000000	4.4366e+09	450.000000	4.44486e+09	450.000000	4.45472e+09	450.000000	4.44624e+09	450.000000	1.75803e+07	450.000000	8.31438e+06	450.000000	2.59142e+07	450.000000	2.58874e+07	450.000000	3.02971e+07	
460.000000	7.08195e+09	460.000000	4.59365e+09	460.000000	4.60201e+09	460.000000	4.61228e+09	460.000000	4.60344e+09	460.000000	1.81255e+07	460.000000	8.58729e+06	460.000000	2.67744e+07	460.000000	2.67627e+07	460.000000	3.13631e+07	
470.000000	7.34146e+09	470.000000	4.75225e+09	470.000000	4.76068e+09	470.000000	4.77138e+09	470.000000	4.76215e+09	470.000000	1.86721e+07	470.000000	8.8622e+06	470.000000	2.76398e+07	470.000000	2.76448e+07	470.000000	3.24387e+07	
480.000000	7.60347e+09	480.000000	4.91236e+09	480.000000	4.92084e+09	480.000000	4.93196e+09	480.000000	4.92236e+09	480.000000	1.92201e+07	480.000000	9.13901e+06	480.000000	2.85103e+07	480.000000	2.85335e+07	480.000000	3.35236e+07	
490.000000	7.86791e+09	490.000000	5.07395e+09	490.000000	5.08243e+09	490.000000	5.09399e+09	490.000000	5.08401e+09	490.000000	1.97691e+07	490.000000	9.41754e+06	490.000000	2.93855e+07	490.000000	2.94284e+07	490.000000	3.46175e+07	
500.000000	8.13473e+09	500.000000	5.23698e+09	500.000000	5.24544e+09	500.000000	5.25744e+09	500.000000	5.24707e+09	500.000000	2.03192e+07	500.000000	9.69772e+06	500.000000	3.02652e+07	500.000000	3.03295e+07	500.000000	3.572e+07 	
520.000000	8.6753e+09	520.000000	5.56722e+09	520.000000	5.57556e+09	520.000000	5.58844e+09	520.000000	5.57727e+09	520.000000	2.14219e+07	520.000000	1.02632e+07	520.000000	3.20375e+07	520.000000	3.21491e+07	520.000000	3.79501e+07	
540.000000	9.22475e+09	540.000000	5.90281e+09	540.000000	5.9109e+09	540.000000	5.92467e+09	540.000000	5.91269e+09	540.000000	2.2527e+07	540.000000	1.08353e+07	540.000000	3.38253e+07	540.000000	3.39906e+07	540.000000	4.02118e+07	
560.000000	9.7827e+09	560.000000	6.24349e+09	560.000000	6.25118e+09	560.000000	6.26588e+09	560.000000	6.25307e+09	560.000000	2.36336e+07	560.000000	1.14133e+07	560.000000	3.56272e+07	560.000000	3.58526e+07	560.000000	4.25032e+07	
580.000000	1.03487e+10	580.000000	6.58904e+09	580.000000	6.59618e+09	580.000000	6.61183e+09	580.000000	6.59817e+09	580.000000	2.4741e+07	580.000000	1.19972e+07	580.000000	3.74416e+07	580.000000	3.77335e+07	580.000000	4.48223e+07	
600.000000	1.09226e+10	600.000000	6.93922e+09	600.000000	6.94567e+09	600.000000	6.96229e+09	600.000000	6.94776e+09	600.000000	2.58484e+07	600.000000	1.25868e+07	600.000000	3.92672e+07	600.000000	3.9632e+07	600.000000	4.71674e+07	
620.000000	1.15038e+10	620.000000	7.29382e+09	620.000000	7.29942e+09	620.000000	7.31703e+09	620.000000	7.30162e+09	620.000000	2.69551e+07	620.000000	1.31814e+07	620.000000	4.11028e+07	620.000000	4.15469e+07	620.000000	4.95369e+07	
640.000000	1.20921e+10	640.000000	7.65264e+09	640.000000	7.65724e+09	640.000000	7.67586e+09	640.000000	7.65955e+09	640.000000	2.80605e+07	640.000000	1.37808e+07	640.000000	4.29473e+07	640.000000	4.34769e+07	640.000000	5.19291e+07	
660.000000	1.26871e+10	660.000000	8.01548e+09	660.000000	8.01893e+09	660.000000	8.03857e+09	660.000000	8.02136e+09	660.000000	2.9164e+07	660.000000	1.43847e+07	660.000000	4.47994e+07	660.000000	4.54211e+07	660.000000	5.43427e+07	
680.000000	1.32887e+10	680.000000	8.38216e+09	680.000000	8.38433e+09	680.000000	8.405e+09 	680.000000	8.38686e+09	680.000000	3.02651e+07	680.000000	1.49929e+07	680.000000	4.66584e+07	680.000000	4.73782e+07	680.000000	5.67762e+07	
700.000000	1.38965e+10	700.000000	8.75251e+09	700.000000	8.75326e+09	700.000000	8.77495e+09	700.000000	8.75588e+09	700.000000	3.13635e+07	700.000000	1.56053e+07	700.000000	4.85231e+07	700.000000	4.93474e+07	700.000000	5.92282e+07	
720.000000	1.45101e+10	720.000000	9.12636e+09	720.000000	9.12554e+09	720.000000	9.14828e+09	720.000000	9.12826e+09	720.000000	3.24587e+07	720.000000	1.62218e+07	720.000000	5.03928e+07	720.000000	5.13277e+07	720.000000	6.16976e+07	
740.000000	1.51295e+10	740.000000	9.50356e+09	740.000000	9.501e+09 	740.000000	9.52482e+09	740.000000	9.50384e+09	740.000000	3.35502e+07	740.000000	1.6842e+07	740.000000	5.22666e+07	740.000000	5.33182e+07	740.000000	6.41832e+07	
760.000000	1.57543e+10	760.000000	9.88396e+09	760.000000	9.87952e+09	760.000000	9.90443e+09	760.000000	9.88247e+09	760.000000	3.46379e+07	760.000000	1.74657e+07	760.000000	5.41439e+07	760.000000	5.53181e+07	760.000000	6.66839e+07	
780.000000	1.63843e+10	780.000000	1.02674e+10	780.000000	1.0261e+10	780.000000	1.0287e+10	780.000000	1.0264e+10	780.000000	3.57214e+07	780.000000	1.80924e+07	780.000000	5.60239e+07	780.000000	5.73266e+07	780.000000	6.91986e+07	
800.000000	1.70193e+10	800.000000	1.06538e+10	800.000000	1.06452e+10	800.000000	1.06723e+10	800.000000	1.06484e+10	800.000000	3.68005e+07	800.000000	1.87222e+07	800.000000	5.79059e+07	800.000000	5.93429e+07	800.000000	7.17263e+07	
820.000000	1.7659e+10	820.000000	1.10429e+10	820.000000	1.10321e+10	820.000000	1.10603e+10	820.000000	1.10354e+10	820.000000	3.78749e+07	820.000000	1.93552e+07	820.000000	5.97894e+07	820.000000	6.13665e+07	820.000000	7.4266e+07	
840.000000	1.83032e+10	840.000000	1.14348e+10	840.000000	1.14216e+10	840.000000	1.14509e+10	840.000000	1.14249e+10	840.000000	3.89443e+07	840.000000	1.99914e+07	840.000000	6.16739e+07	840.000000	6.33966e+07	840.000000	7.68169e+07	
860.000000	1.89518e+10	860.000000	1.18292e+10	860.000000	1.18134e+10	860.000000	1.18439e+10	860.000000	1.18169e+10	860.000000	4.00088e+07	860.000000	2.06307e+07	860.000000	6.35587e+07	860.000000	6.54326e+07	860.000000	7.93782e+07	
880.000000	1.96046e+10	880.000000	1.2226e+10	880.000000	1.22076e+10	880.000000	1.22392e+10	880.000000	1.22112e+10	880.000000	4.10679e+07	880.000000	2.1273e+07	880.000000	6.54435e+07	880.000000	6.74739e+07	880.000000	8.19489e+07	
900.000000	2.02614e+10	900.000000	1.26251e+10	900.000000	1.2604e+10	900.000000	1.26367e+10	900.000000	1.26077e+10	900.000000	4.21217e+07	900.000000	2.19181e+07	900.000000	6.73277e+07	900.000000	6.952e+07 	900.000000	8.45284e+07	
920.000000	2.09219e+10	920.000000	1.30265e+10	920.000000	1.30025e+10	920.000000	1.30364e+10	920.000000	1.30063e+10	920.000000	4.317e+07 	920.000000	2.25656e+07	920.000000	6.9211e+07	920.000000	7.15703e+07	920.000000	8.71159e+07	
940.000000	2.15861e+10	940.000000	1.34299e+10	940.000000	1.34031e+10	940.000000	1.34381e+10	940.000000	1.3407e+10	940.000000	4.42127e+07	940.000000	2.32155e+07	940.000000	7.10929e+07	940.000000	7.36244e+07	940.000000	8.97108e+07	
960.000000	2.22537e+10	960.000000	1.38355e+10	960.000000	1.38055e+10	960.000000	1.38418e+10	960.000000	1.38096e+10	960.000000	4.52497e+07	960.000000	2.38676e+07	960.000000	7.29731e+07	960.000000	7.56817e+07	960.000000	9.23124e+07	
980.000000	2.29247e+10	980.000000	1.42429e+10	980.000000	1.42099e+10	980.000000	1.42473e+10	980.000000	1.4214e+10	980.000000	4.6281e+07	980.000000	2.45218e+07	980.000000	7.48514e+07	980.000000	7.77419e+07	980.000000	9.492e+07 	
1000.000000	2.35988e+10	1000.000000	1.46522e+10	1000.000000	1.4616e+10	1000.000000	1.46546e+10	1000.000000	1.46203e+10	1000.000000	4.73063e+07	1000.000000	2.51781e+07	1000.000000	7.67272e+07	1000.000000	7.98045e+07	1000.000000	9.75332e+07	
1020.000000	2.4276e+10	1020.000000	1.50633e+10	1020.000000	1.50239e+10	1020.000000	1.50636e+10	1020.000000	1.50282e+10	1020.000000	4.83258e+07	1020.000000	2.58364e+07	1020.000000	7.86004e+07	1020.000000	8.18692e+07	1020.000000	1.00151e+08	
1040.000000	2.4956e+10	1040.000000	1.54761e+10	1040.000000	1.54333e+10	1040.000000	1.54743e+10	1040.000000	1.54378e+10	1040.000000	4.93393e+07	1040.000000	2.64969e+07	1040.000000	8.04708e+07	1040.000000	8.39355e+07	1040.000000	1.02774e+08	
1060.000000	2.56388e+10	1060.000000	1.58904e+10	1060.000000	1.58444e+10	1060.000000	1.58865e+10	1060.000000	1.58489e+10	1060.000000	5.03468e+07	1060.000000	2.71595e+07	1060.000000	8.23379e+07	1060.000000	8.60031e+07	1060.000000	1.054e+08 	
1080.000000	2.63242e+10	1080.000000	1.63064e+10	1080.000000	1.62569e+10	1080.000000	1.63002e+10	1080.000000	1.62615e+10	1080.000000	5.13483e+07	1080.000000	2.78244e+07	1080.000000	8.42017e+07	1080.000000	8.80716e+07	1080.000000	1.0803e+08	
1100.000000	2.7012e+10	1100.000000	1.67237e+10	1100.000000	1.66708e+10	1100.000000	1.67153e+10	1100.000000	1.66755e+10	1100.000000	5.23437e+07	1100.000000	2.84914e+07	1100.000000	8.60619e+07	1100.000000	9.01408e+07	1100.000000	1.10663e+08	
1120.000000	2.77023e+10	1120.000000	1.71425e+10	1120.000000	1.7086e+10	1120.000000	1.71318e+10	1120.000000	1.70909e+10	1120.000000	5.33331e+07	1120.000000	2.91604e+07	1120.000000	8.79182e+07	1120.000000	9.22103e+07	1120.000000	1.13298e+08	
1140.000000	2.83948e+10	1140.000000	1.75626e+10	1140.000000	1.75026e+10	1140.000000	1.75496e+10	1140.000000	1.75076e+10	1140.000000	5.43165e+07	1140.000000	2.98313e+07	1140.000000	8.97706e+07	1140.000000	9.42799e+07	1140.000000	1.15935e+08	
1160.000000	2.90894e+10	1160.000000	1.7984e+10	1160.000000	1.79205e+10	1160.000000	1.79687e+10	1160.000000	1.79256e+10	1160.000000	5.52938e+07	1160.000000	3.05039e+07	1160.000000	9.16188e+07	1160.000000	9.63492e+07	1160.000000	1.18575e+08	
1180.000000	2.97861e+10	1180.000000	1.84066e+10	1180.000000	1.83395e+10	1180.000000	1.8389e+10	1180.000000	1.83447e+10	1180.000000	5.6265e+07	1180.000000	3.11782e+07	1180.000000	9.34627e+07	1180.000000	9.84181e+07	1180.000000	1.21215e+08	
1200.000000	3.04847e+10	1200.000000	1.88304e+10	1200.000000	1.87597e+10	1200.000000	1.88104e+10	1200.000000	1.8765e+10	1200.000000	5.72302e+07	1200.000000	3.1854e+07	1200.000000	9.53021e+07	1200.000000	1.00486e+08	1200.000000	1.23857e+08	
1220.000000	3.11851e+10	1220.000000	1.92552e+10	1220.000000	1.9181e+10	1220.000000	1.92329e+10	1220.000000	1.91864e+10	1220.000000	5.81894e+07	1220.000000	3.25314e+07	1220.000000	9.7137e+07	1220.000000	1.02553e+08	1220.000000	1.26499e+08	
1240.000000	3.18873e+10	1240.000000	1.96811e+10	1240.000000	1.96033e+10	1240.000000	1.96565e+10	1240.000000	1.96089e+10	1240.000000	5.91426e+07	1240.000000	3.32104e+07	1240.000000	9.89671e+07	1240.000000	1.0462e+08	1240.000000	1.29142e+08	
1260.000000	3.25911e+10	1260.000000	2.0108e+10	1260.000000	2.00267e+10	1260.000000	2.00811e+10	1260.000000	2.00323e+10	1260.000000	6.00897e+07	1260.000000	3.38909e+07	1260.000000	1.00792e+08	1260.000000	1.06684e+08	1260.000000	1.31784e+08	
1280.000000	3.32964e+10	1280.000000	2.05358e+10	1280.000000	2.0451e+10	1280.000000	2.05066e+10	1280.000000	2.04567e+10	1280.000000	6.10309e+07	1280.000000	3.45729e+07	1280.000000	1.02613e+08	1280.000000	1.08747e+08	1280.000000	1.34427e+08	
1300.000000	3.40032e+10	1300.000000	2.09645e+10	1300.000000	2.08762e+10	1300.000000	2.09331e+10	1300.000000	2.08821e+10	1300.000000	6.19662e+07	1300.000000	3.52565e+07	1300.000000	1.04428e+08	1300.000000	1.10809e+08	1300.000000	1.37069e+08	
1320.000000	3.47114e+10	1320.000000	2.13941e+10	1320.000000	2.13023e+10	1320.000000	2.13605e+10	1320.000000	2.13083e+10	1320.000000	6.28956e+07	1320.000000	3.59415e+07	1320.000000	1.06238e+08	1320.000000	1.12868e+08	1320.000000	1.3971e+08	
1340.000000	3.54208e+10	1340.000000	2.18244e+10	1340.000000	2.17292e+10	1340.000000	2.17887e+10	1340.000000	2.17354e+10	1340.000000	6.38191e+07	1340.000000	3.66279e+07	1340.000000	1.08043e+08	1340.000000	1.14926e+08	1340.000000	1.4235e+08	
1360.000000	3.61315e+10	1360.000000	2.22555e+10	1360.000000	2.2157e+10	1360.000000	2.22177e+10	1360.000000	2.21633e+10	1360.000000	6.47368e+07	1360.000000	3.73157e+07	1360.000000	1.09843e+08	1360.000000	1.16981e+08	1360.000000	1.44989e+08	
1380.000000	3.68433e+10	1380.000000	2.26873e+10	1380.000000	2.25855e+10	1380.000000	2.26475e+10	1380.000000	2.25919e+10	1380.000000	6.56486e+07	1380.000000	3.80049e+07	1380.000000	1.11637e+08	1380.000000	1.19033e+08	1380.000000	1.47626e+08	
1400.000000	3.75562e+10	1400.000000	2.31198e+10	1400.000000	2.30147e+10	1400.000000	2.30781e+10	1400.000000	2.30213e+10	1400.000000	6.65548e+07	1400.000000	3.86955e+07	1400.000000	1.13426e+08	1400.000000	1.21084e+08	1400.000000	1.50262e+08	
1420.000000	3.827e+10 	1420.000000	2.3553e+10	1420.000000	2.34447e+10	1420.000000	2.35093e+10	1420.000000	2.34514e+10	1420.000000	6.74552e+07	1420.000000	3.93874e+07	1420.000000	1.15209e+08	1420.000000	1.23131e+08	1420.000000	1.52896e+08	
1440.000000	3.89848e+10	1440.000000	2.39867e+10	1440.000000	2.38754e+10	1440.000000	2.39413e+10	1440.000000	2.38822e+10	1440.000000	6.83499e+07	1440.000000	4.00807e+07	1440.000000	1.16987e+08	1440.000000	1.25176e+08	1440.000000	1.55528e+08	
1460.000000	3.97004e+10	1460.000000	2.4421e+10	1460.000000	2.43067e+10	1460.000000	2.43738e+10	1460.000000	2.43136e+10	1460.000000	6.9239e+07	1460.000000	4.07753e+07	1460.000000	1.1876e+08	1460.000000	1.27218e+08	1460.000000	1.58158e+08	
1480.000000	4.04168e+10	1480.000000	2.48558e+10	1480.000000	2.47386e+10	1480.000000	2.4807e+10	1480.000000	2.47456e+10	1480.000000	7.01225e+07	1480.000000	4.14711e+07	1480.000000	1.20526e+08	1480.000000	1.29256e+08	1480.000000	1.60785e+08	
1500.000000	4.11339e+10	1500.000000	2.52911e+10	1500.000000	2.51711e+10	1500.000000	2.52408e+10	1500.000000	2.51783e+10	1500.000000	7.10005e+07	1500.000000	4.21683e+07	1500.000000	1.22288e+08	1500.000000	1.31292e+08	1500.000000	1.63409e+08	
1520.000000	4.18517e+10	1520.000000	2.57269e+10	1520.000000	2.56042e+10	1520.000000	2.56752e+10	1520.000000	2.56115e+10	1520.000000	7.1873e+07	1520.000000	4.28668e+07	1520.000000	1.24043e+08	1520.000000	1.33324e+08	1520.000000	1.66031e+08	
1540.000000	4.25701e+10	1540.000000	2.61631e+10	1540.000000	2.60378e+10	1540.000000	2.61101e+10	1540.000000	2.60452e+10	1540.000000	7.27401e+07	1540.000000	4.35666e+07	1540.000000	1.25793e+08	1540.000000	1.35353e+08	1540.000000	1.6865e+08	
1560.000000	4.3289e+10	1560.000000	2.65997e+10	1560.000000	2.6472e+10	1560.000000	2.65455e+10	1560.000000	2.64795e+10	1560.000000	7.36017e+07	1560.000000	4.42675e+07	1560.000000	1.27537e+08	1560.000000	1.37379e+08	1560.000000	1.71266e+08	
1580.000000	4.40085e+10	1580.000000	2.70367e+10	1580.000000	2.69066e+10	1580.000000	2.69814e+10	1580.000000	2.69142e+10	1580.000000	7.4458e+07	1580.000000	4.49696e+07	1580.000000	1.29275e+08	1580.000000	1.39401e+08	1580.000000	1.73879e+08	
1600.000000	4.47283e+10	1600.000000	2.7474e+10	1600.000000	2.73417e+10	1600.000000	2.74178e+10	1600.000000	2.73494e+10	1600.000000	7.5309e+07	1600.000000	4.56729e+07	1600.000000	1.31008e+08	1600.000000	1.4142e+08	1600.000000	1.76488e+08	
1620.000000	4.54485e+10	1620.000000	2.79116e+10	1620.000000	2.77773e+10	1620.000000	2.78547e+10	1620.000000	2.77851e+10	1620.000000	7.61548e+07	1620.000000	4.63773e+07	1620.000000	1.32735e+08	1620.000000	1.43435e+08	1620.000000	1.79094e+08	
1640.000000	4.61691e+10	1640.000000	2.83495e+10	1640.000000	2.82133e+10	1640.000000	2.82919e+10	1640.000000	2.82212e+10	1640.000000	7.69953e+07	1640.000000	4.70827e+07	1640.000000	1.34456e+08	1640.000000	1.45446e+08	1640.000000	1.81696e+08	
1660.000000	4.68899e+10	1660.000000	2.87877e+10	1660.000000	2.86497e+10	1660.000000	2.87296e+10	1660.000000	2.86577e+10	1660.000000	7.78307e+07	1660.000000	4.77891e+07	1660.000000	1.36171e+08	1660.000000	1.47454e+08	1660.000000	1.84295e+08	
1680.000000	4.7611e+10	1680.000000	2.92261e+10	1680.000000	2.90864e+10	1680.000000	2.91676e+10	1680.000000	2.90946e+10	1680.000000	7.8661e+07	1680.000000	4.84966e+07	1680.000000	1.37881e+08	1680.000000	1.49457e+08	1680.000000	1.8689e+08	
1700.000000	4.83322e+10	1700.000000	2.96647e+10	1700.000000	2.95236e+10	1700.000000	2.96061e+10	1700.000000	2.95318e+10	1700.000000	7.94862e+07	1700.000000	4.9205e+07	1700.000000	1.39585e+08	1700.000000	1.51457e+08	1700.000000	1.89482e+08	
1750.000000	5.01359e+10	1750.000000	3.0762e+10	1750.000000	3.06179e+10	1750.000000	3.07036e+10	1750.000000	3.06264e+10	1750.000000	8.15276e+07	1750.000000	5.09803e+07	1750.000000	1.43819e+08	1750.000000	1.56439e+08	1750.000000	1.95942e+08	
1800.000000	5.19398e+10	1800.000000	3.18602e+10	1800.000000	3.17141e+10	1800.000000	3.18031e+10	1800.000000	3.1723e+10	1800.000000	8.35384e+07	1800.000000	5.27618e+07	1800.000000	1.48017e+08	1800.000000	1.61395e+08	1800.000000	2.02377e+08	
1850.000000	5.37433e+10	1850.000000	3.29588e+10	1850.000000	3.2812e+10	1850.000000	3.29043e+10	1850.000000	3.28212e+10	1850.000000	8.55194e+07	1850.000000	5.45495e+07	1850.000000	1.52179e+08	1850.000000	1.66325e+08	1850.000000	2.08784e+08	
1900.000000	5.55458e+10	1900.000000	3.40577e+10	1900.000000	3.39114e+10	1900.000000	3.40069e+10	1900.000000	3.39209e+10	1900.000000	8.74715e+07	1900.000000	5.63437e+07	1900.000000	1.56306e+08	1900.000000	1.71228e+08	1900.000000	2.15164e+08	
1950.000000	5.73469e+10	1950.000000	3.51565e+10	1950.000000	3.5012e+10	1950.000000	3.51108e+10	1950.000000	3.50218e+10	1950.000000	8.93953e+07	1950.000000	5.81444e+07	1950.000000	1.60397e+08	1950.000000	1.76104e+08	1950.000000	2.21514e+08	
2000.000000	5.91459e+10	2000.000000	3.6255e+10	2000.000000	3.61137e+10	2000.000000	3.62158e+10	2000.000000	3.61239e+10	2000.000000	9.12916e+07	2000.000000	5.99515e+07	2000.000000	1.64453e+08	2000.000000	1.80953e+08	2000.000000	2.27835e+08	
2100.000000	6.27363e+10	2100.000000	3.84502e+10	2100.000000	3.83198e+10	2100.000000	3.84283e+10	2100.000000	3.83305e+10	2100.000000	9.50045e+07	2100.000000	6.3585e+07	2100.000000	1.72461e+08	2100.000000	1.90566e+08	2100.000000	2.40385e+08	
2200.000000	6.63138e+10	2200.000000	4.06416e+10	2200.000000	4.05283e+10	2200.000000	4.06433e+10	2200.000000	4.05396e+10	2200.000000	9.86156e+07	2200.000000	6.72432e+07	2200.000000	1.80332e+08	2200.000000	2.00067e+08	2200.000000	2.5281e+08	
2300.000000	6.98755e+10	2300.000000	4.28277e+10	2300.000000	4.27384e+10	2300.000000	4.28597e+10	2300.000000	4.27501e+10	2300.000000	1.0213e+08	2300.000000	7.09251e+07	2300.000000	1.88071e+08	2300.000000	2.09454e+08	2300.000000	2.65107e+08	
2400.000000	7.3419e+10	2400.000000	4.50075e+10	2400.000000	4.4949e+10	2400.000000	4.50767e+10	2400.000000	4.49612e+10	2400.000000	1.05553e+08	2400.000000	7.46297e+07	2400.000000	1.9568e+08	2400.000000	2.18728e+08	2400.000000	2.77275e+08	
2500.000000	7.69423e+10	2500.000000	4.71797e+10	2500.000000	4.71595e+10	2500.000000	4.72935e+10	2500.000000	4.71722e+10	2500.000000	1.08889e+08	2500.000000	7.83559e+07	2500.000000	2.03163e+08	2500.000000	2.27888e+08	2500.000000	2.89313e+08	
2600.000000	8.04437e+10	2600.000000	4.93436e+10	2600.000000	4.93692e+10	2600.000000	4.95096e+10	2600.000000	4.93825e+10	2600.000000	1.12142e+08	2600.000000	8.21029e+07	2600.000000	2.10523e+08	2600.000000	2.36937e+08	2600.000000	3.0122e+08	
2700.000000	8.39215e+10	2700.000000	5.14983e+10	2700.000000	5.15777e+10	2700.000000	5.17245e+10	2700.000000	5.15916e+10	2700.000000	1.15317e+08	2700.000000	8.58703e+07	2700.000000	2.17765e+08	2700.000000	2.45874e+08	2700.000000	3.12998e+08	
2800.000000	8.73746e+10	2800.000000	5.36433e+10	2800.000000	5.37845e+10	2800.000000	5.39377e+10	2800.000000	5.3799e+10	2800.000000	1.18417e+08	2800.000000	8.96576e+07	2800.000000	2.24892e+08	2800.000000	2.54701e+08	2800.000000	3.24646e+08	
2900.000000	9.08018e+10	2900.000000	5.57779e+10	2900.000000	5.59892e+10	2900.000000	5.61488e+10	2900.000000	5.60043e+10	2900.000000	1.21446e+08	2900.000000	9.34647e+07	2900.000000	2.31907e+08	2900.000000	2.63421e+08	2900.000000	3.36167e+08	
3000.000000	9.42023e+10	3000.000000	5.79017e+10	3000.000000	5.81916e+10	3000.000000	5.83575e+10	3000.000000	5.82073e+10	3000.000000	1.24407e+08	3000.000000	9.72914e+07	3000.000000	2.38813e+08	3000.000000	2.72034e+08	3000.000000	3.47561e+08	
3200.000000	1.0092e+11	3200.000000	6.21152e+10	3200.000000	6.25882e+10	3200.000000	6.27667e+10	3200.000000	6.26051e+10	3200.000000	1.30138e+08	3200.000000	1.05003e+08	3200.000000	2.52316e+08	3200.000000	2.8895e+08	3200.000000	3.69976e+08	
3400.000000	1.07523e+11	3400.000000	6.62814e+10	3400.000000	6.69727e+10	3400.000000	6.71638e+10	3400.000000	6.69908e+10	3400.000000	1.35634e+08	3400.000000	1.12792e+08	3400.000000	2.65424e+08	3400.000000	3.05463e+08	3400.000000	3.91906e+08	
3600.000000	1.14009e+11	3600.000000	7.03984e+10	3600.000000	7.13439e+10	3600.000000	7.15473e+10	3600.000000	7.13631e+10	3600.000000	1.40914e+08	3600.000000	1.20657e+08	3600.000000	2.78163e+08	3600.000000	3.21591e+08	3600.000000	4.13368e+08	
3800.000000	1.20375e+11	3800.000000	7.44654e+10	3800.000000	7.57011e+10	3800.000000	7.59167e+10	3800.000000	7.57214e+10	3800.000000	1.45996e+08	3800.000000	1.28596e+08	3800.000000	2.90554e+08	3800.000000	3.37349e+08	3800.000000	4.34379e+08	
4000.000000	1.26622e+11	4000.000000	7.84815e+10	4000.000000	8.00436e+10	4000.000000	8.02713e+10	4000.000000	8.00649e+10	4000.000000	1.50897e+08	4000.000000	1.3661e+08	4000.000000	3.02618e+08	4000.000000	3.52754e+08	4000.000000	4.54955e+08	
4200.000000	1.32749e+11	4200.000000	8.24465e+10	4200.000000	8.43711e+10	4200.000000	8.46108e+10	4200.000000	8.43935e+10	4200.000000	1.55629e+08	4200.000000	1.44697e+08	4200.000000	3.14374e+08	4200.000000	3.67821e+08	4200.000000	4.75113e+08	
4400.000000	1.38757e+11	4400.000000	8.63605e+10	4400.000000	8.86835e+10	4400.000000	8.8935e+10	4400.000000	8.87069e+10	4400.000000	1.60206e+08	4400.000000	1.52856e+08	4400.000000	3.2584e+08	4400.000000	3.82564e+08	4400.000000	4.9487e+08	
4600.000000	1.44648e+11	4600.000000	9.02238e+10	4600.000000	9.29807e+10	4600.000000	9.3244e+10	4600.000000	9.30051e+10	4600.000000	1.64639e+08	4600.000000	1.61085e+08	4600.000000	3.37031e+08	4600.000000	3.96998e+08	4600.000000	5.14243e+08	
4800.000000	1.50422e+11	4800.000000	9.40366e+10	4800.000000	9.72627e+10	4800.000000	9.75376e+10	4800.000000	9.72881e+10	4800.000000	1.68937e+08	4800.000000	1.69384e+08	4800.000000	3.47963e+08	4800.000000	4.11136e+08	4800.000000	5.33246e+08	
5000.000000	1.56082e+11	5000.000000	9.77997e+10	5000.000000	1.0153e+11	5000.000000	1.01816e+11	5000.000000	1.01556e+11	5000.000000	1.73111e+08	5000.000000	1.77752e+08	5000.000000	3.58649e+08	5000.000000	4.24991e+08	5000.000000	5.51894e+08	
5250.000000	1.63e+11  	5250.000000	1.02434e+11	5250.000000	1.06842e+11	5250.000000	1.07143e+11	5250.000000	1.0687e+11	5250.000000	1.78164e+08	5250.000000	1.88308e+08	5250.000000	3.71681e+08	5250.000000	4.41929e+08	5250.000000	5.74727e+08	
5500.000000	1.69747e+11	5500.000000	1.06994e+11	5500.000000	1.12132e+11	5500.000000	1.12447e+11	5500.000000	1.12161e+11	5500.000000	1.83048e+08	5500.000000	1.98967e+08	5500.000000	3.84371e+08	5500.000000	4.58466e+08	5500.000000	5.97055e+08	
6000.000000	1.82746e+11	6000.000000	1.15893e+11	6000.000000	1.22645e+11	6000.000000	1.22988e+11	6000.000000	1.22676e+11	6000.000000	1.92361e+08	6000.000000	2.20592e+08	6000.000000	4.08809e+08	6000.000000	4.90417e+08	6000.000000	6.40288e+08	
6500.000000	1.95118e+11	6500.000000	1.2451e+11	6500.000000	1.33072e+11	6500.000000	1.33442e+11	6500.000000	1.33105e+11	6500.000000	2.01135e+08	6500.000000	2.42612e+08	6500.000000	4.32108e+08	6500.000000	5.20991e+08	6500.000000	6.81773e+08	
7000.000000	2.069e+11 	7000.000000	1.32859e+11	7000.000000	1.43417e+11	7000.000000	1.43814e+11	7000.000000	1.43453e+11	7000.000000	2.09439e+08	7000.000000	2.65019e+08	7000.000000	4.54389e+08	7000.000000	5.50316e+08	7000.000000	7.21666e+08	
7500.000000	2.18129e+11	7500.000000	1.40954e+11	7500.000000	1.53684e+11	7500.000000	1.54108e+11	7500.000000	1.53722e+11	7500.000000	2.17329e+08	7500.000000	2.87794e+08	7500.000000	4.75757e+08	7500.000000	5.78506e+08	7500.000000	7.60104e+08	
8000.000000	2.2884e+11	8000.000000	1.48808e+11	8000.000000	1.63878e+11	8000.000000	1.64327e+11	8000.000000	1.63919e+11	8000.000000	2.24853e+08	8000.000000	3.10928e+08	8000.000000	4.96297e+08	8000.000000	6.05657e+08	8000.000000	7.97207e+08	
8500.000000	2.39066e+11	8500.000000	1.56434e+11	8500.000000	1.74002e+11	8500.000000	1.74477e+11	8500.000000	1.74045e+11	8500.000000	2.32049e+08	8500.000000	3.34417e+08	8500.000000	5.16086e+08	8500.000000	6.31855e+08	8500.000000	8.33082e+08	
9000.000000	2.48839e+11	9000.000000	1.63844e+11	9000.000000	1.8406e+11	9000.000000	1.8456e+11	9000.000000	1.84105e+11	9000.000000	2.3895e+08	9000.000000	3.58249e+08	9000.000000	5.35189e+08	9000.000000	6.57176e+08	9000.000000	8.67822e+08	
9500.000000	2.58185e+11	9500.000000	1.71049e+11	9500.000000	1.94055e+11	9500.000000	1.94579e+11	9500.000000	1.94102e+11	9500.000000	2.45585e+08	9500.000000	3.82417e+08	9500.000000	5.53662e+08	9500.000000	6.81686e+08	9500.000000	9.01513e+08	
10000.000000	2.67134e+11	10000.000000	1.78059e+11	10000.000000	2.03991e+11	10000.000000	2.04539e+11	10000.000000	2.04039e+11	10000.000000	2.51978e+08	10000.000000	4.06916e+08	10000.000000	5.71555e+08	10000.000000	7.05445e+08	10000.000000	9.34227e+08	
11000.000000	2.83931e+11	11000.000000	1.91536e+11	11000.000000	2.23693e+11	11000.000000	2.24288e+11	11000.000000	2.23745e+11	11000.000000	2.64117e+08	11000.000000	4.56874e+08	11000.000000	6.05771e+08	11000.000000	7.50914e+08	11000.000000	9.96988e+08	
12000.000000	2.99406e+11	12000.000000	2.04346e+11	12000.000000	2.43187e+11	12000.000000	2.43828e+11	12000.000000	2.43244e+11	12000.000000	2.75507e+08	12000.000000	5.08021e+08	12000.000000	6.38133e+08	12000.000000	7.93945e+08	12000.000000	1.05656e+09	
13000.000000	3.13709e+11	13000.000000	2.16551e+11	13000.000000	2.62492e+11	13000.000000	2.63178e+11	13000.000000	2.62552e+11	13000.000000	2.86253e+08	13000.000000	5.60294e+08	13000.000000	6.68876e+08	13000.000000	8.3483e+08	13000.000000	1.11333e+09	
14000.000000	3.2697e+11	14000.000000	2.28206e+11	14000.000000	2.81622e+11	14000.000000	2.82351e+11	14000.000000	2.81686e+11	14000.000000	2.96442e+08	14000.000000	6.13685e+08	14000.000000	6.98191e+08	14000.000000	8.73813e+08	14000.000000	1.16759e+09	
15000.000000	3.39298e+11	15000.000000	2.3936e+11	15000.000000	3.00591e+11	15000.000000	3.01362e+11	15000.000000	3.00658e+11	15000.000000	3.06141e+08	15000.000000	6.68193e+08	15000.000000	7.26238e+08	15000.000000	9.11096e+08	15000.000000	1.21961e+09	
16000.000000	3.5079e+11	16000.000000	2.50052e+11	16000.000000	3.19412e+11	16000.000000	3.20223e+11	16000.000000	3.19481e+11	16000.000000	3.15407e+08	16000.000000	7.23782e+08	16000.000000	7.53146e+08	16000.000000	9.46848e+08	16000.000000	1.26961e+09	
17000.000000	3.61529e+11	17000.000000	2.60322e+11	17000.000000	3.38093e+11	17000.000000	3.38943e+11	17000.000000	3.38165e+11	17000.000000	3.24286e+08	17000.000000	7.80389e+08	17000.000000	7.79028e+08	17000.000000	9.81214e+08	17000.000000	1.31777e+09	
18000.000000	3.71587e+11	18000.000000	2.70201e+11	18000.000000	3.56643e+11	18000.000000	3.57532e+11	18000.000000	3.56719e+11	18000.000000	3.32818e+08	18000.000000	8.37952e+08	18000.000000	8.03977e+08	18000.000000	1.01432e+09	18000.000000	1.36426e+09	
19000.000000	3.81027e+11	19000.000000	2.79718e+11	19000.000000	3.75072e+11	19000.000000	3.75999e+11	19000.000000	3.7515e+11	19000.000000	3.41035e+08	19000.000000	8.96412e+08	19000.000000	8.28077e+08	19000.000000	1.04627e+09	19000.000000	1.40922e+09	
20000.000000	3.89905e+11	20000.000000	2.88901e+11	20000.000000	3.93386e+11	20000.000000	3.94349e+11	20000.000000	3.93467e+11	20000.000000	3.48967e+08	20000.000000	9.55721e+08	20000.000000	8.51397e+08	20000.000000	1.07716e+09	20000.000000	1.45277e+09	
21000.000000	3.9827e+11	21000.000000	2.97771e+11	21000.000000	4.11591e+11	21000.000000	4.12591e+11	21000.000000	4.11676e+11	21000.000000	3.56638e+08	21000.000000	1.01585e+09	21000.000000	8.73999e+08	21000.000000	1.10708e+09	21000.000000	1.49501e+09	
22000.000000	4.06166e+11	22000.000000	3.0635e+11	22000.000000	4.29694e+11	22000.000000	4.3073e+11	22000.000000	4.29783e+11	22000.000000	3.64069e+08	22000.000000	1.07682e+09	22000.000000	8.95937e+08	22000.000000	1.13609e+09	22000.000000	1.53605e+09	
23000.000000	4.1363e+11	23000.000000	3.14656e+11	23000.000000	4.47701e+11	23000.000000	4.48771e+11	23000.000000	4.47793e+11	23000.000000	3.71279e+08	23000.000000	1.13863e+09	23000.000000	9.17259e+08	23000.000000	1.16427e+09	23000.000000	1.57596e+09	
24000.000000	4.20698e+11	24000.000000	3.22708e+11	24000.000000	4.65616e+11	24000.000000	4.6672e+11	24000.000000	4.65711e+11	24000.000000	3.78285e+08	24000.000000	1.20124e+09	24000.000000	9.38008e+08	24000.000000	1.19166e+09	24000.000000	1.61482e+09	
25000.000000	4.274e+11 	25000.000000	3.30521e+11	25000.000000	4.83443e+11	25000.000000	4.8458e+11	25000.000000	4.83542e+11	25000.000000	3.851e+08 	25000.000000	1.2646e+09	25000.000000	9.58221e+08	25000.000000	1.21832e+09	25000.000000	1.65271e+09	
26000.000000	4.33764e+11	26000.000000	3.38108e+11	26000.000000	5.01187e+11	26000.000000	5.02356e+11	26000.000000	5.0129e+11	26000.000000	3.91739e+08	26000.000000	1.32871e+09	26000.000000	9.77934e+08	26000.000000	1.24429e+09	26000.000000	1.68967e+09	
27000.000000	4.39815e+11	27000.000000	3.45483e+11	27000.000000	5.18852e+11	27000.000000	5.20051e+11	27000.000000	5.18958e+11	27000.000000	3.98213e+08	27000.000000	1.39355e+09	27000.000000	9.97175e+08	27000.000000	1.26963e+09	27000.000000	1.72578e+09	
28000.000000	4.45576e+11	28000.000000	3.52657e+11	28000.000000	5.36441e+11	28000.000000	5.3767e+11	28000.000000	5.3655e+11	28000.000000	4.04532e+08	28000.000000	1.45911e+09	28000.000000	1.01597e+09	28000.000000	1.29435e+09	28000.000000	1.76106e+09	
29000.000000	4.51066e+11	29000.000000	3.59642e+11	29000.000000	5.53957e+11	29000.000000	5.55215e+11	29000.000000	5.54069e+11	29000.000000	4.10706e+08	29000.000000	1.52539e+09	29000.000000	1.03435e+09	29000.000000	1.31851e+09	29000.000000	1.79558e+09	
30000.000000	4.56304e+11	30000.000000	3.66447e+11	30000.000000	5.71404e+11	30000.000000	5.72689e+11	30000.000000	5.71519e+11	30000.000000	4.16744e+08	30000.000000	1.59238e+09	30000.000000	1.05234e+09	30000.000000	1.34213e+09	30000.000000	1.82937e+09	
32000.000000	4.66091e+11	32000.000000	3.79556e+11	32000.000000	6.06098e+11	32000.000000	6.07437e+11	32000.000000	6.06219e+11	32000.000000	4.28439e+08	32000.000000	1.72842e+09	32000.000000	1.08721e+09	32000.000000	1.38787e+09	32000.000000	1.89492e+09	
34000.000000	4.75054e+11	34000.000000	3.92048e+11	34000.000000	6.40544e+11	34000.000000	6.41933e+11	34000.000000	6.40671e+11	34000.000000	4.39673e+08	34000.000000	1.86706e+09	34000.000000	1.12074e+09	34000.000000	1.43176e+09	34000.000000	1.95798e+09	
36000.000000	4.83291e+11	36000.000000	4.03982e+11	36000.000000	6.74759e+11	36000.000000	6.76194e+11	36000.000000	6.74892e+11	36000.000000	4.50491e+08	36000.000000	2.00813e+09	36000.000000	1.15304e+09	36000.000000	1.47399e+09	36000.000000	2.01878e+09	
38000.000000	4.90887e+11	38000.000000	4.15405e+11	38000.000000	7.08759e+11	38000.000000	7.10237e+11	38000.000000	7.08898e+11	38000.000000	4.60933e+08	38000.000000	2.15154e+09	38000.000000	1.18423e+09	38000.000000	1.51471e+09	38000.000000	2.07752e+09	
40000.000000	4.97912e+11	40000.000000	4.26361e+11	40000.000000	7.42558e+11	40000.000000	7.44074e+11	40000.000000	7.42702e+11	40000.000000	4.71031e+08	40000.000000	2.2972e+09	40000.000000	1.2144e+09	40000.000000	1.55403e+09	40000.000000	2.13436e+09	
42000.000000	5.04428e+11	42000.000000	4.36889e+11	42000.000000	7.76167e+11	42000.000000	7.77718e+11	42000.000000	7.76317e+11	42000.000000	4.80816e+08	42000.000000	2.44503e+09	42000.000000	1.24363e+09	42000.000000	1.59207e+09	42000.000000	2.18946e+09	
44000.000000	5.10485e+11	44000.000000	4.4702e+11	44000.000000	8.09597e+11	44000.000000	8.1118e+11	44000.000000	8.09754e+11	44000.000000	4.90311e+08	44000.000000	2.59496e+09	44000.000000	1.27199e+09	44000.000000	1.62893e+09	44000.000000	2.24295e+09	
46000.000000	5.16131e+11	46000.000000	4.56784e+11	46000.000000	8.42859e+11	46000.000000	8.4447e+11	46000.000000	8.43022e+11	46000.000000	4.99539e+08	46000.000000	2.7469e+09	46000.000000	1.29954e+09	46000.000000	1.6647e+09	46000.000000	2.29494e+09	
48000.000000	5.21405e+11	48000.000000	4.66209e+11	48000.000000	8.75961e+11	48000.000000	8.77597e+11	48000.000000	8.76131e+11	48000.000000	5.0852e+08	48000.000000	2.9008e+09	48000.000000	1.32635e+09	48000.000000	1.69945e+09	48000.000000	2.34554e+09	
50000.000000	5.26341e+11	50000.000000	4.75316e+11	50000.000000	9.08911e+11	50000.000000	9.10569e+11	50000.000000	9.09089e+11	50000.000000	5.17271e+08	50000.000000	3.05657e+09	50000.000000	1.35246e+09	50000.000000	1.73325e+09	50000.000000	2.39484e+09	
