! 11Li range in H10C4
! apply ZOOM for details
Energy (MeV/u)1	0 - [He-base] F.Hubert et al, AD&ND Tables 46(1990)1	Energy (MeV/u)2	1 - [H -base] J.F.Ziegler et al,Pergamon Press,NY(low energy)	Energy (MeV/u)3	2 - ATIMA 1.2 LS-theory (recommended for high energy)	Energy (MeV/u)4	3 - ATIMA 1.2 without LS-correction	Energy (MeV/u)5	4 - ATIMA 1.4 H.Weick, improved mean charge formula for HI	Energy (MeV/u)6	5 - Range straggling - method [0] - LISE	Energy (MeV/u)7	6 - Range straggling - method [1] - Atima	Energy (MeV/u)8	7 - Lateral range - method [0] - LISE	Energy (MeV/u)9	8 - Lateral range - method [1] - Atima	Energy (MeV/u)10	9 - Lateral range - method [2] - PDG	
0.001000	9939.28   	0.001000	9939.28   	0.001000	7264.02   	0.001000	7264.02   	0.001000	7265.33   	0.001000	0         	0.001000	0         	0.001000	97.5901   	0.001000	169.031   	0.001000	90.148    	
0.002000	19878.6   	0.002000	19878.6   	0.002000	14528     	0.002000	14528     	0.002000	14530.7   	0.002000	480.793   	0.002000	480.793   	0.002000	285.785   	0.002000	478.201   	0.002000	276.889   	
0.005000	45665.7   	0.005000	45665.7   	0.005000	33542.2   	0.005000	33542.2   	0.005000	33546.3   	0.005000	576.561   	0.005000	576.561   	0.005000	1037.29   	0.005000	1673.32   	0.005000	1050.25   	
0.008000	66515.5   	0.008000	66515.5   	0.008000	49615.5   	0.008000	49615.5   	0.008000	49620.2   	0.008000	580.34    	0.008000	580.34    	0.008000	1895.17   	0.008000	3007.25   	0.008000	1953.58   	
0.010000	78606.5   	0.010000	78606.5   	0.010000	59259.1   	0.010000	59259.1   	0.010000	59264     	0.010000	593.189   	0.010000	593.189   	0.010000	2491.38   	0.010000	3924.06   	0.010000	2588.15   	
0.015000	104732    	0.015000	104732    	0.015000	80915.4   	0.015000	80915.4   	0.015000	80920.6   	0.015000	657.31    	0.015000	657.31    	0.015000	4012.83   	0.015000	6236.17   	0.015000	4236.3    	
0.020000	127636    	0.020000	127636    	0.020000	100323    	0.020000	100323    	0.020000	100328    	0.020000	742.898   	0.020000	742.898   	0.020000	5493.09   	0.020000	8434.04   	0.020000	5533.22   	
0.025000	148269    	0.025000	148269    	0.025000	118038    	0.025000	118038    	0.025000	118043    	0.025000	830.307   	0.025000	830.307   	0.025000	6719.17   	0.025000	10234.1   	0.025000	6477.91   	
0.030000	166990    	0.030000	166990    	0.030000	134332    	0.030000	134332    	0.030000	134337    	0.030000	911.279   	0.030000	911.279   	0.030000	7641.91   	0.030000	11583     	0.030000	7217.97   	
0.035000	184258    	0.035000	184258    	0.035000	149426    	0.035000	149426    	0.035000	149432    	0.035000	983.813   	0.035000	983.813   	0.035000	8379.91   	0.035000	12657.4   	0.035000	7821.66   	
0.040000	200367    	0.040000	200367    	0.040000	163549    	0.040000	163549    	0.040000	163554    	0.040000	1048.77   	0.040000	1048.77   	0.040000	8994.63   	0.040000	13548.6   	0.040000	8331.12   	
0.045000	215530    	0.045000	215530    	0.045000	176871    	0.045000	176871    	0.045000	176876    	0.045000	1107.28   	0.045000	1107.28   	0.045000	9519.13   	0.045000	14306.7   	0.045000	8770.21   	
0.050000	229909    	0.050000	229909    	0.050000	189526    	0.050000	189526    	0.050000	189531    	0.050000	1160.42   	0.050000	1157.71   	0.050000	9978.83   	0.050000	14968.6   	0.050000	9157.36   	
0.055000	243579    	0.055000	243579    	0.055000	201617    	0.055000	201617    	0.055000	201623    	0.055000	1209.09   	0.055000	1201.89   	0.055000	10381.8   	0.055000	15547.2   	0.055000	9499.36   	
0.060000	256596    	0.060000	256596    	0.060000	213231    	0.060000	213231    	0.060000	213237    	0.060000	1254.07   	0.060000	1242.27   	0.060000	10745.4   	0.060000	16067.5   	0.060000	9809.6    	
0.070000	281030    	0.070000	281030    	0.070000	235289    	0.070000	235289    	0.070000	235294    	0.070000	1335.26   	0.070000	1314.41   	0.070000	11380.1   	0.070000	16971.9   	0.070000	10355.3   	
0.080000	303795    	0.080000	303795    	0.080000	256125    	0.080000	256125    	0.080000	256131    	0.080000	1407.75   	0.080000	1378.27   	0.080000	11925.9   	0.080000	17745.1   	0.080000	10829.4   	
0.090000	325308    	0.090000	325308    	0.090000	276046    	0.090000	276046    	0.090000	276051    	0.090000	1474.06   	0.090000	1436.43   	0.090000	12399.3   	0.090000	18411.7   	0.090000	11243.6   	
0.100000	345866    	0.100000	345866    	0.100000	295276    	0.100000	295276    	0.100000	295281    	0.100000	1536      	0.100000	1490.37   	0.100000	12829.2   	0.100000	19013.9   	0.100000	11623.4   	
0.120000	384672    	0.120000	384672    	0.120000	332312    	0.120000	332312    	0.120000	332317    	0.120000	1651.55   	0.120000	1590.14   	0.120000	13586.5   	0.120000	20065.8   	0.120000	12299     	
0.140000	421320    	0.140000	421320    	0.140000	368203    	0.140000	368203    	0.140000	368209    	0.140000	1761.27   	0.140000	1684.09   	0.140000	14253.1   	0.140000	20981.9   	0.140000	12902.6   	
0.160000	456625    	0.160000	456625    	0.160000	403567    	0.160000	403567    	0.160000	403573    	0.160000	1869.21   	0.160000	1775.99   	0.160000	14858.5   	0.160000	21805.3   	0.160000	13458.5   	
0.180000	491203    	0.180000	491203    	0.180000	438814    	0.180000	438814    	0.180000	438819    	0.180000	1977.98   	0.180000	1868.17   	0.180000	15429.5   	0.180000	22574.5   	0.180000	13988.2   	
0.200000	525400    	0.200000	525400    	0.200000	474225    	0.200000	474225    	0.200000	474230    	0.200000	2089.29   	0.200000	1962.16   	0.200000	15972.7   	0.200000	23299.9   	0.200000	14497.8   	
0.250000	611032    	0.250000	611032    	0.250000	564623    	0.250000	564623    	0.250000	564629    	0.250000	2385.44   	0.250000	2210.84   	0.250000	17271.6   	0.250000	25010.4   	0.250000	15734.8   	
0.300000	697450    	0.300000	697450    	0.300000	658689    	0.300000	658689    	0.300000	658695    	0.300000	2711.36   	0.300000	2484.46   	0.300000	18528.1   	0.300000	26636.6   	0.300000	16953.4   	
0.350000	785751    	0.350000	785751    	0.350000	756608    	0.350000	756608    	0.350000	756614    	0.350000	3064.42   	0.350000	2798.71   	0.350000	19764     	0.350000	28214.3   	0.350000	18167.5   	
0.400000	876718    	0.400000	876718    	0.400000	858838    	0.400000	858838    	0.400000	858844    	0.400000	3446.55   	0.400000	3152.16   	0.400000	21002.4   	0.400000	29776.2   	0.400000	19397.6   	
0.450000	970893    	0.450000	970893    	0.450000	965684    	0.450000	965684    	0.450000	965689    	0.450000	3858.98   	0.450000	3539.29   	0.450000	22252.3   	0.450000	31336.6   	0.450000	20650     	
0.500000	1.06845e+06	0.500000	1.06845e+06	0.500000	1.07719e+06	0.500000	1.07719e+06	0.500000	1.0772e+06	0.500000	4300.65   	0.500000	3954.89   	0.500000	23524.1   	0.500000	32910.2   	0.500000	21933.2   	
0.600000	1.27567e+06	0.600000	1.27567e+06	0.600000	1.31381e+06	0.600000	1.31381e+06	0.600000	1.31382e+06	0.600000	5263.15   	0.600000	4853.44   	0.600000	26124.6   	0.600000	36090.3   	0.600000	24581.6   	
0.700000	1.50197e+06	0.700000	1.50197e+06	0.700000	1.56785e+06	0.700000	1.56785e+06	0.700000	1.56785e+06	0.700000	6319.32   	0.700000	5821.64   	0.700000	28697     	0.700000	39164.7   	0.700000	27166.7   	
0.800000	1.74641e+06	0.800000	1.74641e+06	0.800000	1.83853e+06	0.800000	1.83853e+06	0.800000	1.83854e+06	0.800000	7458.99   	0.800000	6844.76   	0.800000	31349.7   	0.800000	42300     	0.800000	29014     	
0.900000	2.00794e+06	0.900000	2.00794e+06	0.900000	2.1253e+06	0.900000	2.1253e+06	0.900000	2.1253e+06	0.900000	8675.96   	0.900000	7914.83   	0.900000	34084.1   	0.900000	45505.2   	0.900000	30944.6   	
1.000000	2.28808e+06	1.000000	2.28808e+06	1.000000	2.42809e+06	1.000000	2.42809e+06	1.000000	2.42809e+06	1.000000	9971.28   	1.000000	9031.53   	1.000000	36480     	1.000000	48279.9   	1.000000	32968.6   	
1.250000	3.06465e+06	1.250000	3.06465e+06	1.250000	3.25474e+06	1.250000	3.25474e+06	1.250000	3.25475e+06	1.250000	13554     	1.250000	12024.8   	1.250000	42141.6   	1.250000	54786.9   	1.250000	38420     	
1.500000	3.9582e+06	1.500000	3.9582e+06	1.500000	4.17725e+06	1.500000	4.17725e+06	1.500000	4.17726e+06	1.500000	17599.5   	1.500000	15277.3   	1.500000	48371.8   	1.500000	61927.6   	1.500000	44412.9   	
1.750000	4.97283e+06	1.750000	4.97283e+06	1.750000	5.19398e+06	1.750000	5.19398e+06	1.750000	5.19399e+06	1.750000	22108.1   	1.750000	18786.6   	1.750000	55163.4   	1.750000	69675     	1.750000	50946.2   	
2.000000	6.09913e+06	2.000000	6.09913e+06	2.000000	6.30463e+06	2.000000	6.30463e+06	2.000000	6.30463e+06	2.000000	27091.8   	2.000000	22559.5   	2.000000	62520.6   	2.000000	78020.6   	2.000000	58028     	
2.250000	7.33434e+06	2.250000	7.33434e+06	2.250000	7.50967e+06	2.250000	7.50967e+06	2.250000	7.50967e+06	2.250000	32568.5   	2.250000	26606.7   	2.250000	70452     	2.250000	86964.3   	2.250000	65669     	
2.500000	8.67903e+06	2.500000	8.67835e+06	2.500000	8.80972e+06	2.500000	8.80972e+06	2.500000	8.80972e+06	2.500000	38554.3   	2.500000	30937.8   	2.500000	78966.4   	2.500000	96508.2   	2.500000	73879.8   	
3.000000	1.17169e+07	3.000000	1.16825e+07	3.000000	1.16966e+07	3.000000	1.16966e+07	3.000000	1.16966e+07	3.000000	52098.4   	3.000000	40475     	3.000000	97771.9   	3.000000	117402    	3.000000	92042.5   	
3.500000	1.51535e+07	3.500000	1.50978e+07	3.500000	1.4967e+07	3.500000	1.4967e+07	3.500000	1.4967e+07	3.500000	67784.7   	3.500000	51198.7   	3.500000	118973    	3.500000	140698    	3.500000	112559    	
4.000000	1.89818e+07	4.000000	1.89168e+07	4.000000	1.86207e+07	4.000000	1.86207e+07	4.000000	1.86207e+07	4.000000	85637.8   	4.000000	63109.6   	4.000000	142588    	4.000000	166384    	4.000000	135451    	
4.500000	2.31957e+07	4.500000	2.31349e+07	4.500000	2.26557e+07	4.500000	2.26557e+07	4.500000	2.26557e+07	4.500000	105660    	4.500000	76188.6   	4.500000	168618    	4.500000	194434    	4.500000	160726    	
5.000000	2.77896e+07	5.000000	2.77485e+07	5.000000	2.7069e+07	5.000000	2.7069e+07	5.000000	2.7069e+07	5.000000	127842    	5.000000	90412.9   	5.000000	197058    	5.000000	224818    	5.000000	188379    	
5.500000	3.27585e+07	5.500000	3.2752e+07	5.500000	3.18574e+07	5.500000	3.18574e+07	5.500000	3.18574e+07	5.500000	152167    	5.500000	105761    	5.500000	227893    	5.500000	257503    	5.500000	218398    	
6.000000	3.8098e+07	6.000000	3.81394e+07	6.000000	3.70173e+07	6.000000	3.70173e+07	6.000000	3.70173e+07	6.000000	178615    	6.000000	122210    	6.000000	261109    	6.000000	292457    	6.000000	250773    	
6.500000	4.38039e+07	6.500000	4.39074e+07	6.500000	4.25451e+07	6.500000	4.25451e+07	6.500000	4.25451e+07	6.500000	207168    	6.500000	139738    	6.500000	296687    	6.500000	329646    	6.500000	285486    	
7.000000	4.98723e+07	7.000000	5.00529e+07	7.000000	4.84374e+07	7.000000	4.84374e+07	7.000000	4.84373e+07	7.000000	237805    	7.000000	158327    	7.000000	334613    	7.000000	369040    	7.000000	322524    	
7.500000	5.62995e+07	7.500000	5.65729e+07	7.500000	5.46907e+07	7.500000	5.46907e+07	7.500000	5.46906e+07	7.500000	270510    	7.500000	177960    	7.500000	374867    	7.500000	410608    	7.500000	361870    	
8.000000	6.30823e+07	8.000000	6.34646e+07	8.000000	6.13019e+07	8.000000	6.13019e+07	8.000000	6.13018e+07	8.000000	305266    	8.000000	198618    	8.000000	417434    	8.000000	454323    	8.000000	403509    	
8.500000	7.02174e+07	8.500000	7.07255e+07	8.500000	6.8268e+07	8.500000	6.8268e+07	8.500000	6.8268e+07	8.500000	342057    	8.500000	220283    	8.500000	462298    	8.500000	500160    	8.500000	447427    	
9.000000	7.77018e+07	9.000000	7.8353e+07	9.000000	7.55863e+07	9.000000	7.55863e+07	9.000000	7.55863e+07	9.000000	380871    	9.000000	242939    	9.000000	509444    	9.000000	548095    	9.000000	493610    	
9.500000	8.55327e+07	9.500000	8.6345e+07	9.500000	8.32541e+07	9.500000	8.32541e+07	9.500000	8.32541e+07	9.500000	421694    	9.500000	266574    	9.500000	558860    	9.500000	598106    	9.500000	542047    	
10.000000	9.37072e+07	10.000000	9.46954e+07	10.000000	9.12691e+07	10.000000	9.12691e+07	10.000000	9.1269e+07	10.000000	464517    	10.000000	291184    	10.000000	610532    	10.000000	650172    	10.000000	592725    	
11.000000	1.11077e+08	11.000000	1.12195e+08	11.000000	1.08341e+08	11.000000	1.0834e+08	11.000000	1.08343e+08	11.000000	556307    	11.000000	343409    	11.000000	720692    	11.000000	760484    	11.000000	700857    	
12.000000	1.29792e+08	12.000000	1.31017e+08	12.000000	1.26796e+08	12.000000	1.2679e+08	12.000000	1.26804e+08	12.000000	656314    	12.000000	399632    	12.000000	839933    	12.000000	878983    	12.000000	818020    	
13.000000	1.49834e+08	13.000000	1.51145e+08	13.000000	1.46615e+08	13.000000	1.46604e+08	13.000000	1.46634e+08	13.000000	764425    	13.000000	459740    	13.000000	968175    	13.000000	1.00554e+06	13.000000	944141    	
14.000000	1.71185e+08	14.000000	1.72564e+08	14.000000	1.67784e+08	14.000000	1.67765e+08	14.000000	1.6782e+08	14.000000	880540    	14.000000	523636    	14.000000	1.10534e+06	14.000000	1.14004e+06	14.000000	1.07915e+06	
15.000000	1.93831e+08	15.000000	1.95261e+08	15.000000	1.90287e+08	15.000000	1.90259e+08	15.000000	1.90345e+08	15.000000	1.00456e+06	15.000000	591277    	15.000000	1.25134e+06	15.000000	1.28237e+06	15.000000	1.22297e+06	
16.000000	2.17756e+08	16.000000	2.19222e+08	16.000000	2.14109e+08	16.000000	2.14071e+08	16.000000	2.14195e+08	16.000000	1.13639e+06	16.000000	662603    	16.000000	1.40611e+06	16.000000	1.43242e+06	16.000000	1.37553e+06	
17.000000	2.42946e+08	17.000000	2.44436e+08	17.000000	2.39235e+08	17.000000	2.39186e+08	17.000000	2.39358e+08	17.000000	1.27594e+06	17.000000	737518    	17.000000	1.56957e+06	17.000000	1.59008e+06	17.000000	1.53677e+06	
18.000000	2.69387e+08	18.000000	2.70891e+08	18.000000	2.65652e+08	18.000000	2.65591e+08	18.000000	2.65817e+08	18.000000	1.42311e+06	18.000000	815943    	18.000000	1.74163e+06	18.000000	1.75524e+06	18.000000	1.70659e+06	
19.000000	2.97068e+08	19.000000	2.98575e+08	19.000000	2.93344e+08	19.000000	2.93272e+08	19.000000	2.9356e+08	19.000000	1.57779e+06	19.000000	897820    	19.000000	1.9222e+06	19.000000	1.92781e+06	19.000000	1.88493e+06	
20.000000	3.25975e+08	20.000000	3.27478e+08	20.000000	3.22298e+08	20.000000	3.22214e+08	20.000000	3.22573e+08	20.000000	1.73989e+06	20.000000	983087    	20.000000	2.11119e+06	20.000000	2.10767e+06	20.000000	2.0717e+06	
21.000000	3.56098e+08	21.000000	3.57589e+08	21.000000	3.525e+08 	21.000000	3.52403e+08	21.000000	3.52841e+08	21.000000	1.90928e+06	21.000000	1.07167e+06	21.000000	2.30853e+06	21.000000	2.29472e+06	21.000000	2.26683e+06	
22.000000	3.87424e+08	22.000000	3.88898e+08	22.000000	3.83935e+08	22.000000	3.83825e+08	22.000000	3.84349e+08	22.000000	2.08585e+06	22.000000	1.16352e+06	22.000000	2.5141e+06	22.000000	2.48885e+06	22.000000	2.4702e+06	
23.000000	4.19943e+08	23.000000	4.21396e+08	23.000000	4.16587e+08	23.000000	4.16466e+08	23.000000	4.17085e+08	23.000000	2.26949e+06	23.000000	1.25854e+06	23.000000	2.72781e+06	23.000000	2.68996e+06	23.000000	2.68175e+06	
24.000000	4.53645e+08	24.000000	4.55074e+08	24.000000	4.5044e+08	24.000000	4.50309e+08	24.000000	4.51032e+08	24.000000	2.46005e+06	24.000000	1.35668e+06	24.000000	2.94957e+06	24.000000	2.89793e+06	24.000000	2.90137e+06	
25.000000	4.8852e+08	25.000000	4.89922e+08	25.000000	4.85481e+08	25.000000	4.85341e+08	25.000000	4.86176e+08	25.000000	2.65742e+06	25.000000	1.45787e+06	25.000000	3.17925e+06	25.000000	3.11266e+06	25.000000	3.12896e+06	
27.000000	5.6175e+08	27.000000	5.63095e+08	27.000000	5.59064e+08	27.000000	5.58908e+08	27.000000	5.59993e+08	27.000000	3.07202e+06	27.000000	1.66908e+06	27.000000	3.66198e+06	27.000000	3.56193e+06	27.000000	3.60763e+06	
29.000000	6.39558e+08	29.000000	6.40848e+08	29.000000	6.37208e+08	29.000000	6.37042e+08	29.000000	6.38412e+08	29.000000	3.51211e+06	29.000000	1.89154e+06	29.000000	4.17507e+06	29.000000	4.03685e+06	29.000000	4.11691e+06	
31.000000	7.21876e+08	31.000000	7.23119e+08	31.000000	7.198e+08 	31.000000	7.19632e+08	31.000000	7.21317e+08	31.000000	3.97672e+06	31.000000	2.1246e+06	31.000000	4.71766e+06	31.000000	4.53658e+06	31.000000	4.65597e+06	
33.000000	8.08637e+08	33.000000	8.09848e+08	33.000000	8.06842e+08	33.000000	8.06681e+08	33.000000	8.08689e+08	33.000000	4.46633e+06	33.000000	2.36865e+06	33.000000	5.28964e+06	33.000000	5.06093e+06	33.000000	5.22477e+06	
35.000000	8.9978e+08	35.000000	9.00976e+08	35.000000	8.98291e+08	35.000000	8.98147e+08	35.000000	9.00481e+08	35.000000	4.98084e+06	35.000000	2.62359e+06	35.000000	5.89069e+06	35.000000	5.60957e+06	35.000000	5.823e+06 	
38.000000	1.04458e+09	38.000000	1.0458e+09	38.000000	1.0436e+09	38.000000	1.0435e+09	38.000000	1.04633e+09	38.000000	5.79854e+06	38.000000	3.02595e+06	38.000000	6.84588e+06	38.000000	6.47715e+06	38.000000	6.77477e+06	
41.000000	1.19892e+09	41.000000	1.20022e+09	41.000000	1.19853e+09	41.000000	1.19849e+09	41.000000	1.20183e+09	41.000000	6.67041e+06	41.000000	3.45204e+06	41.000000	7.86428e+06	41.000000	7.39717e+06	41.000000	7.79085e+06	
44.000000	1.36262e+09	44.000000	1.36408e+09	44.000000	1.36289e+09	44.000000	1.36295e+09	44.000000	1.36679e+09	44.000000	7.59537e+06	44.000000	3.901e+06 	44.000000	8.94469e+06	44.000000	8.36846e+06	44.000000	8.8702e+06	
47.000000	1.53551e+09	47.000000	1.53721e+09	47.000000	1.53653e+09	47.000000	1.53671e+09	47.000000	1.54107e+09	47.000000	8.57236e+06	47.000000	4.37239e+06	47.000000	1.0086e+07	47.000000	9.38994e+06	47.000000	1.00118e+07	
50.000000	1.71745e+09	50.000000	1.71947e+09	50.000000	1.71931e+09	50.000000	1.71963e+09	50.000000	1.72451e+09	50.000000	9.60035e+06	50.000000	4.86576e+06	50.000000	1.1287e+07	50.000000	1.04606e+07	50.000000	1.12147e+07	
55.000000	2.04035e+09	55.000000	2.04311e+09	55.000000	2.04387e+09	55.000000	2.04446e+09	55.000000	2.05022e+09	55.000000	1.14243e+07	55.000000	5.73572e+06	55.000000	1.34187e+07	55.000000	1.23517e+07	55.000000	1.33535e+07	
60.000000	2.38731e+09	60.000000	2.39106e+09	60.000000	2.39277e+09	60.000000	2.39371e+09	60.000000	2.40036e+09	60.000000	1.33825e+07	60.000000	6.66369e+06	60.000000	1.5709e+07	60.000000	1.43727e+07	60.000000	1.5656e+07	
65.000000	2.75773e+09	65.000000	2.76273e+09	65.000000	2.76547e+09	65.000000	2.76679e+09	65.000000	2.77434e+09	65.000000	1.54708e+07	65.000000	7.64706e+06	65.000000	1.81535e+07	65.000000	1.65197e+07	65.000000	1.81188e+07	
70.000000	3.15105e+09	70.000000	3.15754e+09	70.000000	3.16136e+09	70.000000	3.16315e+09	70.000000	3.1716e+09	70.000000	1.7685e+07	70.000000	8.68466e+06	70.000000	2.07481e+07	70.000000	1.87893e+07	70.000000	2.07382e+07	
75.000000	3.56676e+09	75.000000	3.57498e+09	75.000000	3.57996e+09	75.000000	3.58227e+09	75.000000	3.59164e+09	75.000000	2.00212e+07	75.000000	9.7745e+06	75.000000	2.34888e+07	75.000000	2.1178e+07	75.000000	2.35108e+07	
80.000000	4.00438e+09	80.000000	4.01453e+09	80.000000	4.02077e+09	80.000000	4.02365e+09	80.000000	4.03395e+09	80.000000	2.24755e+07	80.000000	1.09156e+07	80.000000	2.63719e+07	80.000000	2.36828e+07	80.000000	2.64336e+07	
85.000000	4.46344e+09	85.000000	4.47571e+09	85.000000	4.48331e+09	85.000000	4.48683e+09	85.000000	4.49805e+09	85.000000	2.50443e+07	85.000000	1.21055e+07	85.000000	2.93938e+07	85.000000	2.63008e+07	85.000000	2.95034e+07	
90.000000	4.94352e+09	90.000000	4.95805e+09	90.000000	4.96714e+09	90.000000	4.97135e+09	90.000000	4.9835e+09	90.000000	2.77242e+07	90.000000	1.33432e+07	90.000000	3.25511e+07	90.000000	2.90293e+07	90.000000	3.27173e+07	
95.000000	5.4442e+09	95.000000	5.46113e+09	95.000000	5.47183e+09	95.000000	5.47678e+09	95.000000	5.48986e+09	95.000000	3.05116e+07	95.000000	1.46274e+07	95.000000	3.58403e+07	95.000000	3.18655e+07	95.000000	3.60724e+07	
100.000000	5.96509e+09	100.000000	5.9845e+09	100.000000	5.99695e+09	100.000000	6.0027e+09	100.000000	6.01671e+09	100.000000	3.34033e+07	100.000000	1.5957e+07	100.000000	3.92582e+07	100.000000	3.48069e+07	100.000000	3.9566e+07	
105.000000	6.50584e+09	105.000000	6.52777e+09	105.000000	6.5421e+09	105.000000	6.54871e+09	105.000000	6.56365e+09	105.000000	3.63963e+07	105.000000	1.73308e+07	105.000000	4.28019e+07	105.000000	3.78511e+07	105.000000	4.31955e+07	
110.000000	7.06607e+09	110.000000	7.09053e+09	110.000000	7.10691e+09	110.000000	7.11443e+09	110.000000	7.1303e+09	110.000000	3.94874e+07	110.000000	1.87479e+07	110.000000	4.64682e+07	110.000000	4.09958e+07	110.000000	4.69583e+07	
115.000000	7.64546e+09	115.000000	7.67241e+09	115.000000	7.69098e+09	115.000000	7.69948e+09	115.000000	7.71628e+09	115.000000	4.26737e+07	115.000000	2.02068e+07	115.000000	5.02543e+07	115.000000	4.42388e+07	115.000000	5.08519e+07	
120.000000	8.24368e+09	120.000000	8.27305e+09	120.000000	8.29398e+09	120.000000	8.3035e+09	120.000000	8.32122e+09	120.000000	4.59524e+07	120.000000	2.17056e+07	120.000000	5.41573e+07	120.000000	4.75779e+07	120.000000	5.48739e+07	
125.000000	8.86041e+09	125.000000	8.89209e+09	125.000000	8.91553e+09	125.000000	8.92614e+09	125.000000	8.94478e+09	125.000000	4.93207e+07	125.000000	2.32446e+07	125.000000	5.81745e+07	125.000000	5.10111e+07	125.000000	5.9022e+07	
130.000000	9.49537e+09	130.000000	9.52918e+09	130.000000	9.55531e+09	130.000000	9.56707e+09	130.000000	9.58662e+09	130.000000	5.27759e+07	130.000000	2.48222e+07	130.000000	6.23032e+07	130.000000	5.45363e+07	130.000000	6.32939e+07	
135.000000	1.01483e+10	135.000000	1.0184e+10	135.000000	1.0213e+10	135.000000	1.02259e+10	135.000000	1.02464e+10	135.000000	5.63155e+07	135.000000	2.64368e+07	135.000000	6.65409e+07	135.000000	5.81516e+07	135.000000	6.76872e+07	
140.000000	1.08188e+10	140.000000	1.08562e+10	140.000000	1.08883e+10	140.000000	1.09025e+10	140.000000	1.09238e+10	140.000000	5.9937e+07	140.000000	2.80879e+07	140.000000	7.0885e+07	140.000000	6.18552e+07	140.000000	7.22e+07  	
145.000000	1.15068e+10	145.000000	1.15455e+10	145.000000	1.15809e+10	145.000000	1.15963e+10	145.000000	1.16186e+10	145.000000	6.36379e+07	145.000000	2.97745e+07	145.000000	7.53331e+07	145.000000	6.56453e+07	145.000000	7.68301e+07	
150.000000	1.22118e+10	150.000000	1.22516e+10	150.000000	1.22904e+10	150.000000	1.23072e+10	150.000000	1.23303e+10	150.000000	6.74159e+07	150.000000	3.1496e+07	150.000000	7.98828e+07	150.000000	6.952e+07 	150.000000	8.15753e+07	
155.000000	1.31646e+10	155.000000	1.29742e+10	155.000000	1.30166e+10	155.000000	1.30347e+10	155.000000	1.30588e+10	155.000000	7.12688e+07	155.000000	3.32517e+07	155.000000	8.4532e+07	155.000000	7.34778e+07	155.000000	8.64338e+07	
160.000000	1.4146e+10	160.000000	1.3713e+10	160.000000	1.37592e+10	160.000000	1.37788e+10	160.000000	1.38037e+10	160.000000	7.51942e+07	160.000000	3.50407e+07	160.000000	8.92781e+07	160.000000	7.75169e+07	160.000000	9.14035e+07	
165.000000	1.51479e+10	165.000000	1.44677e+10	165.000000	1.45179e+10	165.000000	1.4539e+10	165.000000	1.45648e+10	165.000000	7.91902e+07	165.000000	3.68625e+07	165.000000	9.41192e+07	165.000000	8.16357e+07	165.000000	9.64825e+07	
170.000000	1.61699e+10	170.000000	1.52381e+10	170.000000	1.52925e+10	170.000000	1.53151e+10	170.000000	1.53417e+10	170.000000	8.32545e+07	170.000000	3.87163e+07	170.000000	9.9053e+07	170.000000	8.58327e+07	170.000000	1.01669e+08	
175.000000	1.72117e+10	175.000000	1.60239e+10	175.000000	1.60826e+10	175.000000	1.61068e+10	175.000000	1.61343e+10	175.000000	8.73851e+07	175.000000	4.06015e+07	175.000000	1.04077e+08	175.000000	9.01064e+07	175.000000	1.06961e+08	
180.000000	1.82729e+10	180.000000	1.68248e+10	180.000000	1.6888e+10	180.000000	1.69139e+10	180.000000	1.69422e+10	180.000000	9.15802e+07	180.000000	4.25175e+07	180.000000	1.09191e+08	180.000000	9.44553e+07	180.000000	1.12357e+08	
185.000000	1.93533e+10	185.000000	1.76406e+10	185.000000	1.77085e+10	185.000000	1.77361e+10	185.000000	1.77652e+10	185.000000	9.58378e+07	185.000000	4.44638e+07	185.000000	1.1439e+08	185.000000	9.88779e+07	185.000000	1.17855e+08	
190.000000	2.04524e+10	190.000000	1.8471e+10	190.000000	1.85439e+10	190.000000	1.85731e+10	190.000000	1.86031e+10	190.000000	1.00156e+08	190.000000	4.64385e+07	190.000000	1.19675e+08	190.000000	1.03373e+08	190.000000	1.23453e+08	
195.000000	2.157e+10 	195.000000	1.93159e+10	195.000000	1.93938e+10	195.000000	1.94248e+10	195.000000	1.94556e+10	195.000000	1.04533e+08	195.000000	4.8441e+07	195.000000	1.25042e+08	195.000000	1.07939e+08	195.000000	1.2915e+08	
200.000000	2.27059e+10	200.000000	2.01749e+10	200.000000	2.02581e+10	200.000000	2.02909e+10	200.000000	2.03225e+10	200.000000	1.08967e+08	200.000000	5.04718e+07	200.000000	1.30491e+08	200.000000	1.12574e+08	200.000000	1.34944e+08	
210.000000	2.50311e+10	210.000000	2.19345e+10	210.000000	2.20288e+10	210.000000	2.20654e+10	210.000000	2.20986e+10	210.000000	1.18e+08  	210.000000	5.46155e+07	210.000000	1.41624e+08	210.000000	1.22049e+08	210.000000	1.46817e+08	
220.000000	2.74257e+10	220.000000	2.37482e+10	220.000000	2.38541e+10	220.000000	2.38947e+10	220.000000	2.39295e+10	220.000000	1.27242e+08	220.000000	5.88616e+07	220.000000	1.5306e+08	220.000000	1.31787e+08	220.000000	1.59058e+08	
230.000000	2.98878e+10	230.000000	2.56142e+10	230.000000	2.57324e+10	230.000000	2.57773e+10	230.000000	2.58135e+10	230.000000	1.36679e+08	230.000000	6.32063e+07	230.000000	1.64787e+08	230.000000	1.41779e+08	230.000000	1.71657e+08	
240.000000	3.24152e+10	240.000000	2.7531e+10	240.000000	2.76622e+10	240.000000	2.77114e+10	240.000000	2.7749e+10	240.000000	1.46302e+08	240.000000	6.76479e+07	240.000000	1.7679e+08	240.000000	1.52015e+08	240.000000	1.84602e+08	
250.000000	3.50061e+10	250.000000	2.94971e+10	250.000000	2.96419e+10	250.000000	2.96954e+10	250.000000	2.97345e+10	250.000000	1.56097e+08	250.000000	7.21846e+07	250.000000	1.8906e+08	250.000000	1.62487e+08	250.000000	1.97881e+08	
260.000000	3.76587e+10	260.000000	3.15109e+10	260.000000	3.16697e+10	260.000000	3.1728e+10	260.000000	3.17684e+10	260.000000	1.66056e+08	260.000000	7.68057e+07	260.000000	2.01583e+08	260.000000	1.73187e+08	260.000000	2.11483e+08	
270.000000	4.03712e+10	270.000000	3.35711e+10	270.000000	3.37446e+10	270.000000	3.38077e+10	270.000000	3.38493e+10	270.000000	1.76169e+08	270.000000	8.15114e+07	270.000000	2.14349e+08	270.000000	1.84106e+08	270.000000	2.25399e+08	
280.000000	4.31419e+10	280.000000	3.56763e+10	280.000000	3.58648e+10	280.000000	3.5933e+10	280.000000	3.59759e+10	280.000000	1.86425e+08	280.000000	8.63002e+07	280.000000	2.27348e+08	280.000000	1.95236e+08	280.000000	2.39618e+08	
290.000000	4.59693e+10	290.000000	3.78253e+10	290.000000	3.80292e+10	290.000000	3.81026e+10	290.000000	3.81468e+10	290.000000	1.96816e+08	290.000000	9.11691e+07	290.000000	2.4057e+08	290.000000	2.06571e+08	290.000000	2.54132e+08	
300.000000	4.88518e+10	300.000000	4.00167e+10	300.000000	4.02367e+10	300.000000	4.03153e+10	300.000000	4.03606e+10	300.000000	2.07333e+08	300.000000	9.61144e+07	300.000000	2.54005e+08	300.000000	2.18103e+08	300.000000	2.68929e+08	
310.000000	5.17879e+10	310.000000	4.22494e+10	310.000000	4.24858e+10	310.000000	4.25699e+10	310.000000	4.26163e+10	310.000000	2.17969e+08	310.000000	1.0113e+08	310.000000	2.67643e+08	310.000000	2.29825e+08	310.000000	2.84003e+08	
320.000000	5.47762e+10	320.000000	4.45223e+10	320.000000	4.47754e+10	320.000000	4.48651e+10	320.000000	4.49125e+10	320.000000	2.28716e+08	320.000000	1.06216e+08	320.000000	2.81476e+08	320.000000	2.41731e+08	320.000000	2.99343e+08	
330.000000	5.78154e+10	330.000000	4.68343e+10	330.000000	4.71043e+10	330.000000	4.71998e+10	330.000000	4.72482e+10	330.000000	2.39566e+08	330.000000	1.11373e+08	330.000000	2.95496e+08	330.000000	2.53814e+08	330.000000	3.14942e+08	
340.000000	6.09041e+10	340.000000	4.91842e+10	340.000000	4.94715e+10	340.000000	4.95729e+10	340.000000	4.96223e+10	340.000000	2.50514e+08	340.000000	1.16593e+08	340.000000	3.09695e+08	340.000000	2.66069e+08	340.000000	3.30792e+08	
350.000000	6.4041e+10	350.000000	5.1571e+10	350.000000	5.1876e+10	350.000000	5.19834e+10	350.000000	5.20337e+10	350.000000	2.61552e+08	350.000000	1.21873e+08	350.000000	3.24064e+08	350.000000	2.78489e+08	350.000000	3.46885e+08	
360.000000	6.7225e+10	360.000000	5.39939e+10	360.000000	5.43168e+10	360.000000	5.44302e+10	360.000000	5.44813e+10	360.000000	2.72674e+08	360.000000	1.27214e+08	360.000000	3.38597e+08	360.000000	2.9107e+08	360.000000	3.63213e+08	
370.000000	7.04548e+10	370.000000	5.64517e+10	370.000000	5.67927e+10	370.000000	5.69124e+10	370.000000	5.69643e+10	370.000000	2.83876e+08	370.000000	1.32618e+08	370.000000	3.53287e+08	370.000000	3.03805e+08	370.000000	3.7977e+08	
380.000000	7.37293e+10	380.000000	5.89436e+10	380.000000	5.9303e+10	380.000000	5.94292e+10	380.000000	5.94819e+10	380.000000	2.95153e+08	380.000000	1.38083e+08	380.000000	3.68128e+08	380.000000	3.16691e+08	380.000000	3.9655e+08	
390.000000	7.70475e+10	390.000000	6.14686e+10	390.000000	6.18469e+10	390.000000	6.19796e+10	390.000000	6.2033e+10	390.000000	3.065e+08 	390.000000	1.43603e+08	390.000000	3.83113e+08	390.000000	3.29722e+08	390.000000	4.13546e+08	
400.000000	8.04081e+10	400.000000	6.4026e+10	400.000000	6.44235e+10	400.000000	6.45629e+10	400.000000	6.46169e+10	400.000000	3.17913e+08	400.000000	1.49177e+08	400.000000	3.98236e+08	400.000000	3.42894e+08	400.000000	4.30751e+08	
410.000000	8.38103e+10	410.000000	6.66149e+10	410.000000	6.70318e+10	410.000000	6.7178e+10	410.000000	6.72327e+10	410.000000	3.29385e+08	410.000000	1.54804e+08	410.000000	4.13491e+08	410.000000	3.56202e+08	410.000000	4.48159e+08	
420.000000	8.72529e+10	420.000000	6.92344e+10	420.000000	6.9671e+10	420.000000	6.98242e+10	420.000000	6.98794e+10	420.000000	3.40913e+08	420.000000	1.60481e+08	420.000000	4.28873e+08	420.000000	3.69641e+08	420.000000	4.65764e+08	
430.000000	9.07351e+10	430.000000	7.18838e+10	430.000000	7.23403e+10	430.000000	7.25007e+10	430.000000	7.25564e+10	430.000000	3.52492e+08	430.000000	1.66203e+08	430.000000	4.44375e+08	430.000000	3.83207e+08	430.000000	4.8356e+08	
440.000000	9.42558e+10	440.000000	7.45624e+10	440.000000	7.50392e+10	440.000000	7.52067e+10	440.000000	7.52629e+10	440.000000	3.64118e+08	440.000000	1.7197e+08	440.000000	4.59993e+08	440.000000	3.96896e+08	440.000000	5.01541e+08	
450.000000	9.78142e+10	450.000000	7.72694e+10	450.000000	7.77667e+10	450.000000	7.79414e+10	450.000000	7.7998e+10	450.000000	3.75787e+08	450.000000	1.77785e+08	450.000000	4.7572e+08	450.000000	4.10703e+08	450.000000	5.19702e+08	
460.000000	1.01409e+11	460.000000	8.0004e+10	460.000000	8.05221e+10	460.000000	8.07041e+10	460.000000	8.07611e+10	460.000000	3.87495e+08	460.000000	1.83646e+08	460.000000	4.91553e+08	460.000000	4.24625e+08	460.000000	5.38037e+08	
470.000000	1.05041e+11	470.000000	8.27657e+10	470.000000	8.33047e+10	470.000000	8.34941e+10	470.000000	8.35514e+10	470.000000	3.99238e+08	470.000000	1.89552e+08	470.000000	5.07487e+08	470.000000	4.38659e+08	470.000000	5.56541e+08	
480.000000	1.08707e+11	480.000000	8.55537e+10	480.000000	8.61136e+10	480.000000	8.63107e+10	480.000000	8.63683e+10	480.000000	4.11013e+08	480.000000	1.95502e+08	480.000000	5.23516e+08	480.000000	4.52799e+08	480.000000	5.75208e+08	
490.000000	1.12407e+11	490.000000	8.83674e+10	490.000000	8.89484e+10	490.000000	8.91532e+10	490.000000	8.92111e+10	490.000000	4.22818e+08	490.000000	2.0149e+08	490.000000	5.39637e+08	490.000000	4.67043e+08	490.000000	5.94034e+08	
500.000000	1.16141e+11	500.000000	9.12061e+10	500.000000	9.18084e+10	500.000000	9.2021e+10	500.000000	9.20792e+10	500.000000	4.34647e+08	500.000000	2.07516e+08	500.000000	5.55845e+08	500.000000	4.81387e+08	500.000000	6.13014e+08	
520.000000	1.23706e+11	520.000000	9.69564e+10	520.000000	9.76018e+10	520.000000	9.78301e+10	520.000000	9.78885e+10	520.000000	4.58372e+08	520.000000	2.19683e+08	520.000000	5.88507e+08	520.000000	5.10363e+08	520.000000	6.51418e+08	
540.000000	1.31397e+11	540.000000	1.028e+11 	540.000000	1.03489e+11	540.000000	1.03733e+11	540.000000	1.03792e+11	540.000000	4.82166e+08	540.000000	2.32002e+08	540.000000	6.21471e+08	540.000000	5.39699e+08	540.000000	6.90382e+08	
560.000000	1.39206e+11	560.000000	1.08732e+11	560.000000	1.09464e+11	560.000000	1.09725e+11	560.000000	1.09784e+11	560.000000	5.06009e+08	560.000000	2.44454e+08	560.000000	6.54707e+08	560.000000	5.69374e+08	560.000000	7.29875e+08	
580.000000	1.4713e+11	580.000000	1.14749e+11	580.000000	1.15525e+11	580.000000	1.15803e+11	580.000000	1.15861e+11	580.000000	5.29882e+08	580.000000	2.57041e+08	580.000000	6.8819e+08	580.000000	5.99363e+08	580.000000	7.69863e+08	
600.000000	1.55162e+11	600.000000	1.20846e+11	600.000000	1.21666e+11	600.000000	1.21961e+11	600.000000	1.22019e+11	600.000000	5.5377e+08	600.000000	2.69759e+08	600.000000	7.21895e+08	600.000000	6.29646e+08	600.000000	8.10317e+08	
620.000000	1.63299e+11	620.000000	1.2702e+11	620.000000	1.27885e+11	620.000000	1.28197e+11	620.000000	1.28255e+11	620.000000	5.77658e+08	620.000000	2.82594e+08	620.000000	7.55798e+08	620.000000	6.60203e+08	620.000000	8.51209e+08	
640.000000	1.71536e+11	640.000000	1.33268e+11	640.000000	1.34176e+11	640.000000	1.34507e+11	640.000000	1.34564e+11	640.000000	6.01532e+08	640.000000	2.95537e+08	640.000000	7.89879e+08	640.000000	6.91014e+08	640.000000	8.92512e+08	
660.000000	1.79868e+11	660.000000	1.39585e+11	660.000000	1.40538e+11	660.000000	1.40887e+11	660.000000	1.40943e+11	660.000000	6.2538e+08	660.000000	3.08587e+08	660.000000	8.24118e+08	660.000000	7.22063e+08	660.000000	9.342e+08 	
680.000000	1.88291e+11	680.000000	1.4597e+11	680.000000	1.46967e+11	680.000000	1.47334e+11	680.000000	1.47389e+11	680.000000	6.49192e+08	680.000000	3.21737e+08	680.000000	8.58495e+08	680.000000	7.53332e+08	680.000000	9.76249e+08	
700.000000	1.96802e+11	700.000000	1.52418e+11	700.000000	1.5346e+11	700.000000	1.53846e+11	700.000000	1.539e+11 	700.000000	6.72956e+08	700.000000	3.34985e+08	700.000000	8.92995e+08	700.000000	7.84805e+08	700.000000	1.01864e+09	
720.000000	2.05396e+11	720.000000	1.58927e+11	720.000000	1.60013e+11	720.000000	1.60418e+11	720.000000	1.60471e+11	720.000000	6.96664e+08	720.000000	3.48328e+08	720.000000	9.276e+08 	720.000000	8.16469e+08	720.000000	1.06134e+09	
740.000000	2.1407e+11	740.000000	1.65495e+11	740.000000	1.66625e+11	740.000000	1.67049e+11	740.000000	1.67101e+11	740.000000	7.20309e+08	740.000000	3.61761e+08	740.000000	9.62297e+08	740.000000	8.48308e+08	740.000000	1.10435e+09	
760.000000	2.2282e+11	760.000000	1.72118e+11	760.000000	1.73293e+11	760.000000	1.73736e+11	760.000000	1.73787e+11	760.000000	7.43882e+08	760.000000	3.75274e+08	760.000000	9.97071e+08	760.000000	8.80311e+08	760.000000	1.14763e+09	
780.000000	2.31644e+11	780.000000	1.78794e+11	780.000000	1.80014e+11	780.000000	1.80477e+11	780.000000	1.80526e+11	780.000000	7.67378e+08	780.000000	3.88861e+08	780.000000	1.03191e+09	780.000000	9.12463e+08	780.000000	1.19117e+09	
800.000000	2.40537e+11	800.000000	1.85521e+11	800.000000	1.86786e+11	800.000000	1.87269e+11	800.000000	1.87316e+11	800.000000	7.9079e+08	800.000000	4.02522e+08	800.000000	1.0668e+09	800.000000	9.44753e+08	800.000000	1.23495e+09	
820.000000	2.49498e+11	820.000000	1.92296e+11	820.000000	1.93607e+11	820.000000	1.9411e+11	820.000000	1.94155e+11	820.000000	8.14112e+08	820.000000	4.16259e+08	820.000000	1.10173e+09	820.000000	9.77171e+08	820.000000	1.27896e+09	
840.000000	2.58522e+11	840.000000	1.99118e+11	840.000000	2.00475e+11	840.000000	2.00998e+11	840.000000	2.01041e+11	840.000000	8.37341e+08	840.000000	4.30073e+08	840.000000	1.13669e+09	840.000000	1.00971e+09	840.000000	1.32318e+09	
860.000000	2.67608e+11	860.000000	2.05984e+11	860.000000	2.07387e+11	860.000000	2.0793e+11	860.000000	2.07972e+11	860.000000	8.60472e+08	860.000000	4.43961e+08	860.000000	1.17168e+09	860.000000	1.04235e+09	860.000000	1.36759e+09	
880.000000	2.76753e+11	880.000000	2.12892e+11	880.000000	2.14343e+11	880.000000	2.14906e+11	880.000000	2.14946e+11	880.000000	8.83501e+08	880.000000	4.57921e+08	880.000000	1.20667e+09	880.000000	1.07508e+09	880.000000	1.41219e+09	
900.000000	2.85953e+11	900.000000	2.19841e+11	900.000000	2.21339e+11	900.000000	2.21923e+11	900.000000	2.21961e+11	900.000000	9.06425e+08	900.000000	4.71948e+08	900.000000	1.24167e+09	900.000000	1.10791e+09	900.000000	1.45695e+09	
920.000000	2.95207e+11	920.000000	2.26828e+11	920.000000	2.28374e+11	920.000000	2.28979e+11	920.000000	2.29015e+11	920.000000	9.29241e+08	920.000000	4.86036e+08	920.000000	1.27666e+09	920.000000	1.14082e+09	920.000000	1.50188e+09	
940.000000	3.04513e+11	940.000000	2.33852e+11	940.000000	2.35447e+11	940.000000	2.36074e+11	940.000000	2.36107e+11	940.000000	9.51946e+08	940.000000	5.00182e+08	940.000000	1.31164e+09	940.000000	1.1738e+09	940.000000	1.54694e+09	
960.000000	3.13867e+11	960.000000	2.40912e+11	960.000000	2.42556e+11	960.000000	2.43204e+11	960.000000	2.43235e+11	960.000000	9.74539e+08	960.000000	5.14382e+08	960.000000	1.34661e+09	960.000000	1.20684e+09	960.000000	1.59214e+09	
980.000000	3.23268e+11	980.000000	2.48005e+11	980.000000	2.497e+11 	980.000000	2.50369e+11	980.000000	2.50397e+11	980.000000	9.97016e+08	980.000000	5.28634e+08	980.000000	1.38155e+09	980.000000	1.23994e+09	980.000000	1.63746e+09	
1000.000000	3.32713e+11	1000.000000	2.5513e+11	1000.000000	2.56878e+11	1000.000000	2.57568e+11	1000.000000	2.57593e+11	1000.000000	1.01938e+09	1000.000000	5.42938e+08	1000.000000	1.41645e+09	1000.000000	1.27309e+09	1000.000000	1.68289e+09	
1020.000000	3.42201e+11	1020.000000	2.62286e+11	1020.000000	2.64087e+11	1020.000000	2.64798e+11	1020.000000	2.64821e+11	1020.000000	1.04162e+09	1020.000000	5.57294e+08	1020.000000	1.45132e+09	1020.000000	1.30628e+09	1020.000000	1.72842e+09	
1040.000000	3.5173e+11	1040.000000	2.69472e+11	1040.000000	2.71327e+11	1040.000000	2.72059e+11	1040.000000	2.7208e+11	1040.000000	1.06374e+09	1040.000000	5.71703e+08	1040.000000	1.48615e+09	1040.000000	1.33952e+09	1040.000000	1.77405e+09	
1060.000000	3.61297e+11	1060.000000	2.76685e+11	1060.000000	2.78596e+11	1060.000000	2.7935e+11	1060.000000	2.79367e+11	1060.000000	1.08574e+09	1060.000000	5.86166e+08	1060.000000	1.52093e+09	1060.000000	1.37278e+09	1060.000000	1.81976e+09	
1080.000000	3.70902e+11	1080.000000	2.83925e+11	1080.000000	2.85893e+11	1080.000000	2.86669e+11	1080.000000	2.86684e+11	1080.000000	1.10763e+09	1080.000000	6.00684e+08	1080.000000	1.55566e+09	1080.000000	1.40607e+09	1080.000000	1.86554e+09	
1100.000000	3.80541e+11	1100.000000	2.91191e+11	1100.000000	2.93217e+11	1100.000000	2.94015e+11	1100.000000	2.94027e+11	1100.000000	1.12939e+09	1100.000000	6.15254e+08	1100.000000	1.59034e+09	1100.000000	1.43938e+09	1100.000000	1.9114e+09	
1120.000000	3.90214e+11	1120.000000	2.9848e+11	1120.000000	3.00567e+11	1120.000000	3.01387e+11	1120.000000	3.01396e+11	1120.000000	1.15102e+09	1120.000000	6.29875e+08	1120.000000	1.62496e+09	1120.000000	1.47271e+09	1120.000000	1.95731e+09	
1140.000000	3.99919e+11	1140.000000	3.05793e+11	1140.000000	3.07941e+11	1140.000000	3.08784e+11	1140.000000	3.0879e+11	1140.000000	1.17254e+09	1140.000000	6.44542e+08	1140.000000	1.65951e+09	1140.000000	1.50605e+09	1140.000000	2.00327e+09	
1160.000000	4.09654e+11	1160.000000	3.13128e+11	1160.000000	3.1534e+11	1160.000000	3.16205e+11	1160.000000	3.16207e+11	1160.000000	1.19393e+09	1160.000000	6.59254e+08	1160.000000	1.694e+09 	1160.000000	1.5394e+09	1160.000000	2.04928e+09	
1180.000000	4.19417e+11	1180.000000	3.20484e+11	1180.000000	3.22762e+11	1180.000000	3.23649e+11	1180.000000	3.23648e+11	1180.000000	1.2152e+09	1180.000000	6.74008e+08	1180.000000	1.72842e+09	1180.000000	1.57275e+09	1180.000000	2.09533e+09	
1200.000000	4.29208e+11	1200.000000	3.27859e+11	1200.000000	3.30205e+11	1200.000000	3.31115e+11	1200.000000	3.31111e+11	1200.000000	1.23635e+09	1200.000000	6.88803e+08	1200.000000	1.76276e+09	1200.000000	1.60609e+09	1200.000000	2.14141e+09	
1220.000000	4.39025e+11	1220.000000	3.35254e+11	1220.000000	3.3767e+11	1220.000000	3.38602e+11	1220.000000	3.38595e+11	1220.000000	1.25737e+09	1220.000000	7.03638e+08	1220.000000	1.79704e+09	1220.000000	1.63944e+09	1220.000000	2.18752e+09	
1240.000000	4.48866e+11	1240.000000	3.42667e+11	1240.000000	3.45156e+11	1240.000000	3.4611e+11	1240.000000	3.461e+11 	1240.000000	1.27827e+09	1240.000000	7.18514e+08	1240.000000	1.83123e+09	1240.000000	1.67277e+09	1240.000000	2.23365e+09	
1260.000000	4.5873e+11	1260.000000	3.50097e+11	1260.000000	3.5266e+11	1260.000000	3.53637e+11	1260.000000	3.53624e+11	1260.000000	1.29905e+09	1260.000000	7.33429e+08	1260.000000	1.86535e+09	1260.000000	1.7061e+09	1260.000000	2.27979e+09	
1280.000000	4.68617e+11	1280.000000	3.57543e+11	1280.000000	3.60184e+11	1280.000000	3.61183e+11	1280.000000	3.61166e+11	1280.000000	1.3197e+09	1280.000000	7.48383e+08	1280.000000	1.89938e+09	1280.000000	1.73941e+09	1280.000000	2.32595e+09	
1300.000000	4.78524e+11	1300.000000	3.65004e+11	1300.000000	3.67725e+11	1300.000000	3.68748e+11	1300.000000	3.68727e+11	1300.000000	1.34024e+09	1300.000000	7.63377e+08	1300.000000	1.93333e+09	1300.000000	1.7727e+09	1300.000000	2.37211e+09	
1320.000000	4.8845e+11	1320.000000	3.7248e+11	1320.000000	3.75283e+11	1320.000000	3.76329e+11	1320.000000	3.76306e+11	1320.000000	1.36065e+09	1320.000000	7.78408e+08	1320.000000	1.9672e+09	1320.000000	1.80597e+09	1320.000000	2.41827e+09	
1340.000000	4.98394e+11	1340.000000	3.7997e+11	1340.000000	3.82858e+11	1340.000000	3.83928e+11	1340.000000	3.839e+11 	1340.000000	1.38094e+09	1340.000000	7.93477e+08	1340.000000	2.00098e+09	1340.000000	1.83921e+09	1340.000000	2.46443e+09	
1360.000000	5.08356e+11	1360.000000	3.87473e+11	1360.000000	3.9045e+11	1360.000000	3.91542e+11	1360.000000	3.91511e+11	1360.000000	1.40112e+09	1360.000000	8.08582e+08	1360.000000	2.03467e+09	1360.000000	1.87243e+09	1360.000000	2.51058e+09	
1380.000000	5.18334e+11	1380.000000	3.94988e+11	1380.000000	3.98056e+11	1380.000000	3.99172e+11	1380.000000	3.99137e+11	1380.000000	1.42117e+09	1380.000000	8.23723e+08	1380.000000	2.06826e+09	1380.000000	1.90562e+09	1380.000000	2.55672e+09	
1400.000000	5.28327e+11	1400.000000	4.02515e+11	1400.000000	4.05677e+11	1400.000000	4.06817e+11	1400.000000	4.06778e+11	1400.000000	1.44111e+09	1400.000000	8.389e+08 	1400.000000	2.10177e+09	1400.000000	1.93878e+09	1400.000000	2.60285e+09	
1420.000000	5.38333e+11	1420.000000	4.10053e+11	1420.000000	4.13313e+11	1420.000000	4.14476e+11	1420.000000	4.14434e+11	1420.000000	1.46092e+09	1420.000000	8.54112e+08	1420.000000	2.13519e+09	1420.000000	1.9719e+09	1420.000000	2.64895e+09	
1440.000000	5.48353e+11	1440.000000	4.17601e+11	1440.000000	4.20962e+11	1440.000000	4.22148e+11	1440.000000	4.22102e+11	1440.000000	1.48063e+09	1440.000000	8.69359e+08	1440.000000	2.16851e+09	1440.000000	2.00499e+09	1440.000000	2.69504e+09	
1460.000000	5.58385e+11	1460.000000	4.25159e+11	1460.000000	4.28625e+11	1460.000000	4.29834e+11	1460.000000	4.29784e+11	1460.000000	1.50021e+09	1460.000000	8.8464e+08	1460.000000	2.20174e+09	1460.000000	2.03804e+09	1460.000000	2.74109e+09	
1480.000000	5.68428e+11	1480.000000	4.32726e+11	1480.000000	4.363e+11 	1480.000000	4.37532e+11	1480.000000	4.37479e+11	1480.000000	1.51968e+09	1480.000000	8.99957e+08	1480.000000	2.23488e+09	1480.000000	2.07106e+09	1480.000000	2.78712e+09	
1500.000000	5.78481e+11	1500.000000	4.40302e+11	1500.000000	4.43987e+11	1500.000000	4.45243e+11	1500.000000	4.45185e+11	1500.000000	1.53903e+09	1500.000000	9.15307e+08	1500.000000	2.26791e+09	1500.000000	2.10403e+09	1500.000000	2.83311e+09	
1520.000000	5.88544e+11	1520.000000	4.47885e+11	1520.000000	4.51686e+11	1520.000000	4.52965e+11	1520.000000	4.52903e+11	1520.000000	1.55828e+09	1520.000000	9.30691e+08	1520.000000	2.30085e+09	1520.000000	2.13695e+09	1520.000000	2.87907e+09	
1540.000000	5.98615e+11	1540.000000	4.55475e+11	1540.000000	4.59396e+11	1540.000000	4.60698e+11	1540.000000	4.60633e+11	1540.000000	1.5774e+09	1540.000000	9.46109e+08	1540.000000	2.3337e+09	1540.000000	2.16984e+09	1540.000000	2.925e+09 	
1560.000000	6.08694e+11	1560.000000	4.63073e+11	1560.000000	4.67116e+11	1560.000000	4.68442e+11	1560.000000	4.68373e+11	1560.000000	1.59642e+09	1560.000000	9.61558e+08	1560.000000	2.36644e+09	1560.000000	2.20267e+09	1560.000000	2.97088e+09	
1580.000000	6.1878e+11	1580.000000	4.70677e+11	1580.000000	4.74847e+11	1580.000000	4.76196e+11	1580.000000	4.76123e+11	1580.000000	1.61533e+09	1580.000000	9.77039e+08	1580.000000	2.39909e+09	1580.000000	2.23546e+09	1580.000000	3.01672e+09	
1600.000000	6.28873e+11	1600.000000	4.78286e+11	1600.000000	4.82588e+11	1600.000000	4.83961e+11	1600.000000	4.83883e+11	1600.000000	1.63412e+09	1600.000000	9.9255e+08	1600.000000	2.43164e+09	1600.000000	2.2682e+09	1600.000000	3.06251e+09	
1620.000000	6.3897e+11	1620.000000	4.85901e+11	1620.000000	4.90339e+11	1620.000000	4.91734e+11	1620.000000	4.91653e+11	1620.000000	1.65281e+09	1620.000000	1.00809e+09	1620.000000	2.46409e+09	1620.000000	2.30089e+09	1620.000000	3.10826e+09	
1640.000000	6.49073e+11	1640.000000	4.93521e+11	1640.000000	4.98098e+11	1640.000000	4.99517e+11	1640.000000	4.99432e+11	1640.000000	1.67139e+09	1640.000000	1.02366e+09	1640.000000	2.49644e+09	1640.000000	2.33353e+09	1640.000000	3.15395e+09	
1660.000000	6.59179e+11	1660.000000	5.01145e+11	1660.000000	5.05866e+11	1660.000000	5.07309e+11	1660.000000	5.07219e+11	1660.000000	1.68986e+09	1660.000000	1.03926e+09	1660.000000	2.52869e+09	1660.000000	2.36611e+09	1660.000000	3.1996e+09	
1680.000000	6.69289e+11	1680.000000	5.08773e+11	1680.000000	5.13643e+11	1680.000000	5.15109e+11	1680.000000	5.15015e+11	1680.000000	1.70823e+09	1680.000000	1.05488e+09	1680.000000	2.56084e+09	1680.000000	2.39864e+09	1680.000000	3.24519e+09	
1700.000000	6.79402e+11	1700.000000	5.16405e+11	1700.000000	5.21427e+11	1700.000000	5.22917e+11	1700.000000	5.22819e+11	1700.000000	1.72649e+09	1700.000000	1.07053e+09	1700.000000	2.5929e+09	1700.000000	2.43112e+09	1700.000000	3.29072e+09	
1750.000000	7.04691e+11	1750.000000	5.35497e+11	1750.000000	5.40921e+11	1750.000000	5.4247e+11	1750.000000	5.42362e+11	1750.000000	1.77168e+09	1750.000000	1.10978e+09	1750.000000	2.67259e+09	1750.000000	2.51206e+09	1750.000000	3.40431e+09	
1800.000000	7.29985e+11	1800.000000	5.54603e+11	1800.000000	5.60457e+11	1800.000000	5.62066e+11	1800.000000	5.61947e+11	1800.000000	1.81625e+09	1800.000000	1.14919e+09	1800.000000	2.75165e+09	1800.000000	2.59263e+09	1800.000000	3.51751e+09	
1850.000000	7.55274e+11	1850.000000	5.73717e+11	1850.000000	5.80033e+11	1850.000000	5.81702e+11	1850.000000	5.81572e+11	1850.000000	1.86019e+09	1850.000000	1.18878e+09	1850.000000	2.83009e+09	1850.000000	2.67283e+09	1850.000000	3.63031e+09	
1900.000000	7.8055e+11	1900.000000	5.92834e+11	1900.000000	5.99643e+11	1900.000000	6.01373e+11	1900.000000	6.01232e+11	1900.000000	1.90352e+09	1900.000000	1.22853e+09	1900.000000	2.90791e+09	1900.000000	2.75265e+09	1900.000000	3.74269e+09	
1950.000000	8.05806e+11	1950.000000	6.11949e+11	1950.000000	6.19285e+11	1950.000000	6.21074e+11	1950.000000	6.20923e+11	1950.000000	1.94627e+09	1950.000000	1.26847e+09	1950.000000	2.98511e+09	1950.000000	2.83207e+09	1950.000000	3.85462e+09	
2000.000000	8.31034e+11	2000.000000	6.31058e+11	2000.000000	6.38954e+11	2000.000000	6.40804e+11	2000.000000	6.40641e+11	2000.000000	1.98843e+09	2000.000000	1.30857e+09	2000.000000	3.06169e+09	2000.000000	2.91109e+09	2000.000000	3.9661e+09	
2100.000000	8.81386e+11	2100.000000	6.69243e+11	2100.000000	6.78365e+11	2100.000000	6.80334e+11	2100.000000	6.80148e+11	2100.000000	2.0711e+09	2100.000000	1.3893e+09	2100.000000	3.21303e+09	2100.000000	3.0679e+09	2100.000000	4.18764e+09	
2200.000000	9.31558e+11	2200.000000	7.07359e+11	2200.000000	7.17853e+11	2200.000000	7.1994e+11	2200.000000	7.19732e+11	2200.000000	2.15162e+09	2200.000000	1.47069e+09	2200.000000	3.36196e+09	2200.000000	3.22305e+09	2200.000000	4.40724e+09	
2300.000000	9.81511e+11	2300.000000	7.45381e+11	2300.000000	7.57399e+11	2300.000000	7.59604e+11	2300.000000	7.59373e+11	2300.000000	2.23012e+09	2300.000000	1.55272e+09	2300.000000	3.50855e+09	2300.000000	3.37652e+09	2300.000000	4.62482e+09	
2400.000000	1.03121e+12	2400.000000	7.83289e+11	2400.000000	7.96986e+11	2400.000000	7.9931e+11	2400.000000	7.99055e+11	2400.000000	2.30668e+09	2400.000000	1.63537e+09	2400.000000	3.65285e+09	2400.000000	3.52829e+09	2400.000000	4.84035e+09	
2500.000000	1.08063e+12	2500.000000	8.21064e+11	2500.000000	8.36601e+11	2500.000000	8.39043e+11	2500.000000	8.38764e+11	2500.000000	2.3814e+09	2500.000000	1.7186e+09	2500.000000	3.79491e+09	2500.000000	3.67837e+09	2500.000000	5.05381e+09	
2600.000000	1.12975e+12	2600.000000	8.58691e+11	2600.000000	8.76232e+11	2600.000000	8.78792e+11	2600.000000	8.7849e+11	2600.000000	2.45438e+09	2600.000000	1.80241e+09	2600.000000	3.93479e+09	2600.000000	3.82676e+09	2600.000000	5.26517e+09	
2700.000000	1.17853e+12	2700.000000	8.96157e+11	2700.000000	9.15868e+11	2700.000000	9.18547e+11	2700.000000	9.18221e+11	2700.000000	2.52569e+09	2700.000000	1.88677e+09	2700.000000	4.07256e+09	2700.000000	3.97347e+09	2700.000000	5.47445e+09	
2800.000000	1.22698e+12	2800.000000	9.33449e+11	2800.000000	9.55501e+11	2800.000000	9.58299e+11	2800.000000	9.57949e+11	2800.000000	2.59542e+09	2800.000000	1.97169e+09	2800.000000	4.20828e+09	2800.000000	4.11852e+09	2800.000000	5.68163e+09	
2900.000000	1.27506e+12	2900.000000	9.70559e+11	2900.000000	9.95124e+11	2900.000000	9.98042e+11	2900.000000	9.97667e+11	2900.000000	2.66364e+09	2900.000000	2.05714e+09	2900.000000	4.342e+09 	2900.000000	4.26194e+09	2900.000000	5.88674e+09	
3000.000000	1.32276e+12	3000.000000	1.00748e+12	3000.000000	1.03473e+12	3000.000000	1.03777e+12	3000.000000	1.03737e+12	3000.000000	2.73042e+09	3000.000000	2.14314e+09	3000.000000	4.47378e+09	3000.000000	4.40373e+09	3000.000000	6.08979e+09	
3200.000000	1.41702e+12	3200.000000	1.08072e+12	3200.000000	1.11387e+12	3200.000000	1.11715e+12	3200.000000	1.1167e+12	3200.000000	2.85991e+09	3200.000000	2.31673e+09	3200.000000	4.73177e+09	3200.000000	4.68257e+09	3200.000000	6.48979e+09	
3400.000000	1.50967e+12	3400.000000	1.15313e+12	3400.000000	1.1929e+12	3400.000000	1.19641e+12	3400.000000	1.19591e+12	3400.000000	2.98437e+09	3400.000000	2.49242e+09	3400.000000	4.98268e+09	3400.000000	4.95526e+09	3400.000000	6.88183e+09	
3600.000000	1.60068e+12	3600.000000	1.22467e+12	3600.000000	1.27178e+12	3600.000000	1.27552e+12	3600.000000	1.27497e+12	3600.000000	3.10423e+09	3600.000000	2.67019e+09	3600.000000	5.22694e+09	3600.000000	5.22202e+09	3600.000000	7.26615e+09	
3800.000000	1.69003e+12	3800.000000	1.29534e+12	3800.000000	1.35049e+12	3800.000000	1.35446e+12	3800.000000	1.35387e+12	3800.000000	3.21985e+09	3800.000000	2.84998e+09	3800.000000	5.46492e+09	3800.000000	5.48309e+09	3800.000000	7.643e+09 	
4000.000000	1.7777e+12	4000.000000	1.36512e+12	4000.000000	1.42902e+12	4000.000000	1.43322e+12	4000.000000	1.43258e+12	4000.000000	3.33157e+09	4000.000000	3.03175e+09	4000.000000	5.69699e+09	4000.000000	5.73868e+09	4000.000000	8.01263e+09	
4200.000000	1.86371e+12	4200.000000	1.434e+12 	4200.000000	1.50737e+12	4200.000000	1.51179e+12	4200.000000	1.5111e+12	4200.000000	3.43968e+09	4200.000000	3.21549e+09	4200.000000	5.92347e+09	4200.000000	5.98903e+09	4200.000000	8.3753e+09	
4400.000000	1.94805e+12	4400.000000	1.50199e+12	4400.000000	1.58552e+12	4400.000000	1.59017e+12	4400.000000	1.58943e+12	4400.000000	3.54445e+09	4400.000000	3.40114e+09	4400.000000	6.14469e+09	4400.000000	6.23436e+09	4400.000000	8.73128e+09	
4600.000000	2.03074e+12	4600.000000	1.56908e+12	4600.000000	1.66347e+12	4600.000000	1.66834e+12	4600.000000	1.66756e+12	4600.000000	3.6461e+09	4600.000000	3.5887e+09	4600.000000	6.36092e+09	4600.000000	6.47486e+09	4600.000000	9.08081e+09	
4800.000000	2.11182e+12	4800.000000	1.6353e+12	4800.000000	1.74121e+12	4800.000000	1.74631e+12	4800.000000	1.74548e+12	4800.000000	3.74486e+09	4800.000000	3.77812e+09	4800.000000	6.57243e+09	4800.000000	6.71075e+09	4800.000000	9.42414e+09	
5000.000000	2.19129e+12	5000.000000	1.70065e+12	5000.000000	1.81876e+12	5000.000000	1.82408e+12	5000.000000	1.8232e+12	5000.000000	3.84092e+09	5000.000000	3.96939e+09	5000.000000	6.77946e+09	5000.000000	6.94222e+09	5000.000000	9.76151e+09	
5250.000000	2.28844e+12	5250.000000	1.78112e+12	5250.000000	1.9154e+12	5250.000000	1.921e+12 	5250.000000	1.92006e+12	5250.000000	3.95744e+09	5250.000000	4.21103e+09	5250.000000	7.03229e+09	5250.000000	7.22559e+09	5250.000000	1.01752e+10	
5500.000000	2.3832e+12	5500.000000	1.86028e+12	5500.000000	2.01173e+12	5500.000000	2.0176e+12	5500.000000	2.0166e+12	5500.000000	4.07031e+09	5500.000000	4.45548e+09	5500.000000	7.27889e+09	5500.000000	7.50266e+09	5500.000000	1.05803e+10	
6000.000000	2.5658e+12	6000.000000	2.01475e+12	6000.000000	2.20347e+12	6000.000000	2.20987e+12	6000.000000	2.20876e+12	6000.000000	4.28613e+09	6000.000000	4.95261e+09	6000.000000	7.7548e+09	6000.000000	8.03913e+09	6000.000000	1.13665e+10	
6500.000000	2.73963e+12	6500.000000	2.16431e+12	6500.000000	2.394e+12 	6500.000000	2.40092e+12	6500.000000	2.3997e+12	6500.000000	4.49021e+09	6500.000000	5.46044e+09	6500.000000	8.20981e+09	6500.000000	8.55387e+09	6500.000000	1.2123e+10	
7000.000000	2.90521e+12	7000.000000	2.30918e+12	7000.000000	2.58337e+12	7000.000000	2.59081e+12	7000.000000	2.58948e+12	7000.000000	4.68403e+09	7000.000000	5.97862e+09	7000.000000	8.64609e+09	7000.000000	9.04885e+09	7000.000000	1.28523e+10	
7500.000000	3.06305e+12	7500.000000	2.44963e+12	7500.000000	2.77163e+12	7500.000000	2.77959e+12	7500.000000	2.77815e+12	7500.000000	4.86879e+09	7500.000000	6.50699e+09	7500.000000	9.06549e+09	7500.000000	9.5258e+09	7500.000000	1.35567e+10	
8000.000000	3.21366e+12	8000.000000	2.58587e+12	8000.000000	2.95884e+12	8000.000000	2.96731e+12	8000.000000	2.96576e+12	8000.000000	5.0455e+09	8000.000000	7.04528e+09	8000.000000	9.46961e+09	8000.000000	9.98621e+09	8000.000000	1.42383e+10	
8500.000000	3.35748e+12	8500.000000	2.71813e+12	8500.000000	3.14505e+12	8500.000000	3.15401e+12	8500.000000	3.15237e+12	8500.000000	5.215e+09 	8500.000000	7.59308e+09	8500.000000	9.85979e+09	8500.000000	1.04314e+10	8500.000000	1.48987e+10	
9000.000000	3.49496e+12	9000.000000	2.84663e+12	9000.000000	3.3303e+12	9000.000000	3.33976e+12	9000.000000	3.33801e+12	9000.000000	5.37801e+09	9000.000000	8.15007e+09	9000.000000	1.02372e+10	9000.000000	1.08626e+10	9000.000000	1.55396e+10	
9500.000000	3.62648e+12	9500.000000	2.97155e+12	9500.000000	3.51465e+12	9500.000000	3.52458e+12	9500.000000	3.52274e+12	9500.000000	5.53512e+09	9500.000000	8.71612e+09	9500.000000	1.0603e+10	9500.000000	1.12808e+10	9500.000000	1.61623e+10	
10000.000000	3.75242e+12	10000.000000	3.09309e+12	10000.000000	3.69814e+12	10000.000000	3.70854e+12	10000.000000	3.7066e+12	10000.000000	5.68688e+09	10000.000000	9.29116e+09	10000.000000	1.09579e+10	10000.000000	1.16869e+10	10000.000000	1.67681e+10	
11000.000000	3.98893e+12	11000.000000	3.3267e+12	11000.000000	4.06266e+12	11000.000000	4.07398e+12	11000.000000	4.07186e+12	11000.000000	5.97605e+09	11000.000000	1.04672e+10	11000.000000	1.16384e+10	11000.000000	1.24661e+10	11000.000000	1.79335e+10	
12000.000000	4.20693e+12	12000.000000	3.54871e+12	12000.000000	4.42415e+12	12000.000000	4.43637e+12	12000.000000	4.43408e+12	12000.000000	6.24851e+09	12000.000000	1.16748e+10	12000.000000	1.22842e+10	12000.000000	1.3206e+10	12000.000000	1.90433e+10	
13000.000000	4.40852e+12	13000.000000	3.7602e+12	13000.000000	4.78286e+12	13000.000000	4.79597e+12	13000.000000	4.79352e+12	13000.000000	6.50662e+09	13000.000000	1.29122e+10	13000.000000	1.28996e+10	13000.000000	1.39111e+10	13000.000000	2.01041e+10	
14000.000000	4.5955e+12	14000.000000	3.96212e+12	14000.000000	5.13903e+12	14000.000000	5.153e+12 	14000.000000	5.1504e+12	14000.000000	6.75222e+09	14000.000000	1.41801e+10	14000.000000	1.34881e+10	14000.000000	1.45853e+10	14000.000000	2.1121e+10	
15000.000000	4.76943e+12	15000.000000	4.15532e+12	15000.000000	5.49286e+12	15000.000000	5.50765e+12	15000.000000	5.50491e+12	15000.000000	6.98681e+09	15000.000000	1.54792e+10	15000.000000	1.40527e+10	15000.000000	1.52318e+10	15000.000000	2.20985e+10	
16000.000000	4.93163e+12	16000.000000	4.34052e+12	16000.000000	5.84452e+12	16000.000000	5.86009e+12	16000.000000	5.85722e+12	16000.000000	7.21164e+09	16000.000000	1.68086e+10	16000.000000	1.45957e+10	16000.000000	1.58533e+10	16000.000000	2.30404e+10	
17000.000000	5.08327e+12	17000.000000	4.51836e+12	17000.000000	6.19414e+12	17000.000000	6.21046e+12	17000.000000	6.20748e+12	17000.000000	7.42773e+09	17000.000000	1.81662e+10	17000.000000	1.51192e+10	17000.000000	1.64521e+10	17000.000000	2.39499e+10	
18000.000000	5.22536e+12	18000.000000	4.68943e+12	18000.000000	6.54185e+12	18000.000000	6.55891e+12	18000.000000	6.55583e+12	18000.000000	7.63594e+09	18000.000000	1.95496e+10	18000.000000	1.56251e+10	18000.000000	1.70302e+10	18000.000000	2.48297e+10	
19000.000000	5.35879e+12	19000.000000	4.85421e+12	19000.000000	6.88776e+12	19000.000000	6.90556e+12	19000.000000	6.90238e+12	19000.000000	7.83702e+09	19000.000000	2.09568e+10	19000.000000	1.61147e+10	19000.000000	1.75894e+10	19000.000000	2.56824e+10	
20000.000000	5.48433e+12	20000.000000	5.01318e+12	20000.000000	7.23197e+12	20000.000000	7.2505e+12	20000.000000	7.24724e+12	20000.000000	8.03159e+09	20000.000000	2.23861e+10	20000.000000	1.65895e+10	20000.000000	1.81311e+10	20000.000000	2.65099e+10	
21000.000000	5.60266e+12	21000.000000	5.16672e+12	21000.000000	7.57457e+12	21000.000000	7.59384e+12	21000.000000	7.59051e+12	21000.000000	8.22021e+09	21000.000000	2.38366e+10	21000.000000	1.70506e+10	21000.000000	1.86567e+10	21000.000000	2.73143e+10	
22000.000000	5.7144e+12	22000.000000	5.31522e+12	22000.000000	7.91567e+12	22000.000000	7.93566e+12	22000.000000	7.93228e+12	22000.000000	8.40334e+09	22000.000000	2.53105e+10	22000.000000	1.7499e+10	22000.000000	1.91673e+10	22000.000000	2.8097e+10	
23000.000000	5.82009e+12	23000.000000	5.459e+12 	23000.000000	8.25536e+12	23000.000000	8.27604e+12	23000.000000	8.27262e+12	23000.000000	8.58141e+09	23000.000000	2.68082e+10	23000.000000	1.79355e+10	23000.000000	1.9664e+10	23000.000000	2.88597e+10	
24000.000000	5.92021e+12	24000.000000	5.59835e+12	24000.000000	8.59371e+12	24000.000000	8.61505e+12	24000.000000	8.6116e+12	24000.000000	8.75478e+09	24000.000000	2.83269e+10	24000.000000	1.83611e+10	24000.000000	2.01478e+10	24000.000000	2.96036e+10	
25000.000000	6.01518e+12	25000.000000	5.73354e+12	25000.000000	8.93077e+12	25000.000000	8.95276e+12	25000.000000	8.9493e+12	25000.000000	8.92379e+09	25000.000000	2.98661e+10	25000.000000	1.87763e+10	25000.000000	2.06194e+10	25000.000000	3.033e+10 	
26000.000000	6.1054e+12	26000.000000	5.86484e+12	26000.000000	9.2666e+12	26000.000000	9.28923e+12	26000.000000	9.28577e+12	26000.000000	9.08872e+09	26000.000000	3.14261e+10	26000.000000	1.9182e+10	26000.000000	2.10796e+10	26000.000000	3.10398e+10	
27000.000000	6.19121e+12	27000.000000	5.99245e+12	27000.000000	9.60128e+12	27000.000000	9.62451e+12	27000.000000	9.62107e+12	27000.000000	9.24985e+09	27000.000000	3.30064e+10	27000.000000	1.95785e+10	27000.000000	2.15291e+10	27000.000000	3.1734e+10	
28000.000000	6.27294e+12	28000.000000	6.11658e+12	28000.000000	9.93484e+12	28000.000000	9.95866e+12	28000.000000	9.95525e+12	28000.000000	9.40739e+09	28000.000000	3.46067e+10	28000.000000	1.99665e+10	28000.000000	2.19685e+10	28000.000000	3.24136e+10	
29000.000000	6.35086e+12	29000.000000	6.23743e+12	29000.000000	1.02673e+13	29000.000000	1.02917e+13	29000.000000	1.02884e+13	29000.000000	9.56158e+09	29000.000000	3.62269e+10	29000.000000	2.03464e+10	29000.000000	2.23984e+10	29000.000000	3.30793e+10	
30000.000000	6.42523e+12	30000.000000	6.35516e+12	30000.000000	1.05988e+13	30000.000000	1.06237e+13	30000.000000	1.06204e+13	30000.000000	9.71259e+09	30000.000000	3.78668e+10	30000.000000	2.07187e+10	30000.000000	2.28193e+10	30000.000000	3.37318e+10	
32000.000000	6.56426e+12	32000.000000	6.58193e+12	32000.000000	1.12588e+13	32000.000000	1.12848e+13	32000.000000	1.12817e+13	32000.000000	1.00058e+10	32000.000000	4.12038e+10	32000.000000	2.14419e+10	32000.000000	2.36358e+10	32000.000000	3.50002e+10	
34000.000000	6.69168e+12	34000.000000	6.79803e+12	34000.000000	1.19152e+13	34000.000000	1.19421e+13	34000.000000	1.19392e+13	34000.000000	1.02883e+10	34000.000000	4.46116e+10	34000.000000	2.21389e+10	34000.000000	2.44214e+10	34000.000000	3.62233e+10	
36000.000000	6.80887e+12	36000.000000	7.00443e+12	36000.000000	1.25682e+13	36000.000000	1.2596e+13	36000.000000	1.25934e+13	36000.000000	1.0561e+10	36000.000000	4.8085e+10	36000.000000	2.28122e+10	36000.000000	2.5179e+10	36000.000000	3.74054e+10	
38000.000000	6.91701e+12	38000.000000	7.202e+12 	38000.000000	1.3218e+13	38000.000000	1.32466e+13	38000.000000	1.32444e+13	38000.000000	1.08249e+10	38000.000000	5.16222e+10	38000.000000	2.34637e+10	38000.000000	2.5911e+10	38000.000000	3.85499e+10	
40000.000000	7.01709e+12	40000.000000	7.39149e+12	40000.000000	1.38649e+13	40000.000000	1.38942e+13	40000.000000	1.38925e+13	40000.000000	1.10808e+10	40000.000000	5.5222e+10	40000.000000	2.40953e+10	40000.000000	2.66194e+10	40000.000000	3.96598e+10	
42000.000000	7.10997e+12	42000.000000	7.57354e+12	42000.000000	1.4509e+13	42000.000000	1.45389e+13	42000.000000	1.45377e+13	42000.000000	1.13293e+10	42000.000000	5.88827e+10	42000.000000	2.47085e+10	42000.000000	2.73062e+10	42000.000000	4.07378e+10	
44000.000000	7.19638e+12	44000.000000	7.74873e+12	44000.000000	1.51505e+13	44000.000000	1.5181e+13	44000.000000	1.51804e+13	44000.000000	1.15709e+10	44000.000000	6.26019e+10	44000.000000	2.53047e+10	44000.000000	2.7973e+10	44000.000000	4.17863e+10	
46000.000000	7.27696e+12	46000.000000	7.91757e+12	46000.000000	1.57895e+13	46000.000000	1.58204e+13	46000.000000	1.58206e+13	46000.000000	1.18063e+10	46000.000000	6.63774e+10	46000.000000	2.58851e+10	46000.000000	2.86212e+10	46000.000000	4.28073e+10	
48000.000000	7.35228e+12	48000.000000	8.08052e+12	48000.000000	1.64261e+13	48000.000000	1.64575e+13	48000.000000	1.64584e+13	48000.000000	1.20358e+10	48000.000000	7.02069e+10	48000.000000	2.64507e+10	48000.000000	2.92521e+10	48000.000000	4.38027e+10	
50000.000000	7.42281e+12	50000.000000	8.23799e+12	50000.000000	1.70606e+13	50000.000000	1.70922e+13	50000.000000	1.7094e+13	50000.000000	1.22598e+10	50000.000000	7.40882e+10	50000.000000	2.70026e+10	50000.000000	2.98668e+10	50000.000000	4.47741e+10	
