! 11Li range in H8C10O4
! apply ZOOM for details
Energy (MeV/u)1	0 - [He-base] F.Hubert et al, AD&ND Tables 46(1990)1	Energy (MeV/u)2	1 - [H -base] J.F.Ziegler et al,Pergamon Press,NY(low energy)	Energy (MeV/u)3	2 - ATIMA 1.2 LS-theory (recommended for high energy)	Energy (MeV/u)4	3 - ATIMA 1.2 without LS-correction	Energy (MeV/u)5	4 - ATIMA 1.4 H.Weick, improved mean charge formula for HI	Energy (MeV/u)6	5 - Range straggling - method [0] - LISE	Energy (MeV/u)7	6 - Range straggling - method [1] - Atima	Energy (MeV/u)8	7 - Lateral range - method [0] - LISE	Energy (MeV/u)9	8 - Lateral range - method [1] - Atima	Energy (MeV/u)10	9 - Lateral range - method [2] - PDG	
0.001000	0.137773  	0.001000	0.137773  	0.001000	0.10482   	0.001000	0.10482   	0.001000	0.104849  	0.001000	0         	0.001000	0         	0.001000	0.00169096	0.001000	0.00277557	0.001000	0.00139806	
0.002000	0.285614  	0.002000	0.275546  	0.002000	0.20964   	0.002000	0.20964   	0.002000	0.209699  	0.002000	0.006792  	0.002000	0.006792  	0.002000	0.00495204	0.002000	0.00785284	0.002000	0.00427566	
0.005000	0.662383  	0.005000	0.626657  	0.005000	0.484445  	0.005000	0.484445  	0.005000	0.484536  	0.005000	0.00814633	0.005000	0.00814633	0.005000	0.0180014 	0.005000	0.0275198 	0.005000	0.016179  	
0.008000	0.964383  	0.008000	0.90809   	0.008000	0.717656  	0.008000	0.717656  	0.008000	0.71776   	0.008000	0.00820069	0.008000	0.00820069	0.008000	0.0329717 	0.008000	0.0495771 	0.008000	0.0301245 	
0.010000	1.13904   	0.010000	1.07085   	0.010000	0.857923  	0.010000	0.857923  	0.010000	0.858032  	0.010000	0.00838646	0.010000	0.00838646	0.010000	0.0434098 	0.010000	0.0647861 	0.010000	0.0399436 	
0.015000	1.51634   	0.015000	1.42246   	0.015000	1.17289   	0.015000	1.17289   	0.015000	1.17301   	0.015000	0.00931061	0.015000	0.00931061	0.015000	0.0702222 	0.015000	0.103441  	0.015000	0.0654327 	
0.020000	1.84871   	0.020000	1.73219   	0.020000	1.45218   	0.020000	1.45218   	0.020000	1.4523    	0.020000	0.0105059 	0.020000	0.0105059 	0.020000	0.0971864 	0.020000	0.141783  	0.020000	0.0908289 	
0.025000	2.14952   	0.025000	2.01251   	0.025000	1.7044    	0.025000	1.7044    	0.025000	1.70452   	0.025000	0.0116923 	0.025000	0.0116923 	0.025000	0.1207    	0.025000	0.174931  	0.025000	0.109653  	
0.030000	2.42353   	0.030000	2.26787   	0.030000	1.93626   	0.030000	1.93626   	0.030000	1.93638   	0.030000	0.012794  	0.030000	0.012794  	0.030000	0.138487  	0.030000	0.199864  	0.030000	0.124116  	
0.035000	2.67717   	0.035000	2.50423   	0.035000	2.15262   	0.035000	2.15262   	0.035000	2.15274   	0.035000	0.0138044 	0.035000	0.0138044 	0.035000	0.152675  	0.035000	0.219651  	0.035000	0.135809  	
0.040000	2.91458   	0.040000	2.72548   	0.040000	2.35621   	0.040000	2.35621   	0.040000	2.35634   	0.040000	0.0147248 	0.040000	0.0147248 	0.040000	0.164498  	0.040000	0.236065  	0.040000	0.145626  	
0.045000	3.13876   	0.045000	2.93439   	0.045000	2.54913   	0.045000	2.54913   	0.045000	2.54925   	0.045000	0.0155644 	0.045000	0.0155644 	0.045000	0.174654  	0.045000	0.250109  	0.045000	0.154208  	
0.050000	3.352     	0.050000	3.13311   	0.050000	2.733     	0.050000	2.733     	0.050000	2.73313   	0.050000	0.0163337 	0.050000	0.0162879 	0.050000	0.183523  	0.050000	0.262329  	0.050000	0.161619  	
0.055000	3.5553    	0.055000	3.32257   	0.055000	2.90916   	0.055000	2.90916   	0.055000	2.90929   	0.055000	0.0170429 	0.055000	0.0169211 	0.055000	0.191358  	0.055000	0.273085  	0.055000	0.168283  	
0.060000	3.7494    	0.060000	3.50344   	0.060000	3.07867   	0.060000	3.07867   	0.060000	3.07879   	0.060000	0.017701  	0.060000	0.0175013 	0.060000	0.198429  	0.060000	0.282762  	0.060000	0.174314  	
0.070000	4.11507   	0.070000	3.84421   	0.070000	3.40114   	0.070000	3.40114   	0.070000	3.40126   	0.070000	0.0188927 	0.070000	0.0185384 	0.070000	0.210766  	0.070000	0.299571  	0.070000	0.184873  	
0.080000	4.45737   	0.080000	4.1632    	0.080000	3.70596   	0.080000	3.70596   	0.080000	3.70609   	0.080000	0.0199563 	0.080000	0.0194532 	0.080000	0.221355  	0.080000	0.313916  	0.080000	0.19398   	
0.090000	4.78225   	0.090000	4.46596   	0.090000	3.99718   	0.090000	3.99718   	0.090000	3.99731   	0.090000	0.0209259 	0.090000	0.0202807 	0.090000	0.230571  	0.090000	0.326325  	0.090000	0.202007  	
0.100000	5.09395   	0.100000	4.75643   	0.100000	4.27781   	0.100000	4.27781   	0.100000	4.27794   	0.100000	0.0218256 	0.100000	0.0210443 	0.100000	0.238882  	0.100000	0.337461  	0.100000	0.209273  	
0.120000	5.68547   	0.120000	5.30767   	0.120000	4.81614   	0.120000	4.81614   	0.120000	4.81627   	0.120000	0.0234827 	0.120000	0.0224429 	0.120000	0.253418  	0.120000	0.356692  	0.120000	0.221989  	
0.140000	6.24685   	0.140000	5.83082   	0.140000	5.33433   	0.140000	5.33433   	0.140000	5.33446   	0.140000	0.0250246 	0.140000	0.0237379 	0.140000	0.266102  	0.140000	0.373197  	0.140000	0.233233  	
0.160000	6.78923   	0.160000	6.33625   	0.160000	5.84105   	0.160000	5.84105   	0.160000	5.84118   	0.160000	0.0265096 	0.160000	0.0249808 	0.160000	0.277538  	0.160000	0.387926  	0.160000	0.243542  	
0.180000	7.32086   	0.180000	6.83168   	0.180000	6.3422    	0.180000	6.3422    	0.180000	6.34233   	0.180000	0.0279749 	0.180000	0.026204  	0.180000	0.288148  	0.180000	0.401458  	0.180000	0.253047  	
0.200000	7.84617   	0.200000	7.32122   	0.200000	6.8419    	0.200000	6.8419    	0.200000	6.84203   	0.200000	0.0294454 	0.200000	0.0274288 	0.200000	0.298184  	0.200000	0.414144  	0.200000	0.26219   	
0.250000	9.15497   	0.250000	8.54089   	0.250000	8.10224   	0.250000	8.10224   	0.250000	8.10237   	0.250000	0.0332454 	0.250000	0.0305819 	0.250000	0.321719  	0.250000	0.443475  	0.250000	0.283783  	
0.300000	10.4611   	0.300000	9.75803   	0.300000	9.39484   	0.300000	9.39484   	0.300000	9.39497   	0.300000	0.0372992 	0.300000	0.0339469 	0.300000	0.344069  	0.300000	0.470836  	0.300000	0.304602  	
0.350000	11.7775   	0.350000	10.9848   	0.350000	10.7251   	0.350000	10.7251   	0.350000	10.7252   	0.350000	0.0415995 	0.350000	0.0377015 	0.350000	0.365689  	0.350000	0.496944  	0.350000	0.324907  	
0.400000	13.1156   	0.400000	12.2318   	0.400000	12.1017   	0.400000	12.1017   	0.400000	12.1018   	0.400000	0.0461918 	0.400000	0.0418491 	0.400000	0.387073  	0.400000	0.522453  	0.400000	0.345142  	
0.450000	14.4841   	0.450000	13.5071   	0.450000	13.5306   	0.450000	13.5306   	0.450000	13.5307   	0.450000	0.0511076 	0.450000	0.0463481 	0.450000	0.40849   	0.450000	0.547731  	0.450000	0.365616  	
0.500000	15.8868   	0.500000	14.8142   	0.500000	15.0138   	0.500000	15.0138   	0.500000	15.0139   	0.500000	0.0563457 	0.500000	0.0511785 	0.500000	0.430073  	0.500000	0.572969  	0.500000	0.386256  	
0.600000	18.8261   	0.600000	17.5534   	0.600000	18.1413   	0.600000	18.1413   	0.600000	18.1414   	0.600000	0.0677144 	0.600000	0.0617086 	0.600000	0.473871  	0.600000	0.623644  	0.600000	0.42857   	
0.700000	21.9912   	0.700000	20.5029   	0.700000	21.4775   	0.700000	21.4775   	0.700000	21.4777   	0.700000	0.0801507 	0.700000	0.0731186 	0.700000	0.518264  	0.700000	0.674956  	0.700000	0.472187  	
0.800000	25.3734   	0.800000	23.6548   	0.800000	25.0147   	0.800000	25.0147   	0.800000	25.0148   	0.800000	0.0935392 	0.800000	0.085198  	0.800000	0.563905  	0.800000	0.727241  	0.800000	0.517359  	
0.900000	28.9611   	0.900000	26.9982   	0.900000	28.7464   	0.900000	28.7464   	0.900000	28.7465   	0.900000	0.107803  	0.900000	0.097828  	0.900000	0.610673  	0.900000	0.780462  	0.900000	0.555455  	
1.000000	32.7791   	1.000000	30.5562   	1.000000	32.6724   	1.000000	32.6724   	1.000000	32.6725   	1.000000	0.122948  	1.000000	0.110989  	1.000000	0.653064  	1.000000	0.830592  	1.000000	0.586953  	
1.250000	43.2856   	1.250000	40.3472   	1.250000	43.3341   	1.250000	43.3341   	1.250000	43.3342   	1.250000	0.16466   	1.250000	0.146131  	1.250000	0.745575  	1.250000	0.932032  	1.250000	0.671336  	
1.500000	55.3094   	1.500000	51.5522   	1.500000	55.1588   	1.500000	55.1588   	1.500000	55.1589   	1.500000	0.211484  	1.500000	0.184083  	1.500000	0.842886  	1.500000	1.03841   	1.500000	0.763669  	
1.750000	68.9257   	1.750000	64.2412   	1.750000	68.1268   	1.750000	68.1268   	1.750000	68.1269   	1.750000	0.263396  	1.750000	0.224793  	1.750000	0.94861   	1.750000	1.15365   	1.750000	0.863916  	
2.000000	84.0109   	2.000000	78.2991   	2.000000	82.2352   	2.000000	82.2352   	2.000000	82.2353   	2.000000	0.320523  	2.000000	0.26834   	2.000000	1.06273   	2.000000	1.27751   	2.000000	0.972122  	
2.250000	100.526   	2.250000	93.6893   	2.250000	97.4909   	2.250000	97.4909   	2.250000	97.491    	2.250000	0.383064  	2.250000	0.314853  	2.250000	1.18534   	2.250000	1.40992   	2.250000	1.08843   	
2.500000	118.473   	2.500000	110.406   	2.500000	113.902   	2.500000	113.902   	2.500000	113.903   	2.500000	0.451202  	2.500000	0.364447  	2.500000	1.31656   	2.500000	1.55091   	2.500000	1.21297   	
3.000000	156.717   	3.000000	147.693   	3.000000	150.216   	3.000000	150.216   	3.000000	150.216   	3.000000	0.604772  	3.000000	0.473166  	3.000000	1.60521   	3.000000	1.85857   	3.000000	1.48723   	
3.500000	199.823   	3.500000	189.982   	3.500000	191.201   	3.500000	191.201   	3.500000	191.201   	3.500000	0.781901  	3.500000	0.594838  	3.500000	1.92919   	3.500000	2.20038   	3.500000	1.79547   	
4.000000	247.705   	4.000000	237.179   	4.000000	236.852   	4.000000	236.852   	4.000000	236.852   	4.000000	0.982844  	4.000000	0.729485  	4.000000	2.2887    	4.000000	2.57608   	4.000000	2.138     	
4.500000	300.282   	4.500000	289.221   	4.500000	287.146   	4.500000	287.146   	4.500000	287.146   	4.500000	1.20761   	4.500000	0.876898  	4.500000	2.68375   	4.500000	2.98526   	4.500000	2.51486   	
5.000000	357.484   	5.000000	346.06    	5.000000	342.047   	5.000000	342.047   	5.000000	342.047   	5.000000	1.45605   	5.000000	1.03682   	5.000000	3.11422   	5.000000	3.42747   	5.000000	2.92598   	
5.500000	419.248   	5.500000	407.623   	5.500000	401.511   	5.500000	401.511   	5.500000	401.511   	5.500000	1.72798   	5.500000	1.20901   	5.500000	3.57984   	5.500000	3.90218   	5.500000	3.37112   	
6.000000	485.517   	6.000000	473.835   	6.000000	465.494   	6.000000	465.494   	6.000000	465.494   	6.000000	2.02315   	6.000000	1.39321   	6.000000	4.0804    	6.000000	4.40893   	6.000000	3.85013   	
6.500000	556.236   	6.500000	544.651   	6.500000	533.951   	6.500000	533.951   	6.500000	533.951   	6.500000	2.34134   	6.500000	1.58918   	6.500000	4.61559   	6.500000	4.94719   	6.500000	4.36269   	
7.000000	631.357   	7.000000	620.027   	7.000000	606.838   	7.000000	606.838   	7.000000	606.837   	7.000000	2.6823    	7.000000	1.7967    	7.000000	5.18514   	7.000000	5.51653   	7.000000	4.90861   	
7.500000	710.834   	7.500000	699.924   	7.500000	684.112   	7.500000	684.112   	7.500000	684.112   	7.500000	3.04584   	7.500000	2.01558   	7.500000	5.78878   	7.500000	6.11649   	7.500000	5.4876    	
8.000000	794.624   	8.000000	784.303   	8.000000	765.735   	8.000000	765.735   	8.000000	765.735   	8.000000	3.43175   	8.000000	2.24562   	8.000000	6.42624   	8.000000	6.74666   	8.000000	6.09943   	
8.500000	882.686   	8.500000	873.129   	8.500000	851.668   	8.500000	851.668   	8.500000	851.668   	8.500000	3.83986   	8.500000	2.48661   	8.500000	7.09727   	8.500000	7.40668   	8.500000	6.74389   	
9.000000	974.982   	9.000000	966.369   	9.000000	941.877   	9.000000	941.877   	9.000000	941.877   	9.000000	4.27001   	9.000000	2.73836   	9.000000	7.80165   	9.000000	8.09619   	9.000000	7.42075   	
9.500000	1071.48   	9.500000	1063.99   	9.500000	1036.33   	9.500000	1036.33   	9.500000	1036.33   	9.500000	4.72206   	9.500000	3.00076   	9.500000	8.53916   	9.500000	8.81486   	9.500000	8.12983   	
10.000000	1172.13   	10.000000	1165.86   	10.000000	1134.99   	10.000000	1134.99   	10.000000	1134.99   	10.000000	5.19589   	10.000000	3.27374   	10.000000	9.30958   	10.000000	9.56239   	10.000000	8.87093   	
11.000000	1385.81   	11.000000	1376.07   	11.000000	1344.95   	11.000000	1344.93   	11.000000	1344.97   	11.000000	6.21012   	11.000000	3.85219   	11.000000	10.9497   	11.000000	11.144    	11.000000	10.4497   	
12.000000	1615.76   	12.000000	1602.37   	12.000000	1571.63   	12.000000	1571.56   	12.000000	1571.72   	12.000000	7.31319   	12.000000	4.47374   	12.000000	12.7217   	12.000000	12.8401   	12.000000	12.1569   	
13.000000	1861.75   	13.000000	1844.57   	13.000000	1814.82   	13.000000	1814.67   	13.000000	1815.03   	13.000000	8.50377   	13.000000	5.1371    	13.000000	14.6243   	13.000000	14.6488   	13.000000	13.9913   	
14.000000	2123.58   	14.000000	2102.48   	14.000000	2074.31   	14.000000	2074.06   	14.000000	2074.7    	14.000000	9.78068   	14.000000	5.84119   	14.000000	16.6562   	14.000000	16.5681   	14.000000	15.9518   	
15.000000	2401.05   	15.000000	2375.92   	15.000000	2349.9    	15.000000	2349.53   	15.000000	2350.54   	15.000000	11.1428   	15.000000	6.5855    	15.000000	18.8161   	15.000000	18.5965   	15.000000	18.0371   	
16.000000	2693.97   	16.000000	2664.74   	16.000000	2641.4    	16.000000	2640.91   	16.000000	2642.37   	16.000000	12.5889   	16.000000	7.36936   	16.000000	21.1026   	16.000000	20.7323   	16.000000	20.2461   	
17.000000	3002.16   	17.000000	2968.79   	17.000000	2948.64   	17.000000	2948      	17.000000	2950      	17.000000	14.1179   	17.000000	8.19164   	17.000000	23.5145   	17.000000	22.9738   	17.000000	22.5775   	
18.000000	3325.46   	18.000000	3287.9    	18.000000	3271.42   	18.000000	3270.63   	18.000000	3273.25   	18.000000	15.7287   	18.000000	9.05147   	18.000000	26.0504   	18.000000	25.3195   	18.000000	25.0302   	
19.000000	3663.71   	19.000000	3621.96   	19.000000	3609.56   	19.000000	3608.62   	19.000000	3611.94   	19.000000	17.4201   	19.000000	9.94817   	19.000000	28.709    	19.000000	27.7678   	19.000000	27.6029   	
20.000000	4016.76   	20.000000	3970.81   	20.000000	3962.87   	20.000000	3961.77   	20.000000	3965.9    	20.000000	19.1907   	20.000000	10.881    	20.000000	31.4887   	20.000000	30.317    	20.000000	30.2943   	
21.000000	4384.46   	21.000000	4334.33   	21.000000	4331.18   	21.000000	4329.92   	21.000000	4334.94   	21.000000	21.0393   	21.000000	11.8492   	21.000000	34.3883   	21.000000	32.9657   	21.000000	33.103    	
22.000000	4766.68   	22.000000	4712.4    	22.000000	4714.31   	22.000000	4712.88   	22.000000	4718.87   	22.000000	22.9645   	22.000000	12.852    	22.000000	37.406    	22.000000	35.7122   	22.000000	36.0277   	
23.000000	5163.27   	23.000000	5104.9    	23.000000	5112.04   	23.000000	5110.47   	23.000000	5117.52   	23.000000	24.965    	23.000000	13.8887   	23.000000	40.5405   	23.000000	38.555    	23.000000	39.0669   	
24.000000	5574.12   	24.000000	5511.71   	24.000000	5524.18   	24.000000	5522.48   	24.000000	5530.69   	24.000000	27.0392   	24.000000	14.9583   	24.000000	43.79     	24.000000	41.4923   	24.000000	42.2192   	
25.000000	5999.1    	25.000000	5932.73   	25.000000	5950.56   	25.000000	5948.74   	25.000000	5958.19   	25.000000	29.1857   	25.000000	16.0601   	25.000000	47.153    	25.000000	44.5227   	25.000000	45.4829   	
27.000000	6890.96   	27.000000	6816.93   	27.000000	6845.24   	27.000000	6843.23   	27.000000	6855.43   	27.000000	33.6891   	27.000000	18.3571   	27.000000	54.2124   	27.000000	50.8557   	27.000000	52.3387   	
29.000000	7837.96   	29.000000	7756.68   	29.000000	7794.48   	29.000000	7792.33   	29.000000	7807.65   	29.000000	38.4621   	29.000000	20.7725   	29.000000	61.7045   	29.000000	57.5405   	29.000000	59.621    	
31.000000	8839.23   	31.000000	8751.2    	31.000000	8796.88   	31.000000	8794.71   	31.000000	8813.45   	31.000000	43.4941   	31.000000	23.2995   	31.000000	69.6164   	31.000000	64.5652   	31.000000	67.318    	
33.000000	9893.98   	33.000000	9799.73   	33.000000	9852.75   	33.000000	9850.66   	33.000000	9872.89   	33.000000	48.795    	33.000000	25.9444   	33.000000	77.9493   	33.000000	71.9296   	33.000000	75.4314   	
35.000000	11001.4   	35.000000	10901.6   	35.000000	10961.6   	35.000000	10959.7   	35.000000	10985.4   	35.000000	54.3637   	35.000000	28.7063   	35.000000	86.6988   	35.000000	79.629    	35.000000	83.9575   	
38.000000	12759.8   	38.000000	12652.8   	38.000000	12722.6   	38.000000	12721.3   	38.000000	12752.3   	38.000000	63.2104   	38.000000	33.0634   	38.000000	100.591   	38.000000	91.794    	38.000000	97.509    	
41.000000	14632.9   	41.000000	14520.3   	41.000000	14599     	41.000000	14598.6   	41.000000	14634.9   	41.000000	72.6383   	41.000000	37.6748   	41.000000	115.388   	41.000000	104.682   	41.000000	111.961   	
44.000000	16618.5   	44.000000	16501.9   	44.000000	16588.8   	44.000000	16589.6   	44.000000	16631.2   	44.000000	82.6352   	44.000000	42.531    	44.000000	131.073   	44.000000	118.278   	44.000000	127.299   	
47.000000	18714.5   	47.000000	18595.7   	47.000000	18690     	47.000000	18692.3   	47.000000	18739.2   	47.000000	93.1892   	47.000000	47.6272   	47.000000	147.629   	47.000000	132.565   	47.000000	143.507   	
50.000000	20919.1   	50.000000	20799.8   	50.000000	20900.8   	50.000000	20904.9   	50.000000	20957.2   	50.000000	104.289   	50.000000	52.9582   	50.000000	165.039   	50.000000	147.53    	50.000000	160.573   	
55.000000	24829.8   	55.000000	24713.8   	55.000000	24824.6   	55.000000	24832     	55.000000	24893.3   	55.000000	123.97    	55.000000	62.3522   	55.000000	195.915   	55.000000	173.941   	55.000000	190.886   	
60.000000	29029.2   	60.000000	28921.3   	60.000000	29040.2   	60.000000	29052     	60.000000	29122.3   	60.000000	145.086   	60.000000	72.3652   	60.000000	229.056   	60.000000	202.14    	60.000000	223.488   	
65.000000	33510.1   	65.000000	33415.2   	65.000000	33541     	65.000000	33557.7   	65.000000	33636.9   	65.000000	167.59    	65.000000	82.9687   	65.000000	264.398   	65.000000	232.073   	65.000000	258.326   	
70.000000	38265.7   	70.000000	38188.4   	70.000000	38319.9   	70.000000	38342.4   	70.000000	38430.5   	70.000000	191.437   	70.000000	94.15     	70.000000	301.882   	70.000000	263.691   	70.000000	295.349   	
75.000000	43289.8   	75.000000	43234.4   	75.000000	43370.6   	75.000000	43399.8   	75.000000	43496.8   	75.000000	216.584   	75.000000	105.887   	75.000000	341.45    	75.000000	296.948   	75.000000	334.508   	
80.000000	48576.4   	80.000000	48546.8   	80.000000	48687.3   	80.000000	48723.9   	80.000000	48829.6   	80.000000	242.989   	80.000000	118.17    	80.000000	383.048   	80.000000	331.8     	80.000000	375.759   	
85.000000	54120.1   	85.000000	54119.9   	85.000000	54264.3   	85.000000	54308.9   	85.000000	54423.4   	85.000000	270.613   	85.000000	130.973   	85.000000	426.625   	85.000000	368.208   	85.000000	419.059   	
90.000000	59915.5   	90.000000	59947.8   	90.000000	60096.1   	90.000000	60149.3   	90.000000	60272.5   	90.000000	299.418   	90.000000	144.283   	90.000000	472.129   	90.000000	406.132   	90.000000	464.365   	
95.000000	65957.8   	95.000000	66025.1   	95.000000	66177.4   	95.000000	66240     	95.000000	66371.7   	95.000000	329.367   	95.000000	158.087   	95.000000	519.512   	95.000000	445.535   	95.000000	511.636   	
100.000000	72242.2   	100.000000	72346.6   	100.000000	72503.2   	100.000000	72575.8   	100.000000	72716     	100.000000	360.426   	100.000000	172.374   	100.000000	568.727   	100.000000	486.382   	100.000000	560.833   	
105.000000	78764.2   	105.000000	78907.3   	105.000000	79068.5   	105.000000	79152     	105.000000	79300.6   	105.000000	392.56    	105.000000	187.13    	105.000000	619.731   	105.000000	528.64    	105.000000	611.921   	
110.000000	85519.6   	110.000000	85702.3   	110.000000	85869     	110.000000	85963.9   	110.000000	86120.7   	110.000000	425.736   	110.000000	202.345   	110.000000	672.478   	110.000000	572.275   	110.000000	664.861   	
115.000000	92504.2   	115.000000	92726.9   	115.000000	92899.6   	115.000000	93006.9   	115.000000	93171.8   	115.000000	459.923   	115.000000	218.004   	115.000000	726.929   	115.000000	617.258   	115.000000	719.619   	
120.000000	99714.2   	120.000000	99976.6   	120.000000	100157    	120.000000	100277    	120.000000	100450    	120.000000	495.091   	120.000000	234.087   	120.000000	783.041   	120.000000	663.558   	120.000000	776.161   	
125.000000	107146    	125.000000	107447    	125.000000	107635    	125.000000	107769    	125.000000	107950    	125.000000	531.209   	125.000000	250.596   	125.000000	840.775   	125.000000	711.147   	125.000000	834.453   	
130.000000	114795    	130.000000	115134    	130.000000	115332    	130.000000	115480    	130.000000	115668    	130.000000	568.25    	130.000000	267.514   	130.000000	900.093   	130.000000	759.998   	130.000000	894.463   	
135.000000	122659    	135.000000	123034    	135.000000	123243    	135.000000	123405    	135.000000	123601    	135.000000	606.184   	135.000000	284.824   	135.000000	960.959   	135.000000	810.082   	135.000000	956.16    	
140.000000	130735    	140.000000	131142    	140.000000	131363    	140.000000	131541    	140.000000	131744    	140.000000	644.987   	140.000000	302.52    	140.000000	1023.33   	140.000000	861.375   	140.000000	1019.51   	
145.000000	139018    	145.000000	139455    	145.000000	139690    	145.000000	139884    	145.000000	140095    	145.000000	684.631   	145.000000	320.593   	145.000000	1087.19   	145.000000	913.851   	145.000000	1084.49   	
150.000000	147506    	150.000000	147969    	150.000000	148220    	150.000000	148431    	150.000000	148648    	150.000000	725.091   	150.000000	339.036   	150.000000	1152.48   	150.000000	967.485   	150.000000	1151.07   	
155.000000	156848    	155.000000	156681    	155.000000	156949    	155.000000	157177    	155.000000	157401    	155.000000	766.344   	155.000000	357.839   	155.000000	1219.18   	155.000000	1022.26   	155.000000	1219.22   	
160.000000	166416    	160.000000	165586    	160.000000	165873    	160.000000	166119    	160.000000	166350    	160.000000	808.365   	160.000000	376.996   	160.000000	1287.26   	160.000000	1078.14   	160.000000	1288.91   	
165.000000	176182    	165.000000	174682    	165.000000	174989    	165.000000	175254    	165.000000	175491    	165.000000	851.131   	165.000000	396.499   	165.000000	1356.68   	165.000000	1135.11   	165.000000	1360.11   	
170.000000	186143    	170.000000	183965    	170.000000	184295    	170.000000	184579    	170.000000	184822    	170.000000	894.621   	170.000000	416.341   	170.000000	1427.42   	170.000000	1193.16   	170.000000	1432.8    	
175.000000	196296    	175.000000	193432    	175.000000	193786    	175.000000	194090    	175.000000	194340    	175.000000	938.812   	175.000000	436.515   	175.000000	1499.44   	175.000000	1252.24   	175.000000	1506.95   	
180.000000	206638    	180.000000	203080    	180.000000	203460    	180.000000	203785    	180.000000	204040    	180.000000	983.683   	180.000000	457.015   	180.000000	1572.72   	180.000000	1312.36   	180.000000	1582.54   	
185.000000	217166    	185.000000	212906    	185.000000	213314    	185.000000	213660    	185.000000	213921    	185.000000	1029.22   	185.000000	477.834   	185.000000	1647.22   	185.000000	1373.49   	185.000000	1659.55   	
190.000000	227876    	190.000000	222907    	190.000000	223345    	190.000000	223712    	190.000000	223979    	190.000000	1075.39   	190.000000	498.954   	190.000000	1722.93   	190.000000	1435.6    	190.000000	1737.94   	
195.000000	238766    	195.000000	233079    	195.000000	233550    	195.000000	233939    	195.000000	234211    	195.000000	1122.18   	195.000000	520.367   	195.000000	1799.8    	195.000000	1498.68   	195.000000	1817.69   	
200.000000	249833    	200.000000	243421    	200.000000	243925    	200.000000	244338    	200.000000	244615    	200.000000	1169.58   	200.000000	542.08    	200.000000	1877.83   	200.000000	1562.71   	200.000000	1898.79   	
210.000000	272486    	210.000000	264601    	210.000000	265179    	210.000000	265639    	210.000000	265925    	210.000000	1266.1    	210.000000	586.371   	210.000000	2037.21   	210.000000	1693.56   	210.000000	2064.92   	
220.000000	295813    	220.000000	286425    	220.000000	287084    	220.000000	287594    	220.000000	287889    	220.000000	1364.83   	220.000000	631.743   	220.000000	2200.88   	220.000000	1828      	220.000000	2236.16   	
230.000000	319794    	230.000000	308873    	230.000000	309620    	230.000000	310183    	230.000000	310486    	230.000000	1465.62   	230.000000	678.153   	230.000000	2368.64   	230.000000	1965.89   	230.000000	2412.32   	
240.000000	344411    	240.000000	331925    	240.000000	332770    	240.000000	333386    	240.000000	333696    	240.000000	1568.35   	240.000000	725.585   	240.000000	2540.33   	240.000000	2107.12   	240.000000	2593.26   	
250.000000	369643    	250.000000	355564    	250.000000	356513    	250.000000	357184    	250.000000	357501    	250.000000	1672.91   	250.000000	774.02    	250.000000	2715.76   	250.000000	2251.57   	250.000000	2778.81   	
260.000000	395474    	260.000000	379771    	260.000000	380830    	260.000000	381560    	260.000000	381883    	260.000000	1779.18   	260.000000	823.342   	260.000000	2894.77   	260.000000	2399.11   	260.000000	2968.83   	
270.000000	421886    	270.000000	404529    	270.000000	405706    	270.000000	406496    	270.000000	406823    	270.000000	1887.06   	270.000000	873.554   	270.000000	3077.21   	270.000000	2549.63   	270.000000	3163.17   	
280.000000	448863    	280.000000	429822    	280.000000	431123    	280.000000	431976    	280.000000	432307    	280.000000	1996.45   	280.000000	924.64    	280.000000	3262.92   	280.000000	2703.04   	280.000000	3361.68   	
290.000000	476390    	290.000000	455635    	290.000000	457064    	290.000000	457983    	290.000000	458317    	290.000000	2107.25   	290.000000	976.568   	290.000000	3451.77   	290.000000	2859.22   	290.000000	3564.25   	
300.000000	504452    	300.000000	481952    	300.000000	483517    	300.000000	484503    	300.000000	484839    	300.000000	2219.37   	300.000000	1029.3    	300.000000	3643.62   	300.000000	3018.09   	300.000000	3770.74   	
310.000000	533035    	310.000000	508759    	310.000000	510467    	310.000000	511520    	310.000000	511857    	310.000000	2332.73   	310.000000	1082.77   	310.000000	3838.33   	310.000000	3179.54   	310.000000	3981.02   	
320.000000	562123    	320.000000	536043    	320.000000	537897    	320.000000	539020    	320.000000	539358    	320.000000	2447.25   	320.000000	1136.98   	320.000000	4035.78   	320.000000	3343.49   	320.000000	4194.97   	
330.000000	591705    	330.000000	563789    	330.000000	565795    	330.000000	566989    	330.000000	567327    	330.000000	2562.85   	330.000000	1191.92   	330.000000	4235.85   	330.000000	3509.84   	330.000000	4412.49   	
340.000000	621768    	340.000000	591986    	340.000000	594147    	340.000000	595415    	340.000000	595752    	340.000000	2679.46   	340.000000	1247.54   	340.000000	4438.43   	340.000000	3678.52   	340.000000	4633.45   	
350.000000	652299    	350.000000	620620    	350.000000	622942    	350.000000	624285    	350.000000	624620    	350.000000	2797      	350.000000	1303.78   	350.000000	4643.41   	350.000000	3849.45   	350.000000	4857.74   	
360.000000	683285    	360.000000	649681    	360.000000	652168    	360.000000	653586    	360.000000	653918    	360.000000	2915.42   	360.000000	1360.66   	360.000000	4850.67   	360.000000	4022.55   	360.000000	5085.27   	
370.000000	714717    	370.000000	679155    	370.000000	681811    	370.000000	683307    	370.000000	683636    	370.000000	3034.67   	370.000000	1418.2    	370.000000	5060.14   	370.000000	4197.75   	370.000000	5315.93   	
380.000000	746582    	380.000000	709033    	380.000000	711862    	380.000000	713439    	380.000000	713764    	380.000000	3154.69   	380.000000	1476.37   	380.000000	5271.71   	380.000000	4374.98   	380.000000	5549.65   	
390.000000	778871    	390.000000	739303    	390.000000	742312    	390.000000	743970    	390.000000	744290    	390.000000	3275.44   	390.000000	1535.12   	390.000000	5485.3    	390.000000	4554.18   	390.000000	5786.34   	
400.000000	811571    	400.000000	769956    	400.000000	773148    	400.000000	774889    	400.000000	775204    	400.000000	3396.85   	400.000000	1594.43   	400.000000	5700.82   	400.000000	4735.28   	400.000000	6025.89   	
410.000000	844674    	410.000000	800981    	410.000000	804360    	410.000000	806186    	410.000000	806495    	410.000000	3518.87   	410.000000	1654.3    	410.000000	5918.18   	410.000000	4918.22   	410.000000	6268.21   	
420.000000	878170    	420.000000	832368    	420.000000	835939    	420.000000	837852    	420.000000	838154    	420.000000	3641.46   	420.000000	1714.67   	420.000000	6137.3    	420.000000	5102.93   	420.000000	6513.23   	
430.000000	912049    	430.000000	864109    	430.000000	867874    	430.000000	869876    	430.000000	870170    	430.000000	3764.58   	430.000000	1775.52   	430.000000	6358.1    	430.000000	5289.36   	430.000000	6760.87   	
440.000000	946302    	440.000000	896194    	440.000000	900159    	440.000000	902250    	440.000000	902535    	440.000000	3888.16   	440.000000	1836.84   	440.000000	6580.51   	440.000000	5477.44   	440.000000	7011.03   	
450.000000	980921    	450.000000	928615    	450.000000	932784    	450.000000	934963    	450.000000	935239    	450.000000	4012.18   	450.000000	1898.65   	450.000000	6804.45   	450.000000	5667.12   	450.000000	7263.64   	
460.000000	1.0159e+06	460.000000	961362    	460.000000	965738    	460.000000	968008    	460.000000	968275    	460.000000	4136.59   	460.000000	1960.95   	460.000000	7029.85   	460.000000	5858.35   	460.000000	7518.63   	
470.000000	1.05122e+06	470.000000	994428    	470.000000	999013    	470.000000	1.00138e+06	470.000000	1.00163e+06	470.000000	4261.36   	470.000000	2023.71   	470.000000	7256.65   	470.000000	6051.07   	470.000000	7775.93   	
480.000000	1.08688e+06	480.000000	1.02781e+06	480.000000	1.0326e+06	480.000000	1.03506e+06	480.000000	1.0353e+06	480.000000	4386.44   	480.000000	2086.92   	480.000000	7484.77   	480.000000	6245.23   	480.000000	8035.46   	
490.000000	1.12288e+06	490.000000	1.06149e+06	490.000000	1.06649e+06	490.000000	1.06905e+06	490.000000	1.06928e+06	490.000000	4511.81   	490.000000	2150.54   	490.000000	7714.15   	490.000000	6440.79   	490.000000	8297.15   	
500.000000	1.1592e+06	500.000000	1.09546e+06	500.000000	1.10068e+06	500.000000	1.10334e+06	500.000000	1.10356e+06	500.000000	4637.43   	500.000000	2214.54   	500.000000	7944.75   	500.000000	6637.69   	500.000000	8560.93   	
520.000000	1.23278e+06	520.000000	1.16427e+06	520.000000	1.16993e+06	520.000000	1.17278e+06	520.000000	1.17297e+06	520.000000	4889.31   	520.000000	2343.74   	520.000000	8409.32   	520.000000	7035.34   	520.000000	9094.54   	
540.000000	1.30758e+06	540.000000	1.23418e+06	540.000000	1.24029e+06	540.000000	1.24333e+06	540.000000	1.2435e+06	540.000000	5141.83   	540.000000	2474.5    	540.000000	8878.05   	540.000000	7437.85   	540.000000	9635.77   	
560.000000	1.38353e+06	560.000000	1.30513e+06	560.000000	1.31169e+06	560.000000	1.31494e+06	560.000000	1.31507e+06	560.000000	5394.79   	560.000000	2606.64   	560.000000	9350.53   	560.000000	7844.88   	560.000000	10184.2   	
580.000000	1.46059e+06	580.000000	1.37708e+06	580.000000	1.38409e+06	580.000000	1.38755e+06	580.000000	1.38765e+06	580.000000	5648      	580.000000	2740.17   	580.000000	9826.39   	580.000000	8256.11   	580.000000	10739.3   	
600.000000	1.53871e+06	600.000000	1.44999e+06	600.000000	1.45744e+06	600.000000	1.46112e+06	600.000000	1.46118e+06	600.000000	5901.29   	600.000000	2875.05   	600.000000	10305.3   	600.000000	8671.27   	600.000000	11300.7   	
620.000000	1.61783e+06	620.000000	1.52379e+06	620.000000	1.5317e+06	620.000000	1.53559e+06	620.000000	1.53562e+06	620.000000	6154.5    	620.000000	3011.13   	620.000000	10786.8   	620.000000	9090.08   	620.000000	11868.1   	
640.000000	1.69793e+06	640.000000	1.59846e+06	640.000000	1.60682e+06	640.000000	1.61094e+06	640.000000	1.61093e+06	640.000000	6407.49   	640.000000	3148.33   	640.000000	11270.8   	640.000000	9512.27   	640.000000	12441     	
660.000000	1.77894e+06	660.000000	1.67396e+06	660.000000	1.68277e+06	660.000000	1.68711e+06	660.000000	1.68706e+06	660.000000	6660.14   	660.000000	3286.61   	660.000000	11756.9   	660.000000	9937.62   	660.000000	13019.1   	
680.000000	1.86084e+06	680.000000	1.75024e+06	680.000000	1.75951e+06	680.000000	1.76408e+06	680.000000	1.76398e+06	680.000000	6912.33   	680.000000	3425.92   	680.000000	12244.8   	680.000000	10365.9   	680.000000	13602     	
700.000000	1.94359e+06	700.000000	1.82727e+06	700.000000	1.837e+06 	700.000000	1.8418e+06	700.000000	1.84165e+06	700.000000	7163.95   	700.000000	3566.23   	700.000000	12734.4   	700.000000	10796.8   	700.000000	14189.5   	
720.000000	2.02715e+06	720.000000	1.90502e+06	720.000000	1.9152e+06	720.000000	1.92023e+06	720.000000	1.92004e+06	720.000000	7414.92   	720.000000	3707.51   	720.000000	13225.4   	720.000000	11230.3   	720.000000	14781.3   	
740.000000	2.11148e+06	740.000000	1.98346e+06	740.000000	1.99409e+06	740.000000	1.99936e+06	740.000000	1.99912e+06	740.000000	7665.15   	740.000000	3849.71   	740.000000	13717.5   	740.000000	11666.1   	740.000000	15377     	
760.000000	2.19655e+06	760.000000	2.06254e+06	760.000000	2.07362e+06	760.000000	2.07914e+06	760.000000	2.07885e+06	760.000000	7914.56   	760.000000	3992.72   	760.000000	14210.6   	760.000000	12104     	760.000000	15976.5   	
780.000000	2.28233e+06	780.000000	2.14226e+06	780.000000	2.15379e+06	780.000000	2.15954e+06	780.000000	2.1592e+06	780.000000	8163.08   	780.000000	4136.47   	780.000000	14704.6   	780.000000	12543.9   	780.000000	16579.4   	
800.000000	2.36878e+06	800.000000	2.22257e+06	800.000000	2.23455e+06	800.000000	2.24055e+06	800.000000	2.24016e+06	800.000000	8410.66   	800.000000	4280.98   	800.000000	15199.1   	800.000000	12985.6   	800.000000	17185.5   	
820.000000	2.45589e+06	820.000000	2.30345e+06	820.000000	2.31589e+06	820.000000	2.32213e+06	820.000000	2.32168e+06	820.000000	8657.24   	820.000000	4426.26   	820.000000	15694.2   	820.000000	13429     	820.000000	17794.6   	
840.000000	2.54362e+06	840.000000	2.38488e+06	840.000000	2.39777e+06	840.000000	2.40426e+06	840.000000	2.40375e+06	840.000000	8902.77   	840.000000	4572.32   	840.000000	16189.5   	840.000000	13873.8   	840.000000	18406.6   	
860.000000	2.63194e+06	860.000000	2.46683e+06	860.000000	2.48017e+06	860.000000	2.48691e+06	860.000000	2.48635e+06	860.000000	9147.21   	860.000000	4719.13   	860.000000	16685.1   	860.000000	14320     	860.000000	19021.1   	
880.000000	2.72082e+06	880.000000	2.54927e+06	880.000000	2.56307e+06	880.000000	2.57007e+06	880.000000	2.56944e+06	880.000000	9390.51   	880.000000	4866.67   	880.000000	17180.8   	880.000000	14767.5   	880.000000	19637.9   	
900.000000	2.81025e+06	900.000000	2.63219e+06	900.000000	2.64645e+06	900.000000	2.6537e+06	900.000000	2.65302e+06	900.000000	9632.65   	900.000000	5014.88   	900.000000	17676.4   	900.000000	15216.1   	900.000000	20257     	
920.000000	2.9002e+06	920.000000	2.71557e+06	920.000000	2.73029e+06	920.000000	2.7378e+06	920.000000	2.73705e+06	920.000000	9873.6    	920.000000	5163.71   	920.000000	18171.8   	920.000000	15665.7   	920.000000	20878.2   	
940.000000	2.99064e+06	940.000000	2.79938e+06	940.000000	2.81456e+06	940.000000	2.82233e+06	940.000000	2.82152e+06	940.000000	10113.3   	940.000000	5313.11   	940.000000	18667     	940.000000	16116.2   	940.000000	21501.2   	
960.000000	3.08156e+06	960.000000	2.88361e+06	960.000000	2.89926e+06	960.000000	2.90729e+06	960.000000	2.90641e+06	960.000000	10351.8   	960.000000	5463.06   	960.000000	19161.8   	960.000000	16567.5   	960.000000	22125.9   	
980.000000	3.17293e+06	980.000000	2.96823e+06	980.000000	2.98436e+06	980.000000	2.99265e+06	980.000000	2.99171e+06	980.000000	10589     	980.000000	5613.53   	980.000000	19656.2   	980.000000	17019.5   	980.000000	22752.2   	
1000.000000	3.26473e+06	1000.000000	3.05323e+06	1000.000000	3.06984e+06	1000.000000	3.0784e+06	1000.000000	3.07739e+06	1000.000000	10825     	1000.000000	5764.52   	1000.000000	20150.1   	1000.000000	17472.1   	1000.000000	23379.9   	
1020.000000	3.35694e+06	1020.000000	3.1386e+06	1020.000000	3.1557e+06	1020.000000	3.16451e+06	1020.000000	3.16344e+06	1020.000000	11059.6   	1020.000000	5916.02   	1020.000000	20643.3   	1020.000000	17925.3   	1020.000000	24008.9   	
1040.000000	3.44955e+06	1040.000000	3.22431e+06	1040.000000	3.24191e+06	1040.000000	3.25099e+06	1040.000000	3.24985e+06	1040.000000	11292.9   	1040.000000	6068.06   	1040.000000	21135.9   	1040.000000	18378.9   	1040.000000	24639     	
1060.000000	3.54253e+06	1060.000000	3.31035e+06	1060.000000	3.32846e+06	1060.000000	3.3378e+06	1060.000000	3.33659e+06	1060.000000	11525     	1060.000000	6220.63   	1060.000000	21627.8   	1060.000000	18832.8   	1060.000000	25270.3   	
1080.000000	3.63587e+06	1080.000000	3.3967e+06	1080.000000	3.41533e+06	1080.000000	3.42494e+06	1080.000000	3.42366e+06	1080.000000	11755.7   	1080.000000	6373.76   	1080.000000	22118.8   	1080.000000	19287     	1080.000000	25902.4   	
1100.000000	3.72955e+06	1100.000000	3.48336e+06	1100.000000	3.50252e+06	1100.000000	3.5124e+06	1100.000000	3.51105e+06	1100.000000	11985     	1100.000000	6527.41   	1100.000000	22609     	1100.000000	19741.5   	1100.000000	26535.4   	
1120.000000	3.82355e+06	1120.000000	3.5703e+06	1120.000000	3.59e+06  	1120.000000	3.60015e+06	1120.000000	3.59873e+06	1120.000000	12213.1   	1120.000000	6681.56   	1120.000000	23098.2   	1120.000000	20196.1   	1120.000000	27169.1   	
1140.000000	3.91786e+06	1140.000000	3.65751e+06	1140.000000	3.67777e+06	1140.000000	3.68819e+06	1140.000000	3.6867e+06	1140.000000	12439.8   	1140.000000	6836.19   	1140.000000	23586.5   	1140.000000	20650.8   	1140.000000	27803.4   	
1160.000000	4.01246e+06	1160.000000	3.74498e+06	1160.000000	3.76581e+06	1160.000000	3.77651e+06	1160.000000	3.77494e+06	1160.000000	12665.1   	1160.000000	6991.25   	1160.000000	24073.8   	1160.000000	21105.5   	1160.000000	28438.2   	
1180.000000	4.10734e+06	1180.000000	3.83271e+06	1180.000000	3.85412e+06	1180.000000	3.8651e+06	1180.000000	3.86345e+06	1180.000000	12889.1   	1180.000000	7146.72   	1180.000000	24560     	1180.000000	21560.2   	1180.000000	29073.5   	
1200.000000	4.20248e+06	1200.000000	3.92067e+06	1200.000000	3.94268e+06	1200.000000	3.95394e+06	1200.000000	3.95222e+06	1200.000000	13111.8   	1200.000000	7302.6    	1200.000000	25045.2   	1200.000000	22014.8   	1200.000000	29709.1   	
1220.000000	4.29787e+06	1220.000000	4.00885e+06	1220.000000	4.03149e+06	1220.000000	4.04302e+06	1220.000000	4.04122e+06	1220.000000	13333.2   	1220.000000	7458.88   	1220.000000	25529.2   	1220.000000	22469.3   	1220.000000	30345     	
1240.000000	4.3935e+06	1240.000000	4.09725e+06	1240.000000	4.12053e+06	1240.000000	4.13233e+06	1240.000000	4.13046e+06	1240.000000	13553.2   	1240.000000	7615.56   	1240.000000	26012.1   	1240.000000	22923.6   	1240.000000	30981     	
1260.000000	4.48935e+06	1260.000000	4.18585e+06	1260.000000	4.20979e+06	1260.000000	4.22187e+06	1260.000000	4.21993e+06	1260.000000	13771.9   	1260.000000	7772.63   	1260.000000	26493.7   	1260.000000	23377.7   	1260.000000	31617.2   	
1280.000000	4.58541e+06	1280.000000	4.27464e+06	1280.000000	4.29927e+06	1280.000000	4.31163e+06	1280.000000	4.3096e+06	1280.000000	13989.3   	1280.000000	7930.09   	1280.000000	26974.2   	1280.000000	23831.5   	1280.000000	32253.5   	
1300.000000	4.68167e+06	1300.000000	4.36361e+06	1300.000000	4.38894e+06	1300.000000	4.40159e+06	1300.000000	4.39949e+06	1300.000000	14205.3   	1300.000000	8087.93   	1300.000000	27453.4   	1300.000000	24285     	1300.000000	32889.7   	
1320.000000	4.77812e+06	1320.000000	4.45276e+06	1320.000000	4.47882e+06	1320.000000	4.49175e+06	1320.000000	4.48957e+06	1320.000000	14420.1   	1320.000000	8246.14   	1320.000000	27931.3   	1320.000000	24738.2   	1320.000000	33525.9   	
1340.000000	4.87475e+06	1340.000000	4.54208e+06	1340.000000	4.56888e+06	1340.000000	4.5821e+06	1340.000000	4.57984e+06	1340.000000	14633.5   	1340.000000	8404.73   	1340.000000	28407.9   	1340.000000	25191     	1340.000000	34161.9   	
1360.000000	4.97154e+06	1360.000000	4.63155e+06	1360.000000	4.65913e+06	1360.000000	4.67263e+06	1360.000000	4.67029e+06	1360.000000	14845.7   	1360.000000	8563.67   	1360.000000	28883.2   	1360.000000	25643.3   	1360.000000	34797.7   	
1380.000000	5.06849e+06	1380.000000	4.72116e+06	1380.000000	4.74955e+06	1380.000000	4.76334e+06	1380.000000	4.76092e+06	1380.000000	15056.5   	1380.000000	8722.97   	1380.000000	29357.2   	1380.000000	26095.2   	1380.000000	35433.3   	
1400.000000	5.16558e+06	1400.000000	4.81092e+06	1400.000000	4.84014e+06	1400.000000	4.85422e+06	1400.000000	4.85171e+06	1400.000000	15266.1   	1400.000000	8882.61   	1400.000000	29829.8   	1400.000000	26546.6   	1400.000000	36068.5   	
1420.000000	5.2628e+06	1420.000000	4.9008e+06	1420.000000	4.93089e+06	1420.000000	4.94525e+06	1420.000000	4.94267e+06	1420.000000	15474.4   	1420.000000	9042.61   	1420.000000	30301.1   	1420.000000	26997.5   	1420.000000	36703.5   	
1440.000000	5.36015e+06	1440.000000	4.99081e+06	1440.000000	5.02179e+06	1440.000000	5.03644e+06	1440.000000	5.03378e+06	1440.000000	15681.5   	1440.000000	9202.95   	1440.000000	30771     	1440.000000	27447.9   	1440.000000	37338     	
1460.000000	5.45762e+06	1460.000000	5.08094e+06	1460.000000	5.11285e+06	1460.000000	5.12778e+06	1460.000000	5.12503e+06	1460.000000	15887.3   	1460.000000	9363.63   	1460.000000	31239.5   	1460.000000	27897.6   	1460.000000	37972.1   	
1480.000000	5.5552e+06	1480.000000	5.17117e+06	1480.000000	5.20404e+06	1480.000000	5.21926e+06	1480.000000	5.21643e+06	1480.000000	16091.8   	1480.000000	9524.65   	1480.000000	31706.6   	1480.000000	28346.8   	1480.000000	38605.6   	
1500.000000	5.65287e+06	1500.000000	5.26151e+06	1500.000000	5.29537e+06	1500.000000	5.31088e+06	1500.000000	5.30797e+06	1500.000000	16295.1   	1500.000000	9686      	1500.000000	32172.3   	1500.000000	28795.4   	1500.000000	39238.7   	
1520.000000	5.75063e+06	1520.000000	5.35194e+06	1520.000000	5.38684e+06	1520.000000	5.40263e+06	1520.000000	5.39963e+06	1520.000000	16497.2   	1520.000000	9847.69   	1520.000000	32636.5   	1520.000000	29243.3   	1520.000000	39871.2   	
1540.000000	5.84848e+06	1540.000000	5.44246e+06	1540.000000	5.47843e+06	1540.000000	5.4945e+06	1540.000000	5.49142e+06	1540.000000	16698.1   	1540.000000	10009.7   	1540.000000	33099.4   	1540.000000	29690.6   	1540.000000	40503.1   	
1560.000000	5.9464e+06	1560.000000	5.53307e+06	1560.000000	5.57013e+06	1560.000000	5.58649e+06	1560.000000	5.58333e+06	1560.000000	16897.8   	1560.000000	10172     	1560.000000	33560.8   	1560.000000	30137.1   	1560.000000	41134.4   	
1580.000000	6.04439e+06	1580.000000	5.62375e+06	1580.000000	5.66196e+06	1580.000000	5.6786e+06	1580.000000	5.67535e+06	1580.000000	17096.3   	1580.000000	10334.7   	1580.000000	34020.7   	1580.000000	30583     	1580.000000	41764.9   	
1600.000000	6.14243e+06	1600.000000	5.7145e+06	1600.000000	5.75389e+06	1600.000000	5.77082e+06	1600.000000	5.76748e+06	1600.000000	17293.5   	1600.000000	10497.6   	1600.000000	34479.2   	1600.000000	31028.2   	1600.000000	42394.8   	
1620.000000	6.24053e+06	1620.000000	5.80531e+06	1620.000000	5.84592e+06	1620.000000	5.86314e+06	1620.000000	5.85972e+06	1620.000000	17489.7   	1620.000000	10660.8   	1620.000000	34936.3   	1620.000000	31472.6   	1620.000000	43024     	
1640.000000	6.33867e+06	1640.000000	5.89619e+06	1640.000000	5.93806e+06	1640.000000	5.95557e+06	1640.000000	5.95206e+06	1640.000000	17684.6   	1640.000000	10824.3   	1640.000000	35391.9   	1640.000000	31916.2   	1640.000000	43652.4   	
1660.000000	6.43686e+06	1660.000000	5.98712e+06	1660.000000	6.03029e+06	1660.000000	6.04809e+06	1660.000000	6.04449e+06	1660.000000	17878.4   	1660.000000	10988.1   	1660.000000	35846     	1660.000000	32359.1   	1660.000000	44280     	
1680.000000	6.53507e+06	1680.000000	6.0781e+06	1680.000000	6.12262e+06	1680.000000	6.1407e+06	1680.000000	6.13702e+06	1680.000000	18071.1   	1680.000000	11152.1   	1680.000000	36298.7   	1680.000000	32801.2   	1680.000000	44906.8   	
1700.000000	6.63331e+06	1700.000000	6.16913e+06	1700.000000	6.21503e+06	1700.000000	6.2334e+06	1700.000000	6.22963e+06	1700.000000	18262.6   	1700.000000	11316.4   	1700.000000	36750     	1700.000000	33242.6   	1700.000000	45532.8   	
1750.000000	6.87898e+06	1750.000000	6.39685e+06	1750.000000	6.44642e+06	1750.000000	6.46551e+06	1750.000000	6.46153e+06	1750.000000	18736.6   	1750.000000	11728.3   	1750.000000	37871.7   	1750.000000	34342.3   	1750.000000	47093.9   	
1800.000000	7.12469e+06	1800.000000	6.62476e+06	1800.000000	6.67827e+06	1800.000000	6.6981e+06	1800.000000	6.6939e+06	1800.000000	19203.7   	1800.000000	12141.8   	1800.000000	38984.3   	1800.000000	35436.8   	1800.000000	48649.3   	
1850.000000	7.37034e+06	1850.000000	6.85278e+06	1850.000000	6.91054e+06	1850.000000	6.93111e+06	1850.000000	6.92668e+06	1850.000000	19664.2   	1850.000000	12557     	1850.000000	40087.8   	1850.000000	36525.8   	1850.000000	50198.7   	
1900.000000	7.61587e+06	1900.000000	7.08086e+06	1900.000000	7.14319e+06	1900.000000	7.16449e+06	1900.000000	7.15984e+06	1900.000000	20118.2   	1900.000000	12973.8   	1900.000000	41182.2   	1900.000000	37609.4   	1900.000000	51741.9   	
1950.000000	7.86119e+06	1950.000000	7.30893e+06	1950.000000	7.37616e+06	1950.000000	7.3982e+06	1950.000000	7.39332e+06	1950.000000	20565.8   	1950.000000	13392.4   	1950.000000	42267.6   	1950.000000	38687.4   	1950.000000	53278.6   	
2000.000000	8.10625e+06	2000.000000	7.53696e+06	2000.000000	7.60943e+06	2000.000000	7.63219e+06	2000.000000	7.6271e+06	2000.000000	21007.3   	2000.000000	13812.7   	2000.000000	43344.2   	2000.000000	39759.6   	2000.000000	54808.6   	
2100.000000	8.59531e+06	2100.000000	7.99266e+06	2100.000000	8.07669e+06	2100.000000	8.10091e+06	2100.000000	8.09536e+06	2100.000000	21872.3   	2100.000000	14658.3   	2100.000000	45470.7   	2100.000000	41886.7   	2100.000000	57848.2   	
2200.000000	9.08262e+06	2200.000000	8.44764e+06	2200.000000	8.54471e+06	2200.000000	8.57039e+06	2200.000000	8.56438e+06	2200.000000	22714.5   	2200.000000	15510.4   	2200.000000	47562.5   	2200.000000	43990.2   	2200.000000	60859.4   	
2300.000000	9.56778e+06	2300.000000	8.90159e+06	2300.000000	9.01328e+06	2300.000000	9.0404e+06	2300.000000	9.03393e+06	2300.000000	23534.9   	2300.000000	16368.7   	2300.000000	49620.4   	2300.000000	46070     	2300.000000	63841.8   	
2400.000000	1.00505e+07	2400.000000	9.35428e+06	2400.000000	9.4822e+06	2400.000000	9.51075e+06	2400.000000	9.50383e+06	2400.000000	24334.7   	2400.000000	17233.1   	2400.000000	51645.2   	2400.000000	48125.9   	2400.000000	66794.6   	
2500.000000	1.05304e+07	2500.000000	9.80548e+06	2500.000000	9.95132e+06	2500.000000	9.98131e+06	2500.000000	9.97392e+06	2500.000000	25114.9   	2500.000000	18103.2   	2500.000000	53637.7   	2500.000000	50158.1   	2500.000000	69717.7   	
2600.000000	1.10074e+07	2600.000000	1.0255e+07	2600.000000	1.04205e+07	2600.000000	1.04519e+07	2600.000000	1.04441e+07	2600.000000	25876.4   	2600.000000	18978.9   	2600.000000	55598.9   	2600.000000	52166.5   	2600.000000	72611     	
2700.000000	1.14812e+07	2700.000000	1.07027e+07	2700.000000	1.08896e+07	2700.000000	1.09225e+07	2700.000000	1.09142e+07	2700.000000	26620.3   	2700.000000	19860     	2700.000000	57529.7   	2700.000000	54151.5   	2700.000000	75474.4   	
2800.000000	1.19516e+07	2800.000000	1.11485e+07	2800.000000	1.13585e+07	2800.000000	1.13929e+07	2800.000000	1.13841e+07	2800.000000	27347.2   	2800.000000	20746.5   	2800.000000	59431     	2800.000000	56113.4   	2800.000000	78308.2   	
2900.000000	1.24184e+07	2900.000000	1.15922e+07	2900.000000	1.18272e+07	2900.000000	1.1863e+07	2900.000000	1.18538e+07	2900.000000	28058.1   	2900.000000	21638.3   	2900.000000	61303.6   	2900.000000	58052.3   	2900.000000	81112.5   	
3000.000000	1.28817e+07	3000.000000	1.20337e+07	3000.000000	1.22956e+07	3000.000000	1.23329e+07	3000.000000	1.23232e+07	3000.000000	28753.6   	3000.000000	22535.3   	3000.000000	63148.4   	3000.000000	59968.7   	3000.000000	83887.5   	
3200.000000	1.37968e+07	3200.000000	1.29099e+07	3200.000000	1.32313e+07	3200.000000	1.32714e+07	3200.000000	1.32608e+07	3200.000000	30101.4   	3200.000000	24345.1   	3200.000000	66758     	3200.000000	63735.4   	3200.000000	89351.4   	
3400.000000	1.46964e+07	3400.000000	1.37766e+07	3400.000000	1.41651e+07	3400.000000	1.4208e+07	3400.000000	1.41965e+07	3400.000000	31395.9   	3400.000000	26175.5   	3400.000000	70266.3   	3400.000000	67416.6   	3400.000000	94703     	
3600.000000	1.55799e+07	3600.000000	1.46334e+07	3600.000000	1.50968e+07	3600.000000	1.51425e+07	3600.000000	1.51301e+07	3600.000000	32641.4   	3600.000000	28026.1   	3600.000000	73679.3   	3600.000000	71015.5   	3600.000000	99945.6   	
3800.000000	1.64473e+07	3800.000000	1.548e+07 	3800.000000	1.60261e+07	3800.000000	1.60747e+07	3800.000000	1.60613e+07	3800.000000	33842     	3800.000000	29896.6   	3800.000000	77002.6   	3800.000000	74535.5   	3800.000000	105083    	
4000.000000	1.72983e+07	4000.000000	1.63164e+07	4000.000000	1.6953e+07	4000.000000	1.70044e+07	4000.000000	1.69901e+07	4000.000000	35001.3   	4000.000000	31786.7   	4000.000000	80241.5   	4000.000000	77979.9   	4000.000000	110119    	
4200.000000	1.81331e+07	4200.000000	1.71425e+07	4200.000000	1.78773e+07	4200.000000	1.79314e+07	4200.000000	1.79162e+07	4200.000000	36122.4   	4200.000000	33695.9   	4200.000000	83400.8   	4200.000000	81351.8   	4200.000000	115058    	
4400.000000	1.89517e+07	4400.000000	1.79582e+07	4400.000000	1.8799e+07	4400.000000	1.88558e+07	4400.000000	1.88397e+07	4400.000000	37208     	4400.000000	35624.1   	4400.000000	86484.9   	4400.000000	84654.4   	4400.000000	119903    	
4600.000000	1.97542e+07	4600.000000	1.87637e+07	4600.000000	1.97181e+07	4600.000000	1.97776e+07	4600.000000	1.97606e+07	4600.000000	38260.8   	4600.000000	37571     	4600.000000	89498     	4600.000000	87890.4   	4600.000000	124658    	
4800.000000	2.0541e+07	4800.000000	1.95589e+07	4800.000000	2.06344e+07	4800.000000	2.06966e+07	4800.000000	2.06787e+07	4800.000000	39283     	4800.000000	39536.3   	4800.000000	92443.8   	4800.000000	91062.9   	4800.000000	129326    	
5000.000000	2.13122e+07	5000.000000	2.0344e+07	5000.000000	2.15481e+07	5000.000000	2.16129e+07	5000.000000	2.15942e+07	5000.000000	40276.6   	5000.000000	41519.7   	5000.000000	95326     	5000.000000	94174.4   	5000.000000	133911    	
5250.000000	2.22548e+07	5250.000000	2.13113e+07	5250.000000	2.26865e+07	5250.000000	2.27546e+07	5250.000000	2.27347e+07	5250.000000	41481.3   	5250.000000	44024.3   	5250.000000	98844     	5250.000000	97982     	5250.000000	139530    	
5500.000000	2.31742e+07	5500.000000	2.22633e+07	5500.000000	2.38207e+07	5500.000000	2.38921e+07	5500.000000	2.38712e+07	5500.000000	42647.3   	5500.000000	46556.5   	5500.000000	102273    	5500.000000	101703    	5500.000000	145029    	
6000.000000	2.49456e+07	6000.000000	2.41226e+07	6000.000000	2.60771e+07	6000.000000	2.6155e+07	6000.000000	2.61319e+07	6000.000000	44875     	6000.000000	51702.1   	6000.000000	108887    	6000.000000	108902    	6000.000000	155694    	
6500.000000	2.66316e+07	6500.000000	2.59243e+07	6500.000000	2.8318e+07	6500.000000	2.84021e+07	6500.000000	2.8377e+07	6500.000000	46979     	6500.000000	56953.4   	6500.000000	115204    	6500.000000	115803    	6500.000000	165946    	
7000.000000	2.82373e+07	7000.000000	2.76713e+07	7000.000000	3.05439e+07	7000.000000	3.06343e+07	7000.000000	3.06071e+07	7000.000000	48975     	7000.000000	62307.1   	7000.000000	121256    	7000.000000	122434    	7000.000000	175821    	
7500.000000	2.97678e+07	7500.000000	2.93662e+07	7500.000000	3.27557e+07	7500.000000	3.28522e+07	7500.000000	3.2823e+07	7500.000000	50875.9   	7500.000000	67761.6   	7500.000000	127069    	7500.000000	128818    	7500.000000	185351    	
8000.000000	3.12278e+07	8000.000000	3.10117e+07	8000.000000	3.49539e+07	8000.000000	3.50565e+07	8000.000000	3.50253e+07	8000.000000	52692.3   	8000.000000	73314.1   	8000.000000	132665    	8000.000000	134976    	8000.000000	194565    	
8500.000000	3.26218e+07	8500.000000	3.26104e+07	8500.000000	3.71393e+07	8500.000000	3.72479e+07	8500.000000	3.72148e+07	8500.000000	54433.2   	8500.000000	78960.7   	8500.000000	138065    	8500.000000	140927    	8500.000000	203486    	
9000.000000	3.3954e+07	9000.000000	3.41647e+07	9000.000000	3.93126e+07	9000.000000	3.9427e+07	9000.000000	3.9392e+07	9000.000000	56105.9   	9000.000000	84698.3   	9000.000000	143285    	9000.000000	146686    	9000.000000	212137    	
9500.000000	3.52284e+07	9500.000000	3.56767e+07	9500.000000	4.14744e+07	9500.000000	4.15945e+07	9500.000000	4.15576e+07	9500.000000	57717     	9500.000000	90525.4   	9500.000000	148340    	9500.000000	152268    	9500.000000	220538    	
10000.000000	3.64485e+07	10000.000000	3.71488e+07	10000.000000	4.36252e+07	10000.000000	4.37508e+07	10000.000000	4.37122e+07	10000.000000	59272     	10000.000000	96441.6   	10000.000000	153243    	10000.000000	157686    	10000.000000	228706    	
11000.000000	3.87392e+07	11000.000000	3.99806e+07	11000.000000	4.78956e+07	11000.000000	4.80323e+07	11000.000000	4.79901e+07	11000.000000	62232.1   	11000.000000	108531    	11000.000000	162635    	11000.000000	168074    	11000.000000	244404    	
12000.000000	4.08498e+07	12000.000000	4.26747e+07	12000.000000	5.21276e+07	12000.000000	5.2275e+07	12000.000000	5.22295e+07	12000.000000	65017.8   	12000.000000	120932    	12000.000000	171539    	12000.000000	177926    	12000.000000	259339    	
13000.000000	4.2801e+07	13000.000000	4.52436e+07	13000.000000	5.63245e+07	13000.000000	5.64824e+07	13000.000000	5.64337e+07	13000.000000	67653.6   	13000.000000	133628    	13000.000000	180015    	13000.000000	187307    	13000.000000	273599    	
14000.000000	4.46103e+07	14000.000000	4.76986e+07	14000.000000	6.04891e+07	14000.000000	6.06573e+07	14000.000000	6.06055e+07	14000.000000	70159.2   	14000.000000	146624    	14000.000000	188114    	14000.000000	196268    	14000.000000	287257    	
15000.000000	4.62927e+07	15000.000000	5.00492e+07	15000.000000	6.46242e+07	15000.000000	6.48021e+07	15000.000000	6.47474e+07	15000.000000	72550.2   	15000.000000	159931    	15000.000000	195877    	15000.000000	204855    	15000.000000	300375    	
16000.000000	4.78612e+07	16000.000000	5.23043e+07	16000.000000	6.87318e+07	16000.000000	6.8919e+07	16000.000000	6.88616e+07	16000.000000	74839.7   	16000.000000	173537    	16000.000000	203338    	16000.000000	213103    	16000.000000	313005    	
17000.000000	4.93271e+07	17000.000000	5.44712e+07	17000.000000	7.28138e+07	17000.000000	7.30099e+07	17000.000000	7.29499e+07	17000.000000	77038.4   	17000.000000	187423    	17000.000000	210526    	17000.000000	221045    	17000.000000	325192    	
18000.000000	5.07004e+07	18000.000000	5.65568e+07	18000.000000	7.68717e+07	18000.000000	7.70765e+07	18000.000000	7.70141e+07	18000.000000	79155.4   	18000.000000	201563    	18000.000000	217467    	18000.000000	228707    	18000.000000	336973    	
19000.000000	5.19895e+07	19000.000000	5.8567e+07	19000.000000	8.09069e+07	19000.000000	8.11204e+07	19000.000000	8.10556e+07	19000.000000	81198.3   	19000.000000	215939    	19000.000000	224181    	19000.000000	236114    	19000.000000	348383    	
20000.000000	5.32021e+07	20000.000000	6.05072e+07	20000.000000	8.49206e+07	20000.000000	8.51428e+07	20000.000000	8.5076e+07	20000.000000	83173.8   	20000.000000	230531    	20000.000000	230688    	20000.000000	243285    	20000.000000	359451    	
21000.000000	5.43448e+07	21000.000000	6.23822e+07	21000.000000	8.89142e+07	21000.000000	8.9145e+07	21000.000000	8.90762e+07	21000.000000	85087.6   	21000.000000	245332    	21000.000000	237002    	21000.000000	250238    	21000.000000	370201    	
22000.000000	5.54236e+07	22000.000000	6.41964e+07	22000.000000	9.28888e+07	22000.000000	9.31281e+07	22000.000000	9.30575e+07	22000.000000	86944.7   	22000.000000	260364    	22000.000000	243140    	22000.000000	256991    	22000.000000	380658    	
23000.000000	5.64436e+07	23000.000000	6.59536e+07	23000.000000	9.68456e+07	23000.000000	9.70931e+07	23000.000000	9.70209e+07	23000.000000	88749.3   	23000.000000	275631    	23000.000000	249113    	23000.000000	263556    	23000.000000	390841    	
24000.000000	5.74096e+07	24000.000000	6.76574e+07	24000.000000	1.00786e+08	24000.000000	1.01041e+08	24000.000000	1.00967e+08	24000.000000	90505.5   	24000.000000	291106    	24000.000000	254932    	24000.000000	269946    	24000.000000	400769    	
25000.000000	5.83258e+07	25000.000000	6.93111e+07	25000.000000	1.04709e+08	25000.000000	1.04972e+08	25000.000000	1.04897e+08	25000.000000	92216.5   	25000.000000	306782    	25000.000000	260607    	25000.000000	276173    	25000.000000	410457    	
26000.000000	5.91959e+07	26000.000000	7.09176e+07	26000.000000	1.08618e+08	26000.000000	1.08888e+08	26000.000000	1.08812e+08	26000.000000	93885.4   	26000.000000	322663    	26000.000000	266149    	26000.000000	282247    	26000.000000	419920    	
27000.000000	6.00233e+07	27000.000000	7.24796e+07	27000.000000	1.12511e+08	27000.000000	1.12789e+08	27000.000000	1.12712e+08	27000.000000	95515     	27000.000000	338744    	27000.000000	271564    	27000.000000	288177    	27000.000000	429172    	
28000.000000	6.08111e+07	28000.000000	7.39995e+07	28000.000000	1.16391e+08	28000.000000	1.16676e+08	28000.000000	1.16598e+08	28000.000000	97107.7   	28000.000000	355022    	28000.000000	276859    	28000.000000	293971    	28000.000000	438225    	
29000.000000	6.1562e+07	29000.000000	7.54796e+07	29000.000000	1.20258e+08	29000.000000	1.20549e+08	29000.000000	1.2047e+08	29000.000000	98665.7   	29000.000000	371496    	29000.000000	282043    	29000.000000	299637    	29000.000000	447089    	
30000.000000	6.22787e+07	30000.000000	7.69219e+07	30000.000000	1.24111e+08	30000.000000	1.24409e+08	30000.000000	1.2433e+08	30000.000000	100191    	30000.000000	388165    	30000.000000	287120    	30000.000000	305183    	30000.000000	455774    	
32000.000000	6.36178e+07	32000.000000	7.97012e+07	32000.000000	1.31781e+08	32000.000000	1.32091e+08	32000.000000	1.32012e+08	32000.000000	103151    	32000.000000	422066    	32000.000000	296978    	32000.000000	315936    	32000.000000	472647    	
34000.000000	6.48446e+07	34000.000000	8.23508e+07	34000.000000	1.39406e+08	34000.000000	1.39727e+08	34000.000000	1.39649e+08	34000.000000	106000    	34000.000000	456664    	34000.000000	306473    	34000.000000	326275    	34000.000000	488906    	
36000.000000	6.59725e+07	36000.000000	8.48828e+07	36000.000000	1.46987e+08	36000.000000	1.47319e+08	36000.000000	1.47242e+08	36000.000000	108750    	36000.000000	491907    	36000.000000	315637    	36000.000000	336238    	36000.000000	504609    	
38000.000000	6.70128e+07	38000.000000	8.73074e+07	38000.000000	1.5453e+08	38000.000000	1.5487e+08	38000.000000	1.54796e+08	38000.000000	111408    	38000.000000	527775    	38000.000000	324500    	38000.000000	345858    	38000.000000	519803    	
40000.000000	6.79753e+07	40000.000000	8.96336e+07	40000.000000	1.62035e+08	40000.000000	1.62384e+08	40000.000000	1.62313e+08	40000.000000	113984    	40000.000000	564259    	40000.000000	333087    	40000.000000	355164    	40000.000000	534529    	
42000.000000	6.88681e+07	42000.000000	9.18692e+07	42000.000000	1.69505e+08	42000.000000	1.69861e+08	42000.000000	1.69795e+08	42000.000000	116485    	42000.000000	601340    	42000.000000	341418    	42000.000000	364181    	42000.000000	548824    	
44000.000000	6.96985e+07	44000.000000	9.40213e+07	44000.000000	1.76942e+08	44000.000000	1.77305e+08	44000.000000	1.77244e+08	44000.000000	118915    	44000.000000	638997    	44000.000000	349514    	44000.000000	372930    	44000.000000	562720    	
46000.000000	7.04726e+07	46000.000000	9.6096e+07	46000.000000	1.84349e+08	46000.000000	1.84716e+08	46000.000000	1.84661e+08	46000.000000	121280    	46000.000000	677205    	46000.000000	357391    	46000.000000	381431    	46000.000000	576245    	
48000.000000	7.11958e+07	48000.000000	9.80989e+07	48000.000000	1.91725e+08	48000.000000	1.92098e+08	48000.000000	1.9205e+08	48000.000000	123586    	48000.000000	715943    	48000.000000	365064    	48000.000000	389700    	48000.000000	589424    	
50000.000000	7.1873e+07	50000.000000	1.00035e+08	50000.000000	1.99074e+08	50000.000000	1.9945e+08	50000.000000	1.99411e+08	50000.000000	125836    	50000.000000	755188    	50000.000000	372547    	50000.000000	397754    	50000.000000	602279    	
