! 11Li range in CF4
! apply ZOOM for details
Energy (MeV/u)1	0 - [He-base] F.Hubert et al, AD&ND Tables 46(1990)1	Energy (MeV/u)2	1 - [H -base] J.F.Ziegler et al,Pergamon Press,NY(low energy)	Energy (MeV/u)3	2 - ATIMA 1.2 LS-theory (recommended for high energy)	Energy (MeV/u)4	3 - ATIMA 1.2 without LS-correction	Energy (MeV/u)5	4 - ATIMA 1.4 H.Weick, improved mean charge formula for HI	Energy (MeV/u)6	5 - Range straggling - method [0] - LISE	Energy (MeV/u)7	6 - Range straggling - method [1] - Atima	Energy (MeV/u)8	7 - Lateral range - method [0] - LISE	Energy (MeV/u)9	8 - Lateral range - method [1] - Atima	Energy (MeV/u)10	9 - Lateral range - method [2] - PDG	
0.001000	1158.24   	0.001000	1158.24   	0.001000	980.922   	0.001000	980.922   	0.001000	981.389   	0.001000	0         	0.001000	0         	0.001000	20.881    	0.001000	32.7823   	0.001000	15.7653   	
0.002000	2316.47   	0.002000	2316.47   	0.002000	1961.84   	0.002000	1961.84   	0.002000	1962.78   	0.002000	98.4959   	0.002000	98.4959   	0.002000	61.1565   	0.002000	92.7663   	0.002000	47.9512   	
0.005000	5365.42   	0.005000	5365.42   	0.005000	4550.69   	0.005000	4550.69   	0.005000	4552.17   	0.005000	118.569   	0.005000	118.569   	0.005000	223.742   	0.005000	327.115   	0.005000	181.729   	
0.008000	7865.91   	0.008000	7865.91   	0.008000	6726.54   	0.008000	6726.54   	0.008000	6728.22   	0.008000	119.341   	0.008000	119.341   	0.008000	408.255   	0.008000	587.424   	0.008000	336.215   	
0.010000	9324.2    	0.010000	9324.2    	0.010000	8020.93   	0.010000	8020.93   	0.010000	8022.7    	0.010000	121.917   	0.010000	121.917   	0.010000	535.29    	0.010000	764.799   	0.010000	443.422   	
0.015000	12487.1   	0.015000	12487.1   	0.015000	10886.1   	0.015000	10886.1   	0.015000	10888     	0.015000	134.222   	0.015000	134.222   	0.015000	856.506   	0.015000	1209.25   	0.015000	716.33    	
0.020000	15213.9   	0.020000	15213.9   	0.020000	13380.3   	0.020000	13380.3   	0.020000	13382.2   	0.020000	149.499   	0.020000	149.499   	0.020000	1176.76   	0.020000	1645.81   	0.020000	990.202   	
0.025000	17558.2   	0.025000	17558.2   	0.025000	15603     	0.025000	15603     	0.025000	15604.9   	0.025000	164.26    	0.025000	164.26    	0.025000	1478.1    	0.025000	2029.39   	0.025000	1250.29   	
0.030000	19611.7   	0.030000	19611.7   	0.030000	17639.4   	0.030000	17639.4   	0.030000	17641.4   	0.030000	177.995   	0.030000	177.995   	0.030000	1711.3    	0.030000	2310.18   	0.030000	1449.57   	
0.035000	21475.2   	0.035000	21475.2   	0.035000	19550.6   	0.035000	19550.6   	0.035000	19552.6   	0.035000	190.905   	0.035000	190.905   	0.035000	1896.07   	0.035000	2528.23   	0.035000	1607.92   	
0.040000	23210.1   	0.040000	23210.1   	0.040000	21355.4   	0.040000	21355.4   	0.040000	21357.4   	0.040000	202.85    	0.040000	202.85    	0.040000	2049.67   	0.040000	2708.64   	0.040000	1738.85   	
0.045000	24849.5   	0.045000	24849.5   	0.045000	23069.1   	0.045000	23069.1   	0.045000	23071.1   	0.045000	213.849   	0.045000	213.849   	0.045000	2181.04   	0.045000	2863.07   	0.045000	1852.34   	
0.050000	26413.1   	0.050000	26413.1   	0.050000	24703.8   	0.050000	24703.8   	0.050000	24705.8   	0.050000	223.973   	0.050000	223.362   	0.050000	2295.58   	0.050000	2998.34   	0.050000	1950.53   	
0.055000	27911.6   	0.055000	27911.6   	0.055000	26269.3   	0.055000	26269.3   	0.055000	26271.4   	0.055000	233.317   	0.055000	231.688   	0.055000	2396.13   	0.055000	3117.52   	0.055000	2038.25   	
0.060000	29352.4   	0.060000	29352.4   	0.060000	27774.1   	0.060000	27774.1   	0.060000	27776.2   	0.060000	241.97    	0.060000	239.302   	0.060000	2486.65   	0.060000	3225.32   	0.060000	2117.12   	
0.070000	32088.1   	0.070000	32088.1   	0.070000	30628.2   	0.070000	30628.2   	0.070000	30630.3   	0.070000	257.532   	0.070000	252.811   	0.070000	2643.84   	0.070000	3412.9    	0.070000	2253.76   	
0.080000	34664.3   	0.080000	34664.3   	0.080000	33310.4   	0.080000	33310.4   	0.080000	33312.5   	0.080000	271.221   	0.080000	264.547   	0.080000	2777.8    	0.080000	3572.92   	0.080000	2369.84   	
0.090000	37113.8   	0.090000	37113.8   	0.090000	35854     	0.090000	35854     	0.090000	35856.1   	0.090000	283.464   	0.090000	274.956   	0.090000	2892.28   	0.090000	3710.61   	0.090000	2471.54   	
0.100000	39461.5   	0.100000	39461.5   	0.100000	38284.5   	0.100000	38284.5   	0.100000	38286.5   	0.100000	294.577   	0.100000	284.351   	0.100000	2995.11   	0.100000	3833.51   	0.100000	2561.18   	
0.120000	43904.7   	0.120000	43904.7   	0.120000	42881.8   	0.120000	42881.8   	0.120000	42883.9   	0.120000	314.322   	0.120000	300.945   	0.120000	3170.99   	0.120000	4043.31   	0.120000	2715.95   	
0.140000	48078.9   	0.140000	48078.9   	0.140000	47219.7   	0.140000	47219.7   	0.140000	47221.7   	0.140000	331.78    	0.140000	315.538   	0.140000	3320.57   	0.140000	4220.11   	0.140000	2848.45   	
0.160000	52063.9   	0.160000	52063.9   	0.160000	51376.8   	0.160000	51376.8   	0.160000	51378.9   	0.160000	347.766   	0.160000	328.845   	0.160000	3451.65   	0.160000	4373.4    	0.160000	2966.3    	
0.180000	55917.9   	0.180000	55917.9   	0.180000	55408.4   	0.180000	55408.4   	0.180000	55410.5   	0.180000	362.803   	0.180000	341.321   	0.180000	3570.63   	0.180000	4510.77   	0.180000	3072.34   	
0.200000	59680.1   	0.200000	59680.1   	0.200000	59354.5   	0.200000	59354.5   	0.200000	59356.6   	0.200000	377.247   	0.200000	353.268   	0.200000	3680.3    	0.200000	4635.42   	0.200000	3171.92   	
0.250000	68843.7   	0.250000	68843.7   	0.250000	69024.8   	0.250000	69024.8   	0.250000	69026.9   	0.250000	412.249   	0.250000	382.074   	0.250000	3929.31   	0.250000	4911.7    	0.250000	3396.94   	
0.300000	77729.2   	0.300000	77729.2   	0.300000	78616.8   	0.300000	78616.8   	0.300000	78618.9   	0.300000	447.18    	0.300000	410.621   	0.300000	4156.06   	0.300000	5154.57   	0.300000	3604.69   	
0.350000	86466.4   	0.350000	86466.4   	0.350000	88239.1   	0.350000	88239.1   	0.350000	88241.2   	0.350000	482.661   	0.350000	439.467   	0.350000	4368.81   	0.350000	5375.88   	0.350000	3800.43   	
0.400000	95187.6   	0.400000	95187.6   	0.400000	98012.2   	0.400000	98012.2   	0.400000	98014.3   	0.400000	519.648   	0.400000	469.365   	0.400000	4574.75   	0.400000	5583.9    	0.400000	3990.05   	
0.450000	103994    	0.450000	103994    	0.450000	108023    	0.450000	108023    	0.450000	108025    	0.450000	558.848   	0.450000	500.855   	0.450000	4769.02   	0.450000	5784.28   	0.450000	4178.65   	
0.500000	112949    	0.500000	112949    	0.500000	118321    	0.500000	118321    	0.500000	118323    	0.500000	600.608   	0.500000	534.184   	0.500000	4959.71   	0.500000	5979.37   	0.500000	4366.42   	
0.600000	131397    	0.600000	131397    	0.600000	139849    	0.600000	139849    	0.600000	139851    	0.600000	692.061   	0.600000	607.395   	0.600000	5338.85   	0.600000	6361.71   	0.600000	4746.07   	
0.700000	150848    	0.700000	150848    	0.700000	162668    	0.700000	162668    	0.700000	162670    	0.700000	793.855   	0.700000	693.063   	0.700000	5720.36   	0.700000	6748.19   	0.700000	5131.84   	
0.800000	171292    	0.800000	171292    	0.800000	186782    	0.800000	186782    	0.800000	186784    	0.800000	905.336   	0.800000	789.16    	0.800000	6108.51   	0.800000	7143.44   	0.800000	5527.9    	
0.900000	192637    	0.900000	192637    	0.900000	212175    	0.900000	212175    	0.900000	212177    	0.900000	1025.8    	0.900000	893.514   	0.900000	6502.71   	0.900000	7547.68   	0.900000	5933.16   	
1.000000	215084    	1.000000	215084    	1.000000	238854    	1.000000	238854    	1.000000	238856    	1.000000	1155.08   	1.000000	1005.02   	1.000000	6906.44   	1.000000	7963.65   	1.000000	6349.5    	
1.250000	276526    	1.250000	276526    	1.250000	311186    	1.250000	311186    	1.250000	311188    	1.250000	1515.65   	1.250000	1310.5    	1.250000	7891.59   	1.250000	9055.16   	1.250000	7106.29   	
1.500000	347477    	1.500000	347477    	1.500000	391214    	1.500000	391214    	1.500000	391216    	1.500000	1923.72   	1.500000	1645.85   	1.500000	8634.83   	1.500000	10213.6   	1.500000	7815.7    	
1.750000	428809    	1.750000	428809    	1.750000	478758    	1.750000	478758    	1.750000	478760    	1.750000	2377.06   	1.750000	2007.36   	1.750000	9455.4    	1.750000	11243.8   	1.750000	8596.15   	
2.000000	519532    	2.000000	519532    	2.000000	573769    	2.000000	573769    	2.000000	573771    	2.000000	2875.66   	2.000000	2394.19   	2.000000	10349.1   	2.000000	12173.2   	2.000000	9444.6    	
2.250000	619001    	2.250000	619001    	2.250000	676272    	2.250000	676272    	2.250000	676274    	2.250000	3420.63   	2.250000	2806.7    	2.250000	11314.7   	2.250000	13176.1   	2.250000	10360.4   	
2.500000	727057    	2.500000	726795    	2.500000	786309    	2.500000	786309    	2.500000	786311    	2.500000	4013.18   	2.500000	3245.51   	2.500000	12351.7   	2.500000	14250.5   	2.500000	11343.5   	
3.000000	982477    	3.000000	966086    	3.000000	1.02911e+06	3.000000	1.02911e+06	3.000000	1.02911e+06	3.000000	5344.58   	3.000000	4203.7    	3.000000	14639.6   	3.000000	16608.9   	3.000000	13512.5   	
3.500000	1.26964e+06	3.500000	1.23568e+06	3.500000	1.30227e+06	3.500000	1.30227e+06	3.500000	1.30227e+06	3.500000	6874.51   	3.500000	5270.85   	3.500000	17212     	3.500000	19240.3   	3.500000	15952.1   	
4.000000	1.58795e+06	4.000000	1.5346e+06	4.000000	1.60575e+06	4.000000	1.60575e+06	4.000000	1.60575e+06	4.000000	8604.54   	4.000000	6446.75   	4.000000	20067.7   	4.000000	22138.9   	4.000000	18662.3   	
4.500000	1.93687e+06	4.500000	1.86219e+06	4.500000	1.93934e+06	4.500000	1.93934e+06	4.500000	1.93934e+06	4.500000	10534.3   	4.500000	7729.4    	4.500000	23204.9   	4.500000	25298.9   	4.500000	21641.7   	
5.000000	2.31592e+06	5.000000	2.21793e+06	5.000000	2.30278e+06	5.000000	2.30278e+06	5.000000	2.30278e+06	5.000000	12662.2   	5.000000	9116.46   	5.000000	26621.4   	5.000000	28715.2   	5.000000	24888.7   	
5.500000	2.72467e+06	5.500000	2.6013e+06	5.500000	2.69579e+06	5.500000	2.69579e+06	5.500000	2.69579e+06	5.500000	14986.4   	5.500000	10605.8   	5.500000	30313.8   	5.500000	32382     	5.500000	28400.4   	
6.000000	3.16272e+06	6.000000	3.01182e+06	6.000000	3.11804e+06	6.000000	3.11804e+06	6.000000	3.11804e+06	6.000000	17504.6   	6.000000	12195     	6.000000	34279.9   	6.000000	36295     	6.000000	32174.9   	
6.500000	3.62969e+06	6.500000	3.44909e+06	6.500000	3.56922e+06	6.500000	3.56922e+06	6.500000	3.56922e+06	6.500000	20214.5   	6.500000	13882.1   	6.500000	38516.2   	6.500000	40449.2   	6.500000	36209.1   	
7.000000	4.12526e+06	7.000000	3.91273e+06	7.000000	4.04904e+06	7.000000	4.04904e+06	7.000000	4.04904e+06	7.000000	23114     	7.000000	15665.2   	7.000000	43020.4   	7.000000	44840.8   	7.000000	40500.9   	
7.500000	4.64911e+06	7.500000	4.40239e+06	7.500000	4.5572e+06	7.500000	4.5572e+06	7.500000	4.5572e+06	7.500000	26201.3   	7.500000	17542.4   	7.500000	47789.6   	7.500000	49465.6   	7.500000	45047.6   	
8.000000	5.20094e+06	8.000000	4.91774e+06	8.000000	5.09343e+06	8.000000	5.09343e+06	8.000000	5.09343e+06	8.000000	29474.4   	8.000000	19512.2   	8.000000	52821.5   	8.000000	54320.1   	8.000000	49847.1   	
8.500000	5.78048e+06	8.500000	5.45847e+06	8.500000	5.65748e+06	8.500000	5.65748e+06	8.500000	5.65748e+06	8.500000	32931.8   	8.500000	21572.5   	8.500000	58113.7   	8.500000	59401     	8.500000	54897.3   	
9.000000	6.38746e+06	9.000000	6.02432e+06	9.000000	6.2491e+06	9.000000	6.2491e+06	9.000000	6.2491e+06	9.000000	36572     	9.000000	23722     	9.000000	63664     	9.000000	64705.3   	9.000000	60196.2   	
9.500000	7.02164e+06	9.500000	6.615e+06 	9.500000	6.86809e+06	9.500000	6.86809e+06	9.500000	6.86808e+06	9.500000	40393.7   	9.500000	25959.4   	9.500000	69470.7   	9.500000	70230.4   	9.500000	65742.1   	
10.000000	7.68277e+06	10.000000	7.22997e+06	10.000000	7.51421e+06	10.000000	7.51421e+06	10.000000	7.51421e+06	10.000000	44395.7   	10.000000	28284.3   	10.000000	75531.6   	10.000000	75973.5   	10.000000	71533.2   	
11.000000	9.08503e+06	11.000000	8.52045e+06	11.000000	8.88783e+06	11.000000	8.88771e+06	11.000000	8.88786e+06	11.000000	52949.2   	11.000000	33201.5   	11.000000	88417.8   	11.000000	88111.7   	11.000000	83852.5   	
12.000000	1.05926e+07	12.000000	9.91735e+06	12.000000	1.03691e+07	12.000000	1.03686e+07	12.000000	1.03693e+07	12.000000	62233.8   	12.000000	38472.5   	12.000000	102318    	12.000000	101110    	12.000000	97150.4   	
13.000000	1.22038e+07	13.000000	1.14193e+07	13.000000	1.19566e+07	13.000000	1.19556e+07	13.000000	1.19569e+07	13.000000	72237.6   	13.000000	44085.9   	13.000000	117220    	13.000000	114952    	13.000000	111415    	
14.000000	1.39174e+07	14.000000	1.30249e+07	14.000000	1.36489e+07	14.000000	1.36472e+07	14.000000	1.36495e+07	14.000000	82949.4   	14.000000	50032.5   	14.000000	133111    	14.000000	129622    	14.000000	126636    	
15.000000	1.57319e+07	15.000000	1.4733e+07	15.000000	1.54447e+07	15.000000	1.54421e+07	15.000000	1.54457e+07	15.000000	94358.8   	15.000000	56307.5   	15.000000	149980    	15.000000	145106    	15.000000	142802    	
16.000000	1.76461e+07	16.000000	1.65425e+07	16.000000	1.73425e+07	16.000000	1.73391e+07	16.000000	1.73441e+07	16.000000	106455    	16.000000	62904.7   	16.000000	167814    	16.000000	161390    	16.000000	159902    	
17.000000	1.96588e+07	17.000000	1.84522e+07	17.000000	1.93414e+07	17.000000	1.93369e+07	17.000000	1.93436e+07	17.000000	119229    	17.000000	69814.7   	17.000000	186604    	17.000000	178461    	17.000000	177927    	
18.000000	2.17689e+07	18.000000	2.04611e+07	18.000000	2.14398e+07	18.000000	2.14343e+07	18.000000	2.14429e+07	18.000000	132669    	18.000000	77029.6   	18.000000	206336    	18.000000	196305    	18.000000	196865    	
19.000000	2.39753e+07	19.000000	2.25684e+07	19.000000	2.36367e+07	19.000000	2.36302e+07	19.000000	2.36407e+07	19.000000	146764    	19.000000	84543.6   	19.000000	226999    	19.000000	214910    	19.000000	216705    	
20.000000	2.62771e+07	20.000000	2.47729e+07	20.000000	2.59308e+07	20.000000	2.59231e+07	20.000000	2.59359e+07	20.000000	161505    	20.000000	92350.4   	20.000000	248581    	20.000000	234263    	20.000000	237437    	
21.000000	2.86732e+07	21.000000	2.70739e+07	21.000000	2.83209e+07	21.000000	2.83121e+07	21.000000	2.83271e+07	21.000000	176878    	21.000000	100443    	21.000000	271069    	21.000000	254352    	21.000000	259049    	
22.000000	3.11628e+07	22.000000	2.94704e+07	22.000000	3.08057e+07	22.000000	3.07958e+07	22.000000	3.08132e+07	22.000000	192872    	22.000000	108815    	22.000000	294452    	22.000000	275163    	22.000000	281529    	
23.000000	3.37449e+07	23.000000	3.19617e+07	23.000000	3.33839e+07	23.000000	3.3373e+07	23.000000	3.3393e+07	23.000000	209476    	23.000000	117460    	23.000000	318716    	23.000000	296685    	23.000000	304867    	
24.000000	3.64187e+07	24.000000	3.4547e+07	24.000000	3.60543e+07	24.000000	3.60425e+07	24.000000	3.60651e+07	24.000000	226676    	24.000000	126371    	24.000000	343848    	24.000000	318903    	24.000000	329049    	
25.000000	3.91834e+07	25.000000	3.72254e+07	25.000000	3.88156e+07	25.000000	3.8803e+07	25.000000	3.88283e+07	25.000000	244460    	25.000000	135540    	25.000000	369834    	25.000000	341806    	25.000000	354064    	
27.000000	4.49823e+07	27.000000	4.28589e+07	27.000000	4.46059e+07	27.000000	4.4592e+07	27.000000	4.46227e+07	27.000000	281724    	27.000000	154628    	27.000000	424316    	27.000000	389613    	27.000000	406539    	
29.000000	5.11355e+07	29.000000	4.88564e+07	29.000000	5.07445e+07	29.000000	5.07296e+07	29.000000	5.07659e+07	29.000000	321158    	29.000000	174664    	29.000000	482046    	29.000000	440001    	29.000000	462187    	
31.000000	5.76374e+07	31.000000	5.52125e+07	31.000000	5.72221e+07	31.000000	5.72071e+07	31.000000	5.72488e+07	31.000000	362677    	31.000000	195594    	31.000000	542926    	31.000000	492879    	31.000000	520917    	
33.000000	6.44827e+07	33.000000	6.19222e+07	33.000000	6.40409e+07	33.000000	6.40265e+07	33.000000	6.40731e+07	33.000000	406388    	33.000000	217483    	33.000000	606980    	33.000000	548259    	33.000000	582755    	
35.000000	7.16664e+07	35.000000	6.89805e+07	35.000000	7.11977e+07	35.000000	7.11847e+07	35.000000	7.12355e+07	35.000000	452284    	35.000000	240326    	35.000000	674174    	35.000000	606109    	35.000000	647675    	
38.000000	8.30659e+07	38.000000	8.02115e+07	38.000000	8.25566e+07	38.000000	8.25474e+07	38.000000	8.26034e+07	38.000000	525152    	38.000000	276332    	38.000000	780753    	38.000000	697420    	38.000000	750744    	
41.000000	9.52009e+07	41.000000	9.22013e+07	41.000000	9.46513e+07	41.000000	9.46481e+07	41.000000	9.47077e+07	41.000000	602750    	41.000000	314405    	41.000000	894148    	41.000000	794055    	41.000000	860529    	
44.000000	1.08057e+08	44.000000	1.04936e+08	44.000000	1.07468e+08	44.000000	1.07473e+08	44.000000	1.07535e+08	44.000000	684974    	44.000000	354465    	44.000000	1.01422e+06	44.000000	895893    	44.000000	976913    	
47.000000	1.21621e+08	47.000000	1.18402e+08	47.000000	1.20995e+08	47.000000	1.2101e+08	47.000000	1.21073e+08	47.000000	771722    	47.000000	396470    	47.000000	1.14085e+06	47.000000	1.00282e+06	47.000000	1.09978e+06	
50.000000	1.35881e+08	50.000000	1.32586e+08	50.000000	1.3522e+08	50.000000	1.35248e+08	50.000000	1.3531e+08	50.000000	862898    	50.000000	440378    	50.000000	1.2739e+06	50.000000	1.11472e+06	50.000000	1.22903e+06	
55.000000	1.61161e+08	55.000000	1.5779e+08	55.000000	1.6045e+08	55.000000	1.60501e+08	55.000000	1.6056e+08	55.000000	1.02444e+06	55.000000	517678    	55.000000	1.50961e+06	55.000000	1.31203e+06	55.000000	1.45837e+06	
60.000000	1.88288e+08	60.000000	1.84901e+08	60.000000	1.87538e+08	60.000000	1.87618e+08	60.000000	1.87669e+08	60.000000	1.19761e+06	60.000000	599984    	60.000000	1.76232e+06	60.000000	1.52246e+06	60.000000	1.70471e+06	
65.000000	2.17217e+08	65.000000	2.13871e+08	65.000000	2.16439e+08	65.000000	2.16552e+08	65.000000	2.16592e+08	65.000000	1.38201e+06	65.000000	687062    	65.000000	2.03155e+06	65.000000	1.74562e+06	65.000000	1.96766e+06	
70.000000	2.47902e+08	70.000000	2.44651e+08	70.000000	2.47108e+08	70.000000	2.4726e+08	70.000000	2.47285e+08	70.000000	1.57726e+06	70.000000	778803    	70.000000	2.31684e+06	70.000000	1.98113e+06	70.000000	2.24683e+06	
75.000000	2.80303e+08	75.000000	2.77196e+08	75.000000	2.79504e+08	75.000000	2.79702e+08	75.000000	2.79707e+08	75.000000	1.78302e+06	75.000000	875032    	75.000000	2.61773e+06	75.000000	2.22865e+06	75.000000	2.54184e+06	
80.000000	3.14382e+08	80.000000	3.11464e+08	80.000000	3.1359e+08	80.000000	3.13837e+08	80.000000	3.13819e+08	80.000000	1.99893e+06	80.000000	975655    	80.000000	2.93383e+06	80.000000	2.48785e+06	80.000000	2.85235e+06	
85.000000	3.50103e+08	85.000000	3.47415e+08	85.000000	3.49328e+08	85.000000	3.49629e+08	85.000000	3.49584e+08	85.000000	2.22468e+06	85.000000	1.08047e+06	85.000000	3.26472e+06	85.000000	2.75844e+06	85.000000	3.17804e+06	
90.000000	3.87431e+08	90.000000	3.85009e+08	90.000000	3.86683e+08	90.000000	3.87043e+08	90.000000	3.86968e+08	90.000000	2.45995e+06	90.000000	1.18937e+06	90.000000	3.61003e+06	90.000000	3.04013e+06	90.000000	3.51858e+06	
95.000000	4.26334e+08	95.000000	4.24211e+08	95.000000	4.25622e+08	95.000000	4.26044e+08	95.000000	4.25935e+08	95.000000	2.70444e+06	95.000000	1.30224e+06	95.000000	3.96938e+06	95.000000	3.33262e+06	95.000000	3.87366e+06	
100.000000	4.66782e+08	100.000000	4.64984e+08	100.000000	4.66111e+08	100.000000	4.66601e+08	100.000000	4.66454e+08	100.000000	2.95787e+06	100.000000	1.41899e+06	100.000000	4.34242e+06	100.000000	3.63567e+06	100.000000	4.24298e+06	
105.000000	5.08745e+08	105.000000	5.07294e+08	105.000000	5.08119e+08	105.000000	5.08682e+08	105.000000	5.08494e+08	105.000000	3.21994e+06	105.000000	1.53952e+06	105.000000	4.72881e+06	105.000000	3.94903e+06	105.000000	4.62627e+06	
110.000000	5.52197e+08	110.000000	5.51109e+08	110.000000	5.51617e+08	110.000000	5.52257e+08	110.000000	5.52024e+08	110.000000	3.49039e+06	110.000000	1.66373e+06	110.000000	5.1282e+06	110.000000	4.27245e+06	110.000000	5.02324e+06	
115.000000	5.97109e+08	115.000000	5.96398e+08	115.000000	5.96574e+08	115.000000	5.97297e+08	115.000000	5.97014e+08	115.000000	3.76897e+06	115.000000	1.79151e+06	115.000000	5.5403e+06	115.000000	4.6057e+06	115.000000	5.43364e+06	
120.000000	6.43458e+08	120.000000	6.4313e+08	120.000000	6.42966e+08	120.000000	6.43774e+08	120.000000	6.43439e+08	120.000000	4.05542e+06	120.000000	1.92269e+06	120.000000	5.96478e+06	120.000000	4.94857e+06	120.000000	5.8572e+06	
125.000000	6.91218e+08	125.000000	6.91276e+08	125.000000	6.9076e+08	125.000000	6.91661e+08	125.000000	6.91269e+08	125.000000	4.3495e+06	125.000000	2.05728e+06	125.000000	6.40134e+06	125.000000	5.30083e+06	125.000000	6.29366e+06	
130.000000	7.40367e+08	130.000000	7.40808e+08	130.000000	7.39933e+08	130.000000	7.4093e+08	130.000000	7.40478e+08	130.000000	4.65098e+06	130.000000	2.19515e+06	130.000000	6.8497e+06	130.000000	5.66228e+06	130.000000	6.7428e+06	
135.000000	7.90881e+08	135.000000	7.91698e+08	135.000000	7.90463e+08	135.000000	7.91558e+08	135.000000	7.91043e+08	135.000000	4.95963e+06	135.000000	2.33616e+06	135.000000	7.30957e+06	135.000000	6.03273e+06	135.000000	7.20436e+06	
140.000000	8.42739e+08	140.000000	8.4392e+08	140.000000	8.42323e+08	140.000000	8.43519e+08	140.000000	8.42936e+08	140.000000	5.27523e+06	140.000000	2.48026e+06	140.000000	7.78068e+06	140.000000	6.41197e+06	140.000000	7.67813e+06	
145.000000	8.95921e+08	145.000000	8.97448e+08	145.000000	8.95485e+08	145.000000	8.96788e+08	145.000000	8.96135e+08	145.000000	5.59756e+06	145.000000	2.62738e+06	145.000000	8.26277e+06	145.000000	6.79984e+06	145.000000	8.16387e+06	
150.000000	9.50406e+08	150.000000	9.52259e+08	150.000000	9.49929e+08	150.000000	9.51344e+08	150.000000	9.50616e+08	150.000000	5.92643e+06	150.000000	2.77745e+06	150.000000	8.75556e+06	150.000000	7.19613e+06	150.000000	8.66136e+06	
155.000000	1.0063e+09	155.000000	1.00833e+09	155.000000	1.00563e+09	155.000000	1.00716e+09	155.000000	1.00636e+09	155.000000	6.26164e+06	155.000000	2.93041e+06	155.000000	9.25883e+06	155.000000	7.60069e+06	155.000000	9.1704e+06	
160.000000	1.06341e+09	160.000000	1.06563e+09	160.000000	1.06257e+09	160.000000	1.06422e+09	160.000000	1.06333e+09	160.000000	6.60298e+06	160.000000	3.08619e+06	160.000000	9.7723e+06	160.000000	8.01333e+06	160.000000	9.69077e+06	
165.000000	1.12169e+09	165.000000	1.12414e+09	165.000000	1.12072e+09	165.000000	1.1225e+09	165.000000	1.12153e+09	165.000000	6.95028e+06	165.000000	3.24474e+06	165.000000	1.02958e+07	165.000000	8.43391e+06	165.000000	1.02223e+07	
170.000000	1.18113e+09	170.000000	1.18385e+09	170.000000	1.18007e+09	170.000000	1.18198e+09	170.000000	1.18092e+09	170.000000	7.30335e+06	170.000000	3.40599e+06	170.000000	1.0829e+07	170.000000	8.86224e+06	170.000000	1.07647e+07	
175.000000	1.2417e+09	175.000000	1.24472e+09	175.000000	1.24059e+09	175.000000	1.24263e+09	175.000000	1.24148e+09	175.000000	7.66201e+06	175.000000	3.56988e+06	175.000000	1.13717e+07	175.000000	9.29818e+06	175.000000	1.13179e+07	
180.000000	1.3034e+09	180.000000	1.30674e+09	180.000000	1.30226e+09	180.000000	1.30444e+09	180.000000	1.3032e+09	180.000000	8.0261e+06	180.000000	3.73638e+06	180.000000	1.19237e+07	180.000000	9.74159e+06	180.000000	1.18816e+07	
185.000000	1.3662e+09	185.000000	1.36989e+09	185.000000	1.36507e+09	185.000000	1.36739e+09	185.000000	1.36605e+09	185.000000	8.39545e+06	185.000000	3.90542e+06	185.000000	1.24849e+07	185.000000	1.01923e+07	185.000000	1.24557e+07	
190.000000	1.43007e+09	190.000000	1.43415e+09	190.000000	1.429e+09 	190.000000	1.43146e+09	190.000000	1.43002e+09	190.000000	8.76989e+06	190.000000	4.07686e+06	190.000000	1.30549e+07	190.000000	1.06502e+07	190.000000	1.304e+07 	
195.000000	1.49502e+09	195.000000	1.49949e+09	195.000000	1.49403e+09	195.000000	1.49663e+09	195.000000	1.49508e+09	195.000000	9.14928e+06	195.000000	4.25063e+06	195.000000	1.36336e+07	195.000000	1.11151e+07	195.000000	1.36343e+07	
200.000000	1.561e+09 	200.000000	1.56591e+09	200.000000	1.56013e+09	200.000000	1.56289e+09	200.000000	1.56123e+09	200.000000	9.53345e+06	200.000000	4.42678e+06	200.000000	1.42207e+07	200.000000	1.15869e+07	200.000000	1.42384e+07	
210.000000	1.69606e+09	210.000000	1.70188e+09	210.000000	1.6955e+09	210.000000	1.69857e+09	210.000000	1.69669e+09	210.000000	1.03156e+07	210.000000	4.78596e+06	210.000000	1.54197e+07	210.000000	1.25506e+07	210.000000	1.54754e+07	
220.000000	1.83511e+09	220.000000	1.84192e+09	220.000000	1.83497e+09	220.000000	1.83838e+09	220.000000	1.83626e+09	220.000000	1.11151e+07	220.000000	5.15373e+06	220.000000	1.66504e+07	220.000000	1.35404e+07	220.000000	1.67498e+07	
230.000000	1.97803e+09	230.000000	1.98589e+09	230.000000	1.97842e+09	230.000000	1.98218e+09	230.000000	1.97981e+09	230.000000	1.19311e+07	230.000000	5.52973e+06	230.000000	1.79113e+07	230.000000	1.45551e+07	230.000000	1.80603e+07	
240.000000	2.12471e+09	240.000000	2.13368e+09	240.000000	2.12573e+09	240.000000	2.12985e+09	240.000000	2.12721e+09	240.000000	1.27623e+07	240.000000	5.91383e+06	240.000000	1.9201e+07	240.000000	1.5594e+07	240.000000	1.94056e+07	
250.000000	2.27503e+09	250.000000	2.28515e+09	250.000000	2.27678e+09	250.000000	2.28127e+09	250.000000	2.27835e+09	250.000000	1.3608e+07	250.000000	6.30587e+06	250.000000	2.05184e+07	250.000000	1.66561e+07	250.000000	2.07846e+07	
260.000000	2.42889e+09	260.000000	2.4402e+09	260.000000	2.43144e+09	260.000000	2.43631e+09	260.000000	2.43311e+09	260.000000	1.44672e+07	260.000000	6.70492e+06	260.000000	2.18621e+07	260.000000	1.77405e+07	260.000000	2.21962e+07	
270.000000	2.58619e+09	270.000000	2.59871e+09	270.000000	2.5896e+09	270.000000	2.59488e+09	270.000000	2.59138e+09	270.000000	1.5339e+07	270.000000	7.11099e+06	270.000000	2.3231e+07	270.000000	1.88464e+07	270.000000	2.36393e+07	
280.000000	2.74684e+09	280.000000	2.76058e+09	280.000000	2.75117e+09	280.000000	2.75686e+09	280.000000	2.75305e+09	280.000000	1.62227e+07	280.000000	7.52396e+06	280.000000	2.4624e+07	280.000000	1.99731e+07	280.000000	2.51128e+07	
290.000000	2.91073e+09	290.000000	2.92571e+09	290.000000	2.91603e+09	290.000000	2.92216e+09	290.000000	2.91803e+09	290.000000	1.71174e+07	290.000000	7.94356e+06	290.000000	2.60399e+07	290.000000	2.11197e+07	290.000000	2.66159e+07	
300.000000	3.07779e+09	300.000000	3.09399e+09	300.000000	3.0841e+09	300.000000	3.09067e+09	300.000000	3.08621e+09	300.000000	1.80224e+07	300.000000	8.36948e+06	300.000000	2.74778e+07	300.000000	2.22857e+07	300.000000	2.81473e+07	
310.000000	3.24792e+09	310.000000	3.26535e+09	310.000000	3.25529e+09	310.000000	3.2623e+09	310.000000	3.2575e+09	310.000000	1.89371e+07	310.000000	8.80118e+06	310.000000	2.89366e+07	310.000000	2.34702e+07	310.000000	2.97064e+07	
320.000000	3.42104e+09	320.000000	3.43968e+09	320.000000	3.42949e+09	320.000000	3.43696e+09	320.000000	3.43181e+09	320.000000	1.98608e+07	320.000000	9.23872e+06	320.000000	3.04155e+07	320.000000	2.46727e+07	320.000000	3.12921e+07	
330.000000	3.59708e+09	330.000000	3.61691e+09	330.000000	3.60661e+09	330.000000	3.61456e+09	330.000000	3.60905e+09	330.000000	2.07929e+07	330.000000	9.68199e+06	330.000000	3.19135e+07	330.000000	2.58924e+07	330.000000	3.29036e+07	
340.000000	3.77596e+09	340.000000	3.79694e+09	340.000000	3.78658e+09	340.000000	3.79502e+09	340.000000	3.78913e+09	340.000000	2.17327e+07	340.000000	1.01305e+07	340.000000	3.34297e+07	340.000000	2.71287e+07	340.000000	3.45401e+07	
350.000000	3.9576e+09	350.000000	3.97971e+09	350.000000	3.96933e+09	350.000000	3.97826e+09	350.000000	3.97199e+09	350.000000	2.26798e+07	350.000000	1.05839e+07	350.000000	3.49634e+07	350.000000	2.83812e+07	350.000000	3.62007e+07	
360.000000	4.14193e+09	360.000000	4.16514e+09	360.000000	4.15476e+09	360.000000	4.16419e+09	360.000000	4.15753e+09	360.000000	2.36336e+07	360.000000	1.10423e+07	360.000000	3.65137e+07	360.000000	2.96491e+07	360.000000	3.78847e+07	
370.000000	4.32889e+09	370.000000	4.35314e+09	370.000000	4.3428e+09	370.000000	4.35274e+09	370.000000	4.34568e+09	370.000000	2.45936e+07	370.000000	1.15058e+07	370.000000	3.80799e+07	370.000000	3.0932e+07	370.000000	3.95913e+07	
380.000000	4.51841e+09	380.000000	4.54366e+09	380.000000	4.53338e+09	380.000000	4.54385e+09	380.000000	4.53638e+09	380.000000	2.55594e+07	380.000000	1.19741e+07	380.000000	3.96613e+07	380.000000	3.22294e+07	380.000000	4.13199e+07	
390.000000	4.71043e+09	390.000000	4.73662e+09	390.000000	4.72643e+09	390.000000	4.73744e+09	390.000000	4.72955e+09	390.000000	2.65305e+07	390.000000	1.24469e+07	390.000000	4.12572e+07	390.000000	3.35407e+07	390.000000	4.30696e+07	
400.000000	4.90488e+09	400.000000	4.93196e+09	400.000000	4.92189e+09	400.000000	4.93345e+09	400.000000	4.92513e+09	400.000000	2.75065e+07	400.000000	1.2924e+07	400.000000	4.2867e+07	400.000000	3.48654e+07	400.000000	4.48399e+07	
410.000000	5.1017e+09	410.000000	5.12962e+09	410.000000	5.11968e+09	410.000000	5.1318e+09	410.000000	5.12304e+09	410.000000	2.8487e+07	410.000000	1.34052e+07	410.000000	4.44899e+07	410.000000	3.62031e+07	410.000000	4.66301e+07	
420.000000	5.30084e+09	420.000000	5.32953e+09	420.000000	5.31973e+09	420.000000	5.33243e+09	420.000000	5.32324e+09	420.000000	2.94715e+07	420.000000	1.38904e+07	420.000000	4.61253e+07	420.000000	3.75533e+07	420.000000	4.84395e+07	
430.000000	5.50224e+09	430.000000	5.53163e+09	430.000000	5.52201e+09	430.000000	5.53529e+09	430.000000	5.52564e+09	430.000000	3.04598e+07	430.000000	1.43791e+07	430.000000	4.77728e+07	430.000000	3.89156e+07	430.000000	5.02675e+07	
440.000000	5.70584e+09	440.000000	5.73587e+09	440.000000	5.72644e+09	440.000000	5.7403e+09	440.000000	5.7302e+09	440.000000	3.14515e+07	440.000000	1.48715e+07	440.000000	4.94316e+07	440.000000	4.02896e+07	440.000000	5.21136e+07	
450.000000	5.9116e+09	450.000000	5.9422e+09	450.000000	5.93298e+09	450.000000	5.94743e+09	450.000000	5.93686e+09	450.000000	3.24462e+07	450.000000	1.53675e+07	450.000000	5.11013e+07	450.000000	4.16747e+07	450.000000	5.39771e+07	
460.000000	6.11946e+09	460.000000	6.15055e+09	460.000000	6.14156e+09	460.000000	6.1566e+09	460.000000	6.14555e+09	460.000000	3.34436e+07	460.000000	1.58671e+07	460.000000	5.27813e+07	460.000000	4.30708e+07	460.000000	5.58574e+07	
470.000000	6.32937e+09	470.000000	6.36088e+09	470.000000	6.35211e+09	470.000000	6.36777e+09	470.000000	6.35624e+09	470.000000	3.44434e+07	470.000000	1.63704e+07	470.000000	5.44712e+07	470.000000	4.44772e+07	470.000000	5.77542e+07	
480.000000	6.54128e+09	480.000000	6.57314e+09	480.000000	6.5646e+09	480.000000	6.58088e+09	480.000000	6.56886e+09	480.000000	3.54454e+07	480.000000	1.6877e+07	480.000000	5.61704e+07	480.000000	4.58938e+07	480.000000	5.96667e+07	
490.000000	6.75516e+09	490.000000	6.78728e+09	490.000000	6.77897e+09	490.000000	6.79588e+09	490.000000	6.78336e+09	490.000000	3.64492e+07	490.000000	1.73866e+07	490.000000	5.78784e+07	490.000000	4.73201e+07	490.000000	6.15945e+07	
500.000000	6.97094e+09	500.000000	7.00325e+09	500.000000	6.99517e+09	500.000000	7.01272e+09	500.000000	6.9997e+09	500.000000	3.74546e+07	500.000000	1.78991e+07	500.000000	5.95949e+07	500.000000	4.87557e+07	500.000000	6.35371e+07	
520.000000	7.40807e+09	520.000000	7.44051e+09	520.000000	7.43292e+09	520.000000	7.45175e+09	520.000000	7.43771e+09	520.000000	3.94693e+07	520.000000	1.89331e+07	520.000000	6.30515e+07	520.000000	5.16538e+07	520.000000	6.74649e+07	
540.000000	7.85233e+09	540.000000	7.88457e+09	540.000000	7.87747e+09	540.000000	7.89759e+09	540.000000	7.8825e+09	540.000000	4.14876e+07	540.000000	1.99788e+07	540.000000	6.65368e+07	540.000000	5.45854e+07	540.000000	7.14464e+07	
560.000000	8.3034e+09	560.000000	8.3351e+09	560.000000	8.32844e+09	560.000000	8.34991e+09	560.000000	8.33374e+09	560.000000	4.35079e+07	560.000000	2.10347e+07	560.000000	7.00478e+07	560.000000	5.75483e+07	560.000000	7.5478e+07	
580.000000	8.76098e+09	580.000000	8.79181e+09	580.000000	8.78554e+09	580.000000	8.80838e+09	580.000000	8.79112e+09	580.000000	4.55286e+07	580.000000	2.21009e+07	580.000000	7.35819e+07	580.000000	6.05401e+07	580.000000	7.95566e+07	
600.000000	9.22477e+09	600.000000	9.2544e+09	600.000000	9.24847e+09	600.000000	9.27271e+09	600.000000	9.25432e+09	600.000000	4.75485e+07	600.000000	2.31772e+07	600.000000	7.71363e+07	600.000000	6.35587e+07	600.000000	8.36791e+07	
620.000000	9.6945e+09	620.000000	9.72259e+09	620.000000	9.71692e+09	620.000000	9.74259e+09	620.000000	9.72306e+09	620.000000	4.95664e+07	620.000000	2.42622e+07	620.000000	8.07087e+07	620.000000	6.66022e+07	620.000000	8.78426e+07	
640.000000	1.01699e+10	640.000000	1.01961e+10	640.000000	1.01906e+10	640.000000	1.02178e+10	640.000000	1.01971e+10	640.000000	5.15811e+07	640.000000	2.53554e+07	640.000000	8.42968e+07	640.000000	6.96687e+07	640.000000	9.20444e+07	
660.000000	1.06508e+10	660.000000	1.06748e+10	660.000000	1.06694e+10	660.000000	1.0698e+10	660.000000	1.06761e+10	660.000000	5.35917e+07	660.000000	2.64564e+07	660.000000	8.78987e+07	660.000000	7.27564e+07	660.000000	9.62819e+07	
680.000000	1.11368e+10	680.000000	1.11583e+10	680.000000	1.11529e+10	680.000000	1.1183e+10	680.000000	1.11599e+10	680.000000	5.55973e+07	680.000000	2.7565e+07	680.000000	9.15124e+07	680.000000	7.58638e+07	680.000000	1.00553e+08	
700.000000	1.16278e+10	700.000000	1.16464e+10	700.000000	1.1641e+10	700.000000	1.16726e+10	700.000000	1.16483e+10	700.000000	5.7597e+07	700.000000	2.86808e+07	700.000000	9.51362e+07	700.000000	7.89891e+07	700.000000	1.04855e+08	
720.000000	1.21235e+10	720.000000	1.2139e+10	720.000000	1.21334e+10	720.000000	1.21665e+10	720.000000	1.2141e+10	720.000000	5.95903e+07	720.000000	2.98035e+07	720.000000	9.87684e+07	720.000000	8.21311e+07	720.000000	1.09185e+08	
740.000000	1.26238e+10	740.000000	1.26359e+10	740.000000	1.263e+10 	740.000000	1.26646e+10	740.000000	1.26378e+10	740.000000	6.15764e+07	740.000000	3.09329e+07	740.000000	1.02407e+08	740.000000	8.52882e+07	740.000000	1.13543e+08	
760.000000	1.31284e+10	760.000000	1.31368e+10	760.000000	1.31304e+10	760.000000	1.31667e+10	760.000000	1.31386e+10	760.000000	6.35547e+07	760.000000	3.2068e+07	760.000000	1.06052e+08	760.000000	8.84593e+07	760.000000	1.17926e+08	
780.000000	1.36372e+10	780.000000	1.36415e+10	780.000000	1.36347e+10	780.000000	1.36725e+10	780.000000	1.36432e+10	780.000000	6.55248e+07	780.000000	3.32084e+07	780.000000	1.09701e+08	780.000000	9.16431e+07	780.000000	1.22331e+08	
800.000000	1.415e+10 	800.000000	1.415e+10 	800.000000	1.41425e+10	800.000000	1.41819e+10	800.000000	1.41513e+10	800.000000	6.74863e+07	800.000000	3.4354e+07	800.000000	1.13352e+08	800.000000	9.48385e+07	800.000000	1.26758e+08	
820.000000	1.46665e+10	820.000000	1.4662e+10	820.000000	1.46538e+10	820.000000	1.46947e+10	820.000000	1.46628e+10	820.000000	6.94386e+07	820.000000	3.5505e+07	820.000000	1.17005e+08	820.000000	9.80444e+07	820.000000	1.31205e+08	
840.000000	1.51867e+10	840.000000	1.51774e+10	840.000000	1.51683e+10	840.000000	1.52109e+10	840.000000	1.51777e+10	840.000000	7.13814e+07	840.000000	3.66616e+07	840.000000	1.2066e+08	840.000000	1.0126e+08	840.000000	1.3567e+08	
860.000000	1.57104e+10	860.000000	1.56961e+10	860.000000	1.5686e+10	860.000000	1.57301e+10	860.000000	1.56956e+10	860.000000	7.33145e+07	860.000000	3.78235e+07	860.000000	1.24313e+08	860.000000	1.04483e+08	860.000000	1.40151e+08	
880.000000	1.62373e+10	880.000000	1.62178e+10	880.000000	1.62066e+10	880.000000	1.62524e+10	880.000000	1.62165e+10	880.000000	7.52375e+07	880.000000	3.89905e+07	880.000000	1.27966e+08	880.000000	1.07715e+08	880.000000	1.44648e+08	
900.000000	1.67675e+10	900.000000	1.67425e+10	900.000000	1.673e+10 	900.000000	1.67775e+10	900.000000	1.67402e+10	900.000000	7.71503e+07	900.000000	4.01622e+07	900.000000	1.31617e+08	900.000000	1.10953e+08	900.000000	1.49159e+08	
920.000000	1.73007e+10	920.000000	1.727e+10 	920.000000	1.72561e+10	920.000000	1.73053e+10	920.000000	1.72667e+10	920.000000	7.90525e+07	920.000000	4.13381e+07	920.000000	1.35265e+08	920.000000	1.14197e+08	920.000000	1.53683e+08	
940.000000	1.78367e+10	940.000000	1.78003e+10	940.000000	1.77849e+10	940.000000	1.78357e+10	940.000000	1.77957e+10	940.000000	8.09441e+07	940.000000	4.2518e+07	940.000000	1.38909e+08	940.000000	1.17446e+08	940.000000	1.58219e+08	
960.000000	1.83756e+10	960.000000	1.83331e+10	960.000000	1.83161e+10	960.000000	1.83686e+10	960.000000	1.83273e+10	960.000000	8.28248e+07	960.000000	4.37015e+07	960.000000	1.42549e+08	960.000000	1.20699e+08	960.000000	1.62764e+08	
980.000000	1.8917e+10	980.000000	1.88685e+10	980.000000	1.88497e+10	980.000000	1.89039e+10	980.000000	1.88612e+10	980.000000	8.46945e+07	980.000000	4.48885e+07	980.000000	1.46185e+08	980.000000	1.23957e+08	980.000000	1.6732e+08	
1000.000000	1.9461e+10	1000.000000	1.94062e+10	1000.000000	1.93856e+10	1000.000000	1.94415e+10	1000.000000	1.93973e+10	1000.000000	8.65531e+07	1000.000000	4.6079e+07	1000.000000	1.49814e+08	1000.000000	1.27217e+08	1000.000000	1.71884e+08	
1020.000000	2.00074e+10	1020.000000	1.99461e+10	1020.000000	1.99236e+10	1020.000000	1.99812e+10	1020.000000	1.99356e+10	1020.000000	8.84006e+07	1020.000000	4.72729e+07	1020.000000	1.53439e+08	1020.000000	1.3048e+08	1020.000000	1.76455e+08	
1040.000000	2.05561e+10	1040.000000	2.04883e+10	1040.000000	2.04637e+10	1040.000000	2.0523e+10	1040.000000	2.0476e+10	1040.000000	9.02368e+07	1040.000000	4.84705e+07	1040.000000	1.57056e+08	1040.000000	1.33744e+08	1040.000000	1.81033e+08	
1060.000000	2.11069e+10	1060.000000	2.10325e+10	1060.000000	2.10058e+10	1060.000000	2.10667e+10	1060.000000	2.10184e+10	1060.000000	9.20618e+07	1060.000000	4.96717e+07	1060.000000	1.60667e+08	1060.000000	1.3701e+08	1060.000000	1.85616e+08	
1080.000000	2.16598e+10	1080.000000	2.15787e+10	1080.000000	2.15497e+10	1080.000000	2.16124e+10	1080.000000	2.15626e+10	1080.000000	9.38754e+07	1080.000000	5.08767e+07	1080.000000	1.6427e+08	1080.000000	1.40277e+08	1080.000000	1.90205e+08	
1100.000000	2.22148e+10	1100.000000	2.21268e+10	1100.000000	2.20955e+10	1100.000000	2.21599e+10	1100.000000	2.21087e+10	1100.000000	9.56776e+07	1100.000000	5.20852e+07	1100.000000	1.67865e+08	1100.000000	1.43544e+08	1100.000000	1.94797e+08	
1120.000000	2.27715e+10	1120.000000	2.26767e+10	1120.000000	2.26429e+10	1120.000000	2.27091e+10	1120.000000	2.26564e+10	1120.000000	9.74685e+07	1120.000000	5.32971e+07	1120.000000	1.71453e+08	1120.000000	1.46811e+08	1120.000000	1.99393e+08	
1140.000000	2.33301e+10	1140.000000	2.32284e+10	1140.000000	2.3192e+10	1140.000000	2.326e+10 	1140.000000	2.32058e+10	1140.000000	9.9248e+07	1140.000000	5.45122e+07	1140.000000	1.75032e+08	1140.000000	1.50078e+08	1140.000000	2.03992e+08	
1160.000000	2.38904e+10	1160.000000	2.37817e+10	1160.000000	2.37427e+10	1160.000000	2.38124e+10	1160.000000	2.37568e+10	1160.000000	1.01016e+08	1160.000000	5.57301e+07	1160.000000	1.78602e+08	1160.000000	1.53343e+08	1160.000000	2.08592e+08	
1180.000000	2.44522e+10	1180.000000	2.43365e+10	1180.000000	2.42949e+10	1180.000000	2.43664e+10	1180.000000	2.43093e+10	1180.000000	1.02773e+08	1180.000000	5.69507e+07	1180.000000	1.82163e+08	1180.000000	1.56607e+08	1180.000000	2.13194e+08	
1200.000000	2.50156e+10	1200.000000	2.48929e+10	1200.000000	2.48486e+10	1200.000000	2.49218e+10	1200.000000	2.48633e+10	1200.000000	1.04518e+08	1200.000000	5.8174e+07	1200.000000	1.85715e+08	1200.000000	1.5987e+08	1200.000000	2.17797e+08	
1220.000000	2.55804e+10	1220.000000	2.54508e+10	1220.000000	2.54036e+10	1220.000000	2.54786e+10	1220.000000	2.54186e+10	1220.000000	1.06253e+08	1220.000000	5.93998e+07	1220.000000	1.89257e+08	1220.000000	1.6313e+08	1220.000000	2.224e+08 	
1240.000000	2.61466e+10	1240.000000	2.60099e+10	1240.000000	2.59599e+10	1240.000000	2.60367e+10	1240.000000	2.59753e+10	1240.000000	1.07976e+08	1240.000000	6.06282e+07	1240.000000	1.9279e+08	1240.000000	1.66388e+08	1240.000000	2.27003e+08	
1260.000000	2.67141e+10	1260.000000	2.65704e+10	1260.000000	2.65175e+10	1260.000000	2.65961e+10	1260.000000	2.65332e+10	1260.000000	1.09688e+08	1260.000000	6.18592e+07	1260.000000	1.96312e+08	1260.000000	1.69643e+08	1260.000000	2.31605e+08	
1280.000000	2.72828e+10	1280.000000	2.71322e+10	1280.000000	2.70763e+10	1280.000000	2.71566e+10	1280.000000	2.70923e+10	1280.000000	1.11388e+08	1280.000000	6.30926e+07	1280.000000	1.99824e+08	1280.000000	1.72895e+08	1280.000000	2.36206e+08	
1300.000000	2.78527e+10	1300.000000	2.76951e+10	1300.000000	2.76362e+10	1300.000000	2.77184e+10	1300.000000	2.76525e+10	1300.000000	1.13078e+08	1300.000000	6.43286e+07	1300.000000	2.03326e+08	1300.000000	1.76143e+08	1300.000000	2.40805e+08	
1320.000000	2.84236e+10	1320.000000	2.82592e+10	1320.000000	2.81972e+10	1320.000000	2.82812e+10	1320.000000	2.82138e+10	1320.000000	1.14757e+08	1320.000000	6.55669e+07	1320.000000	2.06817e+08	1320.000000	1.79388e+08	1320.000000	2.45402e+08	
1340.000000	2.89955e+10	1340.000000	2.88243e+10	1340.000000	2.87593e+10	1340.000000	2.88451e+10	1340.000000	2.87762e+10	1340.000000	1.16424e+08	1340.000000	6.68077e+07	1340.000000	2.10298e+08	1340.000000	1.82629e+08	1340.000000	2.49996e+08	
1360.000000	2.95684e+10	1360.000000	2.93905e+10	1360.000000	2.93223e+10	1360.000000	2.941e+10 	1360.000000	2.93396e+10	1360.000000	1.18081e+08	1360.000000	6.80507e+07	1360.000000	2.13768e+08	1360.000000	1.85867e+08	1360.000000	2.54587e+08	
1380.000000	3.01421e+10	1380.000000	2.99576e+10	1380.000000	2.98863e+10	1380.000000	2.99758e+10	1380.000000	2.9904e+10	1380.000000	1.19727e+08	1380.000000	6.9296e+07	1380.000000	2.17227e+08	1380.000000	1.89099e+08	1380.000000	2.59175e+08	
1400.000000	3.07167e+10	1400.000000	3.05257e+10	1400.000000	3.04513e+10	1400.000000	3.05426e+10	1400.000000	3.04692e+10	1400.000000	1.21363e+08	1400.000000	7.05435e+07	1400.000000	2.20675e+08	1400.000000	1.92328e+08	1400.000000	2.63759e+08	
1420.000000	3.12921e+10	1420.000000	3.10946e+10	1420.000000	3.10171e+10	1420.000000	3.11102e+10	1420.000000	3.10354e+10	1420.000000	1.22987e+08	1420.000000	7.17933e+07	1420.000000	2.24112e+08	1420.000000	1.95551e+08	1420.000000	2.68339e+08	
1440.000000	3.18681e+10	1440.000000	3.16643e+10	1440.000000	3.15837e+10	1440.000000	3.16787e+10	1440.000000	3.16023e+10	1440.000000	1.24602e+08	1440.000000	7.30452e+07	1440.000000	2.27537e+08	1440.000000	1.9877e+08	1440.000000	2.72914e+08	
1460.000000	3.24448e+10	1460.000000	3.22348e+10	1460.000000	3.21511e+10	1460.000000	3.22479e+10	1460.000000	3.21701e+10	1460.000000	1.26205e+08	1460.000000	7.42993e+07	1460.000000	2.30952e+08	1460.000000	2.01983e+08	1460.000000	2.77485e+08	
1480.000000	3.30222e+10	1480.000000	3.28061e+10	1480.000000	3.27193e+10	1480.000000	3.2818e+10	1480.000000	3.27386e+10	1480.000000	1.27799e+08	1480.000000	7.55556e+07	1480.000000	2.34355e+08	1480.000000	2.05192e+08	1480.000000	2.82051e+08	
1500.000000	3.36e+10  	1500.000000	3.3378e+10	1500.000000	3.32883e+10	1500.000000	3.33887e+10	1500.000000	3.33078e+10	1500.000000	1.29382e+08	1500.000000	7.6814e+07	1500.000000	2.37746e+08	1500.000000	2.08395e+08	1500.000000	2.86612e+08	
1520.000000	3.41784e+10	1520.000000	3.39507e+10	1520.000000	3.38579e+10	1520.000000	3.39601e+10	1520.000000	3.38777e+10	1520.000000	1.30955e+08	1520.000000	7.80746e+07	1520.000000	2.41127e+08	1520.000000	2.11592e+08	1520.000000	2.91167e+08	
1540.000000	3.47572e+10	1540.000000	3.45239e+10	1540.000000	3.44282e+10	1540.000000	3.45322e+10	1540.000000	3.44483e+10	1540.000000	1.32518e+08	1540.000000	7.93372e+07	1540.000000	2.44495e+08	1540.000000	2.14784e+08	1540.000000	2.95716e+08	
1560.000000	3.53365e+10	1560.000000	3.50977e+10	1560.000000	3.4999e+10	1560.000000	3.51049e+10	1560.000000	3.50195e+10	1560.000000	1.34071e+08	1560.000000	8.06018e+07	1560.000000	2.47853e+08	1560.000000	2.17969e+08	1560.000000	3.00259e+08	
1580.000000	3.59161e+10	1580.000000	3.5672e+10	1580.000000	3.55705e+10	1580.000000	3.56782e+10	1580.000000	3.55913e+10	1580.000000	1.35614e+08	1580.000000	8.18683e+07	1580.000000	2.51199e+08	1580.000000	2.21149e+08	1580.000000	3.04797e+08	
1600.000000	3.6496e+10	1600.000000	3.62469e+10	1600.000000	3.61426e+10	1600.000000	3.62521e+10	1600.000000	3.61636e+10	1600.000000	1.37147e+08	1600.000000	8.31367e+07	1600.000000	2.54533e+08	1600.000000	2.24323e+08	1600.000000	3.09327e+08	
1620.000000	3.70762e+10	1620.000000	3.68222e+10	1620.000000	3.67152e+10	1620.000000	3.68265e+10	1620.000000	3.67365e+10	1620.000000	1.38671e+08	1620.000000	8.44068e+07	1620.000000	2.57855e+08	1620.000000	2.2749e+08	1620.000000	3.13851e+08	
1640.000000	3.76566e+10	1640.000000	3.7398e+10	1640.000000	3.72882e+10	1640.000000	3.74014e+10	1640.000000	3.73099e+10	1640.000000	1.40184e+08	1640.000000	8.56787e+07	1640.000000	2.61166e+08	1640.000000	2.30652e+08	1640.000000	3.18368e+08	
1660.000000	3.82373e+10	1660.000000	3.79741e+10	1660.000000	3.78618e+10	1660.000000	3.79768e+10	1660.000000	3.78837e+10	1660.000000	1.41689e+08	1660.000000	8.69522e+07	1660.000000	2.64466e+08	1660.000000	2.33807e+08	1660.000000	3.22879e+08	
1680.000000	3.88181e+10	1680.000000	3.85507e+10	1680.000000	3.84358e+10	1680.000000	3.85526e+10	1680.000000	3.8458e+10	1680.000000	1.43184e+08	1680.000000	8.82274e+07	1680.000000	2.67754e+08	1680.000000	2.36955e+08	1680.000000	3.27382e+08	
1700.000000	3.9399e+10	1700.000000	3.91276e+10	1700.000000	3.90103e+10	1700.000000	3.91289e+10	1700.000000	3.90328e+10	1700.000000	1.44669e+08	1700.000000	8.95041e+07	1700.000000	2.7103e+08	1700.000000	2.40097e+08	1700.000000	3.31877e+08	
1750.000000	4.08516e+10	1750.000000	4.05711e+10	1750.000000	4.04481e+10	1750.000000	4.05713e+10	1750.000000	4.04714e+10	1750.000000	1.48343e+08	1750.000000	9.27029e+07	1750.000000	2.79171e+08	1750.000000	2.47922e+08	1750.000000	3.43083e+08	
1800.000000	4.23042e+10	1800.000000	4.20163e+10	1800.000000	4.18881e+10	1800.000000	4.2016e+10	1800.000000	4.19122e+10	1800.000000	1.51961e+08	1800.000000	9.59116e+07	1800.000000	2.87239e+08	1800.000000	2.55705e+08	1800.000000	3.5424e+08	
1850.000000	4.37564e+10	1850.000000	4.34626e+10	1850.000000	4.333e+10 	1850.000000	4.34625e+10	1850.000000	4.3355e+10	1850.000000	1.55523e+08	1850.000000	9.91305e+07	1850.000000	2.95236e+08	1850.000000	2.63444e+08	1850.000000	3.65347e+08	
1900.000000	4.52076e+10	1900.000000	4.49097e+10	1900.000000	4.47735e+10	1900.000000	4.49107e+10	1900.000000	4.47993e+10	1900.000000	1.59033e+08	1900.000000	1.0236e+08	1900.000000	3.03162e+08	1900.000000	2.71139e+08	1900.000000	3.76401e+08	
1950.000000	4.66575e+10	1950.000000	4.63572e+10	1950.000000	4.62185e+10	1950.000000	4.63603e+10	1950.000000	4.62451e+10	1950.000000	1.6249e+08	1950.000000	1.056e+08 	1950.000000	3.11017e+08	1950.000000	2.78789e+08	1950.000000	3.87401e+08	
2000.000000	4.81056e+10	2000.000000	4.78049e+10	2000.000000	4.76645e+10	2000.000000	4.7811e+10	2000.000000	4.76919e+10	2000.000000	1.65897e+08	2000.000000	1.08851e+08	2000.000000	3.18803e+08	2000.000000	2.86394e+08	2000.000000	3.98347e+08	
2100.000000	5.09952e+10	2100.000000	5.06996e+10	2100.000000	5.05593e+10	2100.000000	5.07149e+10	2100.000000	5.05882e+10	2100.000000	1.72564e+08	2100.000000	1.15384e+08	2100.000000	3.34168e+08	2100.000000	3.01466e+08	2100.000000	4.2007e+08	
2200.000000	5.38738e+10	2200.000000	5.35917e+10	2200.000000	5.34563e+10	2200.000000	5.3621e+10	2200.000000	5.34867e+10	2200.000000	1.79044e+08	2200.000000	1.21958e+08	2200.000000	3.49263e+08	2200.000000	3.16353e+08	2200.000000	4.41563e+08	
2300.000000	5.67392e+10	2300.000000	5.64793e+10	2300.000000	5.63543e+10	2300.000000	5.6528e+10	2300.000000	5.63861e+10	2300.000000	1.85347e+08	2300.000000	1.28571e+08	2300.000000	3.64095e+08	2300.000000	3.31055e+08	2300.000000	4.62825e+08	
2400.000000	5.95894e+10	2400.000000	5.9361e+10	2400.000000	5.92521e+10	2400.000000	5.94349e+10	2400.000000	5.92853e+10	2400.000000	1.91483e+08	2400.000000	1.35221e+08	2400.000000	3.78671e+08	2400.000000	3.45572e+08	2400.000000	4.83851e+08	
2500.000000	6.24228e+10	2500.000000	6.22353e+10	2500.000000	6.21489e+10	2500.000000	6.23406e+10	2500.000000	6.21835e+10	2500.000000	1.97459e+08	2500.000000	1.41907e+08	2500.000000	3.92999e+08	2500.000000	3.59905e+08	2500.000000	5.04642e+08	
2600.000000	6.5238e+10	2600.000000	6.51012e+10	2600.000000	6.50438e+10	2600.000000	6.52446e+10	2600.000000	6.50799e+10	2600.000000	2.03284e+08	2600.000000	1.48627e+08	2600.000000	4.07086e+08	2600.000000	3.74056e+08	2600.000000	5.25199e+08	
2700.000000	6.80338e+10	2700.000000	6.79576e+10	2700.000000	6.79362e+10	2700.000000	6.8146e+10	2700.000000	6.79738e+10	2700.000000	2.08966e+08	2700.000000	1.55381e+08	2700.000000	4.2094e+08	2700.000000	3.88028e+08	2700.000000	5.45521e+08	
2800.000000	7.08092e+10	2800.000000	7.08036e+10	2800.000000	7.08256e+10	2800.000000	7.10445e+10	2800.000000	7.08647e+10	2800.000000	2.14511e+08	2800.000000	1.62167e+08	2800.000000	4.34568e+08	2800.000000	4.01822e+08	2800.000000	5.65613e+08	
2900.000000	7.35634e+10	2900.000000	7.36385e+10	2900.000000	7.37115e+10	2900.000000	7.39394e+10	2900.000000	7.37522e+10	2900.000000	2.19927e+08	2900.000000	1.68986e+08	2900.000000	4.47977e+08	2900.000000	4.15443e+08	2900.000000	5.85475e+08	
3000.000000	7.62955e+10	3000.000000	7.64617e+10	3000.000000	7.65937e+10	3000.000000	7.68305e+10	3000.000000	7.66359e+10	3000.000000	2.25219e+08	3000.000000	1.75838e+08	3000.000000	4.61174e+08	3000.000000	4.28892e+08	3000.000000	6.05111e+08	
3200.000000	8.16915e+10	3200.000000	8.20706e+10	3200.000000	8.23453e+10	3200.000000	8.26e+10  	3200.000000	8.23906e+10	3200.000000	2.35455e+08	3200.000000	1.8964e+08	3200.000000	4.86958e+08	3200.000000	4.55291e+08	3200.000000	6.43718e+08	
3400.000000	8.69938e+10	3400.000000	8.76269e+10	3400.000000	8.80784e+10	3400.000000	8.83508e+10	3400.000000	8.81267e+10	3400.000000	2.45263e+08	3400.000000	2.0357e+08	3400.000000	5.11974e+08	3400.000000	4.81046e+08	3400.000000	6.81463e+08	
3600.000000	9.21999e+10	3600.000000	9.31278e+10	3600.000000	9.37918e+10	3600.000000	9.40816e+10	3600.000000	9.38431e+10	3600.000000	2.54679e+08	3600.000000	2.17627e+08	3600.000000	5.36268e+08	3600.000000	5.06183e+08	3600.000000	7.18376e+08	
3800.000000	9.73088e+10	3800.000000	9.85716e+10	3800.000000	9.94846e+10	3800.000000	9.97916e+10	3800.000000	9.95387e+10	3800.000000	2.63737e+08	3800.000000	2.31809e+08	3800.000000	5.59885e+08	3800.000000	5.3073e+08	3800.000000	7.5449e+08	
4000.000000	1.0232e+11	4000.000000	1.03957e+11	4000.000000	1.05156e+11	4000.000000	1.0548e+11	4000.000000	1.05213e+11	4000.000000	2.72464e+08	4000.000000	2.46114e+08	4000.000000	5.82865e+08	4000.000000	5.54712e+08	4000.000000	7.89835e+08	
4200.000000	1.07234e+11	4200.000000	1.09284e+11	4200.000000	1.10806e+11	4200.000000	1.11147e+11	4200.000000	1.10866e+11	4200.000000	2.80888e+08	4200.000000	2.60541e+08	4200.000000	6.05247e+08	4200.000000	5.78156e+08	4200.000000	8.24444e+08	
4400.000000	1.12051e+11	4400.000000	1.14551e+11	4400.000000	1.16435e+11	4400.000000	1.16792e+11	4400.000000	1.16497e+11	4400.000000	2.8903e+08	4400.000000	2.75087e+08	4400.000000	6.27064e+08	4400.000000	6.01085e+08	4400.000000	8.58346e+08	
4600.000000	1.16772e+11	4600.000000	1.19758e+11	4600.000000	1.22042e+11	4600.000000	1.22416e+11	4600.000000	1.22107e+11	4600.000000	2.96912e+08	4600.000000	2.89752e+08	4600.000000	6.48349e+08	4600.000000	6.23522e+08	4600.000000	8.91571e+08	
4800.000000	1.21399e+11	4800.000000	1.24906e+11	4800.000000	1.27627e+11	4800.000000	1.28017e+11	4800.000000	1.27695e+11	4800.000000	3.04551e+08	4800.000000	3.04533e+08	4800.000000	6.69132e+08	4800.000000	6.4549e+08	4800.000000	9.24146e+08	
5000.000000	1.25932e+11	5000.000000	1.29995e+11	5000.000000	1.33191e+11	5000.000000	1.33598e+11	5000.000000	1.33261e+11	5000.000000	3.11964e+08	5000.000000	3.19431e+08	5000.000000	6.89438e+08	5000.000000	6.67009e+08	5000.000000	9.56099e+08	
5250.000000	1.31472e+11	5250.000000	1.36274e+11	5250.000000	1.40117e+11	5250.000000	1.40544e+11	5250.000000	1.40191e+11	5250.000000	3.20935e+08	5250.000000	3.38213e+08	5250.000000	7.1419e+08	5250.000000	6.93305e+08	5250.000000	9.95204e+08	
5500.000000	1.36873e+11	5500.000000	1.42463e+11	5500.000000	1.47011e+11	5500.000000	1.47457e+11	5500.000000	1.47088e+11	5500.000000	3.29603e+08	5500.000000	3.57173e+08	5500.000000	7.38281e+08	5500.000000	7.18966e+08	5500.000000	1.03342e+09	
6000.000000	1.47273e+11	6000.000000	1.54576e+11	6000.000000	1.60706e+11	6000.000000	1.61191e+11	6000.000000	1.60789e+11	6000.000000	3.46116e+08	6000.000000	3.95611e+08	6000.000000	7.84644e+08	6000.000000	7.68512e+08	6000.000000	1.10737e+09	
6500.000000	1.57165e+11	6500.000000	1.66346e+11	6500.000000	1.74282e+11	6500.000000	1.74805e+11	6500.000000	1.74371e+11	6500.000000	3.61659e+08	6500.000000	4.34728e+08	6500.000000	8.28809e+08	6500.000000	8.15884e+08	6500.000000	1.17827e+09	
7000.000000	1.66579e+11	7000.000000	1.77788e+11	7000.000000	1.87745e+11	7000.000000	1.88305e+11	7000.000000	1.8784e+11	7000.000000	3.76358e+08	7000.000000	4.74502e+08	7000.000000	8.71015e+08	7000.000000	8.61289e+08	7000.000000	1.2464e+09	
7500.000000	1.75545e+11	7500.000000	1.88917e+11	7500.000000	2.01101e+11	7500.000000	2.01698e+11	7500.000000	2.01202e+11	7500.000000	3.90315e+08	7500.000000	5.14925e+08	7500.000000	9.1146e+08	7500.000000	9.04905e+08	7500.000000	1.31199e+09	
8000.000000	1.84093e+11	8000.000000	1.99745e+11	8000.000000	2.14355e+11	8000.000000	2.14989e+11	8000.000000	2.14463e+11	8000.000000	4.03615e+08	8000.000000	5.55981e+08	8000.000000	9.50316e+08	8000.000000	9.46889e+08	8000.000000	1.37526e+09	
8500.000000	1.92249e+11	8500.000000	2.10288e+11	8500.000000	2.27515e+11	8500.000000	2.28184e+11	8500.000000	2.27628e+11	8500.000000	4.16329e+08	8500.000000	5.97643e+08	8500.000000	9.87729e+08	8500.000000	9.87377e+08	8500.000000	1.4364e+09	
9000.000000	2.00038e+11	9000.000000	2.20559e+11	9000.000000	2.40584e+11	9000.000000	2.41288e+11	9000.000000	2.40703e+11	9000.000000	4.28515e+08	9000.000000	6.39892e+08	9000.000000	1.02382e+09	9000.000000	1.02649e+09	9000.000000	1.49558e+09	
9500.000000	2.07484e+11	9500.000000	2.3057e+11	9500.000000	2.53568e+11	9500.000000	2.54305e+11	9500.000000	2.53692e+11	9500.000000	4.40225e+08	9500.000000	6.82717e+08	9500.000000	1.05871e+09	9500.000000	1.06433e+09	9500.000000	1.55293e+09	
10000.000000	2.14609e+11	10000.000000	2.40334e+11	10000.000000	2.6647e+11	10000.000000	2.67241e+11	10000.000000	2.66599e+11	10000.000000	4.51502e+08	10000.000000	7.26119e+08	10000.000000	1.09249e+09	10000.000000	1.10099e+09	10000.000000	1.6086e+09	
11000.000000	2.27972e+11	11000.000000	2.59164e+11	11000.000000	2.92046e+11	11000.000000	2.92881e+11	11000.000000	2.92185e+11	11000.000000	4.72904e+08	11000.000000	8.14582e+08	11000.000000	1.15704e+09	11000.000000	1.17111e+09	11000.000000	1.71532e+09	
12000.000000	2.40271e+11	12000.000000	2.77133e+11	12000.000000	3.17339e+11	12000.000000	3.18238e+11	12000.000000	3.17489e+11	12000.000000	4.92968e+08	12000.000000	9.05046e+08	12000.000000	1.21805e+09	12000.000000	1.23742e+09	12000.000000	1.81654e+09	
13000.000000	2.51626e+11	13000.000000	2.94316e+11	13000.000000	3.42376e+11	13000.000000	3.43336e+11	13000.000000	3.42535e+11	13000.000000	5.11887e+08	13000.000000	9.97392e+08	13000.000000	1.27596e+09	13000.000000	1.30039e+09	13000.000000	1.91291e+09	
14000.000000	2.62144e+11	14000.000000	3.10777e+11	14000.000000	3.67176e+11	14000.000000	3.68196e+11	14000.000000	3.67346e+11	14000.000000	5.29814e+08	14000.000000	1.09168e+09	14000.000000	1.33115e+09	14000.000000	1.36038e+09	14000.000000	2.00497e+09	
15000.000000	2.71914e+11	15000.000000	3.26577e+11	15000.000000	3.91761e+11	15000.000000	3.92837e+11	15000.000000	3.91939e+11	15000.000000	5.46871e+08	15000.000000	1.18798e+09	15000.000000	1.38392e+09	15000.000000	1.41773e+09	15000.000000	2.09318e+09	
16000.000000	2.81012e+11	16000.000000	3.41765e+11	16000.000000	4.16145e+11	16000.000000	4.17275e+11	16000.000000	4.1633e+11	16000.000000	5.63158e+08	16000.000000	1.28623e+09	16000.000000	1.43453e+09	16000.000000	1.47269e+09	16000.000000	2.17792e+09	
17000.000000	2.89507e+11	17000.000000	3.56388e+11	17000.000000	4.40343e+11	17000.000000	4.41524e+11	17000.000000	4.40534e+11	17000.000000	5.78759e+08	17000.000000	1.38628e+09	17000.000000	1.48318e+09	17000.000000	1.5255e+09	17000.000000	2.2595e+09	
18000.000000	2.97457e+11	18000.000000	3.70488e+11	18000.000000	4.64365e+11	18000.000000	4.65596e+11	18000.000000	4.64563e+11	18000.000000	5.93744e+08	18000.000000	1.48797e+09	18000.000000	1.53006e+09	18000.000000	1.57635e+09	18000.000000	2.33821e+09	
19000.000000	3.04912e+11	19000.000000	3.841e+11 	19000.000000	4.88223e+11	19000.000000	4.89504e+11	19000.000000	4.88428e+11	19000.000000	6.08172e+08	19000.000000	1.59115e+09	19000.000000	1.57532e+09	19000.000000	1.62541e+09	19000.000000	2.4143e+09	
20000.000000	3.11918e+11	20000.000000	3.97259e+11	20000.000000	5.11926e+11	20000.000000	5.13256e+11	20000.000000	5.12139e+11	20000.000000	6.22095e+08	20000.000000	1.6957e+09	20000.000000	1.6191e+09	20000.000000	1.67283e+09	20000.000000	2.48797e+09	
21000.000000	3.18514e+11	21000.000000	4.09994e+11	21000.000000	5.35483e+11	21000.000000	5.36863e+11	21000.000000	5.35705e+11	21000.000000	6.35555e+08	21000.000000	1.80157e+09	21000.000000	1.66152e+09	21000.000000	1.71873e+09	21000.000000	2.55941e+09	
22000.000000	3.24736e+11	22000.000000	4.22333e+11	22000.000000	5.58902e+11	22000.000000	5.60331e+11	22000.000000	5.59135e+11	22000.000000	6.48591e+08	22000.000000	1.90891e+09	22000.000000	1.70268e+09	22000.000000	1.76323e+09	22000.000000	2.62878e+09	
23000.000000	3.30613e+11	23000.000000	4.34299e+11	23000.000000	5.82193e+11	23000.000000	5.83668e+11	23000.000000	5.82435e+11	23000.000000	6.61236e+08	23000.000000	2.01777e+09	23000.000000	1.74267e+09	23000.000000	1.80643e+09	23000.000000	2.69623e+09	
24000.000000	3.36175e+11	24000.000000	4.45915e+11	24000.000000	6.05362e+11	24000.000000	6.06881e+11	24000.000000	6.05612e+11	24000.000000	6.7352e+08	24000.000000	2.12795e+09	24000.000000	1.78157e+09	24000.000000	1.84841e+09	24000.000000	2.76189e+09	
25000.000000	3.41445e+11	25000.000000	4.57202e+11	25000.000000	6.28414e+11	25000.000000	6.29976e+11	25000.000000	6.28672e+11	25000.000000	6.85468e+08	25000.000000	2.23941e+09	25000.000000	1.81946e+09	25000.000000	1.88927e+09	25000.000000	2.82587e+09	
26000.000000	3.46446e+11	26000.000000	4.68177e+11	26000.000000	6.51354e+11	26000.000000	6.52958e+11	26000.000000	6.51621e+11	26000.000000	6.97104e+08	26000.000000	2.35217e+09	26000.000000	1.8564e+09	26000.000000	1.92906e+09	26000.000000	2.88828e+09	
27000.000000	3.51197e+11	27000.000000	4.78859e+11	27000.000000	6.74188e+11	27000.000000	6.75833e+11	27000.000000	6.74464e+11	27000.000000	7.08449e+08	27000.000000	2.46621e+09	27000.000000	1.89245e+09	27000.000000	1.96787e+09	27000.000000	2.94922e+09	
28000.000000	3.55718e+11	28000.000000	4.89263e+11	28000.000000	6.96922e+11	28000.000000	6.98606e+11	28000.000000	6.97205e+11	28000.000000	7.1952e+08	28000.000000	2.58151e+09	28000.000000	1.92766e+09	28000.000000	2.00573e+09	28000.000000	3.00877e+09	
29000.000000	3.60024e+11	29000.000000	4.99404e+11	29000.000000	7.19559e+11	29000.000000	7.21279e+11	29000.000000	7.1985e+11	29000.000000	7.30336e+08	29000.000000	2.69805e+09	29000.000000	1.96208e+09	29000.000000	2.04272e+09	29000.000000	3.06701e+09	
30000.000000	3.6413e+11	30000.000000	5.09294e+11	30000.000000	7.42102e+11	30000.000000	7.43859e+11	30000.000000	7.42401e+11	30000.000000	7.4091e+08	30000.000000	2.81584e+09	30000.000000	1.99576e+09	30000.000000	2.07888e+09	30000.000000	3.12401e+09	
32000.000000	3.71794e+11	32000.000000	5.28372e+11	32000.000000	7.86924e+11	32000.000000	7.8875e+11	32000.000000	7.87239e+11	32000.000000	7.61391e+08	32000.000000	3.055e+09 	32000.000000	2.06103e+09	32000.000000	2.14886e+09	32000.000000	3.23454e+09	
34000.000000	3.78806e+11	34000.000000	5.46588e+11	34000.000000	8.31416e+11	34000.000000	8.33305e+11	34000.000000	8.31747e+11	34000.000000	7.81058e+08	34000.000000	3.29858e+09	34000.000000	2.12375e+09	34000.000000	2.21601e+09	34000.000000	3.34083e+09	
36000.000000	3.85243e+11	36000.000000	5.64016e+11	36000.000000	8.75602e+11	36000.000000	8.77547e+11	36000.000000	8.75948e+11	36000.000000	7.99994e+08	36000.000000	3.54622e+09	36000.000000	2.18416e+09	36000.000000	2.28058e+09	36000.000000	3.44328e+09	
38000.000000	3.91172e+11	38000.000000	5.80726e+11	38000.000000	9.19502e+11	38000.000000	9.21499e+11	38000.000000	9.19863e+11	38000.000000	8.18266e+08	38000.000000	3.7978e+09	38000.000000	2.24247e+09	38000.000000	2.34282e+09	38000.000000	3.54221e+09	
40000.000000	3.96651e+11	40000.000000	5.96774e+11	40000.000000	9.63134e+11	40000.000000	9.65177e+11	40000.000000	9.63511e+11	40000.000000	8.35935e+08	40000.000000	4.05325e+09	40000.000000	2.29885e+09	40000.000000	2.40291e+09	40000.000000	3.63793e+09	
42000.000000	4.01727e+11	42000.000000	6.12213e+11	42000.000000	1.00652e+12	42000.000000	1.0086e+12	42000.000000	1.00691e+12	42000.000000	8.53052e+08	42000.000000	4.31247e+09	42000.000000	2.35347e+09	42000.000000	2.46103e+09	42000.000000	3.73068e+09	
44000.000000	4.06442e+11	44000.000000	6.27088e+11	44000.000000	1.04966e+12	44000.000000	1.05178e+12	44000.000000	1.05007e+12	44000.000000	8.69661e+08	44000.000000	4.5753e+09	44000.000000	2.40644e+09	44000.000000	2.51733e+09	44000.000000	3.82069e+09	
46000.000000	4.10832e+11	46000.000000	6.41441e+11	46000.000000	1.09258e+12	46000.000000	1.09473e+12	46000.000000	1.09301e+12	46000.000000	8.85801e+08	46000.000000	4.84159e+09	46000.000000	2.4579e+09	46000.000000	2.57195e+09	46000.000000	3.90817e+09	
48000.000000	4.14929e+11	48000.000000	6.55308e+11	48000.000000	1.13529e+12	48000.000000	1.13746e+12	48000.000000	1.13573e+12	48000.000000	9.01507e+08	48000.000000	5.11119e+09	48000.000000	2.50795e+09	48000.000000	2.62501e+09	48000.000000	3.99328e+09	
50000.000000	4.18761e+11	50000.000000	6.68722e+11	50000.000000	1.1778e+12	50000.000000	1.17999e+12	50000.000000	1.17826e+12	50000.000000	9.16809e+08	50000.000000	5.38396e+09	50000.000000	2.55668e+09	50000.000000	2.6766e+09	50000.000000	4.07618e+09	
