! 12Li range in H190C5F20
! apply ZOOM for details
Energy (MeV/u)1	0 - [He-base] F.Hubert et al, AD&ND Tables 46(1990)1	Energy (MeV/u)2	1 - [H -base] J.F.Ziegler et al,Pergamon Press,NY(low energy)	Energy (MeV/u)3	2 - ATIMA 1.2 LS-theory (recommended for high energy)	Energy (MeV/u)4	3 - ATIMA 1.2 without LS-correction	Energy (MeV/u)5	4 - ATIMA 1.4 H.Weick, improved mean charge formula for HI	Energy (MeV/u)6	5 - Range straggling - method [0] - LISE	Energy (MeV/u)7	6 - Range straggling - method [1] - Atima	Energy (MeV/u)8	7 - Lateral range - method [0] - LISE	Energy (MeV/u)9	8 - Lateral range - method [1] - Atima	Energy (MeV/u)10	9 - Lateral range - method [2] - PDG	
0.001000	774.352   	0.001000	774.352   	0.001000	583.65    	0.001000	583.65    	0.001000	583.745   	0.001000	0         	0.001000	0         	0.001000	10.4256   	0.001000	23.2695   	0.001000	11.4568   	
0.002000	1548.7    	0.002000	1548.7    	0.002000	1167.3    	0.002000	1167.3    	0.002000	1167.49   	0.002000	34.6153   	0.002000	34.6153   	0.002000	30.5326   	0.002000	65.8605   	0.002000	35.0678   	
0.005000	3558.97   	0.005000	3558.97   	0.005000	2620.47   	0.005000	2620.47   	0.005000	2620.76   	0.005000	40.8747   	0.005000	40.8747   	0.005000	105.826   	0.005000	220.969   	0.005000	126.217   	
0.008000	5180.12   	0.008000	5180.12   	0.008000	3786.62   	0.008000	3786.62   	0.008000	3786.94   	0.008000	41.0711   	0.008000	41.0711   	0.008000	186.304   	0.008000	383.651   	0.008000	225.594   	
0.010000	6118.22   	0.010000	6118.22   	0.010000	4466.19   	0.010000	4466.19   	0.010000	4466.53   	0.010000	41.7018   	0.010000	41.7018   	0.010000	236.652   	0.010000	482.37    	0.010000	292.663   	
0.015000	8132.38   	0.015000	8132.38   	0.015000	5956.28   	0.015000	5956.28   	0.015000	5956.62   	0.015000	44.6912   	0.015000	44.6912   	0.015000	341.334   	0.015000	672.514   	0.015000	426.843   	
0.020000	9810.05   	0.020000	9810.05   	0.020000	7271.91   	0.020000	7271.91   	0.020000	7272.25   	0.020000	48.6602   	0.020000	48.6602   	0.020000	433.741   	0.020000	825.05    	0.020000	513.014   	
0.025000	11240.5   	0.025000	11240.5   	0.025000	8461.12   	0.025000	8461.12   	0.025000	8461.47   	0.025000	52.7334   	0.025000	52.7334   	0.025000	512.162   	0.025000	947.947   	0.025000	576.975   	
0.030000	12491.2   	0.030000	12491.2   	0.030000	9544.22   	0.030000	9544.22   	0.030000	9544.57   	0.030000	56.4989   	0.030000	56.4989   	0.030000	571.346   	0.030000	1040.47   	0.030000	626.909   	
0.035000	13615.1   	0.035000	13615.1   	0.035000	10538.2   	0.035000	10538.2   	0.035000	10538.6   	0.035000	59.85     	0.035000	59.85     	0.035000	618.031   	0.035000	1113.56   	0.035000	667.522   	
0.040000	14644.2   	0.040000	14644.2   	0.040000	11461.2   	0.040000	11461.2   	0.040000	11461.6   	0.040000	62.8334   	0.040000	62.8334   	0.040000	656.468   	0.040000	1173.82   	0.040000	701.712   	
0.045000	15599     	0.045000	15599     	0.045000	12326.3   	0.045000	12326.3   	0.045000	12326.7   	0.045000	65.5069   	0.045000	65.5069   	0.045000	689.326   	0.045000	1225.26   	0.045000	730.807   	
0.050000	16493.3   	0.050000	16493.3   	0.050000	13143.7   	0.050000	13143.7   	0.050000	13144     	0.050000	67.9234   	0.050000	67.9196   	0.050000	717.488   	0.050000	1269.38   	0.050000	756.643   	
0.055000	17337.1   	0.055000	17337.1   	0.055000	13921     	0.055000	13921     	0.055000	13921.3   	0.055000	70.1278   	0.055000	70.1104   	0.055000	742.351   	0.055000	1308.28   	0.055000	779.313   	
0.060000	18137.9   	0.060000	18137.9   	0.060000	14664.5   	0.060000	14664.5   	0.060000	14664.9   	0.060000	72.1568   	0.060000	72.1241   	0.060000	764.666   	0.060000	1343.07   	0.060000	799.807   	
0.070000	19634.2   	0.070000	19634.2   	0.070000	16069.4   	0.070000	16069.4   	0.070000	16069.7   	0.070000	75.8031   	0.070000	75.7529   	0.070000	803.382   	0.070000	1403.04   	0.070000	835.944   	
0.080000	21020.4   	0.080000	21020.4   	0.080000	17388.8   	0.080000	17388.8   	0.080000	17389.2   	0.080000	79.0413   	0.080000	79.0029   	0.080000	836.524   	0.080000	1453.85   	0.080000	867.252   	
0.090000	22323.3   	0.090000	22323.3   	0.090000	18644.2   	0.090000	18644.2   	0.090000	18644.6   	0.090000	81.9918   	0.090000	81.9928   	0.090000	865.393   	0.090000	1497.59   	0.090000	894.99    	
0.100000	23562.4   	0.100000	23562.4   	0.100000	19851.3   	0.100000	19851.3   	0.100000	19851.7   	0.100000	84.7385   	0.100000	84.7402   	0.100000	891.627   	0.100000	1536.79   	0.100000	920.35    	
0.120000	25891.1   	0.120000	25891.1   	0.120000	22164.4   	0.120000	22164.4   	0.120000	22164.7   	0.120000	89.8427   	0.120000	89.7241   	0.120000	937.38    	0.120000	1603.94   	0.120000	966.204   	
0.140000	28080.1   	0.140000	28080.1   	0.140000	24393.1   	0.140000	24393.1   	0.140000	24393.5   	0.140000	94.6685   	0.140000	94.3178   	0.140000	977.985   	0.140000	1661.85   	0.140000	1007.42   	
0.160000	30182.9   	0.160000	30182.9   	0.160000	26578.2   	0.160000	26578.2   	0.160000	26578.5   	0.160000	99.3995   	0.160000	98.7332   	0.160000	1015.24   	0.160000	1713.54   	0.160000	1045.87   	
0.180000	32238.6   	0.180000	32238.6   	0.180000	28746.3   	0.180000	28746.3   	0.180000	28746.6   	0.180000	104.151   	0.180000	103.097   	0.180000	1050.04   	0.180000	1760.71   	0.180000	1083.03   	
0.200000	34270.5   	0.200000	34270.5   	0.200000	30915.6   	0.200000	30915.6   	0.200000	30915.9   	0.200000	109.001   	0.200000	107.492   	0.200000	1083.48   	0.200000	1805.55   	0.200000	1118.73   	
0.250000	39347.8   	0.250000	39347.8   	0.250000	36419     	0.250000	36419     	0.250000	36419.4   	0.250000	121.86    	0.250000	118.927   	0.250000	1163.37   	0.250000	1911.37   	0.250000	1206.56   	
0.300000	44462.5   	0.300000	44462.5   	0.300000	42106.8   	0.300000	42106.8   	0.300000	42107.1   	0.300000	136.001   	0.300000	131.243   	0.300000	1241.21   	0.300000	2013.18   	0.300000	1294.06   	
0.350000	49688.4   	0.350000	49688.4   	0.350000	47999.7   	0.350000	47999.7   	0.350000	48000.1   	0.350000	151.361   	0.350000	144.418   	0.350000	1317.59   	0.350000	2112.93   	0.350000	1381.45   	
0.400000	55083.7   	0.400000	55083.7   	0.400000	54136     	0.400000	54136     	0.400000	54136.4   	0.400000	168.09    	0.400000	158.585   	0.400000	1389.64   	0.400000	2212.83   	0.400000	1470.55   	
0.450000	60691     	0.450000	60691     	0.450000	60543.6   	0.450000	60543.6   	0.450000	60543.9   	0.450000	186.302   	0.450000	173.838   	0.450000	1451.74   	0.450000	2313.93   	0.450000	1561.36   	
0.500000	66530.9   	0.500000	66530.9   	0.500000	67233.3   	0.500000	67233.3   	0.500000	67233.6   	0.500000	206.002   	0.500000	190.175   	0.500000	1514.83   	0.500000	2416.47   	0.500000	1655.12   	
0.600000	78905     	0.600000	78905     	0.600000	81457.6   	0.600000	81457.6   	0.600000	81457.9   	0.600000	249.603   	0.600000	226.058   	0.600000	1644.48   	0.600000	2626.08   	0.600000	1740.52   	
0.700000	92299.9   	0.700000	92299.9   	0.700000	96786.5   	0.700000	96786.5   	0.700000	96786.8   	0.700000	298.332   	0.700000	266.689   	0.700000	1779.03   	0.700000	2825.48   	0.700000	1830.85   	
0.800000	106658    	0.800000	106658    	0.800000	113187    	0.800000	113187    	0.800000	113187    	0.800000	351.701   	0.800000	311.296   	0.800000	1919.96   	0.800000	3003.88   	0.800000	1929.82   	
0.900000	121897    	0.900000	121897    	0.900000	130626    	0.900000	130626    	0.900000	130627    	0.900000	409.351   	0.900000	359.212   	0.900000	2063.78   	0.900000	3185.92   	0.900000	2035.32   	
1.000000	138111    	1.000000	138111    	1.000000	149102    	1.000000	149102    	1.000000	149103    	1.000000	471.251   	1.000000	410.181   	1.000000	2210.31   	1.000000	3371.57   	1.000000	2148      	
1.250000	183141    	1.250000	183141    	1.250000	199785    	1.250000	199785    	1.250000	199785    	1.250000	644.274   	1.250000	549.818   	1.250000	2510.65   	1.250000	3762.78   	1.250000	2458.11   	
1.500000	235642    	1.500000	235642    	1.500000	256614    	1.500000	256614    	1.500000	256614    	1.500000	841.301   	1.500000	704.286   	1.500000	2846.93   	1.500000	4202.42   	1.500000	2806.06   	
1.750000	296068    	1.750000	296068    	1.750000	319443    	1.750000	319443    	1.750000	319443    	1.750000	1061.81   	1.750000	872.539   	1.750000	3218.88   	1.750000	4687.94   	1.750000	3190.51   	
2.000000	363850    	2.000000	363850    	2.000000	388221    	2.000000	388221    	2.000000	388221    	2.000000	1306.07   	2.000000	1054.42   	2.000000	3625.87   	2.000000	5217.24   	2.000000	3611.15   	
2.250000	438595    	2.250000	438595    	2.250000	462955    	2.250000	462955    	2.250000	462955    	2.250000	1574.78   	2.250000	1250.18   	2.250000	4067.81   	2.250000	5789.29   	2.250000	4068.1    	
2.500000	520106    	2.500000	520035    	2.500000	543666    	2.500000	543666    	2.500000	543666    	2.500000	1868.63   	2.500000	1460.11   	2.500000	4544.77   	2.500000	6403.48   	2.500000	4561.59   	
3.000000	706517    	3.000000	702228    	3.000000	723082    	3.000000	723082    	3.000000	723082    	3.000000	2533.65   	3.000000	1923.26   	3.000000	5604.14   	3.000000	7756.69   	3.000000	5658.97   	
3.500000	917994    	3.500000	909372    	3.500000	926517    	3.500000	926517    	3.500000	926517    	3.500000	3303.77   	3.500000	2444.77   	3.500000	6804.32   	3.500000	9273.89   	3.500000	6904.25   	
4.000000	1.1541e+06	4.000000	1.14088e+06	4.000000	1.1539e+06	4.000000	1.1539e+06	4.000000	1.1539e+06	4.000000	4180.02   	4.000000	3024.46   	4.000000	8145.24   	4.000000	10952.5   	4.000000	8297.74   	
4.500000	1.41446e+06	4.500000	1.39635e+06	4.500000	1.40509e+06	4.500000	1.40509e+06	4.500000	1.40509e+06	4.500000	5162.42   	4.500000	3661.28   	4.500000	9626.35   	4.500000	12789.8   	4.500000	9839.13   	
5.000000	1.69872e+06	5.000000	1.67548e+06	5.000000	1.67988e+06	5.000000	1.67988e+06	5.000000	1.67988e+06	5.000000	6250.41   	5.000000	4354.05   	5.000000	11246.8   	5.000000	14783.1   	5.000000	11527.7   	
5.500000	2.00658e+06	5.500000	1.97798e+06	5.500000	1.97805e+06	5.500000	1.97805e+06	5.500000	1.97805e+06	5.500000	7443.12   	5.500000	5101.66   	5.500000	13005.3   	5.500000	16929.6   	5.500000	13362.3   	
6.000000	2.33774e+06	6.000000	2.30359e+06	6.000000	2.29935e+06	6.000000	2.29935e+06	6.000000	2.29935e+06	6.000000	8739.57   	6.000000	5903.01   	6.000000	14900.9   	6.000000	19226.8   	6.000000	15342.1   	
6.500000	2.69195e+06	6.500000	2.65206e+06	6.500000	2.64356e+06	6.500000	2.64356e+06	6.500000	2.64356e+06	6.500000	10138.7   	6.500000	6757.01   	6.500000	16932.3   	6.500000	21672.1   	6.500000	17465.6   	
7.000000	3.06895e+06	7.000000	3.02317e+06	7.000000	3.01045e+06	7.000000	3.01045e+06	7.000000	3.01045e+06	7.000000	11639.7   	7.000000	7662.71   	7.000000	19098.4   	7.000000	24263.5   	7.000000	19731.9   	
7.500000	3.46853e+06	7.500000	3.41672e+06	7.500000	3.3998e+06	7.500000	3.3998e+06	7.500000	3.39979e+06	7.500000	13241.4   	7.500000	8619.25   	7.500000	21397.9   	7.500000	26998.5   	7.500000	22139.8   	
8.000000	3.89046e+06	8.000000	3.8325e+06	8.000000	3.8114e+06	8.000000	3.8114e+06	8.000000	3.8114e+06	8.000000	14943.2   	8.000000	9625.76   	8.000000	23829.9   	8.000000	29875.4   	8.000000	24688.3   	
8.500000	4.33455e+06	8.500000	4.27034e+06	8.500000	4.24507e+06	8.500000	4.24507e+06	8.500000	4.24506e+06	8.500000	16744.1   	8.500000	10681.3   	8.500000	26393.4   	8.500000	32892.2   	8.500000	27376.3   	
9.000000	4.8006e+06	9.000000	4.73006e+06	9.000000	4.70061e+06	9.000000	4.70061e+06	9.000000	4.70061e+06	9.000000	18643.6   	9.000000	11785     	9.000000	29087.4   	9.000000	36047.3   	9.000000	30203     	
9.500000	5.28843e+06	9.500000	5.2115e+06	9.500000	5.17788e+06	9.500000	5.17788e+06	9.500000	5.17788e+06	9.500000	20641     	9.500000	12936.4   	9.500000	31911     	9.500000	39339.1   	9.500000	33167.5   	
10.000000	5.79787e+06	10.000000	5.71481e+06	10.000000	5.6767e+06	10.000000	5.6767e+06	10.000000	5.6767e+06	10.000000	22735.7   	10.000000	14135.3   	10.000000	34863.5   	10.000000	42766.1   	10.000000	36269     	
11.000000	6.88091e+06	11.000000	6.80238e+06	11.000000	6.73911e+06	11.000000	6.73903e+06	11.000000	6.73912e+06	11.000000	27223.5   	11.000000	16678.6   	11.000000	41157     	11.000000	50026.2   	11.000000	42885.3   	
12.000000	8.04849e+06	12.000000	7.97301e+06	12.000000	7.88744e+06	12.000000	7.88713e+06	12.000000	7.88748e+06	12.000000	32109.9   	12.000000	19415.7   	12.000000	47967.7   	12.000000	57823.3   	12.000000	50052.1   	
13.000000	9.29945e+06	13.000000	9.2257e+06	13.000000	9.12067e+06	13.000000	9.11999e+06	13.000000	9.12076e+06	13.000000	37389.7   	13.000000	22341.2   	13.000000	55290.8   	13.000000	66149.1   	13.000000	57764.5   	
14.000000	1.06327e+07	14.000000	1.05595e+07	14.000000	1.04378e+07	14.000000	1.04367e+07	14.000000	1.0438e+07	14.000000	43058.3   	14.000000	25450.4   	14.000000	63121.5   	14.000000	74995.5   	14.000000	66018     	
15.000000	1.20473e+07	15.000000	1.19736e+07	15.000000	1.1838e+07	15.000000	1.18363e+07	15.000000	1.18384e+07	15.000000	49111.2   	15.000000	28741.6   	15.000000	71455.5   	15.000000	84355.1   	15.000000	74808.3   	
16.000000	1.35423e+07	16.000000	1.34671e+07	16.000000	1.33204e+07	16.000000	1.3318e+07	16.000000	1.33209e+07	16.000000	55544.3   	16.000000	32212.1   	16.000000	80288.2   	16.000000	94220.8   	16.000000	84131     	
17.000000	1.51167e+07	17.000000	1.50393e+07	17.000000	1.4884e+07	17.000000	1.4881e+07	17.000000	1.48848e+07	17.000000	62353.1   	17.000000	35857.3   	17.000000	89615.4   	17.000000	104586    	17.000000	93981.8   	
18.000000	1.67697e+07	18.000000	1.66894e+07	18.000000	1.65281e+07	18.000000	1.65244e+07	18.000000	1.65292e+07	18.000000	69533.3   	18.000000	39673.6   	18.000000	99432.5   	18.000000	115443    	18.000000	104356    	
19.000000	1.85006e+07	19.000000	1.84166e+07	19.000000	1.82519e+07	19.000000	1.82474e+07	19.000000	1.82533e+07	19.000000	77080.4   	19.000000	43658.4   	19.000000	109735    	19.000000	126786    	19.000000	115250    	
20.000000	2.03085e+07	20.000000	2.02204e+07	20.000000	2.00544e+07	20.000000	2.00492e+07	20.000000	2.00563e+07	20.000000	84989.5   	20.000000	47808.9   	20.000000	120517    	20.000000	138608    	20.000000	126658    	
21.000000	2.21928e+07	21.000000	2.21001e+07	21.000000	2.1935e+07	21.000000	2.1929e+07	21.000000	2.19372e+07	21.000000	93255.8   	21.000000	52122.1   	21.000000	131776    	21.000000	150903    	21.000000	138575    	
22.000000	2.41526e+07	22.000000	2.40549e+07	22.000000	2.38927e+07	22.000000	2.3886e+07	22.000000	2.38954e+07	22.000000	101874    	22.000000	56594.8   	22.000000	143504    	22.000000	163664    	22.000000	150997    	
23.000000	2.61873e+07	23.000000	2.60844e+07	23.000000	2.59266e+07	23.000000	2.59192e+07	23.000000	2.59299e+07	23.000000	110839    	23.000000	61224.1   	23.000000	155698    	23.000000	176884    	23.000000	163918    	
24.000000	2.82964e+07	24.000000	2.81879e+07	24.000000	2.80359e+07	24.000000	2.80279e+07	24.000000	2.80399e+07	24.000000	120144    	24.000000	66006.7   	24.000000	168352    	24.000000	190556    	24.000000	177333    	
25.000000	3.0479e+07	25.000000	3.03649e+07	25.000000	3.02198e+07	25.000000	3.02112e+07	25.000000	3.02244e+07	25.000000	129785    	25.000000	70939.3   	25.000000	181460    	25.000000	204675    	25.000000	191236    	
27.000000	3.50629e+07	27.000000	3.49371e+07	27.000000	3.48077e+07	27.000000	3.47982e+07	27.000000	3.48138e+07	27.000000	150046    	27.000000	81242.1   	27.000000	209014    	27.000000	234220    	27.000000	220484    	
29.000000	3.99342e+07	29.000000	3.97968e+07	29.000000	3.9683e+07	29.000000	3.96729e+07	29.000000	3.96908e+07	29.000000	171571    	29.000000	92103.9   	29.000000	238314    	29.000000	265464    	29.000000	251612    	
31.000000	4.50886e+07	31.000000	4.494e+07 	31.000000	4.48389e+07	31.000000	4.48286e+07	31.000000	4.48484e+07	31.000000	194312    	31.000000	103493    	31.000000	269311    	31.000000	298353    	31.000000	284574    	
33.000000	5.05219e+07	33.000000	5.03629e+07	33.000000	5.02733e+07	33.000000	5.02634e+07	33.000000	5.02847e+07	33.000000	218281    	33.000000	115423    	33.000000	301993    	33.000000	332869    	33.000000	319358    	
35.000000	5.62303e+07	35.000000	5.6062e+07	35.000000	5.59832e+07	35.000000	5.59743e+07	35.000000	5.59965e+07	35.000000	243470    	35.000000	127887    	35.000000	336341    	35.000000	368989    	35.000000	355947    	
38.000000	6.53004e+07	38.000000	6.51208e+07	38.000000	6.50567e+07	38.000000	6.50505e+07	38.000000	6.50731e+07	38.000000	283507    	38.000000	147562    	38.000000	390935    	38.000000	426114    	38.000000	414165    	
41.000000	7.49692e+07	41.000000	7.4782e+07	41.000000	7.47308e+07	41.000000	7.47288e+07	41.000000	7.47506e+07	41.000000	326201    	41.000000	168401    	41.000000	449151    	41.000000	486703    	41.000000	476326    	
44.000000	8.52254e+07	44.000000	8.50351e+07	44.000000	8.49949e+07	44.000000	8.49987e+07	44.000000	8.50186e+07	44.000000	371498    	44.000000	190362    	44.000000	510921    	44.000000	550677    	44.000000	542363    	
47.000000	9.60587e+07	47.000000	9.58701e+07	47.000000	9.58391e+07	47.000000	9.58503e+07	47.000000	9.58671e+07	47.000000	419346    	47.000000	213424    	47.000000	576179    	47.000000	617966    	47.000000	612217    	
50.000000	1.07459e+08	50.000000	1.07278e+08	50.000000	1.07254e+08	50.000000	1.07274e+08	50.000000	1.07287e+08	50.000000	469695    	50.000000	237565    	50.000000	644863    	50.000000	688501    	50.000000	685829    	
55.000000	1.27695e+08	55.000000	1.27537e+08	55.000000	1.27525e+08	55.000000	1.27562e+08	55.000000	1.27565e+08	55.000000	559035    	55.000000	280138    	55.000000	766788    	55.000000	813107    	55.000000	816718    	
60.000000	1.4944e+08	60.000000	1.49322e+08	60.000000	1.49317e+08	60.000000	1.49375e+08	60.000000	1.49365e+08	60.000000	654965    	60.000000	325557    	60.000000	897798    	60.000000	946287    	60.000000	957650    	
65.000000	1.72657e+08	65.000000	1.72595e+08	65.000000	1.72596e+08	65.000000	1.72678e+08	65.000000	1.72652e+08	65.000000	757271    	65.000000	373694    	65.000000	1.03765e+06	65.000000	1.08779e+06	65.000000	1.1084e+06	
70.000000	1.9731e+08	70.000000	1.9732e+08	70.000000	1.97325e+08	70.000000	1.97436e+08	70.000000	1.97391e+08	70.000000	865752    	70.000000	424492    	70.000000	1.1861e+06	70.000000	1.23738e+06	70.000000	1.26874e+06	
75.000000	2.23368e+08	75.000000	2.23464e+08	75.000000	2.23472e+08	75.000000	2.23615e+08	75.000000	2.23548e+08	75.000000	980212    	75.000000	477851    	75.000000	1.34292e+06	75.000000	1.39484e+06	75.000000	1.43848e+06	
80.000000	2.508e+08 	80.000000	2.50995e+08	80.000000	2.51008e+08	80.000000	2.51186e+08	80.000000	2.51093e+08	80.000000	1.10047e+06	80.000000	533722    	80.000000	1.5079e+06	80.000000	1.55996e+06	80.000000	1.61741e+06	
85.000000	2.79577e+08	85.000000	2.79882e+08	85.000000	2.79901e+08	85.000000	2.80119e+08	85.000000	2.79997e+08	85.000000	1.22633e+06	85.000000	591991    	85.000000	1.68084e+06	85.000000	1.73256e+06	85.000000	1.80535e+06	
90.000000	3.09671e+08	90.000000	3.10097e+08	90.000000	3.10124e+08	90.000000	3.10384e+08	90.000000	3.10231e+08	90.000000	1.35764e+06	90.000000	652601    	90.000000	1.86153e+06	90.000000	1.91245e+06	90.000000	2.00212e+06	
95.000000	3.41058e+08	95.000000	3.41612e+08	95.000000	3.4165e+08	95.000000	3.41956e+08	95.000000	3.41768e+08	95.000000	1.49422e+06	95.000000	715490    	95.000000	2.04978e+06	95.000000	2.09945e+06	95.000000	2.20753e+06	
100.000000	3.73713e+08	100.000000	3.74401e+08	100.000000	3.74452e+08	100.000000	3.74807e+08	100.000000	3.74582e+08	100.000000	1.63591e+06	100.000000	780602    	100.000000	2.24541e+06	100.000000	2.29338e+06	100.000000	2.42143e+06	
105.000000	4.07611e+08	105.000000	4.08436e+08	105.000000	4.08505e+08	105.000000	4.08914e+08	105.000000	4.08647e+08	105.000000	1.78255e+06	105.000000	847880    	105.000000	2.44824e+06	105.000000	2.49411e+06	105.000000	2.64365e+06	
110.000000	4.42732e+08	110.000000	4.43695e+08	110.000000	4.43786e+08	110.000000	4.44251e+08	110.000000	4.4394e+08	110.000000	1.93401e+06	110.000000	917279    	110.000000	2.65809e+06	110.000000	2.70146e+06	110.000000	2.87403e+06	
115.000000	4.79054e+08	115.000000	4.80153e+08	115.000000	4.80269e+08	115.000000	4.80795e+08	115.000000	4.80437e+08	115.000000	2.09013e+06	115.000000	988724    	115.000000	2.8748e+06	115.000000	2.9153e+06	115.000000	3.11242e+06	
120.000000	5.16556e+08	120.000000	5.17787e+08	120.000000	5.17935e+08	120.000000	5.18523e+08	120.000000	5.18116e+08	120.000000	2.25076e+06	120.000000	1.06213e+06	120.000000	3.0982e+06	120.000000	3.13548e+06	120.000000	3.35867e+06	
125.000000	5.5522e+08	125.000000	5.56574e+08	125.000000	5.56759e+08	125.000000	5.57415e+08	125.000000	5.56954e+08	125.000000	2.41579e+06	125.000000	1.1375e+06	125.000000	3.32814e+06	125.000000	3.36186e+06	125.000000	3.61263e+06	
130.000000	5.95025e+08	130.000000	5.96494e+08	130.000000	5.9672e+08	130.000000	5.97447e+08	130.000000	5.9693e+08	130.000000	2.58507e+06	130.000000	1.21475e+06	130.000000	3.56447e+06	130.000000	3.59431e+06	130.000000	3.87416e+06	
135.000000	6.35955e+08	135.000000	6.37525e+08	135.000000	6.37801e+08	135.000000	6.386e+08 	135.000000	6.38024e+08	135.000000	2.75847e+06	135.000000	1.29382e+06	135.000000	3.80703e+06	135.000000	3.8327e+06	135.000000	4.14314e+06	
140.000000	6.77991e+08	140.000000	6.79648e+08	140.000000	6.7998e+08	140.000000	6.80853e+08	140.000000	6.80215e+08	140.000000	2.93588e+06	140.000000	1.37467e+06	140.000000	4.05568e+06	140.000000	4.07691e+06	140.000000	4.41941e+06	
145.000000	7.21118e+08	145.000000	7.22842e+08	145.000000	7.23235e+08	145.000000	7.24187e+08	145.000000	7.23485e+08	145.000000	3.11718e+06	145.000000	1.45726e+06	145.000000	4.31028e+06	145.000000	4.32683e+06	145.000000	4.70286e+06	
150.000000	7.65318e+08	150.000000	7.67088e+08	150.000000	7.6755e+08	150.000000	7.68584e+08	150.000000	7.67813e+08	150.000000	3.30224e+06	150.000000	1.54156e+06	150.000000	4.57069e+06	150.000000	4.58231e+06	150.000000	4.99335e+06	
155.000000	8.39468e+08	155.000000	8.12369e+08	155.000000	8.12906e+08	155.000000	8.14024e+08	155.000000	8.13183e+08	155.000000	3.49096e+06	155.000000	1.62752e+06	155.000000	4.83679e+06	155.000000	4.84328e+06	155.000000	5.29077e+06	
160.000000	9.16225e+08	160.000000	8.58666e+08	160.000000	8.59282e+08	160.000000	8.6049e+08	160.000000	8.59575e+08	160.000000	3.68322e+06	160.000000	1.71511e+06	160.000000	5.10844e+06	160.000000	5.10959e+06	160.000000	5.59498e+06	
165.000000	9.94575e+08	165.000000	9.05961e+08	165.000000	9.06663e+08	165.000000	9.07963e+08	165.000000	9.06972e+08	165.000000	3.87893e+06	165.000000	1.80431e+06	165.000000	5.38551e+06	165.000000	5.38117e+06	165.000000	5.90588e+06	
170.000000	1.07449e+09	170.000000	9.54238e+08	170.000000	9.55033e+08	170.000000	9.56428e+08	170.000000	9.55357e+08	170.000000	4.07798e+06	170.000000	1.89507e+06	170.000000	5.66789e+06	170.000000	5.65788e+06	170.000000	6.22334e+06	
175.000000	1.15595e+09	175.000000	1.00348e+09	175.000000	1.00437e+09	175.000000	1.00587e+09	175.000000	1.00471e+09	175.000000	4.28026e+06	175.000000	1.98736e+06	175.000000	5.95544e+06	175.000000	5.93965e+06	175.000000	6.54725e+06	
180.000000	1.23892e+09	180.000000	1.05367e+09	180.000000	1.05467e+09	180.000000	1.05626e+09	180.000000	1.05503e+09	180.000000	4.48569e+06	180.000000	2.08115e+06	180.000000	6.24807e+06	180.000000	6.22637e+06	180.000000	6.87751e+06	
185.000000	1.32337e+09	185.000000	1.1048e+09	185.000000	1.1059e+09	185.000000	1.1076e+09	185.000000	1.10628e+09	185.000000	4.69417e+06	185.000000	2.17642e+06	185.000000	6.54565e+06	185.000000	6.51794e+06	185.000000	7.214e+06 	
190.000000	1.40929e+09	190.000000	1.15684e+09	190.000000	1.15806e+09	190.000000	1.15987e+09	190.000000	1.15846e+09	190.000000	4.9056e+06	190.000000	2.27308e+06	190.000000	6.84806e+06	190.000000	6.81426e+06	190.000000	7.55662e+06	
195.000000	1.49666e+09	195.000000	1.20978e+09	195.000000	1.21113e+09	195.000000	1.21305e+09	195.000000	1.21154e+09	195.000000	5.1199e+06	195.000000	2.37109e+06	195.000000	7.15521e+06	195.000000	7.11527e+06	195.000000	7.90526e+06	
200.000000	1.58543e+09	200.000000	1.26362e+09	200.000000	1.2651e+09	200.000000	1.26712e+09	200.000000	1.26552e+09	200.000000	5.33698e+06	200.000000	2.47049e+06	200.000000	7.46699e+06	200.000000	7.42084e+06	200.000000	8.25983e+06	
210.000000	1.76715e+09	210.000000	1.3739e+09	210.000000	1.37564e+09	210.000000	1.37791e+09	210.000000	1.3761e+09	210.000000	5.77915e+06	210.000000	2.67327e+06	210.000000	8.10401e+06	210.000000	8.0454e+06	210.000000	8.98633e+06	
220.000000	1.95428e+09	220.000000	1.48756e+09	220.000000	1.4896e+09	220.000000	1.49211e+09	220.000000	1.4901e+09	220.000000	6.23147e+06	220.000000	2.88104e+06	220.000000	8.75833e+06	220.000000	8.68726e+06	220.000000	9.73534e+06	
230.000000	2.14665e+09	230.000000	1.60451e+09	230.000000	1.60685e+09	230.000000	1.60962e+09	230.000000	1.60739e+09	230.000000	6.69333e+06	230.000000	3.0936e+06	230.000000	9.42919e+06	230.000000	9.34579e+06	230.000000	1.05061e+07	
240.000000	2.3441e+09	240.000000	1.72464e+09	240.000000	1.72731e+09	240.000000	1.73034e+09	240.000000	1.72788e+09	240.000000	7.16415e+06	240.000000	3.31088e+06	240.000000	1.01159e+07	240.000000	1.00204e+07	240.000000	1.1298e+07	
250.000000	2.5465e+09	250.000000	1.84785e+09	250.000000	1.85087e+09	250.000000	1.85417e+09	250.000000	1.85147e+09	250.000000	7.64339e+06	250.000000	3.53278e+06	250.000000	1.08177e+07	250.000000	1.07105e+07	250.000000	1.21102e+07	
260.000000	2.75369e+09	260.000000	1.97407e+09	260.000000	1.97742e+09	260.000000	1.98102e+09	260.000000	1.97807e+09	260.000000	8.13054e+06	260.000000	3.75877e+06	260.000000	1.15339e+07	260.000000	1.14154e+07	260.000000	1.29421e+07	
270.000000	2.96553e+09	270.000000	2.10318e+09	270.000000	2.1069e+09	270.000000	2.1108e+09	270.000000	2.10759e+09	270.000000	8.6251e+06	270.000000	3.98886e+06	270.000000	1.2264e+07	270.000000	1.21348e+07	270.000000	1.37931e+07	
280.000000	3.18191e+09	280.000000	2.23512e+09	280.000000	2.2392e+09	280.000000	2.24341e+09	280.000000	2.23993e+09	280.000000	9.12661e+06	280.000000	4.22298e+06	280.000000	1.30073e+07	280.000000	1.28681e+07	280.000000	1.46626e+07	
290.000000	3.40269e+09	290.000000	2.36981e+09	290.000000	2.37424e+09	290.000000	2.37878e+09	290.000000	2.37502e+09	290.000000	9.63463e+06	290.000000	4.46098e+06	290.000000	1.37633e+07	290.000000	1.36147e+07	290.000000	1.55499e+07	
300.000000	3.62776e+09	300.000000	2.50715e+09	300.000000	2.51196e+09	300.000000	2.51682e+09	300.000000	2.51278e+09	300.000000	1.01487e+07	300.000000	4.70267e+06	300.000000	1.45313e+07	300.000000	1.43742e+07	300.000000	1.64545e+07	
310.000000	3.85699e+09	310.000000	2.64709e+09	310.000000	2.65226e+09	310.000000	2.65745e+09	310.000000	2.65312e+09	310.000000	1.06686e+07	310.000000	4.94775e+06	310.000000	1.5311e+07	310.000000	1.51462e+07	310.000000	1.73758e+07	
320.000000	4.09028e+09	320.000000	2.78954e+09	320.000000	2.79508e+09	320.000000	2.80062e+09	320.000000	2.79598e+09	320.000000	1.11937e+07	320.000000	5.19625e+06	320.000000	1.61016e+07	320.000000	1.59302e+07	320.000000	1.83134e+07	
330.000000	4.32752e+09	330.000000	2.93444e+09	330.000000	2.94033e+09	330.000000	2.94623e+09	330.000000	2.94128e+09	330.000000	1.17238e+07	330.000000	5.44812e+06	330.000000	1.69029e+07	330.000000	1.67258e+07	330.000000	1.92666e+07	
340.000000	4.56862e+09	340.000000	3.08172e+09	340.000000	3.08796e+09	340.000000	3.09422e+09	340.000000	3.08895e+09	340.000000	1.22586e+07	340.000000	5.70306e+06	340.000000	1.77142e+07	340.000000	1.75326e+07	340.000000	2.02351e+07	
350.000000	4.81346e+09	350.000000	3.23131e+09	350.000000	3.2379e+09	350.000000	3.24452e+09	350.000000	3.23893e+09	350.000000	1.27976e+07	350.000000	5.96091e+06	350.000000	1.85352e+07	350.000000	1.83501e+07	350.000000	2.12182e+07	
360.000000	5.06195e+09	360.000000	3.38316e+09	360.000000	3.39008e+09	360.000000	3.39708e+09	360.000000	3.39115e+09	360.000000	1.33407e+07	360.000000	6.22167e+06	360.000000	1.93655e+07	360.000000	1.91781e+07	360.000000	2.22156e+07	
370.000000	5.31401e+09	370.000000	3.5372e+09	370.000000	3.54444e+09	370.000000	3.55182e+09	370.000000	3.54555e+09	370.000000	1.38875e+07	370.000000	6.4854e+06	370.000000	2.02046e+07	370.000000	2.00162e+07	370.000000	2.32268e+07	
380.000000	5.56954e+09	380.000000	3.69338e+09	380.000000	3.70091e+09	380.000000	3.70869e+09	380.000000	3.70208e+09	380.000000	1.44377e+07	380.000000	6.75199e+06	380.000000	2.1052e+07	380.000000	2.0864e+07	380.000000	2.42514e+07	
390.000000	5.82845e+09	390.000000	3.85164e+09	390.000000	3.85945e+09	390.000000	3.86763e+09	390.000000	3.86066e+09	390.000000	1.49912e+07	390.000000	7.0212e+06	390.000000	2.19076e+07	390.000000	2.17212e+07	390.000000	2.52889e+07	
400.000000	6.09067e+09	400.000000	4.01193e+09	400.000000	4.02e+09  	400.000000	4.02859e+09	400.000000	4.02125e+09	400.000000	1.55476e+07	400.000000	7.29293e+06	400.000000	2.27708e+07	400.000000	2.25875e+07	400.000000	2.63389e+07	
410.000000	6.35612e+09	410.000000	4.17418e+09	410.000000	4.18249e+09	410.000000	4.1915e+09	410.000000	4.1838e+09	410.000000	1.61067e+07	410.000000	7.56713e+06	410.000000	2.36414e+07	410.000000	2.34625e+07	410.000000	2.74012e+07	
420.000000	6.6247e+09	420.000000	4.33836e+09	420.000000	4.34688e+09	420.000000	4.35633e+09	420.000000	4.34824e+09	420.000000	1.66683e+07	420.000000	7.84364e+06	420.000000	2.4519e+07	420.000000	2.43459e+07	420.000000	2.84751e+07	
430.000000	6.89636e+09	430.000000	4.50442e+09	430.000000	4.51312e+09	430.000000	4.52301e+09	430.000000	4.51454e+09	430.000000	1.72322e+07	430.000000	8.12226e+06	430.000000	2.54033e+07	430.000000	2.52375e+07	430.000000	2.95605e+07	
440.000000	7.17101e+09	440.000000	4.6723e+09	440.000000	4.68117e+09	440.000000	4.69149e+09	440.000000	4.68264e+09	440.000000	1.77981e+07	440.000000	8.403e+06 	440.000000	2.6294e+07	440.000000	2.6137e+07	440.000000	3.0657e+07	
450.000000	7.44859e+09	450.000000	4.84196e+09	450.000000	4.85098e+09	450.000000	4.86174e+09	450.000000	4.85248e+09	450.000000	1.83659e+07	450.000000	8.68592e+06	450.000000	2.71907e+07	450.000000	2.70441e+07	450.000000	3.17641e+07	
460.000000	7.72902e+09	460.000000	5.01336e+09	460.000000	5.02249e+09	460.000000	5.0337e+09	460.000000	5.02404e+09	460.000000	1.89355e+07	460.000000	8.97101e+06	460.000000	2.80933e+07	460.000000	2.79586e+07	460.000000	3.28816e+07	
470.000000	8.01224e+09	470.000000	5.18645e+09	470.000000	5.19566e+09	470.000000	5.20733e+09	470.000000	5.19726e+09	470.000000	1.95065e+07	470.000000	9.25822e+06	470.000000	2.90014e+07	470.000000	2.88801e+07	470.000000	3.40091e+07	
480.000000	8.29818e+09	480.000000	5.3612e+09	480.000000	5.37044e+09	480.000000	5.38258e+09	480.000000	5.3721e+09	480.000000	2.00789e+07	480.000000	9.54739e+06	480.000000	2.99147e+07	480.000000	2.98085e+07	480.000000	3.51463e+07	
490.000000	8.58678e+09	490.000000	5.53755e+09	490.000000	5.54681e+09	490.000000	5.55942e+09	490.000000	5.54852e+09	490.000000	2.06525e+07	490.000000	9.83837e+06	490.000000	3.0833e+07	490.000000	3.07434e+07	490.000000	3.62929e+07	
500.000000	8.87798e+09	500.000000	5.71547e+09	500.000000	5.72471e+09	500.000000	5.7378e+09	500.000000	5.72648e+09	500.000000	2.12272e+07	500.000000	1.01311e+07	500.000000	3.17561e+07	500.000000	3.16848e+07	500.000000	3.74487e+07	
520.000000	9.46794e+09	520.000000	6.07588e+09	520.000000	6.08499e+09	520.000000	6.09904e+09	520.000000	6.08685e+09	520.000000	2.23791e+07	520.000000	1.07218e+07	520.000000	3.36157e+07	520.000000	3.35857e+07	520.000000	3.97864e+07	
540.000000	1.00676e+10	540.000000	6.44213e+09	540.000000	6.45096e+09	540.000000	6.46599e+09	540.000000	6.45292e+09	540.000000	2.35336e+07	540.000000	1.13195e+07	540.000000	3.54916e+07	540.000000	3.55095e+07	540.000000	4.21572e+07	
560.000000	1.06765e+10	560.000000	6.81395e+09	560.000000	6.82233e+09	560.000000	6.83838e+09	560.000000	6.8244e+09	560.000000	2.46897e+07	560.000000	1.19233e+07	560.000000	3.73822e+07	560.000000	3.74546e+07	560.000000	4.45591e+07	
580.000000	1.12943e+10	580.000000	7.19107e+09	580.000000	7.19886e+09	580.000000	7.21594e+09	580.000000	7.20103e+09	580.000000	2.58466e+07	580.000000	1.25333e+07	580.000000	3.9286e+07	580.000000	3.94195e+07	580.000000	4.69901e+07	
600.000000	1.19205e+10	600.000000	7.57324e+09	600.000000	7.58028e+09	600.000000	7.59842e+09	600.000000	7.58256e+09	600.000000	2.70035e+07	600.000000	1.31492e+07	600.000000	4.12016e+07	600.000000	4.14029e+07	600.000000	4.94483e+07	
620.000000	1.25548e+10	620.000000	7.96024e+09	620.000000	7.96636e+09	620.000000	7.98557e+09	620.000000	7.96875e+09	620.000000	2.81596e+07	620.000000	1.37705e+07	620.000000	4.31276e+07	620.000000	4.34033e+07	620.000000	5.1932e+07	
640.000000	1.31969e+10	640.000000	8.35184e+09	640.000000	8.35686e+09	640.000000	8.37718e+09	640.000000	8.35939e+09	640.000000	2.93144e+07	640.000000	1.43966e+07	640.000000	4.50629e+07	640.000000	4.54196e+07	640.000000	5.44396e+07	
660.000000	1.38463e+10	660.000000	8.74783e+09	660.000000	8.7516e+09	660.000000	8.77304e+09	660.000000	8.75425e+09	660.000000	3.04672e+07	660.000000	1.50275e+07	660.000000	4.70063e+07	660.000000	4.74507e+07	660.000000	5.69695e+07	
680.000000	1.45029e+10	680.000000	9.14802e+09	680.000000	9.15039e+09	680.000000	9.17294e+09	680.000000	9.15315e+09	680.000000	3.16176e+07	680.000000	1.56629e+07	680.000000	4.89568e+07	680.000000	4.94953e+07	680.000000	5.95202e+07	
700.000000	1.51661e+10	700.000000	9.55221e+09	700.000000	9.55302e+09	700.000000	9.5767e+09	700.000000	9.55588e+09	700.000000	3.2765e+07	700.000000	1.63026e+07	700.000000	5.09134e+07	700.000000	5.15524e+07	700.000000	6.20905e+07	
720.000000	1.58359e+10	720.000000	9.96022e+09	720.000000	9.95932e+09	720.000000	9.98414e+09	720.000000	9.96228e+09	720.000000	3.39091e+07	720.000000	1.69466e+07	720.000000	5.28752e+07	720.000000	5.36212e+07	720.000000	6.46789e+07	
740.000000	1.65119e+10	740.000000	1.03719e+10	740.000000	1.03691e+10	740.000000	1.03951e+10	740.000000	1.03722e+10	740.000000	3.50494e+07	740.000000	1.75946e+07	740.000000	5.48413e+07	740.000000	5.57006e+07	740.000000	6.72843e+07	
760.000000	1.71937e+10	760.000000	1.0787e+10	760.000000	1.07822e+10	760.000000	1.08094e+10	760.000000	1.07854e+10	760.000000	3.61857e+07	760.000000	1.82461e+07	760.000000	5.68111e+07	760.000000	5.77899e+07	760.000000	6.99054e+07	
780.000000	1.78813e+10	780.000000	1.12055e+10	780.000000	1.11985e+10	780.000000	1.12269e+10	780.000000	1.12018e+10	780.000000	3.73177e+07	780.000000	1.89009e+07	780.000000	5.87836e+07	780.000000	5.98881e+07	780.000000	7.25412e+07	
800.000000	1.85743e+10	800.000000	1.16272e+10	800.000000	1.16178e+10	800.000000	1.16474e+10	800.000000	1.16213e+10	800.000000	3.84449e+07	800.000000	1.95588e+07	800.000000	6.07584e+07	800.000000	6.19946e+07	800.000000	7.51907e+07	
820.000000	1.92724e+10	820.000000	1.20519e+10	820.000000	1.20401e+10	820.000000	1.20709e+10	820.000000	1.20437e+10	820.000000	3.95673e+07	820.000000	2.02201e+07	820.000000	6.27347e+07	820.000000	6.41086e+07	820.000000	7.78528e+07	
840.000000	1.99756e+10	840.000000	1.24795e+10	840.000000	1.24651e+10	840.000000	1.24971e+10	840.000000	1.24688e+10	840.000000	4.06846e+07	840.000000	2.08847e+07	840.000000	6.4712e+07	840.000000	6.62294e+07	840.000000	8.05265e+07	
860.000000	2.06834e+10	860.000000	1.291e+10 	860.000000	1.28928e+10	860.000000	1.2926e+10	860.000000	1.28966e+10	860.000000	4.17966e+07	860.000000	2.15526e+07	860.000000	6.66897e+07	860.000000	6.83564e+07	860.000000	8.32111e+07	
880.000000	2.13958e+10	880.000000	1.3343e+10	880.000000	1.3323e+10	880.000000	1.33575e+10	880.000000	1.33269e+10	880.000000	4.29031e+07	880.000000	2.22236e+07	880.000000	6.86673e+07	880.000000	7.04889e+07	880.000000	8.59056e+07	
900.000000	2.21126e+10	900.000000	1.37786e+10	900.000000	1.37556e+10	900.000000	1.37913e+10	900.000000	1.37596e+10	900.000000	4.4004e+07	900.000000	2.28975e+07	900.000000	7.06443e+07	900.000000	7.26264e+07	900.000000	8.86094e+07	
920.000000	2.28335e+10	920.000000	1.42167e+10	920.000000	1.41905e+10	920.000000	1.42275e+10	920.000000	1.41947e+10	920.000000	4.50991e+07	920.000000	2.3574e+07	920.000000	7.26204e+07	920.000000	7.47683e+07	920.000000	9.13215e+07	
940.000000	2.35584e+10	940.000000	1.4657e+10	940.000000	1.46277e+10	940.000000	1.46659e+10	940.000000	1.4632e+10	940.000000	4.61884e+07	940.000000	2.42529e+07	940.000000	7.4595e+07	940.000000	7.69142e+07	940.000000	9.40413e+07	
960.000000	2.4287e+10	960.000000	1.50996e+10	960.000000	1.50669e+10	960.000000	1.51065e+10	960.000000	1.50713e+10	960.000000	4.72718e+07	960.000000	2.49342e+07	960.000000	7.65679e+07	960.000000	7.90635e+07	960.000000	9.67681e+07	
980.000000	2.50193e+10	980.000000	1.55443e+10	980.000000	1.55082e+10	980.000000	1.55491e+10	980.000000	1.55127e+10	980.000000	4.8349e+07	980.000000	2.56176e+07	980.000000	7.85386e+07	980.000000	8.12157e+07	980.000000	9.95013e+07	
1000.000000	2.5755e+10	1000.000000	1.5991e+10	1000.000000	1.59515e+10	1000.000000	1.59936e+10	1000.000000	1.59561e+10	1000.000000	4.94202e+07	1000.000000	2.63032e+07	1000.000000	8.05069e+07	1000.000000	8.33705e+07	1000.000000	1.0224e+08	
1020.000000	2.6494e+10	1020.000000	1.64396e+10	1020.000000	1.63966e+10	1020.000000	1.644e+10 	1020.000000	1.64013e+10	1020.000000	5.04852e+07	1020.000000	2.69909e+07	1020.000000	8.24724e+07	1020.000000	8.55274e+07	1020.000000	1.04984e+08	
1040.000000	2.72362e+10	1040.000000	1.68901e+10	1040.000000	1.68435e+10	1040.000000	1.68881e+10	1040.000000	1.68483e+10	1040.000000	5.1544e+07	1040.000000	2.76809e+07	1040.000000	8.44348e+07	1040.000000	8.7686e+07	1040.000000	1.07733e+08	
1060.000000	2.79813e+10	1060.000000	1.73423e+10	1060.000000	1.7292e+10	1060.000000	1.7338e+10	1060.000000	1.7297e+10	1060.000000	5.25966e+07	1060.000000	2.83732e+07	1060.000000	8.6394e+07	1060.000000	8.9846e+07	1060.000000	1.10486e+08	
1080.000000	2.87293e+10	1080.000000	1.77962e+10	1080.000000	1.77422e+10	1080.000000	1.77895e+10	1080.000000	1.77473e+10	1080.000000	5.36428e+07	1080.000000	2.90678e+07	1080.000000	8.83495e+07	1080.000000	9.2007e+07	1080.000000	1.13242e+08	
1100.000000	2.94801e+10	1100.000000	1.82518e+10	1100.000000	1.81939e+10	1100.000000	1.82426e+10	1100.000000	1.81991e+10	1100.000000	5.46827e+07	1100.000000	2.97646e+07	1100.000000	9.03014e+07	1100.000000	9.41686e+07	1100.000000	1.16002e+08	
1120.000000	3.02334e+10	1120.000000	1.87088e+10	1120.000000	1.86472e+10	1120.000000	1.86971e+10	1120.000000	1.86525e+10	1120.000000	5.57164e+07	1120.000000	3.04635e+07	1120.000000	9.22492e+07	1120.000000	9.63306e+07	1120.000000	1.18764e+08	
1140.000000	3.09891e+10	1140.000000	1.91673e+10	1140.000000	1.91018e+10	1140.000000	1.91531e+10	1140.000000	1.91073e+10	1140.000000	5.67437e+07	1140.000000	3.11643e+07	1140.000000	9.41928e+07	1140.000000	9.84927e+07	1140.000000	1.21528e+08	
1160.000000	3.17472e+10	1160.000000	1.96272e+10	1160.000000	1.95578e+10	1160.000000	1.96105e+10	1160.000000	1.95634e+10	1160.000000	5.77646e+07	1160.000000	3.1867e+07	1160.000000	9.61321e+07	1160.000000	1.00654e+08	1160.000000	1.24294e+08	
1180.000000	3.25076e+10	1180.000000	2.00884e+10	1180.000000	2.00152e+10	1180.000000	2.00691e+10	1180.000000	2.00208e+10	1180.000000	5.87793e+07	1180.000000	3.25714e+07	1180.000000	9.80668e+07	1180.000000	1.02816e+08	1180.000000	1.27062e+08	
1200.000000	3.327e+10 	1200.000000	2.05509e+10	1200.000000	2.04737e+10	1200.000000	2.05291e+10	1200.000000	2.04795e+10	1200.000000	5.97876e+07	1200.000000	3.32774e+07	1200.000000	9.99968e+07	1200.000000	1.04976e+08	1200.000000	1.2983e+08	
1220.000000	3.40344e+10	1220.000000	2.10145e+10	1220.000000	2.09335e+10	1220.000000	2.09902e+10	1220.000000	2.09394e+10	1220.000000	6.07896e+07	1220.000000	3.39851e+07	1220.000000	1.01922e+08	1220.000000	1.07136e+08	1220.000000	1.326e+08 	
1240.000000	3.48007e+10	1240.000000	2.14793e+10	1240.000000	2.13944e+10	1240.000000	2.14525e+10	1240.000000	2.14005e+10	1240.000000	6.17854e+07	1240.000000	3.46944e+07	1240.000000	1.03842e+08	1240.000000	1.09294e+08	1240.000000	1.35369e+08	
1260.000000	3.55688e+10	1260.000000	2.19452e+10	1260.000000	2.18565e+10	1260.000000	2.19159e+10	1260.000000	2.18626e+10	1260.000000	6.27749e+07	1260.000000	3.54053e+07	1260.000000	1.05758e+08	1260.000000	1.11451e+08	1260.000000	1.38139e+08	
1280.000000	3.63386e+10	1280.000000	2.24121e+10	1280.000000	2.23195e+10	1280.000000	2.23803e+10	1280.000000	2.23258e+10	1280.000000	6.37581e+07	1280.000000	3.61178e+07	1280.000000	1.07668e+08	1280.000000	1.13607e+08	1280.000000	1.40909e+08	
1300.000000	3.711e+10 	1300.000000	2.288e+10 	1300.000000	2.27836e+10	1300.000000	2.28457e+10	1300.000000	2.279e+10 	1300.000000	6.47352e+07	1300.000000	3.68319e+07	1300.000000	1.09572e+08	1300.000000	1.1576e+08	1300.000000	1.43678e+08	
1320.000000	3.78829e+10	1320.000000	2.33488e+10	1320.000000	2.32486e+10	1320.000000	2.33122e+10	1320.000000	2.32552e+10	1320.000000	6.57061e+07	1320.000000	3.75475e+07	1320.000000	1.11472e+08	1320.000000	1.17912e+08	1320.000000	1.46446e+08	
1340.000000	3.86572e+10	1340.000000	2.38185e+10	1340.000000	2.37146e+10	1340.000000	2.37795e+10	1340.000000	2.37213e+10	1340.000000	6.66709e+07	1340.000000	3.82646e+07	1340.000000	1.13365e+08	1340.000000	1.20061e+08	1340.000000	1.49213e+08	
1360.000000	3.94328e+10	1360.000000	2.4289e+10	1360.000000	2.41814e+10	1360.000000	2.42477e+10	1360.000000	2.41883e+10	1360.000000	6.76296e+07	1360.000000	3.89832e+07	1360.000000	1.15254e+08	1360.000000	1.22208e+08	1360.000000	1.51979e+08	
1380.000000	4.02096e+10	1380.000000	2.47602e+10	1380.000000	2.46491e+10	1380.000000	2.47168e+10	1380.000000	2.46561e+10	1380.000000	6.85822e+07	1380.000000	3.97032e+07	1380.000000	1.17136e+08	1380.000000	1.24352e+08	1380.000000	1.54743e+08	
1400.000000	4.09876e+10	1400.000000	2.52322e+10	1400.000000	2.51175e+10	1400.000000	2.51867e+10	1400.000000	2.51247e+10	1400.000000	6.95288e+07	1400.000000	4.04246e+07	1400.000000	1.19013e+08	1400.000000	1.26494e+08	1400.000000	1.57506e+08	
1420.000000	4.17667e+10	1420.000000	2.5705e+10	1420.000000	2.55868e+10	1420.000000	2.56573e+10	1420.000000	2.55941e+10	1420.000000	7.04694e+07	1420.000000	4.11475e+07	1420.000000	1.20885e+08	1420.000000	1.28633e+08	1420.000000	1.60266e+08	
1440.000000	4.25468e+10	1440.000000	2.61783e+10	1440.000000	2.60568e+10	1440.000000	2.61287e+10	1440.000000	2.60642e+10	1440.000000	7.14042e+07	1440.000000	4.18717e+07	1440.000000	1.2275e+08	1440.000000	1.30769e+08	1440.000000	1.63025e+08	
1460.000000	4.33278e+10	1460.000000	2.66523e+10	1460.000000	2.65275e+10	1460.000000	2.66008e+10	1460.000000	2.65351e+10	1460.000000	7.2333e+07	1460.000000	4.25973e+07	1460.000000	1.2461e+08	1460.000000	1.32902e+08	1460.000000	1.65781e+08	
1480.000000	4.41096e+10	1480.000000	2.71268e+10	1480.000000	2.69989e+10	1480.000000	2.70736e+10	1480.000000	2.70066e+10	1480.000000	7.3256e+07	1480.000000	4.33243e+07	1480.000000	1.26464e+08	1480.000000	1.35032e+08	1480.000000	1.68534e+08	
1500.000000	4.48923e+10	1500.000000	2.76019e+10	1500.000000	2.7471e+10	1500.000000	2.7547e+10	1500.000000	2.74788e+10	1500.000000	7.41732e+07	1500.000000	4.40527e+07	1500.000000	1.28312e+08	1500.000000	1.37159e+08	1500.000000	1.71285e+08	
1520.000000	4.56756e+10	1520.000000	2.80775e+10	1520.000000	2.79436e+10	1520.000000	2.80211e+10	1520.000000	2.79515e+10	1520.000000	7.50847e+07	1520.000000	4.47824e+07	1520.000000	1.30154e+08	1520.000000	1.39282e+08	1520.000000	1.74033e+08	
1540.000000	4.64597e+10	1540.000000	2.85536e+10	1540.000000	2.84169e+10	1540.000000	2.84957e+10	1540.000000	2.84249e+10	1540.000000	7.59905e+07	1540.000000	4.55133e+07	1540.000000	1.3199e+08	1540.000000	1.41402e+08	1540.000000	1.76778e+08	
1560.000000	4.72443e+10	1560.000000	2.90301e+10	1560.000000	2.88907e+10	1560.000000	2.89709e+10	1560.000000	2.88988e+10	1560.000000	7.68906e+07	1560.000000	4.62456e+07	1560.000000	1.3382e+08	1560.000000	1.43518e+08	1560.000000	1.79519e+08	
1580.000000	4.80294e+10	1580.000000	2.9507e+10	1580.000000	2.9365e+10	1580.000000	2.94467e+10	1580.000000	2.93733e+10	1580.000000	7.77852e+07	1580.000000	4.69791e+07	1580.000000	1.35644e+08	1580.000000	1.4563e+08	1580.000000	1.82258e+08	
1600.000000	4.8815e+10	1600.000000	2.99842e+10	1600.000000	2.98399e+10	1600.000000	2.99229e+10	1600.000000	2.98483e+10	1600.000000	7.86742e+07	1600.000000	4.77138e+07	1600.000000	1.37462e+08	1600.000000	1.47739e+08	1600.000000	1.84992e+08	
1620.000000	4.96011e+10	1620.000000	3.04618e+10	1620.000000	3.03153e+10	1620.000000	3.03997e+10	1620.000000	3.03238e+10	1620.000000	7.95578e+07	1620.000000	4.84497e+07	1620.000000	1.39273e+08	1620.000000	1.49844e+08	1620.000000	1.87724e+08	
1640.000000	5.03874e+10	1640.000000	3.09398e+10	1640.000000	3.07911e+10	1640.000000	3.08769e+10	1640.000000	3.07997e+10	1640.000000	8.04359e+07	1640.000000	4.91866e+07	1640.000000	1.41079e+08	1640.000000	1.51945e+08	1640.000000	1.90451e+08	
1660.000000	5.11741e+10	1660.000000	3.1418e+10	1660.000000	3.12673e+10	1660.000000	3.13545e+10	1660.000000	3.12761e+10	1660.000000	8.13086e+07	1660.000000	4.99246e+07	1660.000000	1.42879e+08	1660.000000	1.54042e+08	1660.000000	1.93175e+08	
1680.000000	5.19611e+10	1680.000000	3.18964e+10	1680.000000	3.1744e+10	1680.000000	3.18326e+10	1680.000000	3.17529e+10	1680.000000	8.2176e+07	1680.000000	5.06637e+07	1680.000000	1.44673e+08	1680.000000	1.56136e+08	1680.000000	1.95895e+08	
1700.000000	5.27482e+10	1700.000000	3.23751e+10	1700.000000	3.22211e+10	1700.000000	3.23111e+10	1700.000000	3.22301e+10	1700.000000	8.30381e+07	1700.000000	5.14037e+07	1700.000000	1.46461e+08	1700.000000	1.58225e+08	1700.000000	1.9861e+08	
1750.000000	5.47167e+10	1750.000000	3.35727e+10	1750.000000	3.34154e+10	1750.000000	3.35089e+10	1750.000000	3.34247e+10	1750.000000	8.51707e+07	1750.000000	5.32584e+07	1750.000000	1.50903e+08	1750.000000	1.63429e+08	1750.000000	2.05381e+08	
1800.000000	5.66854e+10	1800.000000	3.47712e+10	1800.000000	3.46118e+10	1800.000000	3.47089e+10	1800.000000	3.46214e+10	1800.000000	8.72713e+07	1800.000000	5.51195e+07	1800.000000	1.55308e+08	1800.000000	1.68607e+08	1800.000000	2.12125e+08	
1850.000000	5.86537e+10	1850.000000	3.59702e+10	1850.000000	3.581e+10 	1850.000000	3.59107e+10	1850.000000	3.582e+10 	1850.000000	8.93409e+07	1850.000000	5.69871e+07	1850.000000	1.59676e+08	1850.000000	1.73757e+08	1850.000000	2.18841e+08	
1900.000000	6.06209e+10	1900.000000	3.71695e+10	1900.000000	3.70098e+10	1900.000000	3.7114e+10	1900.000000	3.70202e+10	1900.000000	9.13802e+07	1900.000000	5.88615e+07	1900.000000	1.64006e+08	1900.000000	1.78879e+08	1900.000000	2.25526e+08	
1950.000000	6.25865e+10	1950.000000	3.83687e+10	1950.000000	3.8211e+10	1950.000000	3.83188e+10	1950.000000	3.82217e+10	1950.000000	9.339e+07 	1950.000000	6.07426e+07	1950.000000	1.68298e+08	1950.000000	1.83973e+08	1950.000000	2.32182e+08	
2000.000000	6.45499e+10	2000.000000	3.95675e+10	2000.000000	3.94134e+10	2000.000000	3.95247e+10	2000.000000	3.94244e+10	2000.000000	9.5371e+07	2000.000000	6.26305e+07	2000.000000	1.72554e+08	2000.000000	1.89039e+08	2000.000000	2.38806e+08	
2100.000000	6.84684e+10	2100.000000	4.19633e+10	2100.000000	4.1821e+10	2100.000000	4.19394e+10	2100.000000	4.18327e+10	2100.000000	9.92498e+07	2100.000000	6.64263e+07	2100.000000	1.80956e+08	2100.000000	1.99082e+08	2100.000000	2.51959e+08	
2200.000000	7.23727e+10	2200.000000	4.43549e+10	2200.000000	4.42313e+10	2200.000000	4.43567e+10	2200.000000	4.42436e+10	2200.000000	1.03022e+08	2200.000000	7.0248e+07	2200.000000	1.89216e+08	2200.000000	2.09007e+08	2200.000000	2.64981e+08	
2300.000000	7.62598e+10	2300.000000	4.67408e+10	2300.000000	4.66433e+10	2300.000000	4.67756e+10	2300.000000	4.66561e+10	2300.000000	1.06694e+08	2300.000000	7.40945e+07	2300.000000	1.97336e+08	2300.000000	2.18814e+08	2300.000000	2.77869e+08	
2400.000000	8.01271e+10	2400.000000	4.91197e+10	2400.000000	4.90559e+10	2400.000000	4.91952e+10	2400.000000	4.90692e+10	2400.000000	1.1027e+08	2400.000000	7.79646e+07	2400.000000	2.05319e+08	2400.000000	2.28502e+08	2400.000000	2.90621e+08	
2500.000000	8.39724e+10	2500.000000	5.14904e+10	2500.000000	5.14684e+10	2500.000000	5.16146e+10	2500.000000	5.14823e+10	2500.000000	1.13755e+08	2500.000000	8.18573e+07	2500.000000	2.13171e+08	2500.000000	2.38071e+08	2500.000000	3.03236e+08	
2600.000000	8.77936e+10	2600.000000	5.3852e+10	2600.000000	5.388e+10 	2600.000000	5.40332e+10	2600.000000	5.38945e+10	2600.000000	1.17153e+08	2600.000000	8.57717e+07	2600.000000	2.20894e+08	2600.000000	2.47524e+08	2600.000000	3.15715e+08	
2700.000000	9.15893e+10	2700.000000	5.62036e+10	2700.000000	5.62903e+10	2700.000000	5.64505e+10	2700.000000	5.63054e+10	2700.000000	1.2047e+08	2700.000000	8.97074e+07	2700.000000	2.28493e+08	2700.000000	2.56861e+08	2700.000000	3.28058e+08	
2800.000000	9.53578e+10	2800.000000	5.85446e+10	2800.000000	5.86987e+10	2800.000000	5.88658e+10	2800.000000	5.87145e+10	2800.000000	1.23709e+08	2800.000000	9.3664e+07	2800.000000	2.3597e+08	2800.000000	2.66083e+08	2800.000000	3.40266e+08	
2900.000000	9.90982e+10	2900.000000	6.08742e+10	2900.000000	6.11049e+10	2900.000000	6.1279e+10	2900.000000	6.11213e+10	2900.000000	1.26873e+08	2900.000000	9.76412e+07	2900.000000	2.43331e+08	2900.000000	2.75192e+08	2900.000000	3.52339e+08	
3000.000000	1.02809e+11	3000.000000	6.3192e+10	3000.000000	6.35084e+10	3000.000000	6.36895e+10	3000.000000	6.35255e+10	3000.000000	1.29966e+08	3000.000000	1.01639e+08	3000.000000	2.50578e+08	3000.000000	2.8419e+08	3000.000000	3.6428e+08	
3200.000000	1.10141e+11	3200.000000	6.77905e+10	3200.000000	6.83067e+10	3200.000000	6.85016e+10	3200.000000	6.83252e+10	3200.000000	1.35954e+08	3200.000000	1.09695e+08	3200.000000	2.64745e+08	3200.000000	3.01861e+08	3200.000000	3.87771e+08	
3400.000000	1.17347e+11	3400.000000	7.23373e+10	3400.000000	7.30918e+10	3400.000000	7.33004e+10	3400.000000	7.31116e+10	3400.000000	1.41695e+08	3400.000000	1.17832e+08	3400.000000	2.78499e+08	3400.000000	3.19112e+08	3400.000000	4.10754e+08	
3600.000000	1.24425e+11	3600.000000	7.68306e+10	3600.000000	7.78625e+10	3600.000000	7.80845e+10	3600.000000	7.78834e+10	3600.000000	1.47211e+08	3600.000000	1.26048e+08	3600.000000	2.91865e+08	3600.000000	3.35961e+08	3600.000000	4.33245e+08	
3800.000000	1.31374e+11	3800.000000	8.12691e+10	3800.000000	8.26177e+10	3800.000000	8.2853e+10	3800.000000	8.26398e+10	3800.000000	1.5252e+08	3800.000000	1.34343e+08	3800.000000	3.04867e+08	3800.000000	3.52424e+08	3800.000000	4.55263e+08	
4000.000000	1.38191e+11	4000.000000	8.56522e+10	4000.000000	8.7357e+10	4000.000000	8.76055e+10	4000.000000	8.73803e+10	4000.000000	1.57639e+08	4000.000000	1.42715e+08	4000.000000	3.17525e+08	4000.000000	3.68517e+08	4000.000000	4.76826e+08	
4200.000000	1.44878e+11	4200.000000	8.99795e+10	4200.000000	9.20799e+10	4200.000000	9.23415e+10	4200.000000	9.21043e+10	4200.000000	1.62583e+08	4200.000000	1.51163e+08	4200.000000	3.29861e+08	4200.000000	3.84257e+08	4200.000000	4.97951e+08	
4400.000000	1.51435e+11	4400.000000	9.42511e+10	4400.000000	9.67863e+10	4400.000000	9.70608e+10	4400.000000	9.68118e+10	4400.000000	1.67365e+08	4400.000000	1.59686e+08	4400.000000	3.41891e+08	4400.000000	3.99659e+08	4400.000000	5.18656e+08	
4600.000000	1.57864e+11	4600.000000	9.84673e+10	4600.000000	1.01476e+11	4600.000000	1.01763e+11	4600.000000	1.01503e+11	4600.000000	1.71996e+08	4600.000000	1.68283e+08	4600.000000	3.53634e+08	4600.000000	4.14737e+08	4600.000000	5.38957e+08	
4800.000000	1.64166e+11	4800.000000	1.02629e+11	4800.000000	1.06149e+11	4800.000000	1.06449e+11	4800.000000	1.06177e+11	4800.000000	1.76486e+08	4800.000000	1.76953e+08	4800.000000	3.65104e+08	4800.000000	4.29507e+08	4800.000000	5.58871e+08	
5000.000000	1.70343e+11	5000.000000	1.06735e+11	5000.000000	1.10806e+11	5000.000000	1.11119e+11	5000.000000	1.10835e+11	5000.000000	1.80846e+08	5000.000000	1.85695e+08	5000.000000	3.76317e+08	5000.000000	4.43981e+08	5000.000000	5.78413e+08	
5250.000000	1.77893e+11	5250.000000	1.11794e+11	5250.000000	1.16604e+11	5250.000000	1.16933e+11	5250.000000	1.16634e+11	5250.000000	1.86125e+08	5250.000000	1.96722e+08	5250.000000	3.8999e+08	5250.000000	4.61677e+08	5250.000000	6.02341e+08	
5500.000000	1.85256e+11	5500.000000	1.1677e+11	5500.000000	1.22378e+11	5500.000000	1.22721e+11	5500.000000	1.22409e+11	5500.000000	1.91228e+08	5500.000000	2.07858e+08	5500.000000	4.03306e+08	5500.000000	4.78953e+08	5500.000000	6.25738e+08	
6000.000000	1.99443e+11	6000.000000	1.26482e+11	6000.000000	1.33851e+11	6000.000000	1.34225e+11	6000.000000	1.33885e+11	6000.000000	2.00957e+08	6000.000000	2.30449e+08	6000.000000	4.28947e+08	6000.000000	5.12331e+08	6000.000000	6.71043e+08	
6500.000000	2.12945e+11	6500.000000	1.35886e+11	6500.000000	1.4523e+11	6500.000000	1.45634e+11	6500.000000	1.45267e+11	6500.000000	2.10123e+08	6500.000000	2.53454e+08	6500.000000	4.53394e+08	6500.000000	5.44271e+08	6500.000000	7.14516e+08	
7000.000000	2.25804e+11	7000.000000	1.44998e+11	7000.000000	1.56521e+11	7000.000000	1.56954e+11	7000.000000	1.5656e+11	7000.000000	2.18798e+08	7000.000000	2.76861e+08	7000.000000	4.76773e+08	7000.000000	5.74907e+08	7000.000000	7.56319e+08	
7500.000000	2.38059e+11	7500.000000	1.53833e+11	7500.000000	1.67726e+11	7500.000000	1.68188e+11	7500.000000	1.67768e+11	7500.000000	2.2704e+08	7500.000000	3.00654e+08	7500.000000	4.99193e+08	7500.000000	6.04356e+08	7500.000000	7.96598e+08	
8000.000000	2.49749e+11	8000.000000	1.62405e+11	8000.000000	1.78851e+11	8000.000000	1.79342e+11	8000.000000	1.78895e+11	8000.000000	2.349e+08 	8000.000000	3.24822e+08	8000.000000	5.20746e+08	8000.000000	6.3272e+08	8000.000000	8.35477e+08	
8500.000000	2.60909e+11	8500.000000	1.70727e+11	8500.000000	1.899e+11 	8500.000000	1.90418e+11	8500.000000	1.89947e+11	8500.000000	2.42418e+08	8500.000000	3.4936e+08	8500.000000	5.4151e+08	8500.000000	6.60089e+08	8500.000000	8.7307e+08	
9000.000000	2.71574e+11	9000.000000	1.78814e+11	9000.000000	2.00877e+11	9000.000000	2.01423e+11	9000.000000	2.00926e+11	9000.000000	2.49628e+08	9000.000000	3.74257e+08	9000.000000	5.61553e+08	9000.000000	6.86542e+08	9000.000000	9.09474e+08	
9500.000000	2.81775e+11	9500.000000	1.86677e+11	9500.000000	2.11786e+11	9500.000000	2.12358e+11	9500.000000	2.11837e+11	9500.000000	2.56559e+08	9500.000000	3.99505e+08	9500.000000	5.80936e+08	9500.000000	7.12147e+08	9500.000000	9.44776e+08	
10000.000000	2.91541e+11	10000.000000	1.94328e+11	10000.000000	2.22629e+11	10000.000000	2.23227e+11	10000.000000	2.22682e+11	10000.000000	2.63237e+08	10000.000000	4.251e+08 	10000.000000	5.9971e+08	10000.000000	7.36967e+08	10000.000000	9.79056e+08	
11000.000000	3.09873e+11	11000.000000	2.09036e+11	11000.000000	2.44131e+11	11000.000000	2.44781e+11	11000.000000	2.44188e+11	11000.000000	2.75919e+08	11000.000000	4.7729e+08	11000.000000	6.35612e+08	11000.000000	7.84468e+08	11000.000000	1.04482e+09	
12000.000000	3.26762e+11	12000.000000	2.23016e+11	12000.000000	2.65407e+11	12000.000000	2.66106e+11	12000.000000	2.65468e+11	12000.000000	2.87818e+08	12000.000000	5.30723e+08	12000.000000	6.69568e+08	12000.000000	8.29422e+08	12000.000000	1.10725e+09	
13000.000000	3.42372e+11	13000.000000	2.36337e+11	13000.000000	2.86475e+11	13000.000000	2.87224e+11	13000.000000	2.86541e+11	13000.000000	2.99045e+08	13000.000000	5.85331e+08	13000.000000	7.01826e+08	13000.000000	8.72134e+08	13000.000000	1.16672e+09	
14000.000000	3.56844e+11	14000.000000	2.49057e+11	14000.000000	3.07353e+11	14000.000000	3.08149e+11	14000.000000	3.07423e+11	14000.000000	3.09688e+08	14000.000000	6.41108e+08	14000.000000	7.32585e+08	14000.000000	9.12859e+08	14000.000000	1.22358e+09	
15000.000000	3.70299e+11	15000.000000	2.61229e+11	15000.000000	3.28056e+11	15000.000000	3.28897e+11	15000.000000	3.28129e+11	15000.000000	3.19821e+08	15000.000000	6.98052e+08	15000.000000	7.62013e+08	15000.000000	9.51808e+08	15000.000000	1.27809e+09	
16000.000000	3.82841e+11	16000.000000	2.72899e+11	16000.000000	3.48596e+11	16000.000000	3.49481e+11	16000.000000	3.48672e+11	16000.000000	3.29501e+08	16000.000000	7.56124e+08	16000.000000	7.90247e+08	16000.000000	9.89157e+08	16000.000000	1.33048e+09	
17000.000000	3.94561e+11	17000.000000	2.84107e+11	17000.000000	3.68983e+11	17000.000000	3.69911e+11	17000.000000	3.69062e+11	17000.000000	3.38777e+08	17000.000000	8.15261e+08	17000.000000	8.17404e+08	17000.000000	1.02506e+09	17000.000000	1.38095e+09	
18000.000000	4.05538e+11	18000.000000	2.94889e+11	18000.000000	3.89229e+11	18000.000000	3.90199e+11	18000.000000	3.89311e+11	18000.000000	3.4769e+08	18000.000000	8.75396e+08	18000.000000	8.43583e+08	18000.000000	1.05964e+09	18000.000000	1.42966e+09	
19000.000000	4.1584e+11	19000.000000	3.05276e+11	19000.000000	4.09342e+11	19000.000000	4.10353e+11	19000.000000	4.09427e+11	19000.000000	3.56274e+08	19000.000000	9.36468e+08	19000.000000	8.6887e+08	19000.000000	1.09302e+09	19000.000000	1.47676e+09	
20000.000000	4.2553e+11	20000.000000	3.15297e+11	20000.000000	4.29329e+11	20000.000000	4.3038e+11	20000.000000	4.29418e+11	20000.000000	3.64561e+08	20000.000000	9.98428e+08	20000.000000	8.93339e+08	20000.000000	1.1253e+09	20000.000000	1.52239e+09	
21000.000000	4.34659e+11	21000.000000	3.24977e+11	21000.000000	4.49197e+11	21000.000000	4.50289e+11	21000.000000	4.4929e+11	21000.000000	3.72574e+08	21000.000000	1.06124e+09	21000.000000	9.17054e+08	21000.000000	1.15655e+09	21000.000000	1.56665e+09	
22000.000000	4.43276e+11	22000.000000	3.3434e+11	22000.000000	4.68954e+11	22000.000000	4.70085e+11	22000.000000	4.69052e+11	22000.000000	3.80337e+08	22000.000000	1.12494e+09	22000.000000	9.40073e+08	22000.000000	1.18686e+09	22000.000000	1.60965e+09	
23000.000000	4.51422e+11	23000.000000	3.43406e+11	23000.000000	4.88606e+11	23000.000000	4.89774e+11	23000.000000	4.88707e+11	23000.000000	3.8787e+08	23000.000000	1.18952e+09	23000.000000	9.62445e+08	23000.000000	1.21629e+09	23000.000000	1.65147e+09	
24000.000000	4.59136e+11	24000.000000	3.52193e+11	24000.000000	5.08158e+11	24000.000000	5.09363e+11	24000.000000	5.08263e+11	24000.000000	3.95188e+08	24000.000000	1.25492e+09	24000.000000	9.84216e+08	24000.000000	1.24491e+09	24000.000000	1.69219e+09	
25000.000000	4.66451e+11	25000.000000	3.6072e+11	25000.000000	5.27614e+11	25000.000000	5.28855e+11	25000.000000	5.27723e+11	25000.000000	4.02309e+08	25000.000000	1.32111e+09	25000.000000	1.00543e+09	25000.000000	1.27276e+09	25000.000000	1.73189e+09	
26000.000000	4.73397e+11	26000.000000	3.69e+11  	26000.000000	5.46979e+11	26000.000000	5.48255e+11	26000.000000	5.47092e+11	26000.000000	4.09244e+08	26000.000000	1.38808e+09	26000.000000	1.02611e+09	26000.000000	1.29989e+09	26000.000000	1.77062e+09	
27000.000000	4.8e+11   	27000.000000	3.77049e+11	27000.000000	5.66258e+11	27000.000000	5.67567e+11	27000.000000	5.66374e+11	27000.000000	4.16008e+08	27000.000000	1.45582e+09	27000.000000	1.0463e+09	27000.000000	1.32636e+09	27000.000000	1.80844e+09	
28000.000000	4.86287e+11	28000.000000	3.84879e+11	28000.000000	5.85454e+11	28000.000000	5.86796e+11	28000.000000	5.85573e+11	28000.000000	4.22609e+08	28000.000000	1.52432e+09	28000.000000	1.06602e+09	28000.000000	1.35219e+09	28000.000000	1.84541e+09	
29000.000000	4.92279e+11	29000.000000	3.92502e+11	29000.000000	6.04571e+11	29000.000000	6.05944e+11	29000.000000	6.04693e+11	29000.000000	4.29059e+08	29000.000000	1.59356e+09	29000.000000	1.08531e+09	29000.000000	1.37743e+09	29000.000000	1.88158e+09	
30000.000000	4.97996e+11	30000.000000	3.99929e+11	30000.000000	6.23611e+11	30000.000000	6.25015e+11	30000.000000	6.23737e+11	30000.000000	4.35366e+08	30000.000000	1.66354e+09	30000.000000	1.10418e+09	30000.000000	1.4021e+09	30000.000000	1.91698e+09	
32000.000000	5.08676e+11	32000.000000	4.14235e+11	32000.000000	6.61476e+11	32000.000000	6.62937e+11	32000.000000	6.61608e+11	32000.000000	4.47584e+08	32000.000000	1.80566e+09	32000.000000	1.14077e+09	32000.000000	1.44988e+09	32000.000000	1.98566e+09	
34000.000000	5.18458e+11	34000.000000	4.27869e+11	34000.000000	6.99069e+11	34000.000000	7.00585e+11	34000.000000	6.99207e+11	34000.000000	4.5932e+08	34000.000000	1.95049e+09	34000.000000	1.17595e+09	34000.000000	1.49574e+09	34000.000000	2.05173e+09	
36000.000000	5.27448e+11	36000.000000	4.40892e+11	36000.000000	7.3641e+11	36000.000000	7.37976e+11	36000.000000	7.36555e+11	36000.000000	4.70622e+08	36000.000000	2.09787e+09	36000.000000	1.20984e+09	36000.000000	1.53986e+09	36000.000000	2.11543e+09	
38000.000000	5.35738e+11	38000.000000	4.5336e+11	38000.000000	7.73517e+11	38000.000000	7.75129e+11	38000.000000	7.73668e+11	38000.000000	4.8153e+08	38000.000000	2.24768e+09	38000.000000	1.24257e+09	38000.000000	1.58239e+09	38000.000000	2.17697e+09	
40000.000000	5.43405e+11	40000.000000	4.65317e+11	40000.000000	8.10403e+11	40000.000000	8.12058e+11	40000.000000	8.10561e+11	40000.000000	4.9208e+08	40000.000000	2.39985e+09	40000.000000	1.27422e+09	40000.000000	1.62347e+09	40000.000000	2.23653e+09	
42000.000000	5.50516e+11	42000.000000	4.76806e+11	42000.000000	8.47083e+11	42000.000000	8.48777e+11	42000.000000	8.47248e+11	42000.000000	5.02301e+08	42000.000000	2.55429e+09	42000.000000	1.30489e+09	42000.000000	1.66321e+09	42000.000000	2.29426e+09	
44000.000000	5.57127e+11	44000.000000	4.87863e+11	44000.000000	8.83568e+11	44000.000000	8.85296e+11	44000.000000	8.83739e+11	44000.000000	5.12221e+08	44000.000000	2.71092e+09	44000.000000	1.33465e+09	44000.000000	1.70172e+09	44000.000000	2.3503e+09	
46000.000000	5.63289e+11	46000.000000	4.9852e+11	46000.000000	9.19869e+11	46000.000000	9.21628e+11	46000.000000	9.20047e+11	46000.000000	5.21861e+08	46000.000000	2.86965e+09	46000.000000	1.36356e+09	46000.000000	1.73909e+09	46000.000000	2.40477e+09	
48000.000000	5.69044e+11	48000.000000	5.08805e+11	48000.000000	9.55995e+11	48000.000000	9.57781e+11	48000.000000	9.56181e+11	48000.000000	5.31244e+08	48000.000000	3.03042e+09	48000.000000	1.39169e+09	48000.000000	1.77539e+09	48000.000000	2.45778e+09	
50000.000000	5.74431e+11	50000.000000	5.18745e+11	50000.000000	9.91956e+11	50000.000000	9.93765e+11	50000.000000	9.9215e+11	50000.000000	5.40386e+08	50000.000000	3.19316e+09	50000.000000	1.41908e+09	50000.000000	1.81071e+09	50000.000000	2.50943e+09	
