! 12Li range in Si
! apply ZOOM for details
Energy (MeV/u)1	0 - [He-base] F.Hubert et al, AD&ND Tables 46(1990)1	Energy (MeV/u)2	1 - [H -base] J.F.Ziegler et al,Pergamon Press,NY(low energy)	Energy (MeV/u)3	2 - ATIMA 1.2 LS-theory (recommended for high energy)	Energy (MeV/u)4	3 - ATIMA 1.2 without LS-correction	Energy (MeV/u)5	4 - ATIMA 1.4 H.Weick, improved mean charge formula for HI	Energy (MeV/u)6	5 - Range straggling - method [0] - LISE	Energy (MeV/u)7	6 - Range straggling - method [1] - Atima	Energy (MeV/u)8	7 - Lateral range - method [0] - LISE	Energy (MeV/u)9	8 - Lateral range - method [1] - Atima	Energy (MeV/u)10	9 - Lateral range - method [2] - PDG	
0.001000	0.144428  	0.001000	0.144428  	0.001000	0.0931479 	0.001000	0.0931479 	0.001000	0.0931936 	0.001000	0         	0.001000	0         	0.001000	0.00182882	0.001000	0.00285281	0.001000	0.00140798	
0.002000	0.295551  	0.002000	0.288855  	0.002000	0.186296  	0.002000	0.186296  	0.002000	0.186387  	0.002000	0.0094626 	0.002000	0.0094626 	0.002000	0.0053561 	0.002000	0.00807216	0.002000	0.00427247	
0.005000	0.682545  	0.005000	0.658704  	0.005000	0.4305    	0.005000	0.4305    	0.005000	0.430646  	0.005000	0.0113228 	0.005000	0.0113228 	0.005000	0.0194715 	0.005000	0.0282932 	0.005000	0.0160499 	
0.008000	0.996979  	0.008000	0.959207  	0.008000	0.641925  	0.008000	0.641925  	0.008000	0.642094  	0.008000	0.0114043 	0.008000	0.0114043 	0.008000	0.0360622 	0.008000	0.0514994 	0.008000	0.0301445 	
0.010000	1.18      	0.010000	1.13412   	0.010000	0.770993  	0.010000	0.770993  	0.010000	0.771171  	0.010000	0.0116914 	0.010000	0.0116914 	0.010000	0.0478463 	0.010000	0.0677899 	0.010000	0.0402388 	
0.015000	1.57532   	0.015000	1.51193   	0.015000	1.06475   	0.015000	1.06475   	0.015000	1.06494   	0.015000	0.0131649 	0.015000	0.0131649 	0.015000	0.0787402 	0.015000	0.110044  	0.015000	0.0668936 	
0.020000	1.89642   	0.020000	1.8188    	0.020000	1.31834   	0.020000	1.31834   	0.020000	1.31853   	0.020000	0.0149013 	0.020000	0.0149013 	0.020000	0.109366  	0.020000	0.151608  	0.020000	0.0934519 	
0.025000	2.16388   	0.025000	2.07441   	0.025000	1.53901   	0.025000	1.53901   	0.025000	1.53922   	0.025000	0.0164503 	0.025000	0.0164503 	0.025000	0.138676  	0.025000	0.190762  	0.025000	0.118939  	
0.030000	2.39477   	0.030000	2.29506   	0.030000	1.73638   	0.030000	1.73638   	0.030000	1.73659   	0.030000	0.0177891 	0.030000	0.0177891 	0.030000	0.165351  	0.030000	0.224309  	0.030000	0.14219   	
0.035000	2.59997   	0.035000	2.49118   	0.035000	1.91718   	0.035000	1.91718   	0.035000	1.91738   	0.035000	0.0189646 	0.035000	0.0189646 	0.035000	0.185556  	0.035000	0.248684  	0.035000	0.159844  	
0.040000	2.78631   	0.040000	2.66926   	0.040000	2.08509   	0.040000	2.08509   	0.040000	2.0853    	0.040000	0.0200063 	0.040000	0.0200063 	0.040000	0.201674  	0.040000	0.267807  	0.040000	0.17396   	
0.045000	2.95831   	0.045000	2.83364   	0.045000	2.24281   	0.045000	2.24281   	0.045000	2.24302   	0.045000	0.0209413 	0.045000	0.0209413 	0.045000	0.215309  	0.045000	0.283849  	0.045000	0.185925  	
0.050000	3.11925   	0.050000	2.98745   	0.050000	2.39233   	0.050000	2.39233   	0.050000	2.39254   	0.050000	0.0217922 	0.050000	0.0217407 	0.050000	0.226798  	0.050000	0.297405  	0.050000	0.196028  	
0.055000	3.27153   	0.055000	3.13298   	0.055000	2.53519   	0.055000	2.53519   	0.055000	2.5354    	0.055000	0.0225763 	0.055000	0.0224391 	0.055000	0.236964  	0.055000	0.309394  	0.055000	0.204985  	
0.060000	3.41698   	0.060000	3.27199   	0.060000	2.67259   	0.060000	2.67259   	0.060000	2.6728    	0.060000	0.0233076 	0.060000	0.0230818 	0.060000	0.246054  	0.060000	0.320118  	0.060000	0.213008  	
0.070000	3.6927    	0.070000	3.5355    	0.070000	2.93466   	0.070000	2.93466   	0.070000	2.93488   	0.070000	0.0246526 	0.070000	0.0242474 	0.070000	0.261787  	0.070000	0.338752  	0.070000	0.226931  	
0.080000	3.95443   	0.080000	3.78563   	0.080000	3.18429   	0.080000	3.18429   	0.080000	3.1845    	0.080000	0.0258899 	0.080000	0.0253059 	0.080000	0.275267  	0.080000	0.354751  	0.080000	0.238903  	
0.090000	4.20726   	0.090000	4.02726   	0.090000	3.42538   	0.090000	3.42538   	0.090000	3.42559   	0.090000	0.0270604 	0.090000	0.026299  	0.090000	0.287179  	0.090000	0.368893  	0.090000	0.249516  	
0.100000	4.45456   	0.100000	4.2636    	0.100000	3.66068   	0.100000	3.66068   	0.100000	3.6609    	0.100000	0.0281913 	0.100000	0.0272534 	0.100000	0.29799   	0.100000	0.381717  	0.100000	0.259177  	
0.120000	4.93792   	0.120000	4.72555   	0.120000	4.12139   	0.120000	4.12139   	0.120000	4.1216    	0.120000	0.0304051 	0.120000	0.0291123 	0.120000	0.317151  	0.120000	0.404451  	0.120000	0.276378  	
0.140000	5.41314   	0.140000	5.17971   	0.140000	4.57684   	0.140000	4.57684   	0.140000	4.57706   	0.140000	0.0326264 	0.140000	0.0309705 	0.140000	0.334401  	0.140000	0.424762  	0.140000	0.291943  	
0.160000	5.8853    	0.160000	5.63095   	0.160000	5.03288   	0.160000	5.03288   	0.160000	5.0331    	0.160000	0.0349036 	0.160000	0.0328718 	0.160000	0.350488  	0.160000	0.443521  	0.160000	0.306522  	
0.180000	6.35789   	0.180000	6.0826    	0.180000	5.49279   	0.180000	5.49279   	0.180000	5.493     	0.180000	0.0372604 	0.180000	0.0348372 	0.180000	0.365512  	0.180000	0.460987  	0.180000	0.320203  	
0.200000	6.83197   	0.200000	6.53568   	0.200000	5.9584    	0.200000	5.9584    	0.200000	5.95862   	0.200000	0.0397067 	0.200000	0.0368753 	0.200000	0.38012   	0.200000	0.477777  	0.200000	0.333545  	
0.250000	8.02839   	0.250000	7.67909   	0.250000	7.15275   	0.250000	7.15275   	0.250000	7.15297   	0.250000	0.0462138 	0.250000	0.0422876 	0.250000	0.414843  	0.250000	0.517204  	0.250000	0.365435  	
0.300000	9.22865   	0.300000	8.82617   	0.300000	8.39038   	0.300000	8.39038   	0.300000	8.3906    	0.300000	0.0531745 	0.300000	0.0480579 	0.300000	0.448272  	0.300000	0.554339  	0.300000	0.39632   	
0.350000	10.4375   	0.350000	9.98146   	0.350000	9.66366   	0.350000	9.66366   	0.350000	9.66388   	0.350000	0.0603926 	0.350000	0.0540132 	0.350000	0.48053   	0.350000	0.589627  	0.350000	0.426269  	
0.400000	11.6639   	0.400000	11.1535   	0.400000	10.974    	0.400000	10.974    	0.400000	10.9742   	0.400000	0.0678612 	0.400000	0.0601391 	0.400000	0.512153  	0.400000	0.62361   	0.400000	0.455751  	
0.450000	12.9166   	0.450000	12.3507   	0.450000	12.3237   	0.450000	12.3237   	0.450000	12.3239   	0.450000	0.0756021 	0.450000	0.0664469 	0.450000	0.543654  	0.450000	0.656929  	0.450000	0.485202  	
0.500000	14.2006   	0.500000	13.5778   	0.500000	13.7134   	0.500000	13.7134   	0.500000	13.7136   	0.500000	0.083613  	0.500000	0.0729295 	0.500000	0.574874  	0.500000	0.689485  	0.500000	0.514491  	
0.600000	16.8636   	0.600000	16.1229   	0.600000	16.6104   	0.600000	16.6104   	0.600000	16.6106   	0.600000	0.100389  	0.600000	0.086359  	0.600000	0.635754  	0.600000	0.753617  	0.600000	0.573504  	
0.700000	19.6781   	0.700000	18.8126   	0.700000	19.6614   	0.700000	19.6614   	0.700000	19.6617   	0.700000	0.118117  	0.700000	0.10035   	0.700000	0.696423  	0.700000	0.81728   	0.700000	0.633151  	
0.800000	22.6395   	0.800000	21.6428   	0.800000	22.864    	0.800000	22.864    	0.800000	22.8643   	0.800000	0.136771  	0.800000	0.114868  	0.800000	0.757529  	0.800000	0.881414  	0.800000	0.693645  	
0.900000	25.7388   	0.900000	24.6049   	0.900000	26.2165   	0.900000	26.2165   	0.900000	26.2167   	0.900000	0.156342  	0.900000	0.129902  	0.900000	0.819238  	0.900000	0.946237  	0.900000	0.755017  	
1.000000	28.9966   	1.000000	27.7183   	1.000000	29.7219   	1.000000	29.7219   	1.000000	29.7221   	1.000000	0.176907  	1.000000	0.145504  	1.000000	0.881888  	1.000000	1.01205   	1.000000	0.817572  	
1.250000	37.8964   	1.250000	36.2239   	1.250000	39.1646   	1.250000	39.1646   	1.250000	39.1648   	1.250000	0.232907  	1.250000	0.187615  	1.250000	1.0434    	1.250000	1.18177   	1.250000	0.979329  	
1.500000	48.0676   	1.500000	45.9444   	1.500000	49.5504   	1.500000	49.5504   	1.500000	49.5506   	1.500000	0.295153  	1.500000	0.235988  	1.500000	1.2       	1.500000	1.35945   	1.500000	1.10864   	
1.750000	59.5825   	1.750000	56.9491   	1.750000	60.8694   	1.750000	60.8694   	1.750000	60.8696   	1.750000	0.363693  	1.750000	0.289611  	1.750000	1.34374   	1.750000	1.54504   	1.750000	1.24622   	
2.000000	72.3404   	2.000000	69.1418   	2.000000	73.1205   	2.000000	73.1205   	2.000000	73.1207   	2.000000	0.438685  	2.000000	0.347741  	2.000000	1.49806   	2.000000	1.71932   	2.000000	1.39385   	
2.250000	86.268    	2.250000	82.4523   	2.250000	86.3084   	2.250000	86.3084   	2.250000	86.3086   	2.250000	0.520345  	2.250000	0.410101  	2.250000	1.66306   	2.250000	1.88959   	2.250000	1.5517    	
2.500000	101.312   	2.500000	96.8289   	2.500000	100.438   	2.500000	100.438   	2.500000	100.438   	2.500000	0.60885   	2.500000	0.476576  	2.500000	1.83884   	2.500000	2.07011   	2.500000	1.7199    	
3.000000	133.512   	3.000000	128.636   	3.000000	131.526   	3.000000	131.526   	3.000000	131.526   	3.000000	0.806801  	3.000000	0.621628  	3.000000	2.2229    	3.000000	2.46155   	3.000000	2.08756   	
3.500000	169.56    	3.500000	164.353   	3.500000	166.376   	3.500000	166.376   	3.500000	166.376   	3.500000	1.03289   	3.500000	0.782496  	3.500000	2.65018   	3.500000	2.89279   	3.500000	2.49692   	
4.000000	209.377   	4.000000	203.848   	4.000000	204.953   	4.000000	204.953   	4.000000	204.953   	4.000000	1.28698   	4.000000	0.958706  	4.000000	3.12034   	4.000000	3.36291   	4.000000	2.94772   	
4.500000	252.896   	4.500000	247.024   	4.500000	247.208   	4.500000	247.208   	4.500000	247.208   	4.500000	1.56864   	4.500000	1.14965   	4.500000	3.63278   	4.500000	3.8709    	4.500000	3.43942   	
5.000000	300.053   	5.000000	293.8     	5.000000	293.083   	5.000000	293.083   	5.000000	293.083   	5.000000	1.87732   	5.000000	1.35473   	5.000000	4.1868    	5.000000	4.41574   	5.000000	3.97138   	
5.500000	350.791   	5.500000	344.106   	5.500000	342.518   	5.500000	342.518   	5.500000	342.518   	5.500000	2.21242   	5.500000	1.57345   	5.500000	4.78159   	5.500000	4.99639   	5.500000	4.54283   	
6.000000	405.06    	6.000000	397.875   	6.000000	395.451   	6.000000	395.451   	6.000000	395.451   	6.000000	2.57335   	6.000000	1.8053    	6.000000	5.41646   	6.000000	5.61194   	6.000000	5.15312   	
6.500000	462.811   	6.500000	455.048   	6.500000	451.826   	6.500000	451.826   	6.500000	451.826   	6.500000	2.95953   	6.500000	2.04986   	6.500000	6.09061   	6.500000	6.26145   	6.500000	5.80149   	
7.000000	524.001   	7.000000	515.568   	7.000000	511.585   	7.000000	511.585   	7.000000	511.585   	7.000000	3.37045   	7.000000	2.30671   	7.000000	6.80338   	7.000000	6.94411   	7.000000	6.48731   	
7.500000	588.588   	7.500000	579.383   	7.500000	574.678   	7.500000	574.678   	7.500000	574.678   	7.500000	3.80563   	7.500000	2.57553   	7.500000	7.55409   	7.500000	7.65914   	7.500000	7.20992   	
8.000000	656.535   	8.000000	646.446   	8.000000	641.056   	8.000000	641.056   	8.000000	641.056   	8.000000	4.26463   	8.000000	2.85598   	8.000000	8.34212   	8.000000	8.40585   	8.000000	7.96875   	
8.500000	727.806   	8.500000	716.711   	8.500000	710.673   	8.500000	710.673   	8.500000	710.673   	8.500000	4.74705   	8.500000	3.14772   	8.500000	9.1669    	8.500000	9.18357   	8.500000	8.76324   	
9.000000	802.367   	9.000000	790.137   	9.000000	783.486   	9.000000	783.486   	9.000000	783.486   	9.000000	5.25254   	9.000000	3.45045   	9.000000	10.0279   	9.000000	9.99173   	9.000000	9.5929    	
9.500000	880.186   	9.500000	866.684   	9.500000	859.456   	9.500000	859.456   	9.500000	859.456   	9.500000	5.78077   	9.500000	3.76398   	9.500000	10.9246   	9.500000	10.8297   	9.500000	10.4572   	
10.000000	961.233   	10.000000	946.304   	10.000000	938.547   	10.000000	938.547   	10.000000	938.547   	10.000000	6.33144   	10.000000	4.08815   	10.000000	11.8566   	10.000000	11.6971   	10.000000	11.3558   	
11.000000	1132.9    	11.000000	1113.97   	11.000000	1106.1    	11.000000	1106.09   	11.000000	1106.1    	11.000000	7.50201   	11.000000	4.76964   	11.000000	13.8268   	11.000000	13.52     	11.000000	13.2562   	
12.000000	1317.15   	12.000000	1293.7    	12.000000	1286.09   	12.000000	1286.03   	12.000000	1286.09   	12.000000	8.76546   	12.000000	5.49551   	12.000000	15.9382   	12.000000	15.4594   	12.000000	15.2937   	
13.000000	1513.79   	13.000000	1485.35   	13.000000	1478.33   	13.000000	1478.2    	13.000000	1478.33   	13.000000	10.1206   	13.000000	6.26456   	13.000000	18.1889   	13.000000	17.513    	13.000000	17.4665   	
14.000000	1722.63   	14.000000	1688.79   	14.000000	1682.7    	14.000000	1682.47   	14.000000	1682.69   	14.000000	11.5664   	14.000000	7.07592   	14.000000	20.5773   	14.000000	19.6791   	14.000000	19.7734   	
15.000000	1943.51   	15.000000	1903.91   	15.000000	1899.05   	15.000000	1898.72   	15.000000	1899.05   	15.000000	13.1024   	15.000000	7.92945   	15.000000	23.1023   	15.000000	21.9561   	15.000000	22.2131   	
16.000000	2176.27   	16.000000	2130.6    	16.000000	2127.29   	16.000000	2126.85   	16.000000	2127.29   	16.000000	14.728    	16.000000	8.82487   	16.000000	25.7629   	16.000000	24.3427   	16.000000	24.7848   	
17.000000	2420.77   	17.000000	2368.73   	17.000000	2367.33   	17.000000	2366.76   	17.000000	2367.33   	17.000000	16.443    	17.000000	9.7615    	17.000000	28.5583   	17.000000	26.8378   	17.000000	27.4876   	
18.000000	2676.85   	18.000000	2618.2    	18.000000	2619.08   	18.000000	2618.38   	18.000000	2619.09   	18.000000	18.247    	18.000000	10.739    	18.000000	31.4876   	18.000000	29.4405   	18.000000	30.321    	
19.000000	2944.4    	19.000000	2878.91   	19.000000	2882.48   	19.000000	2881.64   	19.000000	2882.49   	19.000000	20.14     	19.000000	11.7572   	19.000000	34.5504   	19.000000	32.1498   	19.000000	33.2844   	
20.000000	3223.27   	20.000000	3150.76   	20.000000	3157.46   	20.000000	3156.48   	20.000000	3157.47   	20.000000	22.1218   	20.000000	12.816    	20.000000	37.7461   	20.000000	34.9652   	20.000000	36.3775   	
21.000000	3513.37   	21.000000	3433.66   	21.000000	3443.97   	21.000000	3442.84   	21.000000	3443.98   	21.000000	24.1924   	21.000000	13.9154   	21.000000	41.0743   	21.000000	37.8859   	21.000000	39.5998   	
22.000000	3814.55   	22.000000	3727.51   	22.000000	3741.96   	22.000000	3740.69   	22.000000	3741.96   	22.000000	26.3517   	22.000000	15.0551   	22.000000	44.5346   	22.000000	40.9113   	22.000000	42.9511   	
23.000000	4126.73   	23.000000	4032.22   	23.000000	4051.36   	23.000000	4049.96   	23.000000	4051.37   	23.000000	28.5997   	23.000000	16.2352   	23.000000	48.1267   	23.000000	44.041    	23.000000	46.4312   	
24.000000	4449.79   	24.000000	4347.71   	24.000000	4372.14   	24.000000	4370.63   	24.000000	4372.16   	24.000000	30.9364   	24.000000	17.4555   	24.000000	51.8504   	24.000000	47.2744   	24.000000	50.0398   	
25.000000	4783.64   	25.000000	4673.89   	25.000000	4704.27   	25.000000	4702.66   	25.000000	4704.3    	25.000000	33.3619   	25.000000	18.716    	25.000000	55.7054   	25.000000	50.6112   	25.000000	53.7768   	
27.000000	5483.28   	27.000000	5358      	27.000000	5402.43   	27.000000	5400.64   	27.000000	5402.44   	27.000000	38.4788   	27.000000	21.3575   	27.000000	63.8085   	27.000000	57.5933   	27.000000	61.6355   	
29.000000	6224.93   	29.000000	6083.94   	29.000000	6145.54   	29.000000	6143.64   	29.000000	6145.52   	29.000000	43.9504   	29.000000	24.1589   	29.000000	72.4343   	29.000000	64.9845   	29.000000	70.0063   	
31.000000	7007.88   	31.000000	6851.09   	31.000000	6932.94   	31.000000	6931      	31.000000	6932.86   	31.000000	49.7673   	31.000000	27.1133   	31.000000	81.5756   	31.000000	72.7774   	31.000000	78.8826   	
33.000000	7831.49   	33.000000	7658.91   	33.000000	7761.7    	33.000000	7759.84   	33.000000	7761.56   	33.000000	55.8744   	33.000000	30.1941   	33.000000	91.1928   	33.000000	80.9392   	33.000000	88.2271   	
35.000000	8695.14   	35.000000	8506.83   	35.000000	8630.84   	35.000000	8629.18   	35.000000	8630.65   	35.000000	62.2617   	35.000000	33.396    	35.000000	101.273   	35.000000	89.4588   	35.000000	98.0279   	
38.000000	10064.4   	38.000000	9852.8    	38.000000	10009.1   	38.000000	10007.9   	38.000000	10008.8   	38.000000	72.3641   	38.000000	38.4224   	38.000000	117.247   	38.000000	102.895   	38.000000	113.571   	
41.000000	11520.7   	41.000000	11286.2   	41.000000	11475.2   	41.000000	11474.8   	41.000000	11474.8   	41.000000	83.0847   	41.000000	43.7169   	41.000000	134.224   	41.000000	117.1     	41.000000	130.107   	
44.000000	13062.1   	44.000000	12805.4   	44.000000	13027.5   	44.000000	13028.1   	44.000000	13027.1   	44.000000	94.4138   	44.000000	49.2707   	44.000000	152.183   	44.000000	132.055   	44.000000	147.616   	
47.000000	14687.2   	47.000000	14408.9   	47.000000	14664.4   	47.000000	14666.4   	47.000000	14664.1   	47.000000	106.341   	47.000000	55.0799   	47.000000	171.103   	47.000000	147.743   	47.000000	166.081   	
50.000000	16394.3   	50.000000	16095.3   	50.000000	16384.6   	50.000000	16388.2   	50.000000	16384.3   	50.000000	118.854   	50.000000	61.1397   	50.000000	190.966   	50.000000	164.148   	50.000000	185.485   	
55.000000	19418.2   	55.000000	19086.4   	55.000000	19433.1   	55.000000	19439.7   	55.000000	19432.7   	55.000000	140.983   	55.000000	71.7841   	55.000000	226.114   	55.000000	193.041   	55.000000	219.869   	
60.000000	22660     	60.000000	22297.9   	60.000000	22702.8   	60.000000	22713.3   	60.000000	22702.5   	60.000000	164.659   	60.000000	83.092    	60.000000	263.749   	60.000000	223.817   	60.000000	256.751   	
65.000000	26114     	65.000000	25724     	65.000000	26188.6   	65.000000	26203.3   	65.000000	26188.2   	65.000000	189.832   	65.000000	95.0331   	65.000000	303.797   	65.000000	256.418   	65.000000	296.066   	
70.000000	29775.1   	70.000000	29359.5   	70.000000	29884.8   	70.000000	29904.6   	70.000000	29884.5   	70.000000	216.453   	70.000000	107.594   	70.000000	346.188   	70.000000	290.789   	70.000000	337.756   	
75.000000	33638.2   	75.000000	33199.3   	75.000000	33786.5   	75.000000	33812.1   	75.000000	33786.4   	75.000000	244.475   	75.000000	120.752   	75.000000	390.855   	75.000000	326.878   	75.000000	381.765   	
80.000000	37698.8   	80.000000	37238.5   	80.000000	37889.3   	80.000000	37921.3   	80.000000	37889.2   	80.000000	273.853   	80.000000	134.495   	80.000000	437.737   	80.000000	364.639   	80.000000	428.04    	
85.000000	41952.6   	85.000000	41472.7   	85.000000	42188.6   	85.000000	42227.5   	85.000000	42188.6   	85.000000	304.543   	85.000000	148.795   	85.000000	486.774   	85.000000	404.027   	85.000000	476.531   	
90.000000	46395.5   	90.000000	45897.3   	90.000000	46680.2   	90.000000	46726.6   	90.000000	46680.2   	90.000000	336.504   	90.000000	163.64    	90.000000	537.908   	90.000000	445.001   	90.000000	527.191   	
95.000000	51023.7   	95.000000	50508.2   	95.000000	51359.9   	95.000000	51414.4   	95.000000	51360     	95.000000	369.695   	95.000000	179.013   	95.000000	591.084   	95.000000	487.518   	95.000000	579.971   	
100.000000	55833.6   	100.000000	55301.4   	100.000000	56223.9   	100.000000	56287.1   	100.000000	56224     	100.000000	404.077   	100.000000	194.903   	100.000000	646.25    	100.000000	531.541   	100.000000	634.828   	
105.000000	60821.5   	105.000000	60273.1   	105.000000	61268.4   	105.000000	61340.9   	105.000000	61268.6   	105.000000	439.614   	105.000000	211.295   	105.000000	703.355   	105.000000	577.035   	105.000000	691.721   	
110.000000	65984.4   	110.000000	65419.4   	110.000000	66489.8   	110.000000	66572.2   	110.000000	66490.1   	110.000000	476.267   	110.000000	228.178   	110.000000	762.349   	110.000000	623.963   	110.000000	750.607   	
115.000000	71318.9   	115.000000	70736.8   	115.000000	71884.5   	115.000000	71977.5   	115.000000	71885     	115.000000	514.004   	115.000000	245.535   	115.000000	823.187   	115.000000	672.294   	115.000000	811.447   	
120.000000	76822.2   	120.000000	76222     	120.000000	77449.5   	120.000000	77553.4   	120.000000	77450     	120.000000	552.791   	120.000000	263.345   	120.000000	885.821   	120.000000	721.994   	120.000000	874.203   	
125.000000	82491.2   	125.000000	81871.5   	125.000000	83181     	125.000000	83296.7   	125.000000	83181.8   	125.000000	592.593   	125.000000	281.609   	125.000000	950.208   	125.000000	773.033   	125.000000	938.836   	
130.000000	88323.3   	130.000000	87682     	130.000000	89076.2   	130.000000	89204.3   	130.000000	89077.2   	130.000000	633.382   	130.000000	300.309   	130.000000	1016.31   	130.000000	825.382   	130.000000	1005.31   	
135.000000	94315.7   	135.000000	93650.6   	135.000000	95132.5   	135.000000	95273     	135.000000	95133.3   	135.000000	675.125   	135.000000	319.427   	135.000000	1084.07   	135.000000	879.011   	135.000000	1073.59   	
140.000000	100466    	140.000000	99774.2   	140.000000	101347    	140.000000	101500    	140.000000	101347    	140.000000	717.794   	140.000000	338.956   	140.000000	1153.46   	140.000000	933.892   	140.000000	1143.65   	
145.000000	106772    	145.000000	106050    	145.000000	107715    	145.000000	107882    	145.000000	107716    	145.000000	761.359   	145.000000	358.886   	145.000000	1224.45   	145.000000	990       	145.000000	1215.45   	
150.000000	113230    	150.000000	112475    	150.000000	114236    	150.000000	114417    	150.000000	114236    	150.000000	805.794   	150.000000	379.208   	150.000000	1296.98   	150.000000	1047.31   	150.000000	1288.95   	
155.000000	119930    	155.000000	119046    	155.000000	120906    	155.000000	121102    	155.000000	120906    	155.000000	851.072   	155.000000	399.914   	155.000000	1371.03   	155.000000	1105.79   	155.000000	1364.13   	
160.000000	126776    	160.000000	125761    	160.000000	127722    	160.000000	127933    	160.000000	127722    	160.000000	897.167   	160.000000	420.995   	160.000000	1446.56   	160.000000	1165.42   	160.000000	1440.95   	
165.000000	133761    	165.000000	132617    	165.000000	134683    	165.000000	134910    	165.000000	134683    	165.000000	944.054   	165.000000	442.444   	165.000000	1523.53   	165.000000	1226.18   	165.000000	1519.39   	
170.000000	140883    	170.000000	139613    	170.000000	141785    	170.000000	142028    	170.000000	141785    	170.000000	991.707   	170.000000	464.252   	170.000000	1601.91   	170.000000	1288.05   	170.000000	1599.41   	
175.000000	148140    	175.000000	146744    	175.000000	149026    	175.000000	149287    	175.000000	149027    	175.000000	1040.11   	175.000000	486.411   	175.000000	1681.67   	175.000000	1350.99   	175.000000	1680.99   	
180.000000	155529    	180.000000	154009    	180.000000	156404    	180.000000	156682    	180.000000	156405    	180.000000	1089.22   	180.000000	508.917   	180.000000	1762.78   	180.000000	1415      	180.000000	1764.11   	
185.000000	163049    	185.000000	161406    	185.000000	163916    	185.000000	164213    	185.000000	163917    	185.000000	1139.04   	185.000000	531.76    	185.000000	1845.19   	185.000000	1480.04   	185.000000	1848.72   	
190.000000	170697    	190.000000	168931    	190.000000	171561    	190.000000	171876    	190.000000	171562    	190.000000	1189.54   	190.000000	554.921   	190.000000	1928.89   	190.000000	1546.11   	190.000000	1934.81   	
195.000000	178471    	195.000000	176584    	195.000000	179336    	195.000000	179669    	195.000000	179337    	195.000000	1240.69   	195.000000	578.392   	195.000000	2013.85   	195.000000	1613.17   	195.000000	2022.35   	
200.000000	186369    	200.000000	184362    	200.000000	187239    	200.000000	187591    	200.000000	187239    	200.000000	1292.47   	200.000000	602.179   	200.000000	2100.03   	200.000000	1681.2    	200.000000	2111.32   	
210.000000	202529    	210.000000	200285    	210.000000	203419    	210.000000	203812    	210.000000	203420    	210.000000	1397.87   	210.000000	650.667   	210.000000	2275.95   	210.000000	1820.14   	210.000000	2293.42   	
220.000000	219162    	220.000000	216682    	220.000000	220086    	220.000000	220521    	220.000000	220087    	220.000000	1505.59   	220.000000	700.294   	220.000000	2456.44   	220.000000	1962.77   	220.000000	2480.93   	
230.000000	236252    	230.000000	233540    	230.000000	237224    	230.000000	237703    	230.000000	237225    	230.000000	1615.48   	230.000000	751.014   	230.000000	2641.29   	230.000000	2108.95   	230.000000	2673.67   	
240.000000	253787    	240.000000	250842    	240.000000	254819    	240.000000	255343    	240.000000	254820    	240.000000	1727.4    	240.000000	802.808   	240.000000	2830.31   	240.000000	2258.55   	240.000000	2871.44   	
250.000000	271753    	250.000000	268576    	250.000000	272856    	250.000000	273428    	250.000000	272856    	250.000000	1841.23   	250.000000	855.656   	250.000000	3023.3    	250.000000	2411.44   	250.000000	3074.1    	
260.000000	290137    	260.000000	286728    	260.000000	291321    	260.000000	291942    	260.000000	291322    	260.000000	1956.85   	260.000000	909.433   	260.000000	3220.1    	260.000000	2567.5    	260.000000	3281.46   	
270.000000	308927    	270.000000	305284    	270.000000	310202    	270.000000	310873    	270.000000	310202    	270.000000	2074.14   	270.000000	964.142   	270.000000	3420.52   	270.000000	2726.61   	270.000000	3493.37   	
280.000000	328112    	280.000000	324234    	280.000000	329485    	280.000000	330209    	280.000000	329485    	280.000000	2193      	280.000000	1019.76   	280.000000	3624.41   	280.000000	2888.66   	280.000000	3709.69   	
290.000000	347681    	290.000000	343565    	290.000000	349158    	290.000000	349937    	290.000000	349159    	290.000000	2313.32   	290.000000	1076.27   	290.000000	3831.6    	290.000000	3053.54   	290.000000	3930.26   	
300.000000	367623    	300.000000	363265    	300.000000	369211    	300.000000	370045    	300.000000	369212    	300.000000	2435.01   	300.000000	1133.61   	300.000000	4041.96   	300.000000	3221.16   	300.000000	4154.95   	
310.000000	387928    	310.000000	383325    	310.000000	389633    	310.000000	390523    	310.000000	389633    	310.000000	2557.98   	310.000000	1191.72   	310.000000	4255.33   	310.000000	3391.4    	310.000000	4383.62   	
320.000000	408586    	320.000000	403733    	320.000000	410411    	320.000000	411360    	320.000000	410411    	320.000000	2682.13   	320.000000	1250.6    	320.000000	4471.58   	320.000000	3564.19   	320.000000	4616.14   	
330.000000	429588    	330.000000	424480    	330.000000	431535    	330.000000	432545    	330.000000	431536    	330.000000	2807.39   	330.000000	1310.24   	330.000000	4690.59   	330.000000	3739.42   	330.000000	4852.39   	
340.000000	450925    	340.000000	445556    	340.000000	452996    	340.000000	454068    	340.000000	452998    	340.000000	2933.68   	340.000000	1370.57   	340.000000	4912.22   	340.000000	3917.01   	340.000000	5092.23   	
350.000000	472588    	350.000000	466951    	350.000000	474786    	350.000000	475920    	350.000000	474787    	350.000000	3060.92   	350.000000	1431.56   	350.000000	5136.35   	350.000000	4096.88   	350.000000	5335.56   	
360.000000	494568    	360.000000	488658    	360.000000	496894    	360.000000	498091    	360.000000	496894    	360.000000	3189.05   	360.000000	1493.21   	360.000000	5362.87   	360.000000	4278.94   	360.000000	5582.26   	
370.000000	516857    	370.000000	510667    	370.000000	519311    	370.000000	520572    	370.000000	519310    	370.000000	3317.99   	370.000000	1555.53   	370.000000	5591.68   	370.000000	4463.11   	370.000000	5832.23   	
380.000000	539448    	380.000000	532970    	380.000000	542026    	380.000000	543355    	380.000000	542026    	380.000000	3447.69   	380.000000	1618.49   	380.000000	5822.66   	380.000000	4649.33   	380.000000	6085.35   	
390.000000	562333    	390.000000	555559    	390.000000	565035    	390.000000	566431    	390.000000	565034    	390.000000	3578.08   	390.000000	1682.03   	390.000000	6055.72   	390.000000	4837.52   	390.000000	6341.52   	
400.000000	585505    	400.000000	578427    	400.000000	588328    	400.000000	589793    	400.000000	588327    	400.000000	3709.11   	400.000000	1746.14   	400.000000	6290.76   	400.000000	5027.6    	400.000000	6600.65   	
410.000000	608956    	410.000000	601566    	410.000000	611896    	410.000000	613432    	410.000000	611895    	410.000000	3840.72   	410.000000	1810.81   	410.000000	6527.69   	410.000000	5219.52   	410.000000	6862.65   	
420.000000	632679    	420.000000	624968    	420.000000	635732    	420.000000	637341    	420.000000	635732    	420.000000	3972.87   	420.000000	1875.99   	420.000000	6766.41   	420.000000	5413.2    	420.000000	7127.4    	
430.000000	656669    	430.000000	648628    	430.000000	659830    	430.000000	661512    	430.000000	659831    	430.000000	4105.49   	430.000000	1941.64   	430.000000	7006.84   	430.000000	5608.59   	430.000000	7394.84   	
440.000000	680918    	440.000000	672537    	440.000000	684184    	440.000000	685939    	440.000000	684184    	440.000000	4238.56   	440.000000	2007.76   	440.000000	7248.9    	440.000000	5805.62   	440.000000	7664.87   	
450.000000	705420    	450.000000	696691    	450.000000	708785    	450.000000	710615    	450.000000	708785    	450.000000	4372.02   	450.000000	2074.37   	450.000000	7492.52   	450.000000	6004.24   	450.000000	7937.41   	
460.000000	730170    	460.000000	721081    	460.000000	733628    	460.000000	735533    	460.000000	733627    	460.000000	4505.83   	460.000000	2141.47   	460.000000	7737.61   	460.000000	6204.38   	460.000000	8212.37   	
470.000000	755160    	470.000000	745703    	470.000000	758705    	470.000000	760687    	470.000000	758704    	470.000000	4639.95   	470.000000	2209.04   	470.000000	7984.1    	470.000000	6406      	470.000000	8489.69   	
480.000000	780387    	480.000000	770551    	480.000000	784010    	480.000000	786070    	480.000000	784009    	480.000000	4774.35   	480.000000	2277.05   	480.000000	8231.93   	480.000000	6609.05   	480.000000	8769.27   	
490.000000	805843    	490.000000	795618    	490.000000	809537    	490.000000	811677    	490.000000	809537    	490.000000	4908.99   	490.000000	2345.46   	490.000000	8481.02   	490.000000	6813.46   	490.000000	9051.06   	
500.000000	831524    	500.000000	820899    	500.000000	835281    	500.000000	837502    	500.000000	835282    	500.000000	5043.83   	500.000000	2414.25   	500.000000	8731.32   	500.000000	7019.2    	500.000000	9334.97   	
520.000000	883538    	520.000000	872084    	520.000000	887401    	520.000000	889782    	520.000000	887400    	520.000000	5314      	520.000000	2553.02   	520.000000	9235.27   	520.000000	7434.45   	520.000000	9908.91   	
540.000000	936390    	540.000000	924063    	540.000000	940324    	540.000000	942869    	540.000000	940321    	540.000000	5584.62   	540.000000	2693.35   	540.000000	9743.32   	540.000000	7854.43   	540.000000	10490.6   	
560.000000	990040    	560.000000	976798    	560.000000	994007    	560.000000	996722    	560.000000	994004    	560.000000	5855.49   	560.000000	2835.02   	560.000000	10255     	560.000000	8278.82   	560.000000	11079.4   	
580.000000	1.04445e+06	580.000000	1.03025e+06	580.000000	1.04841e+06	580.000000	1.0513e+06	580.000000	1.04841e+06	580.000000	6126.4    	580.000000	2978.07   	580.000000	10770     	580.000000	8707.3    	580.000000	11675     	
600.000000	1.0996e+06	600.000000	1.08439e+06	600.000000	1.10351e+06	600.000000	1.10657e+06	600.000000	1.10351e+06	600.000000	6397.18   	600.000000	3122.45   	600.000000	11287.9   	600.000000	9139.55   	600.000000	12276.9   	
620.000000	1.15543e+06	620.000000	1.13919e+06	620.000000	1.15926e+06	620.000000	1.16251e+06	620.000000	1.15926e+06	620.000000	6667.67   	620.000000	3268      	620.000000	11808.4   	620.000000	9575.32   	620.000000	12884.7   	
640.000000	1.21194e+06	640.000000	1.1946e+06	640.000000	1.21564e+06	640.000000	1.21906e+06	640.000000	1.21564e+06	640.000000	6937.74   	640.000000	3414.64   	640.000000	12331.1   	640.000000	10014.3   	640.000000	13498     	
660.000000	1.26907e+06	660.000000	1.25061e+06	660.000000	1.27261e+06	660.000000	1.27622e+06	660.000000	1.27261e+06	660.000000	7207.24   	660.000000	3562.33   	660.000000	12855.7   	660.000000	10456.3   	660.000000	14116.5   	
680.000000	1.32682e+06	680.000000	1.30719e+06	680.000000	1.33014e+06	680.000000	1.33394e+06	680.000000	1.33014e+06	680.000000	7476.08   	680.000000	3711.03   	680.000000	13382     	680.000000	10901.1   	680.000000	14739.7   	
700.000000	1.38514e+06	700.000000	1.3643e+06	700.000000	1.38822e+06	700.000000	1.39221e+06	700.000000	1.38822e+06	700.000000	7744.15   	700.000000	3860.69   	700.000000	13909.8   	700.000000	11348.5   	700.000000	15367.5   	
720.000000	1.44402e+06	720.000000	1.42193e+06	720.000000	1.44681e+06	720.000000	1.45099e+06	720.000000	1.44681e+06	720.000000	8011.35   	720.000000	4011.29   	720.000000	14438.7   	720.000000	11798.1   	720.000000	15999.3   	
740.000000	1.50343e+06	740.000000	1.48005e+06	740.000000	1.50589e+06	740.000000	1.51027e+06	740.000000	1.50589e+06	740.000000	8277.61   	740.000000	4162.78   	740.000000	14968.6   	740.000000	12250     	740.000000	16635.1   	
760.000000	1.56335e+06	760.000000	1.53864e+06	760.000000	1.56544e+06	760.000000	1.57001e+06	760.000000	1.56544e+06	760.000000	8542.85   	760.000000	4315.06   	760.000000	15499.3   	760.000000	12703.8   	760.000000	17274.4   	
780.000000	1.62375e+06	780.000000	1.59768e+06	780.000000	1.62544e+06	780.000000	1.63021e+06	780.000000	1.62544e+06	780.000000	8807      	780.000000	4468.05   	780.000000	16030.6   	780.000000	13159.4   	780.000000	17917.1   	
800.000000	1.68461e+06	800.000000	1.65715e+06	800.000000	1.68586e+06	800.000000	1.69083e+06	800.000000	1.68586e+06	800.000000	9070.01   	800.000000	4621.75   	800.000000	16562.3   	800.000000	13616.7   	800.000000	18562.8   	
820.000000	1.74592e+06	820.000000	1.71702e+06	820.000000	1.74669e+06	820.000000	1.75186e+06	820.000000	1.7467e+06	820.000000	9331.82   	820.000000	4776.19   	820.000000	17094.2   	820.000000	14075.4   	820.000000	19211.4   	
840.000000	1.80764e+06	840.000000	1.77728e+06	840.000000	1.80791e+06	840.000000	1.81328e+06	840.000000	1.80791e+06	840.000000	9592.3    	840.000000	4931.34   	840.000000	17626.2   	840.000000	14535.5   	840.000000	19862.6   	
860.000000	1.86977e+06	860.000000	1.83792e+06	860.000000	1.86948e+06	860.000000	1.87506e+06	860.000000	1.86948e+06	860.000000	9851.36   	860.000000	5087.13   	860.000000	18158     	860.000000	14996.6   	860.000000	20516     	
880.000000	1.93229e+06	880.000000	1.89891e+06	880.000000	1.9314e+06	880.000000	1.93718e+06	880.000000	1.9314e+06	880.000000	10109     	880.000000	5243.55   	880.000000	18689.5   	880.000000	15458.8   	880.000000	21171.6   	
900.000000	1.99518e+06	900.000000	1.96024e+06	900.000000	1.99365e+06	900.000000	1.99963e+06	900.000000	1.99365e+06	900.000000	10365.1   	900.000000	5400.54   	900.000000	19220.7   	900.000000	15921.8   	900.000000	21829     	
920.000000	2.05841e+06	920.000000	2.02189e+06	920.000000	2.05621e+06	920.000000	2.0624e+06	920.000000	2.05621e+06	920.000000	10619.8   	920.000000	5558.05   	920.000000	19751.4   	920.000000	16385.6   	920.000000	22488.2   	
940.000000	2.12198e+06	940.000000	2.08386e+06	940.000000	2.11907e+06	940.000000	2.12548e+06	940.000000	2.11907e+06	940.000000	10873     	940.000000	5716.05   	940.000000	20281.4   	940.000000	16850.1   	940.000000	23149     	
960.000000	2.18588e+06	960.000000	2.14612e+06	960.000000	2.18222e+06	960.000000	2.18884e+06	960.000000	2.18222e+06	960.000000	11124.7   	960.000000	5874.5    	960.000000	20810.8   	960.000000	17315.2   	960.000000	23811.1   	
980.000000	2.25007e+06	980.000000	2.20866e+06	980.000000	2.24564e+06	980.000000	2.25248e+06	980.000000	2.24565e+06	980.000000	11374.8   	980.000000	6033.39   	980.000000	21339.4   	980.000000	17780.7   	980.000000	24474.6   	
1000.000000	2.31456e+06	1000.000000	2.27147e+06	1000.000000	2.30934e+06	1000.000000	2.31638e+06	1000.000000	2.30934e+06	1000.000000	11623.4   	1000.000000	6192.71   	1000.000000	21867.2   	1000.000000	18246.6   	1000.000000	25139.2   	
1020.000000	2.37932e+06	1020.000000	2.33454e+06	1020.000000	2.37328e+06	1020.000000	2.38053e+06	1020.000000	2.37328e+06	1020.000000	11870.5   	1020.000000	6352.47   	1020.000000	22394     	1020.000000	18712.8   	1020.000000	25804.8   	
1040.000000	2.44435e+06	1040.000000	2.39785e+06	1040.000000	2.43746e+06	1040.000000	2.44493e+06	1040.000000	2.43746e+06	1040.000000	12116.1   	1040.000000	6512.68   	1040.000000	22919.8   	1040.000000	19179.2   	1040.000000	26471.2   	
1060.000000	2.50963e+06	1060.000000	2.4614e+06	1060.000000	2.50187e+06	1060.000000	2.50956e+06	1060.000000	2.50187e+06	1060.000000	12360.1   	1060.000000	6673.38   	1060.000000	23444.6   	1060.000000	19645.7   	1060.000000	27138.5   	
1080.000000	2.57515e+06	1080.000000	2.52517e+06	1080.000000	2.56651e+06	1080.000000	2.5744e+06	1080.000000	2.5665e+06	1080.000000	12602.5   	1080.000000	6834.55   	1080.000000	23968.2   	1080.000000	20112.4   	1080.000000	27806.3   	
1100.000000	2.6409e+06	1100.000000	2.58915e+06	1100.000000	2.63135e+06	1100.000000	2.63946e+06	1100.000000	2.63134e+06	1100.000000	12843.5   	1100.000000	6996.19   	1100.000000	24490.7   	1100.000000	20579     	1100.000000	28474.7   	
1120.000000	2.70686e+06	1120.000000	2.65333e+06	1120.000000	2.69639e+06	1120.000000	2.70473e+06	1120.000000	2.69638e+06	1120.000000	13082.9   	1120.000000	7158.27   	1120.000000	25012     	1120.000000	21045.6   	1120.000000	29143.5   	
1140.000000	2.77302e+06	1140.000000	2.71771e+06	1140.000000	2.76162e+06	1140.000000	2.77018e+06	1140.000000	2.76162e+06	1140.000000	13320.7   	1140.000000	7320.76   	1140.000000	25532     	1140.000000	21512.1   	1140.000000	29812.7   	
1160.000000	2.83938e+06	1160.000000	2.78227e+06	1160.000000	2.82704e+06	1160.000000	2.83582e+06	1160.000000	2.82704e+06	1160.000000	13557.1   	1160.000000	7483.63   	1160.000000	26050.6   	1160.000000	21978.4   	1160.000000	30482.1   	
1180.000000	2.90592e+06	1180.000000	2.84701e+06	1180.000000	2.89264e+06	1180.000000	2.90164e+06	1180.000000	2.89264e+06	1180.000000	13791.9   	1180.000000	7646.86   	1180.000000	26568     	1180.000000	22444.4   	1180.000000	31151.6   	
1200.000000	2.97264e+06	1200.000000	2.91191e+06	1200.000000	2.95841e+06	1200.000000	2.96763e+06	1200.000000	2.95841e+06	1200.000000	14025.2   	1200.000000	7810.44   	1200.000000	27084     	1200.000000	22910.3   	1200.000000	31821.3   	
1220.000000	3.03952e+06	1220.000000	2.97697e+06	1220.000000	3.02434e+06	1220.000000	3.03378e+06	1220.000000	3.02434e+06	1220.000000	14257     	1220.000000	7974.36   	1220.000000	27598.5   	1220.000000	23375.7   	1220.000000	32490.9   	
1240.000000	3.10656e+06	1240.000000	3.04218e+06	1240.000000	3.09043e+06	1240.000000	3.10009e+06	1240.000000	3.09042e+06	1240.000000	14487.3   	1240.000000	8138.62   	1240.000000	28111.6   	1240.000000	23840.9   	1240.000000	33160.5   	
1260.000000	3.17374e+06	1260.000000	3.10753e+06	1260.000000	3.15666e+06	1260.000000	3.16655e+06	1260.000000	3.15665e+06	1260.000000	14716.1   	1260.000000	8303.24   	1260.000000	28623.3   	1260.000000	24305.6   	1260.000000	33829.9   	
1280.000000	3.24106e+06	1280.000000	3.17302e+06	1280.000000	3.22303e+06	1280.000000	3.23315e+06	1280.000000	3.22303e+06	1280.000000	14943.4   	1280.000000	8468.19   	1280.000000	29133.4   	1280.000000	24769.8   	1280.000000	34499.1   	
1300.000000	3.3085e+06	1300.000000	3.23864e+06	1300.000000	3.28954e+06	1300.000000	3.29988e+06	1300.000000	3.28954e+06	1300.000000	15169.3   	1300.000000	8633.48   	1300.000000	29642     	1300.000000	25233.6   	1300.000000	35168     	
1320.000000	3.37607e+06	1320.000000	3.30437e+06	1320.000000	3.35618e+06	1320.000000	3.36675e+06	1320.000000	3.35618e+06	1320.000000	15393.7   	1320.000000	8799.1    	1320.000000	30149.1   	1320.000000	25696.9   	1320.000000	35836.6   	
1340.000000	3.44376e+06	1340.000000	3.37023e+06	1340.000000	3.42294e+06	1340.000000	3.43374e+06	1340.000000	3.42294e+06	1340.000000	15616.6   	1340.000000	8965.04   	1340.000000	30654.7   	1340.000000	26159.6   	1340.000000	36504.8   	
1360.000000	3.51155e+06	1360.000000	3.43619e+06	1360.000000	3.48982e+06	1360.000000	3.50085e+06	1360.000000	3.48983e+06	1360.000000	15838.2   	1360.000000	9131.3    	1360.000000	31158.6   	1360.000000	26621.7   	1360.000000	37172.5   	
1380.000000	3.57943e+06	1380.000000	3.50225e+06	1380.000000	3.55681e+06	1380.000000	3.56807e+06	1380.000000	3.55683e+06	1380.000000	16058.2   	1380.000000	9297.88   	1380.000000	31661     	1380.000000	27083.2   	1380.000000	37839.7   	
1400.000000	3.64741e+06	1400.000000	3.56841e+06	1400.000000	3.62392e+06	1400.000000	3.63541e+06	1400.000000	3.62394e+06	1400.000000	16276.9   	1400.000000	9464.76   	1400.000000	32161.8   	1400.000000	27544.1   	1400.000000	38506.4   	
1420.000000	3.71548e+06	1420.000000	3.63466e+06	1420.000000	3.69113e+06	1420.000000	3.70284e+06	1420.000000	3.69115e+06	1420.000000	16494.2   	1420.000000	9631.96   	1420.000000	32660.9   	1420.000000	28004.2   	1420.000000	39172.5   	
1440.000000	3.78362e+06	1440.000000	3.701e+06 	1440.000000	3.75844e+06	1440.000000	3.77038e+06	1440.000000	3.75846e+06	1440.000000	16710.1   	1440.000000	9799.46   	1440.000000	33158.5   	1440.000000	28463.7   	1440.000000	39837.9   	
1460.000000	3.85183e+06	1460.000000	3.76741e+06	1460.000000	3.82584e+06	1460.000000	3.83802e+06	1460.000000	3.82587e+06	1460.000000	16924.6   	1460.000000	9967.27   	1460.000000	33654.4   	1460.000000	28922.5   	1460.000000	40502.7   	
1480.000000	3.92011e+06	1480.000000	3.8339e+06	1480.000000	3.89334e+06	1480.000000	3.90574e+06	1480.000000	3.89336e+06	1480.000000	17137.7   	1480.000000	10135.4   	1480.000000	34148.7   	1480.000000	29380.5   	1480.000000	41166.7   	
1500.000000	3.98845e+06	1500.000000	3.90046e+06	1500.000000	3.96093e+06	1500.000000	3.97356e+06	1500.000000	3.96095e+06	1500.000000	17349.5   	1500.000000	10303.8   	1500.000000	34641.3   	1500.000000	29837.7   	1500.000000	41830     	
1520.000000	4.05685e+06	1520.000000	3.96709e+06	1520.000000	4.0286e+06	1520.000000	4.04145e+06	1520.000000	4.02862e+06	1520.000000	17559.9   	1520.000000	10472.5   	1520.000000	35132.3   	1520.000000	30294.2   	1520.000000	42492.4   	
1540.000000	4.12529e+06	1540.000000	4.03378e+06	1540.000000	4.09634e+06	1540.000000	4.10943e+06	1540.000000	4.09636e+06	1540.000000	17769.1   	1540.000000	10641.5   	1540.000000	35621.6   	1540.000000	30749.9   	1540.000000	43154.1   	
1560.000000	4.19377e+06	1560.000000	4.10052e+06	1560.000000	4.16417e+06	1560.000000	4.17748e+06	1560.000000	4.16419e+06	1560.000000	17976.9   	1560.000000	10810.8   	1560.000000	36109.3   	1560.000000	31204.7   	1560.000000	43814.9   	
1580.000000	4.26229e+06	1580.000000	4.16732e+06	1580.000000	4.23207e+06	1580.000000	4.24561e+06	1580.000000	4.23208e+06	1580.000000	18183.4   	1580.000000	10980.4   	1580.000000	36595.3   	1580.000000	31658.7   	1580.000000	44474.8   	
1600.000000	4.33085e+06	1600.000000	4.23416e+06	1600.000000	4.30003e+06	1600.000000	4.3138e+06	1600.000000	4.30005e+06	1600.000000	18388.6   	1600.000000	11150.3   	1600.000000	37079.7   	1600.000000	32111.9   	1600.000000	45133.7   	
1620.000000	4.39943e+06	1620.000000	4.30105e+06	1620.000000	4.36807e+06	1620.000000	4.38206e+06	1620.000000	4.36808e+06	1620.000000	18592.6   	1620.000000	11320.4   	1620.000000	37562.4   	1620.000000	32564.1   	1620.000000	45791.7   	
1640.000000	4.46804e+06	1640.000000	4.36797e+06	1640.000000	4.43616e+06	1640.000000	4.45038e+06	1640.000000	4.43617e+06	1640.000000	18795.3   	1640.000000	11490.7   	1640.000000	38043.4   	1640.000000	33015.5   	1640.000000	46448.8   	
1660.000000	4.53666e+06	1660.000000	4.43494e+06	1660.000000	4.50431e+06	1660.000000	4.51877e+06	1660.000000	4.50433e+06	1660.000000	18996.7   	1660.000000	11661.3   	1660.000000	38522.8   	1660.000000	33466     	1660.000000	47104.8   	
1680.000000	4.6053e+06	1680.000000	4.50193e+06	1680.000000	4.57252e+06	1680.000000	4.58721e+06	1680.000000	4.57254e+06	1680.000000	19196.9   	1680.000000	11832.2   	1680.000000	39000.5   	1680.000000	33915.6   	1680.000000	47759.9   	
1700.000000	4.67395e+06	1700.000000	4.56896e+06	1700.000000	4.64079e+06	1700.000000	4.6557e+06	1700.000000	4.6408e+06	1700.000000	19395.9   	1700.000000	12003.2   	1700.000000	39476.6   	1700.000000	34364.3   	1700.000000	48413.8   	
1750.000000	4.84558e+06	1750.000000	4.73663e+06	1750.000000	4.81167e+06	1750.000000	4.82716e+06	1750.000000	4.81169e+06	1750.000000	19888.1   	1750.000000	12432     	1750.000000	40659.5   	1750.000000	35481.9   	1750.000000	50044.1   	
1800.000000	5.01719e+06	1800.000000	4.90441e+06	1800.000000	4.98283e+06	1800.000000	4.9989e+06	1800.000000	4.98285e+06	1800.000000	20373     	1800.000000	12862.2   	1800.000000	41832.1   	1800.000000	36593.6   	1800.000000	51667.4   	
1850.000000	5.18871e+06	1850.000000	5.07225e+06	1850.000000	5.15423e+06	1850.000000	5.17089e+06	1850.000000	5.15427e+06	1850.000000	20850.7   	1850.000000	13293.9   	1850.000000	42994.5   	1850.000000	37699.2   	1850.000000	53283.6   	
1900.000000	5.36009e+06	1900.000000	5.24012e+06	1900.000000	5.32586e+06	1900.000000	5.3431e+06	1900.000000	5.3259e+06	1900.000000	21321.4   	1900.000000	13727.2   	1900.000000	44146.7   	1900.000000	38798.7   	1900.000000	54892.4   	
1950.000000	5.53128e+06	1950.000000	5.40797e+06	1950.000000	5.49767e+06	1950.000000	5.5155e+06	1950.000000	5.49772e+06	1950.000000	21785.3   	1950.000000	14162.1   	1950.000000	45288.9   	1950.000000	39891.9   	1950.000000	56493.5   	
2000.000000	5.70224e+06	2000.000000	5.57577e+06	2000.000000	5.66965e+06	2000.000000	5.68806e+06	2000.000000	5.66971e+06	2000.000000	22242.7   	2000.000000	14598.7   	2000.000000	46421.2   	2000.000000	40978.8   	2000.000000	58087     	
2100.000000	6.04329e+06	2100.000000	5.91108e+06	2100.000000	6.01399e+06	2100.000000	6.03355e+06	2100.000000	6.01406e+06	2100.000000	23138.4   	2100.000000	15476.5   	2100.000000	48656.3   	2100.000000	43133.5   	2100.000000	61250.2   	
2200.000000	6.38293e+06	2200.000000	6.2458e+06	2200.000000	6.35872e+06	2200.000000	6.37943e+06	2200.000000	6.35878e+06	2200.000000	24009.7   	2200.000000	16360.6   	2200.000000	50853.1   	2200.000000	45262.7   	2200.000000	64381.2   	
2300.000000	6.72092e+06	2300.000000	6.57973e+06	2300.000000	6.70368e+06	2300.000000	6.72553e+06	2300.000000	6.70373e+06	2300.000000	24858     	2300.000000	17250.7   	2300.000000	53012.6   	2300.000000	47366.2   	2300.000000	67479.5   	
2400.000000	7.05702e+06	2400.000000	6.9127e+06	2400.000000	7.04875e+06	2400.000000	7.07173e+06	2400.000000	7.04879e+06	2400.000000	25684.6   	2400.000000	18146.5   	2400.000000	55135.8   	2400.000000	49444.1   	2400.000000	70545     	
2500.000000	7.39105e+06	2500.000000	7.24455e+06	2500.000000	7.39382e+06	2500.000000	7.41793e+06	2500.000000	7.39386e+06	2500.000000	26490.5   	2500.000000	19048     	2500.000000	57223.8   	2500.000000	51496.7   	2500.000000	73577.4   	
2600.000000	7.72285e+06	2600.000000	7.57516e+06	2600.000000	7.7388e+06	2600.000000	7.76405e+06	2600.000000	7.73884e+06	2600.000000	27276.8   	2600.000000	19954.9   	2600.000000	59277.8   	2600.000000	53524.2   	2600.000000	76577     	
2700.000000	8.05228e+06	2700.000000	7.90441e+06	2700.000000	8.08362e+06	2700.000000	8.11001e+06	2700.000000	8.08366e+06	2700.000000	28044.4   	2700.000000	20867.2   	2700.000000	61298.8   	2700.000000	55526.9   	2700.000000	79543.9   	
2800.000000	8.37922e+06	2800.000000	8.23221e+06	2800.000000	8.42821e+06	2800.000000	8.45574e+06	2800.000000	8.42827e+06	2800.000000	28794.4   	2800.000000	21784.7   	2800.000000	63287.8   	2800.000000	57505.2   	2800.000000	82478.4   	
2900.000000	8.70358e+06	2900.000000	8.55848e+06	2900.000000	8.77253e+06	2900.000000	8.8012e+06	2900.000000	8.7726e+06	2900.000000	29527.6   	2900.000000	22707.4   	2900.000000	65245.9   	2900.000000	59459.5   	2900.000000	85380.8   	
3000.000000	9.02527e+06	3000.000000	8.88314e+06	3000.000000	9.11653e+06	3000.000000	9.14634e+06	3000.000000	9.11662e+06	3000.000000	30244.8   	3000.000000	23635.5   	3000.000000	67174     	3000.000000	61390.2   	3000.000000	88251.7   	
3200.000000	9.66042e+06	3200.000000	9.52745e+06	3200.000000	9.80343e+06	3200.000000	9.83551e+06	3200.000000	9.80356e+06	3200.000000	31634.1   	3200.000000	25507.3   	3200.000000	70944.5   	3200.000000	65182.8   	3200.000000	93900.4   	
3400.000000	1.02843e+07	3400.000000	1.01648e+07	3400.000000	1.04887e+07	3400.000000	1.0523e+07	3400.000000	1.04889e+07	3400.000000	32967.9   	3400.000000	27400     	3400.000000	74606.4   	3400.000000	68886.7   	3400.000000	99428.7   	
3600.000000	1.08965e+07	3600.000000	1.07948e+07	3600.000000	1.11722e+07	3600.000000	1.12087e+07	3600.000000	1.11723e+07	3600.000000	34251     	3600.000000	29313.2   	3600.000000	78166.7   	3600.000000	72505.6   	3600.000000	104841    	
3800.000000	1.14972e+07	3800.000000	1.14175e+07	3800.000000	1.18537e+07	3800.000000	1.18924e+07	3800.000000	1.18539e+07	3800.000000	35487.6   	3800.000000	31246.7   	3800.000000	81631.6   	3800.000000	76043.2   	3800.000000	110141    	
4000.000000	1.20861e+07	4000.000000	1.20326e+07	4000.000000	1.25333e+07	4000.000000	1.25742e+07	4000.000000	1.25335e+07	4000.000000	36681.4   	4000.000000	33200.2   	4000.000000	85006.9   	4000.000000	79503.2   	4000.000000	115335    	
4200.000000	1.26633e+07	4200.000000	1.26402e+07	4200.000000	1.32108e+07	4200.000000	1.32539e+07	4200.000000	1.32111e+07	4200.000000	37835.9   	4200.000000	35173.3   	4200.000000	88297.8   	4200.000000	82889.1   	4200.000000	120425    	
4400.000000	1.3229e+07	4400.000000	1.32403e+07	4400.000000	1.38863e+07	4400.000000	1.39315e+07	4400.000000	1.38866e+07	4400.000000	38953.9   	4400.000000	37166     	4400.000000	91509.4   	4400.000000	86204.1   	4400.000000	125417    	
4600.000000	1.37833e+07	4600.000000	1.38328e+07	4600.000000	1.45598e+07	4600.000000	1.46071e+07	4600.000000	1.456e+07 	4600.000000	40038.1   	4600.000000	39178     	4600.000000	94646     	4600.000000	89451.4   	4600.000000	130314    	
4800.000000	1.43263e+07	4800.000000	1.44179e+07	4800.000000	1.52312e+07	4800.000000	1.52806e+07	4800.000000	1.52314e+07	4800.000000	41090.8   	4800.000000	41209.1   	4800.000000	97711.9   	4800.000000	92634     	4800.000000	135120    	
5000.000000	1.48583e+07	5000.000000	1.49956e+07	5000.000000	1.59005e+07	5000.000000	1.5952e+07	5000.000000	1.59008e+07	5000.000000	42114.3   	5000.000000	43259.2   	5000.000000	100711    	5000.000000	95754.8   	5000.000000	139839    	
5250.000000	1.55081e+07	5250.000000	1.57075e+07	5250.000000	1.67344e+07	5250.000000	1.67885e+07	5250.000000	1.67347e+07	5250.000000	43355.3   	5250.000000	45848.2   	5250.000000	104371    	5250.000000	99572.8   	5250.000000	145622    	
5500.000000	1.61413e+07	5500.000000	1.64082e+07	5500.000000	1.75652e+07	5500.000000	1.76218e+07	5500.000000	1.75655e+07	5500.000000	44556.8   	5500.000000	48466.3   	5500.000000	107937    	5500.000000	103303    	5500.000000	151280    	
6000.000000	1.73603e+07	6000.000000	1.7777e+07	6000.000000	1.92179e+07	6000.000000	1.92795e+07	6000.000000	1.92182e+07	6000.000000	46853     	6000.000000	53788.3   	6000.000000	114815    	6000.000000	110519    	6000.000000	162249    	
6500.000000	1.85189e+07	6500.000000	1.91038e+07	6500.000000	2.08591e+07	6500.000000	2.09257e+07	6500.000000	2.08594e+07	6500.000000	49023.1   	6500.000000	59222.4   	6500.000000	121382    	6500.000000	117435    	6500.000000	172791    	
7000.000000	1.9621e+07	7000.000000	2.03908e+07	7000.000000	2.24895e+07	7000.000000	2.2561e+07	7000.000000	2.24898e+07	7000.000000	51083.2   	7000.000000	64765.5   	7000.000000	127674    	7000.000000	124079    	7000.000000	182944    	
7500.000000	2.06701e+07	7500.000000	2.16397e+07	7500.000000	2.41096e+07	7500.000000	2.41859e+07	7500.000000	2.411e+07 	7500.000000	53046.4   	7500.000000	70417.5   	7500.000000	133717    	7500.000000	130476    	7500.000000	192741    	
8000.000000	2.16698e+07	8000.000000	2.28526e+07	8000.000000	2.572e+07 	8000.000000	2.5801e+07	8000.000000	2.57205e+07	8000.000000	54923.8   	8000.000000	76175.8   	8000.000000	139536    	8000.000000	136647    	8000.000000	202213    	
8500.000000	2.26232e+07	8500.000000	2.40313e+07	8500.000000	2.73212e+07	8500.000000	2.7407e+07	8500.000000	2.73218e+07	8500.000000	56724.4   	8500.000000	82035.2   	8500.000000	145152    	8500.000000	142611    	8500.000000	211385    	
9000.000000	2.35334e+07	9000.000000	2.51775e+07	9000.000000	2.89139e+07	9000.000000	2.90042e+07	9000.000000	2.89144e+07	9000.000000	58456     	9000.000000	87992.3   	9000.000000	150581    	9000.000000	148383    	9000.000000	220280    	
9500.000000	2.44031e+07	9500.000000	2.6293e+07	9500.000000	3.04984e+07	9500.000000	3.05931e+07	9500.000000	3.04989e+07	9500.000000	60125     	9500.000000	94046.1   	9500.000000	155839    	9500.000000	153980    	9500.000000	228919    	
10000.000000	2.5235e+07	10000.000000	2.73791e+07	10000.000000	3.20752e+07	10000.000000	3.21743e+07	10000.000000	3.20756e+07	10000.000000	61737.1   	10000.000000	100197    	10000.000000	160940    	10000.000000	159412    	10000.000000	237320    	
11000.000000	2.67944e+07	11000.000000	2.94694e+07	11000.000000	3.5207e+07	11000.000000	3.53146e+07	11000.000000	3.52073e+07	11000.000000	64809.7   	11000.000000	112777    	11000.000000	170715    	11000.000000	169831    	11000.000000	253471    	
12000.000000	2.82287e+07	12000.000000	3.14588e+07	12000.000000	3.8312e+07	12000.000000	3.84281e+07	12000.000000	3.83123e+07	12000.000000	67705.7   	12000.000000	125694    	12000.000000	179988    	12000.000000	179718    	12000.000000	268843    	
13000.000000	2.95522e+07	13000.000000	3.33567e+07	13000.000000	4.13927e+07	13000.000000	4.1517e+07	13000.000000	4.1393e+07	13000.000000	70450.1   	13000.000000	138930    	13000.000000	188821    	13000.000000	189137    	13000.000000	283528    	
14000.000000	3.07774e+07	14000.000000	3.5171e+07	14000.000000	4.44513e+07	14000.000000	4.45835e+07	14000.000000	4.44515e+07	14000.000000	73062.8   	14000.000000	152496    	14000.000000	197265    	14000.000000	198141    	14000.000000	297601    	
15000.000000	3.19148e+07	15000.000000	3.69088e+07	15000.000000	4.74897e+07	15000.000000	4.76295e+07	15000.000000	4.74897e+07	15000.000000	75559.6   	15000.000000	166406    	15000.000000	205365    	15000.000000	206773    	15000.000000	311125    	
16000.000000	3.29736e+07	16000.000000	3.85765e+07	16000.000000	5.05094e+07	16000.000000	5.06564e+07	16000.000000	5.0509e+07	16000.000000	77953.8   	16000.000000	180651    	16000.000000	213154    	16000.000000	215070    	16000.000000	324153    	
17000.000000	3.39617e+07	17000.000000	4.01794e+07	17000.000000	5.35118e+07	17000.000000	5.36657e+07	17000.000000	5.35108e+07	17000.000000	80256.1   	17000.000000	195206    	17000.000000	220664    	17000.000000	223063    	17000.000000	336731    	
18000.000000	3.48859e+07	18000.000000	4.17227e+07	18000.000000	5.64979e+07	18000.000000	5.66585e+07	18000.000000	5.64964e+07	18000.000000	82475.8   	18000.000000	210042    	18000.000000	227920    	18000.000000	230780    	18000.000000	348898    	
19000.000000	3.57524e+07	19000.000000	4.32105e+07	19000.000000	5.94687e+07	19000.000000	5.9636e+07	19000.000000	5.94668e+07	19000.000000	84620.6   	19000.000000	225135    	19000.000000	234943    	19000.000000	238244    	19000.000000	360689    	
20000.000000	3.65663e+07	20000.000000	4.46469e+07	20000.000000	6.2425e+07	20000.000000	6.2599e+07	20000.000000	6.2423e+07	20000.000000	86697.1   	20000.000000	240463    	20000.000000	241753    	20000.000000	245474    	20000.000000	372132    	
21000.000000	3.73323e+07	21000.000000	4.60353e+07	21000.000000	6.53678e+07	21000.000000	6.55486e+07	21000.000000	6.53659e+07	21000.000000	88711.2   	21000.000000	256017    	21000.000000	248367    	21000.000000	252490    	21000.000000	383253    	
22000.000000	3.80545e+07	22000.000000	4.7379e+07	22000.000000	6.82978e+07	22000.000000	6.84853e+07	22000.000000	6.82961e+07	22000.000000	90667.9   	22000.000000	271828    	22000.000000	254799    	22000.000000	259307    	22000.000000	394077    	
23000.000000	3.87366e+07	23000.000000	4.86808e+07	23000.000000	7.12162e+07	23000.000000	7.141e+07 	23000.000000	7.12145e+07	23000.000000	92571.5   	23000.000000	287905    	23000.000000	261061    	23000.000000	265938    	23000.000000	404624    	
24000.000000	3.93818e+07	24000.000000	4.99432e+07	24000.000000	7.41234e+07	24000.000000	7.43233e+07	24000.000000	7.41216e+07	24000.000000	94425.9   	24000.000000	304211    	24000.000000	267167    	24000.000000	272397    	24000.000000	414911    	
25000.000000	3.9993e+07	25000.000000	5.11687e+07	25000.000000	7.70198e+07	25000.000000	7.72257e+07	25000.000000	7.70181e+07	25000.000000	96234.6   	25000.000000	320740    	25000.000000	273125    	25000.000000	278694    	25000.000000	424956    	
26000.000000	4.05728e+07	26000.000000	5.23594e+07	26000.000000	7.99061e+07	26000.000000	8.01178e+07	26000.000000	7.99044e+07	26000.000000	98000.7   	26000.000000	337498    	26000.000000	278946    	26000.000000	284840    	26000.000000	434773    	
27000.000000	4.11235e+07	27000.000000	5.35172e+07	27000.000000	8.27828e+07	27000.000000	8.3e+07   	27000.000000	8.2781e+07	27000.000000	99726.9   	27000.000000	354483    	27000.000000	284637    	27000.000000	290843    	27000.000000	444376    	
28000.000000	4.16473e+07	28000.000000	5.46441e+07	28000.000000	8.56503e+07	28000.000000	8.58728e+07	28000.000000	8.56485e+07	28000.000000	101416    	28000.000000	371688    	28000.000000	290206    	28000.000000	296713    	28000.000000	453776    	
29000.000000	4.21461e+07	29000.000000	5.57416e+07	29000.000000	8.85091e+07	29000.000000	8.87367e+07	29000.000000	8.85071e+07	29000.000000	103069    	29000.000000	389113    	29000.000000	295660    	29000.000000	302455    	29000.000000	462986    	
30000.000000	4.26216e+07	30000.000000	5.68113e+07	30000.000000	9.13594e+07	30000.000000	9.15919e+07	30000.000000	9.13574e+07	30000.000000	104690    	30000.000000	406758    	30000.000000	301005    	30000.000000	308079    	30000.000000	472015    	
32000.000000	4.35088e+07	32000.000000	5.88728e+07	32000.000000	9.7036e+07	32000.000000	9.7278e+07	32000.000000	9.7034e+07	32000.000000	107838    	32000.000000	442682    	32000.000000	311391    	32000.000000	318990    	32000.000000	489566    	
34000.000000	4.432e+07 	34000.000000	6.08386e+07	34000.000000	1.02683e+08	34000.000000	1.02933e+08	34000.000000	1.02681e+08	34000.000000	110874    	34000.000000	479386    	34000.000000	321403    	34000.000000	329492    	34000.000000	506497    	
36000.000000	4.50645e+07	36000.000000	6.27176e+07	36000.000000	1.08302e+08	36000.000000	1.08561e+08	36000.000000	1.083e+08 	36000.000000	113808    	36000.000000	516809    	36000.000000	331078    	36000.000000	339623    	36000.000000	522863    	
38000.000000	4.57499e+07	38000.000000	6.45172e+07	38000.000000	1.13896e+08	38000.000000	1.14161e+08	38000.000000	1.13894e+08	38000.000000	116650    	38000.000000	554934    	38000.000000	340442    	38000.000000	349413    	38000.000000	538713    	
40000.000000	4.63829e+07	40000.000000	6.6244e+07	40000.000000	1.19466e+08	40000.000000	1.19738e+08	40000.000000	1.19464e+08	40000.000000	119408    	40000.000000	593756    	40000.000000	349523    	40000.000000	358893    	40000.000000	554088    	
42000.000000	4.69691e+07	42000.000000	6.79039e+07	42000.000000	1.25014e+08	42000.000000	1.2529e+08	42000.000000	1.25011e+08	42000.000000	122088    	42000.000000	633258    	42000.000000	358342    	42000.000000	368085    	42000.000000	569025    	
44000.000000	4.75135e+07	44000.000000	6.9502e+07	44000.000000	1.3054e+08	44000.000000	1.30822e+08	44000.000000	1.30538e+08	44000.000000	124697    	44000.000000	673414    	44000.000000	366918    	44000.000000	377012    	44000.000000	583557    	
46000.000000	4.80202e+07	46000.000000	7.10428e+07	46000.000000	1.36047e+08	46000.000000	1.36332e+08	46000.000000	1.36045e+08	46000.000000	127240    	46000.000000	714198    	46000.000000	375270    	46000.000000	385693    	46000.000000	597712    	
48000.000000	4.84929e+07	48000.000000	7.25305e+07	48000.000000	1.41535e+08	48000.000000	1.41823e+08	48000.000000	1.41534e+08	48000.000000	129722    	48000.000000	755583    	48000.000000	383412    	48000.000000	394145    	48000.000000	611515    	
50000.000000	4.89347e+07	50000.000000	7.39687e+07	50000.000000	1.47005e+08	50000.000000	1.47296e+08	50000.000000	1.47005e+08	50000.000000	132147    	50000.000000	797544    	50000.000000	391358    	50000.000000	402382    	50000.000000	624990    	
