! 1H range in H190C5F20
! apply ZOOM for details
Energy (MeV/u)1	0 - [He-base] F.Hubert et al, AD&ND Tables 46(1990)1	Energy (MeV/u)2	1 - [H -base] J.F.Ziegler et al,Pergamon Press,NY(low energy)	Energy (MeV/u)3	2 - ATIMA 1.2 LS-theory (recommended for high energy)	Energy (MeV/u)4	3 - ATIMA 1.2 without LS-correction	Energy (MeV/u)5	4 - ATIMA 1.4 H.Weick, improved mean charge formula for HI	Energy (MeV/u)6	5 - Range straggling - method [0] - LISE	Energy (MeV/u)7	6 - Range straggling - method [1] - Atima	Energy (MeV/u)8	7 - Lateral range - method [0] - LISE	Energy (MeV/u)9	8 - Lateral range - method [1] - Atima	Energy (MeV/u)10	9 - Lateral range - method [2] - PDG	
0.001000	120.168   	0.001000	120.168   	0.001000	110.809   	0.001000	110.809   	0.001000	110.83    	0.001000	0         	0.001000	0         	0.001000	0.805827  	0.001000	1.92404   	0.001000	0.761591  	
0.002000	240.335   	0.002000	240.335   	0.002000	221.617   	0.002000	221.617   	0.002000	221.661   	0.002000	11.4769   	0.002000	11.4769   	0.002000	2.35966   	0.002000	5.44269   	0.002000	2.37372   	
0.005000	520.791   	0.005000	520.791   	0.005000	496.027   	0.005000	496.027   	0.005000	496.093   	0.005000	13.4492   	0.005000	13.4492   	0.005000	8.13561   	0.005000	18.1522   	0.005000	8.62181   	
0.008000	747.033   	0.008000	747.033   	0.008000	728.416   	0.008000	728.416   	0.008000	728.49    	0.008000	13.5276   	0.008000	13.5276   	0.008000	14.7145   	0.008000	32.2804   	0.008000	15.9728   	
0.010000	881.458   	0.010000	881.458   	0.010000	869.95    	0.010000	869.95    	0.010000	870.028   	0.010000	13.8039   	0.010000	13.8039   	0.010000	19.354    	0.010000	42.1237   	0.010000	21.2354   	
0.015000	1165.73   	0.015000	1165.73   	0.015000	1193.43   	0.015000	1193.43   	0.015000	1193.51   	0.015000	15.2605   	0.015000	15.2605   	0.015000	31.5285   	0.015000	67.6614   	0.015000	35.2324   	
0.020000	1397.6    	0.020000	1397.6    	0.020000	1487.11   	0.020000	1487.11   	0.020000	1487.19   	0.020000	17.2791   	0.020000	17.2791   	0.020000	44.2878   	0.020000	94.1107   	0.020000	50.1021   	
0.025000	1599.2    	0.025000	1599.2    	0.025000	1760.12   	0.025000	1760.12   	0.025000	1760.21   	0.025000	19.4459   	0.025000	19.4459   	0.025000	57.4658   	0.025000	121.191   	0.025000	65.6089   	
0.030000	1781.81   	0.030000	1781.81   	0.030000	2016.19   	0.030000	2016.19   	0.030000	2016.28   	0.030000	21.5555   	0.030000	21.5555   	0.030000	70.8837   	0.030000	148.588   	0.030000	81.5082   	
0.035000	1952      	0.035000	1952      	0.035000	2258.16   	0.035000	2258.16   	0.035000	2258.25   	0.035000	23.5394   	0.035000	23.5394   	0.035000	84.2645   	0.035000	175.657   	0.035000	97.6657   	
0.040000	2113.84   	0.040000	2113.84   	0.040000	2489.34   	0.040000	2489.34   	0.040000	2489.43   	0.040000	25.4088   	0.040000	25.4088   	0.040000	96.6967   	0.040000	200.007   	0.040000	114.1     	
0.045000	2270.06   	0.045000	2270.06   	0.045000	2712.12   	0.045000	2712.12   	0.045000	2712.21   	0.045000	27.1809   	0.045000	27.1809   	0.045000	108.337   	0.045000	222.07    	0.045000	130.5     	
0.050000	2422.53   	0.050000	2422.53   	0.050000	2928.27   	0.050000	2928.27   	0.050000	2928.36   	0.050000	28.8733   	0.050000	29.7607   	0.050000	119.562   	0.050000	242.851   	0.050000	144.7     	
0.055000	2572.63   	0.055000	2572.63   	0.055000	3139.16   	0.055000	3139.16   	0.055000	3139.26   	0.055000	30.5014   	0.055000	32.5975   	0.055000	130.456   	0.055000	262.56    	0.055000	157.313   	
0.060000	2721.41   	0.060000	2721.41   	0.060000	3345.89   	0.060000	3345.89   	0.060000	3345.98   	0.060000	32.0784   	0.060000	35.2144   	0.060000	141.14    	0.060000	281.504   	0.060000	168.709   	
0.070000	3018.05   	0.070000	3018.05   	0.070000	3750.18   	0.070000	3750.18   	0.070000	3750.28   	0.070000	35.1226   	0.070000	40.013    	0.070000	162.244   	0.070000	318.02    	0.070000	188.855   	
0.080000	3317.21   	0.080000	3317.21   	0.080000	4146.56   	0.080000	4146.56   	0.080000	4146.66   	0.080000	38.0772   	0.080000	44.457    	0.080000	183.192   	0.080000	353.274   	0.080000	206.634   	
0.090000	3622.05   	0.090000	3622.05   	0.090000	4538.88   	0.090000	4538.88   	0.090000	4538.98   	0.090000	40.9946   	0.090000	48.7139   	0.090000	203.776   	0.090000	387.277   	0.090000	222.974   	
0.100000	3934.74   	0.100000	3934.74   	0.100000	4930.03   	0.100000	4930.03   	0.100000	4930.13   	0.100000	43.9144   	0.100000	52.8889   	0.100000	222.427   	0.100000	418.102   	0.100000	238.037   	
0.120000	4589.27   	0.120000	4589.27   	0.120000	5717.21   	0.120000	5717.21   	0.120000	5717.3    	0.120000	49.8781   	0.120000	61.2639   	0.120000	256.068   	0.120000	473.618   	0.120000	266.13    	
0.140000	5288.23   	0.140000	5288.23   	0.140000	6520.92   	0.140000	6520.92   	0.140000	6521.01   	0.140000	56.1496   	0.140000	69.9664   	0.140000	286.656   	0.140000	523.851   	0.140000	292.555   	
0.160000	6035.08   	0.160000	6035.08   	0.160000	7349.65   	0.160000	7349.65   	0.160000	7349.75   	0.160000	62.8521   	0.160000	78.8788   	0.160000	315.669   	0.160000	571.194   	0.160000	318.193   	
0.180000	6831.23   	0.180000	6831.23   	0.180000	8209.27   	0.180000	8209.27   	0.180000	8209.37   	0.180000	70.073    	0.180000	87.9293   	0.180000	344.053   	0.180000	617.233   	0.180000	343.44    	
0.200000	7677.01   	0.200000	7677.01   	0.200000	9103.96   	0.200000	9103.96   	0.200000	9104.05   	0.200000	77.8757   	0.200000	97.2594   	0.200000	371.954   	0.200000	662.166   	0.200000	368.843   	
0.250000	10006.2   	0.250000	10006.2   	0.250000	11512     	0.250000	11512     	0.250000	11512.1   	0.250000	100.196   	0.250000	122.334   	0.250000	442.536   	0.250000	774.65    	0.250000	433.542   	
0.300000	12634     	0.300000	12634     	0.300000	14185     	0.300000	14185     	0.300000	14185.1   	0.300000	126.817   	0.300000	150.411   	0.300000	515.793   	0.300000	889.738   	0.300000	502.025   	
0.350000	15549.4   	0.350000	15549.4   	0.350000	17135.7   	0.350000	17135.7   	0.350000	17135.8   	0.350000	157.866   	0.350000	181.749   	0.350000	593.243   	0.350000	1009.9    	0.350000	575.158   	
0.400000	18742.6   	0.400000	18742.6   	0.400000	20368.4   	0.400000	20368.4   	0.400000	20368.5   	0.400000	193.326   	0.400000	216.348   	0.400000	675.555   	0.400000	1136.21   	0.400000	653.402   	
0.450000	22205.2   	0.450000	22205.2   	0.450000	23882.9   	0.450000	23882.9   	0.450000	23883     	0.450000	233.11    	0.450000	254.101   	0.450000	762.762   	0.450000	1268.69   	0.450000	737.163   	
0.500000	25930.3   	0.500000	25930.3   	0.500000	27676.4   	0.500000	27676.4   	0.500000	27676.5   	0.500000	277.094   	0.500000	294.862   	0.500000	855.366   	0.500000	1408.14   	0.500000	826.419   	
0.600000	34144.4   	0.600000	34144.4   	0.600000	36083.2   	0.600000	36083.2   	0.600000	36083.3   	0.600000	377.142   	0.600000	385.319   	0.600000	1056.34   	0.600000	1707.17   	0.600000	1021.65   	
0.700000	43346.2   	0.700000	43346.2   	0.700000	45551     	0.700000	45551     	0.700000	45551.1   	0.700000	492.47    	0.700000	488.985   	0.700000	1278.18   	0.700000	2032.79   	0.700000	1238.63   	
0.800000	53505.7   	0.800000	53505.7   	0.800000	56041.4   	0.800000	56041.4   	0.800000	56041.5   	0.800000	622.229   	0.800000	604.135   	0.800000	1520.32   	0.800000	2384.03   	0.800000	1476.87   	
0.900000	64598.7   	0.900000	64598.7   	0.900000	67519.8   	0.900000	67519.8   	0.900000	67519.8   	0.900000	765.74    	0.900000	729.301   	0.900000	1782.28   	0.900000	2760.13   	0.900000	1735.79   	
1.000000	76604.9   	1.000000	76604.9   	1.000000	79956.1   	1.000000	79956.1   	1.000000	79956.2   	1.000000	922.471   	1.000000	863.511   	1.000000	2063.42   	1.000000	3160.06   	1.000000	2014.66   	
1.250000	110508    	1.250000	110508    	1.250000	115078    	1.250000	115078    	1.250000	115078    	1.250000	1369.65   	1.250000	1234.66   	1.250000	2847.17   	1.250000	4259.43   	1.250000	2796.31   	
1.500000	149799    	1.500000	149799    	1.500000	155722    	1.500000	155722    	1.500000	155722    	1.500000	1892.73   	1.500000	1652.23   	1.500000	3741.56   	1.500000	5493.18   	1.500000	3693.39   	
1.750000	194313    	1.750000	194313    	1.750000	201670    	1.750000	201670    	1.750000	201670    	1.750000	2489.14   	1.750000	2112.88   	1.750000	4736.14   	1.750000	6840.03   	1.750000	4701.45   	
2.000000	243916    	2.000000	243916    	2.000000	252757    	2.000000	252757    	2.000000	252757    	2.000000	3157.27   	2.000000	2614.58   	2.000000	5832.51   	2.000000	8306.81   	2.000000	5817.14   	
2.250000	298498    	2.250000	298498    	2.250000	308857    	2.250000	308857    	2.250000	308857    	2.250000	3895.96   	2.250000	3155.95   	2.250000	7029.08   	2.250000	9891.52   	2.250000	7013.23   	
2.500000	358050    	2.500000	357965    	2.500000	369869    	2.500000	369869    	2.500000	369869    	2.500000	4704.38   	2.500000	3735.99   	2.500000	8323.86   	2.500000	11590.8   	2.500000	8312.07   	
3.000000	496664    	3.000000	491234    	3.000000	506297    	3.000000	506297    	3.000000	506297    	3.000000	6527.78   	3.000000	5009.21   	3.000000	11201.6   	3.000000	15321.5   	3.000000	11211.9   	
3.500000	654429    	3.500000	643174    	3.500000	661495    	3.500000	661495    	3.500000	661495    	3.500000	8623.2    	3.500000	6429.3    	3.500000	14455.2   	3.500000	19481     	3.500000	14505.7   	
4.000000	830946    	4.000000	813340    	4.000000	835038    	4.000000	835038    	4.000000	835038    	4.000000	10987.4   	4.000000	7992.41   	4.000000	18075.1   	4.000000	24053.1   	4.000000	18185.4   	
4.500000	1.02587e+06	4.500000	1.00136e+06	4.500000	1.02658e+06	4.500000	1.02658e+06	4.500000	1.02658e+06	4.500000	13617.7   	4.500000	9695.36   	4.500000	22041.4   	4.500000	29010.6   	4.500000	22244.7   	
5.000000	1.23892e+06	5.000000	1.20692e+06	5.000000	1.23583e+06	5.000000	1.23583e+06	5.000000	1.23583e+06	5.000000	16511.8   	5.000000	11535.5   	5.000000	26365.2   	5.000000	34364.1   	5.000000	26678.1   	
5.500000	1.46982e+06	5.500000	1.42974e+06	5.500000	1.46255e+06	5.500000	1.46255e+06	5.500000	1.46255e+06	5.500000	19667.7   	5.500000	13510.4   	5.500000	31042.2   	5.500000	40105.7   	5.500000	31481.3   	
6.000000	1.71834e+06	6.000000	1.66957e+06	6.000000	1.7065e+06	6.000000	1.7065e+06	6.000000	1.7065e+06	6.000000	23083.7   	6.000000	15618.1   	6.000000	36068.5   	6.000000	46228.4   	6.000000	36650.5   	
6.500000	1.98427e+06	6.500000	1.92621e+06	6.500000	1.96751e+06	6.500000	1.96751e+06	6.500000	1.96751e+06	6.500000	26758.3   	6.500000	17856.8   	6.500000	41440.8   	6.500000	52726.1   	6.500000	42182.3   	
7.000000	2.26742e+06	7.000000	2.19944e+06	7.000000	2.24539e+06	7.000000	2.24539e+06	7.000000	2.24539e+06	7.000000	30690     	7.000000	20224.7   	7.000000	47156.2   	7.000000	59593.3   	7.000000	48074     	
7.500000	2.56759e+06	7.500000	2.4891e+06	7.500000	2.53999e+06	7.500000	2.53999e+06	7.500000	2.53999e+06	7.500000	34877.4   	7.500000	22720.4   	7.500000	53212     	7.500000	66825.1   	7.500000	54322.9   	
8.000000	2.88462e+06	8.000000	2.79503e+06	8.000000	2.85117e+06	8.000000	2.85117e+06	8.000000	2.85116e+06	8.000000	39319.5   	8.000000	25342.5   	8.000000	59605.7   	8.000000	74417.1   	8.000000	60926.5   	
8.500000	3.21836e+06	8.500000	3.11706e+06	8.500000	3.17878e+06	8.500000	3.17878e+06	8.500000	3.17878e+06	8.500000	44015     	8.500000	28090     	8.500000	66335.4   	8.500000	82365.4   	8.500000	67883     	
9.000000	3.56865e+06	9.000000	3.45506e+06	9.000000	3.52272e+06	9.000000	3.52272e+06	9.000000	3.52272e+06	9.000000	48963.1   	9.000000	30961.7   	9.000000	73399     	9.000000	90666.2   	9.000000	75190.3   	
9.500000	3.93536e+06	9.500000	3.80891e+06	9.500000	3.88286e+06	9.500000	3.88286e+06	9.500000	3.88286e+06	9.500000	54162.6   	9.500000	33956.1   	9.500000	80794.6   	9.500000	99316.1   	9.500000	82846.6   	
10.000000	4.31834e+06	10.000000	4.17902e+06	10.000000	4.2591e+06	10.000000	4.2591e+06	10.000000	4.2591e+06	10.000000	59612.8   	10.000000	37071.5   	10.000000	88520.6   	10.000000	108312    	10.000000	90850.3   	
11.000000	5.13264e+06	11.000000	4.99774e+06	11.000000	5.05997e+06	11.000000	5.05997e+06	11.000000	5.06e+06  	11.000000	71282     	11.000000	43673.3   	11.000000	104970    	11.000000	127344    	11.000000	107907    	
12.000000	6.01059e+06	12.000000	5.87884e+06	12.000000	5.92506e+06	12.000000	5.92505e+06	12.000000	5.92515e+06	12.000000	83980.6   	12.000000	50773.3   	12.000000	122749    	12.000000	147754    	12.000000	126363    	
13.000000	6.95133e+06	13.000000	6.8216e+06	13.000000	6.85372e+06	13.000000	6.85369e+06	13.000000	6.85387e+06	13.000000	97698.1   	13.000000	58361.4   	13.000000	141847    	13.000000	169525    	13.000000	146208    	
14.000000	7.95403e+06	14.000000	7.82532e+06	14.000000	7.84529e+06	14.000000	7.84526e+06	14.000000	7.84554e+06	14.000000	112424    	14.000000	66426.4   	14.000000	162254    	14.000000	192637    	14.000000	167433    	
15.000000	9.01793e+06	15.000000	8.88936e+06	15.000000	8.89916e+06	15.000000	8.89913e+06	15.000000	8.89953e+06	15.000000	128150    	15.000000	74964.3   	15.000000	183961    	15.000000	217075    	15.000000	190029    	
16.000000	1.01423e+07	16.000000	1.00131e+07	16.000000	1.00147e+07	16.000000	1.00147e+07	16.000000	1.00152e+07	16.000000	144866    	16.000000	83968.9   	16.000000	206959    	16.000000	242822    	16.000000	213988    	
17.000000	1.13265e+07	17.000000	1.1196e+07	17.000000	1.11914e+07	17.000000	1.11914e+07	17.000000	1.1192e+07	17.000000	162560    	17.000000	93428.8   	17.000000	231236    	17.000000	269861    	17.000000	239298    	
18.000000	1.25699e+07	18.000000	1.24374e+07	18.000000	1.24284e+07	18.000000	1.24285e+07	18.000000	1.24294e+07	18.000000	181223    	18.000000	103335    	18.000000	256782    	18.000000	298177    	18.000000	265950    	
19.000000	1.38718e+07	19.000000	1.37369e+07	19.000000	1.37254e+07	19.000000	1.37256e+07	19.000000	1.37266e+07	19.000000	200844    	19.000000	113681    	19.000000	283586    	19.000000	327753    	19.000000	293933    	
20.000000	1.52317e+07	20.000000	1.5094e+07	20.000000	1.50817e+07	20.000000	1.50819e+07	20.000000	1.50832e+07	20.000000	221408    	20.000000	124459    	20.000000	311636    	20.000000	358572    	20.000000	323236    	
21.000000	1.6649e+07	21.000000	1.6508e+07	21.000000	1.64966e+07	21.000000	1.6497e+07	21.000000	1.64984e+07	21.000000	242906    	21.000000	135662    	21.000000	340921    	21.000000	390619    	21.000000	353847    	
22.000000	1.81232e+07	22.000000	1.79787e+07	22.000000	1.79696e+07	22.000000	1.79701e+07	22.000000	1.79718e+07	22.000000	265322    	22.000000	147282    	22.000000	371427    	22.000000	423877    	22.000000	385753    	
23.000000	1.96538e+07	23.000000	1.95055e+07	23.000000	1.95001e+07	23.000000	1.95007e+07	23.000000	1.95026e+07	23.000000	288643    	23.000000	159311    	23.000000	403141    	23.000000	458329    	23.000000	418942    	
24.000000	2.12403e+07	24.000000	2.10879e+07	24.000000	2.10873e+07	24.000000	2.1088e+07	24.000000	2.10902e+07	24.000000	312854    	24.000000	171739    	24.000000	436051    	24.000000	493958    	24.000000	453401    	
25.000000	2.28821e+07	25.000000	2.27257e+07	25.000000	2.27306e+07	25.000000	2.27316e+07	25.000000	2.2734e+07	25.000000	337940    	25.000000	184554    	25.000000	470140    	25.000000	530747    	25.000000	489115    	
27.000000	2.63302e+07	27.000000	2.61653e+07	27.000000	2.61827e+07	27.000000	2.61846e+07	27.000000	2.61876e+07	27.000000	390674    	27.000000	211312    	27.000000	541803    	27.000000	607734    	27.000000	564252    	
29.000000	2.99946e+07	29.000000	2.98211e+07	29.000000	2.98514e+07	29.000000	2.98542e+07	29.000000	2.98577e+07	29.000000	446710    	29.000000	239537    	29.000000	618004    	29.000000	689145    	29.000000	644229    	
31.000000	3.38719e+07	31.000000	3.36902e+07	31.000000	3.37315e+07	31.000000	3.37354e+07	31.000000	3.37394e+07	31.000000	505926    	31.000000	269164    	31.000000	698625    	31.000000	774844    	31.000000	728929    	
33.000000	3.79591e+07	33.000000	3.77697e+07	33.000000	3.78215e+07	33.000000	3.78265e+07	33.000000	3.7831e+07	33.000000	568348    	33.000000	300185    	33.000000	783631    	33.000000	864783    	33.000000	818322    	
35.000000	4.22532e+07	35.000000	4.2057e+07	35.000000	4.2119e+07	35.000000	4.21252e+07	35.000000	4.21301e+07	35.000000	633953    	35.000000	332596    	35.000000	872970    	35.000000	958898    	35.000000	912360    	
38.000000	4.90763e+07	38.000000	4.88716e+07	38.000000	4.89485e+07	38.000000	4.89566e+07	38.000000	4.89621e+07	38.000000	738237    	38.000000	383789    	38.000000	1.01497e+06	38.000000	1.10775e+06	38.000000	1.06201e+06	
41.000000	5.63496e+07	41.000000	5.61394e+07	41.000000	5.62298e+07	41.000000	5.62409e+07	41.000000	5.62468e+07	41.000000	849449    	41.000000	437971    	41.000000	1.16641e+06	41.000000	1.26563e+06	41.000000	1.22181e+06	
44.000000	6.40649e+07	44.000000	6.38525e+07	44.000000	6.39559e+07	44.000000	6.39701e+07	44.000000	6.39762e+07	44.000000	967452    	44.000000	495082    	44.000000	1.32709e+06	44.000000	1.43233e+06	44.000000	1.3916e+06	
47.000000	7.22143e+07	47.000000	7.20033e+07	47.000000	7.21194e+07	47.000000	7.21368e+07	47.000000	7.21429e+07	47.000000	1.09211e+06	47.000000	555061    	47.000000	1.49685e+06	47.000000	1.60767e+06	47.000000	1.57122e+06	
50.000000	8.07903e+07	50.000000	8.05848e+07	50.000000	8.07131e+07	50.000000	8.0734e+07	50.000000	8.07399e+07	50.000000	1.22329e+06	50.000000	617851    	50.000000	1.67553e+06	50.000000	1.79148e+06	50.000000	1.76052e+06	
55.000000	9.60129e+07	55.000000	9.58256e+07	55.000000	9.59741e+07	55.000000	9.60009e+07	55.000000	9.60062e+07	55.000000	1.45608e+06	55.000000	728593    	55.000000	1.99273e+06	55.000000	2.1162e+06	55.000000	2.09717e+06	
60.000000	1.12371e+08	60.000000	1.12214e+08	60.000000	1.12382e+08	60.000000	1.12416e+08	60.000000	1.1242e+08	60.000000	1.70605e+06	60.000000	846752    	60.000000	2.33359e+06	60.000000	2.46327e+06	60.000000	2.45971e+06	
65.000000	1.29836e+08	65.000000	1.29721e+08	65.000000	1.29909e+08	65.000000	1.2995e+08	65.000000	1.29953e+08	65.000000	1.97266e+06	65.000000	971989    	65.000000	2.69746e+06	65.000000	2.83205e+06	65.000000	2.84755e+06	
70.000000	1.48382e+08	70.000000	1.48321e+08	70.000000	1.48528e+08	70.000000	1.48579e+08	70.000000	1.4858e+08	70.000000	2.25537e+06	70.000000	1.10416e+06	70.000000	3.08373e+06	70.000000	3.22193e+06	70.000000	3.26014e+06	
75.000000	1.67984e+08	75.000000	1.67988e+08	75.000000	1.68217e+08	75.000000	1.68278e+08	75.000000	1.68276e+08	75.000000	2.55368e+06	75.000000	1.24295e+06	75.000000	3.49181e+06	75.000000	3.63233e+06	75.000000	3.69694e+06	
80.000000	1.8862e+08	80.000000	1.88698e+08	80.000000	1.88952e+08	80.000000	1.89023e+08	80.000000	1.89018e+08	80.000000	2.86711e+06	80.000000	1.38825e+06	80.000000	3.92114e+06	80.000000	4.06272e+06	80.000000	4.15747e+06	
85.000000	2.10268e+08	85.000000	2.10429e+08	85.000000	2.1071e+08	85.000000	2.10792e+08	85.000000	2.10783e+08	85.000000	3.19518e+06	85.000000	1.5399e+06	85.000000	4.37119e+06	85.000000	4.51261e+06	85.000000	4.64123e+06	
90.000000	2.32907e+08	90.000000	2.33159e+08	90.000000	2.33471e+08	90.000000	2.33564e+08	90.000000	2.33551e+08	90.000000	3.53745e+06	90.000000	1.69764e+06	90.000000	4.84144e+06	90.000000	4.98152e+06	90.000000	5.14776e+06	
95.000000	2.56518e+08	95.000000	2.56867e+08	95.000000	2.57212e+08	95.000000	2.57318e+08	95.000000	2.573e+08 	95.000000	3.89347e+06	95.000000	1.86122e+06	95.000000	5.33139e+06	95.000000	5.46897e+06	95.000000	5.67661e+06	
100.000000	2.81082e+08	100.000000	2.81532e+08	100.000000	2.81914e+08	100.000000	2.82035e+08	100.000000	2.82012e+08	100.000000	4.26284e+06	100.000000	2.0305e+06	100.000000	5.84055e+06	100.000000	5.97454e+06	100.000000	6.22734e+06	
105.000000	3.06583e+08	105.000000	3.07136e+08	105.000000	3.0756e+08	105.000000	3.07696e+08	105.000000	3.07667e+08	105.000000	4.64514e+06	105.000000	2.20545e+06	105.000000	6.36847e+06	105.000000	6.49782e+06	105.000000	6.79955e+06	
110.000000	3.33003e+08	110.000000	3.3366e+08	110.000000	3.3413e+08	110.000000	3.34282e+08	110.000000	3.34247e+08	110.000000	5.03998e+06	110.000000	2.38591e+06	110.000000	6.91468e+06	110.000000	7.03838e+06	110.000000	7.39281e+06	
115.000000	3.60327e+08	115.000000	3.61086e+08	115.000000	3.61608e+08	115.000000	3.61777e+08	115.000000	3.61735e+08	115.000000	5.447e+06 	115.000000	2.57173e+06	115.000000	7.47877e+06	115.000000	7.59587e+06	115.000000	8.00674e+06	
120.000000	3.88538e+08	120.000000	3.89397e+08	120.000000	3.89977e+08	120.000000	3.90162e+08	120.000000	3.90113e+08	120.000000	5.86581e+06	120.000000	2.76262e+06	120.000000	8.06029e+06	120.000000	8.1699e+06	120.000000	8.64096e+06	
125.000000	4.17623e+08	125.000000	4.18575e+08	125.000000	4.19219e+08	125.000000	4.19422e+08	125.000000	4.19364e+08	125.000000	6.29607e+06	125.000000	2.95847e+06	125.000000	8.65886e+06	125.000000	8.76012e+06	125.000000	9.29509e+06	
130.000000	4.47567e+08	130.000000	4.48605e+08	130.000000	4.4932e+08	130.000000	4.4954e+08	130.000000	4.49474e+08	130.000000	6.73744e+06	130.000000	3.15931e+06	130.000000	9.27405e+06	130.000000	9.36618e+06	130.000000	9.96877e+06	
135.000000	4.78357e+08	135.000000	4.79472e+08	135.000000	4.80263e+08	135.000000	4.80501e+08	135.000000	4.80426e+08	135.000000	7.18958e+06	135.000000	3.36501e+06	135.000000	9.9055e+06	135.000000	9.98775e+06	135.000000	1.06617e+07	
140.000000	5.0998e+08	140.000000	5.11159e+08	140.000000	5.12033e+08	140.000000	5.1229e+08	140.000000	5.12205e+08	140.000000	7.65218e+06	140.000000	3.57533e+06	140.000000	1.05528e+07	140.000000	1.06245e+07	140.000000	1.13734e+07	
145.000000	5.42422e+08	145.000000	5.43652e+08	145.000000	5.44613e+08	145.000000	5.44892e+08	145.000000	5.44797e+08	145.000000	8.12491e+06	145.000000	3.79018e+06	145.000000	1.12156e+07	145.000000	1.12761e+07	145.000000	1.21036e+07	
150.000000	5.75672e+08	150.000000	5.76938e+08	150.000000	5.77991e+08	150.000000	5.78293e+08	150.000000	5.78187e+08	150.000000	8.60749e+06	150.000000	4.00947e+06	150.000000	1.18936e+07	150.000000	1.19423e+07	150.000000	1.28521e+07	
155.000000	6.31452e+08	155.000000	6.11001e+08	155.000000	6.12153e+08	155.000000	6.12479e+08	155.000000	6.12362e+08	155.000000	9.09961e+06	155.000000	4.2331e+06	155.000000	1.25864e+07	155.000000	1.26228e+07	155.000000	1.36184e+07	
160.000000	6.89194e+08	160.000000	6.45828e+08	160.000000	6.47086e+08	160.000000	6.47437e+08	160.000000	6.47307e+08	160.000000	9.60099e+06	160.000000	4.46098e+06	160.000000	1.32937e+07	160.000000	1.33172e+07	160.000000	1.44023e+07	
165.000000	7.48134e+08	165.000000	6.81407e+08	165.000000	6.82778e+08	165.000000	6.83152e+08	165.000000	6.83011e+08	165.000000	1.01114e+07	165.000000	4.69305e+06	165.000000	1.40151e+07	165.000000	1.40254e+07	165.000000	1.52034e+07	
170.000000	8.08252e+08	170.000000	7.17724e+08	170.000000	7.19214e+08	170.000000	7.19613e+08	170.000000	7.19459e+08	170.000000	1.06304e+07	170.000000	4.92914e+06	170.000000	1.47503e+07	170.000000	1.4747e+07	170.000000	1.60215e+07	
175.000000	8.69528e+08	175.000000	7.54767e+08	175.000000	7.56382e+08	175.000000	7.56808e+08	175.000000	7.56639e+08	175.000000	1.1158e+07	175.000000	5.16906e+06	175.000000	1.5499e+07	175.000000	1.54818e+07	175.000000	1.68563e+07	
180.000000	9.31942e+08	180.000000	7.92525e+08	180.000000	7.94272e+08	180.000000	7.94722e+08	180.000000	7.9454e+08	180.000000	1.16937e+07	180.000000	5.4128e+06	180.000000	1.62609e+07	180.000000	1.62295e+07	180.000000	1.77074e+07	
185.000000	9.95476e+08	185.000000	8.30984e+08	185.000000	8.32869e+08	185.000000	8.33346e+08	185.000000	8.33149e+08	185.000000	1.22374e+07	185.000000	5.66039e+06	185.000000	1.70358e+07	185.000000	1.69899e+07	185.000000	1.85747e+07	
190.000000	1.06011e+09	190.000000	8.70134e+08	190.000000	8.72163e+08	190.000000	8.72667e+08	190.000000	8.72455e+08	190.000000	1.27889e+07	190.000000	5.91162e+06	190.000000	1.78232e+07	190.000000	1.77626e+07	190.000000	1.94577e+07	
195.000000	1.12583e+09	195.000000	9.09963e+08	195.000000	9.12142e+08	195.000000	9.12673e+08	195.000000	9.12446e+08	195.000000	1.33478e+07	195.000000	6.16637e+06	195.000000	1.8623e+07	195.000000	1.85476e+07	195.000000	2.03564e+07	
200.000000	1.19261e+09	200.000000	9.5046e+08	200.000000	9.52797e+08	200.000000	9.53354e+08	200.000000	9.53111e+08	200.000000	1.3914e+07	200.000000	6.42472e+06	200.000000	1.94349e+07	200.000000	1.93446e+07	200.000000	2.12703e+07	
210.000000	1.32931e+09	210.000000	1.03342e+09	210.000000	1.03608e+09	210.000000	1.0367e+09	210.000000	1.03642e+09	210.000000	1.50672e+07	210.000000	6.95184e+06	210.000000	2.10937e+07	210.000000	2.09734e+07	210.000000	2.3143e+07	
220.000000	1.47008e+09	220.000000	1.11892e+09	220.000000	1.12193e+09	220.000000	1.12261e+09	220.000000	1.1223e+09	220.000000	1.6247e+07	220.000000	7.49194e+06	220.000000	2.27976e+07	220.000000	2.26475e+07	220.000000	2.50739e+07	
230.000000	1.6148e+09	230.000000	1.2069e+09	230.000000	1.21026e+09	230.000000	1.21102e+09	230.000000	1.21067e+09	230.000000	1.74517e+07	230.000000	8.04457e+06	230.000000	2.45447e+07	230.000000	2.43651e+07	230.000000	2.70611e+07	
240.000000	1.76333e+09	240.000000	1.29727e+09	240.000000	1.30101e+09	240.000000	1.30184e+09	240.000000	1.30144e+09	240.000000	1.86799e+07	240.000000	8.60926e+06	240.000000	2.6333e+07	240.000000	2.61246e+07	240.000000	2.91027e+07	
250.000000	1.91559e+09	250.000000	1.38996e+09	250.000000	1.3941e+09	250.000000	1.39499e+09	250.000000	1.39456e+09	250.000000	1.993e+07 	250.000000	9.18558e+06	250.000000	2.81607e+07	250.000000	2.79245e+07	250.000000	3.1197e+07	
260.000000	2.07145e+09	260.000000	1.4849e+09	260.000000	1.48945e+09	260.000000	1.49042e+09	260.000000	1.48994e+09	260.000000	2.12007e+07	260.000000	9.77309e+06	260.000000	3.00261e+07	260.000000	2.97634e+07	260.000000	3.33422e+07	
270.000000	2.23081e+09	270.000000	1.58203e+09	270.000000	1.58701e+09	270.000000	1.58805e+09	270.000000	1.58753e+09	270.000000	2.24909e+07	270.000000	1.03714e+07	270.000000	3.19277e+07	270.000000	3.16399e+07	270.000000	3.55367e+07	
280.000000	2.39358e+09	280.000000	1.68129e+09	280.000000	1.68669e+09	280.000000	1.68781e+09	280.000000	1.68724e+09	280.000000	2.37992e+07	280.000000	1.09802e+07	280.000000	3.38636e+07	280.000000	3.35525e+07	280.000000	3.77789e+07	
290.000000	2.55967e+09	290.000000	1.78261e+09	290.000000	1.78845e+09	290.000000	1.78965e+09	290.000000	1.78903e+09	290.000000	2.51245e+07	290.000000	1.15987e+07	290.000000	3.58326e+07	290.000000	3.55002e+07	290.000000	4.00672e+07	
300.000000	2.72898e+09	300.000000	1.88593e+09	300.000000	1.89222e+09	300.000000	1.8935e+09	300.000000	1.89282e+09	300.000000	2.64657e+07	300.000000	1.22265e+07	300.000000	3.78331e+07	300.000000	3.74815e+07	300.000000	4.24003e+07	
310.000000	2.90142e+09	310.000000	1.99119e+09	310.000000	1.99793e+09	310.000000	1.9993e+09	310.000000	1.99857e+09	310.000000	2.78219e+07	310.000000	1.28636e+07	310.000000	3.98638e+07	310.000000	3.94953e+07	310.000000	4.47766e+07	
320.000000	3.07692e+09	320.000000	2.09836e+09	320.000000	2.10554e+09	320.000000	2.107e+09 	320.000000	2.10622e+09	320.000000	2.91919e+07	320.000000	1.35096e+07	320.000000	4.19233e+07	320.000000	4.15405e+07	320.000000	4.71949e+07	
330.000000	3.25539e+09	330.000000	2.20736e+09	330.000000	2.21499e+09	330.000000	2.21654e+09	330.000000	2.2157e+09	330.000000	3.0575e+07	330.000000	1.41636e+07	330.000000	4.40104e+07	330.000000	4.36161e+07	330.000000	4.96537e+07	
340.000000	3.43675e+09	340.000000	2.31815e+09	340.000000	2.32622e+09	340.000000	2.32787e+09	340.000000	2.32697e+09	340.000000	3.19702e+07	340.000000	1.48256e+07	340.000000	4.61239e+07	340.000000	4.57208e+07	340.000000	5.21518e+07	
350.000000	3.62093e+09	350.000000	2.43069e+09	350.000000	2.4392e+09	350.000000	2.44094e+09	350.000000	2.43999e+09	350.000000	3.33766e+07	350.000000	1.54958e+07	350.000000	4.82625e+07	350.000000	4.78537e+07	350.000000	5.4688e+07	
360.000000	3.80787e+09	360.000000	2.54492e+09	360.000000	2.55387e+09	360.000000	2.55571e+09	360.000000	2.55469e+09	360.000000	3.47935e+07	360.000000	1.61739e+07	360.000000	5.04252e+07	360.000000	5.00139e+07	360.000000	5.7261e+07	
370.000000	3.99748e+09	370.000000	2.6608e+09	370.000000	2.67018e+09	370.000000	2.67212e+09	370.000000	2.67104e+09	370.000000	3.62202e+07	370.000000	1.68593e+07	370.000000	5.2611e+07	370.000000	5.22004e+07	370.000000	5.98697e+07	
380.000000	4.18971e+09	380.000000	2.77829e+09	380.000000	2.78809e+09	380.000000	2.79013e+09	380.000000	2.78898e+09	380.000000	3.76559e+07	380.000000	1.75517e+07	380.000000	5.48187e+07	380.000000	5.44123e+07	380.000000	6.2513e+07	
390.000000	4.38448e+09	390.000000	2.89734e+09	390.000000	2.90756e+09	390.000000	2.9097e+09	390.000000	2.90849e+09	390.000000	3.91e+07  	390.000000	1.82509e+07	390.000000	5.70475e+07	390.000000	5.66487e+07	390.000000	6.51898e+07	
400.000000	4.58174e+09	400.000000	3.01791e+09	400.000000	3.02854e+09	400.000000	3.03078e+09	400.000000	3.0295e+09	400.000000	4.05518e+07	400.000000	1.89567e+07	400.000000	5.92963e+07	400.000000	5.89089e+07	400.000000	6.7899e+07	
410.000000	4.78142e+09	410.000000	3.13997e+09	410.000000	3.15099e+09	410.000000	3.15334e+09	410.000000	3.15199e+09	410.000000	4.20106e+07	410.000000	1.96689e+07	410.000000	6.15643e+07	410.000000	6.11918e+07	410.000000	7.06397e+07	
420.000000	4.98347e+09	420.000000	3.26348e+09	420.000000	3.27488e+09	420.000000	3.27733e+09	420.000000	3.27591e+09	420.000000	4.3476e+07	420.000000	2.03871e+07	420.000000	6.38506e+07	420.000000	6.34969e+07	420.000000	7.34108e+07	
430.000000	5.18782e+09	430.000000	3.3884e+09	430.000000	3.40017e+09	430.000000	3.40272e+09	430.000000	3.40123e+09	430.000000	4.49474e+07	430.000000	2.11109e+07	430.000000	6.61543e+07	430.000000	6.58232e+07	430.000000	7.62115e+07	
440.000000	5.39443e+09	440.000000	3.51469e+09	440.000000	3.52681e+09	440.000000	3.52947e+09	440.000000	3.52791e+09	440.000000	4.64242e+07	440.000000	2.18401e+07	440.000000	6.84747e+07	440.000000	6.81702e+07	440.000000	7.90406e+07	
450.000000	5.60324e+09	450.000000	3.64232e+09	450.000000	3.65478e+09	450.000000	3.65754e+09	450.000000	3.6559e+09	450.000000	4.79059e+07	450.000000	2.2575e+07	450.000000	7.0811e+07	450.000000	7.0537e+07	450.000000	8.18975e+07	
460.000000	5.8142e+09	460.000000	3.77126e+09	460.000000	3.78403e+09	460.000000	3.7869e+09	460.000000	3.78519e+09	460.000000	4.9392e+07	460.000000	2.33156e+07	460.000000	7.31624e+07	460.000000	7.29229e+07	460.000000	8.47812e+07	
470.000000	6.02726e+09	470.000000	3.90147e+09	470.000000	3.91453e+09	470.000000	3.91752e+09	470.000000	3.91573e+09	470.000000	5.08822e+07	470.000000	2.40616e+07	470.000000	7.55282e+07	470.000000	7.53275e+07	470.000000	8.76908e+07	
480.000000	6.24236e+09	480.000000	4.03292e+09	480.000000	4.04625e+09	480.000000	4.04936e+09	480.000000	4.04749e+09	480.000000	5.23759e+07	480.000000	2.48127e+07	480.000000	7.79077e+07	480.000000	7.77498e+07	480.000000	9.06256e+07	
490.000000	6.45946e+09	490.000000	4.16559e+09	490.000000	4.17916e+09	490.000000	4.18239e+09	490.000000	4.18044e+09	490.000000	5.38727e+07	490.000000	2.55686e+07	490.000000	8.03003e+07	490.000000	8.01894e+07	490.000000	9.35848e+07	
500.000000	6.67852e+09	500.000000	4.29943e+09	500.000000	4.31322e+09	500.000000	4.31658e+09	500.000000	4.31456e+09	500.000000	5.53723e+07	500.000000	2.63289e+07	500.000000	8.27053e+07	500.000000	8.26457e+07	500.000000	9.65675e+07	
520.000000	7.12233e+09	520.000000	4.57055e+09	520.000000	4.58472e+09	520.000000	4.58833e+09	520.000000	4.58614e+09	520.000000	5.83783e+07	520.000000	2.78634e+07	520.000000	8.75503e+07	520.000000	8.76059e+07	520.000000	1.02601e+08	
540.000000	7.57343e+09	540.000000	4.84607e+09	540.000000	4.86052e+09	540.000000	4.86439e+09	540.000000	4.86202e+09	540.000000	6.13911e+07	540.000000	2.9416e+07	540.000000	9.24379e+07	540.000000	9.26259e+07	540.000000	1.0872e+08	
560.000000	8.03149e+09	560.000000	5.12577e+09	560.000000	5.1404e+09	560.000000	5.14452e+09	560.000000	5.14199e+09	560.000000	6.44082e+07	560.000000	3.09845e+07	560.000000	9.73639e+07	560.000000	9.77016e+07	560.000000	1.14919e+08	
580.000000	8.49622e+09	580.000000	5.40947e+09	580.000000	5.42417e+09	580.000000	5.42855e+09	580.000000	5.42584e+09	580.000000	6.74273e+07	580.000000	3.25679e+07	580.000000	1.02324e+08	580.000000	1.02829e+08	580.000000	1.21194e+08	
600.000000	8.96731e+09	600.000000	5.69696e+09	600.000000	5.71163e+09	600.000000	5.71628e+09	600.000000	5.71338e+09	600.000000	7.04463e+07	600.000000	3.41656e+07	600.000000	1.07315e+08	600.000000	1.08005e+08	600.000000	1.27539e+08	
620.000000	9.44448e+09	620.000000	5.98809e+09	620.000000	6.00261e+09	620.000000	6.00752e+09	620.000000	6.00444e+09	620.000000	7.34636e+07	620.000000	3.57769e+07	620.000000	1.12334e+08	620.000000	1.13225e+08	620.000000	1.3395e+08	
640.000000	9.92747e+09	640.000000	6.28267e+09	640.000000	6.29694e+09	640.000000	6.30212e+09	640.000000	6.29885e+09	640.000000	7.64772e+07	640.000000	3.74012e+07	640.000000	1.17377e+08	640.000000	1.18487e+08	640.000000	1.40423e+08	
660.000000	1.0416e+10	660.000000	6.58057e+09	660.000000	6.59446e+09	660.000000	6.59991e+09	660.000000	6.59645e+09	660.000000	7.94859e+07	660.000000	3.90378e+07	660.000000	1.22441e+08	660.000000	1.23787e+08	660.000000	1.46954e+08	
680.000000	1.09099e+10	680.000000	6.88161e+09	680.000000	6.89503e+09	680.000000	6.90075e+09	680.000000	6.89709e+09	680.000000	8.24881e+07	680.000000	4.06861e+07	680.000000	1.27523e+08	680.000000	1.29123e+08	680.000000	1.53539e+08	
700.000000	1.14089e+10	700.000000	7.18567e+09	700.000000	7.1985e+09	700.000000	7.20449e+09	700.000000	7.20063e+09	700.000000	8.54827e+07	700.000000	4.23457e+07	700.000000	1.32621e+08	700.000000	1.34491e+08	700.000000	1.60175e+08	
720.000000	1.19127e+10	720.000000	7.4926e+09	720.000000	7.50471e+09	720.000000	7.51099e+09	720.000000	7.50693e+09	720.000000	8.84686e+07	720.000000	4.40164e+07	720.000000	1.37733e+08	720.000000	1.3989e+08	720.000000	1.66857e+08	
740.000000	1.24212e+10	740.000000	7.80228e+09	740.000000	7.81356e+09	740.000000	7.82013e+09	740.000000	7.81587e+09	740.000000	9.14448e+07	740.000000	4.56974e+07	740.000000	1.42857e+08	740.000000	1.45317e+08	740.000000	1.73583e+08	
760.000000	1.29342e+10	760.000000	8.11459e+09	760.000000	8.12491e+09	760.000000	8.13179e+09	760.000000	8.12732e+09	760.000000	9.44104e+07	760.000000	4.73875e+07	760.000000	1.47989e+08	760.000000	1.5077e+08	760.000000	1.80351e+08	
780.000000	1.34514e+10	780.000000	8.4294e+09	780.000000	8.43866e+09	780.000000	8.44586e+09	780.000000	8.44118e+09	780.000000	9.73646e+07	780.000000	4.9086e+07	780.000000	1.53129e+08	780.000000	1.56245e+08	780.000000	1.87156e+08	
800.000000	1.39727e+10	800.000000	8.74661e+09	800.000000	8.75471e+09	800.000000	8.76222e+09	800.000000	8.75733e+09	800.000000	1.00307e+08	800.000000	5.07927e+07	800.000000	1.58275e+08	800.000000	1.61743e+08	800.000000	1.93997e+08	
820.000000	1.44979e+10	820.000000	9.06611e+09	820.000000	9.07295e+09	820.000000	9.08077e+09	820.000000	9.07566e+09	820.000000	1.03236e+08	820.000000	5.25082e+07	820.000000	1.63425e+08	820.000000	1.6726e+08	820.000000	2.0087e+08	
840.000000	1.50268e+10	840.000000	9.3878e+09	840.000000	9.39328e+09	840.000000	9.40142e+09	840.000000	9.39609e+09	840.000000	1.06152e+08	840.000000	5.42323e+07	840.000000	1.68578e+08	840.000000	1.72795e+08	840.000000	2.07774e+08	
860.000000	1.55593e+10	860.000000	9.71158e+09	860.000000	9.71561e+09	860.000000	9.72407e+09	860.000000	9.71852e+09	860.000000	1.09054e+08	860.000000	5.5965e+07	860.000000	1.73731e+08	860.000000	1.78346e+08	860.000000	2.14706e+08	
880.000000	1.60952e+10	880.000000	1.00374e+10	880.000000	1.00399e+10	880.000000	1.00486e+10	880.000000	1.00429e+10	880.000000	1.11942e+08	880.000000	5.77056e+07	880.000000	1.78885e+08	880.000000	1.83912e+08	880.000000	2.21663e+08	
900.000000	1.66344e+10	900.000000	1.0365e+10	900.000000	1.03659e+10	900.000000	1.0375e+10	900.000000	1.0369e+10	900.000000	1.14815e+08	900.000000	5.94537e+07	900.000000	1.84037e+08	900.000000	1.8949e+08	900.000000	2.28645e+08	
920.000000	1.71767e+10	920.000000	1.06946e+10	920.000000	1.06937e+10	920.000000	1.07032e+10	920.000000	1.06969e+10	920.000000	1.17674e+08	920.000000	6.12086e+07	920.000000	1.89186e+08	920.000000	1.95081e+08	920.000000	2.35648e+08	
940.000000	1.7722e+10	940.000000	1.10258e+10	940.000000	1.10232e+10	940.000000	1.1033e+10	940.000000	1.10265e+10	940.000000	1.20517e+08	940.000000	6.29697e+07	940.000000	1.94332e+08	940.000000	2.00681e+08	940.000000	2.42671e+08	
960.000000	1.82702e+10	960.000000	1.13588e+10	960.000000	1.13543e+10	960.000000	1.13644e+10	960.000000	1.13577e+10	960.000000	1.23344e+08	960.000000	6.47367e+07	960.000000	1.99473e+08	960.000000	2.0629e+08	960.000000	2.49713e+08	
980.000000	1.8821e+10	980.000000	1.16933e+10	980.000000	1.16869e+10	980.000000	1.16973e+10	980.000000	1.16904e+10	980.000000	1.26156e+08	980.000000	6.65096e+07	980.000000	2.04609e+08	980.000000	2.11908e+08	980.000000	2.56771e+08	
1000.000000	1.93745e+10	1000.000000	1.20293e+10	1000.000000	1.2021e+10	1000.000000	1.20317e+10	1000.000000	1.20246e+10	1000.000000	1.28952e+08	1000.000000	6.82882e+07	1000.000000	2.09738e+08	1000.000000	2.17531e+08	1000.000000	2.63843e+08	
1020.000000	1.99304e+10	1020.000000	1.23668e+10	1020.000000	1.23565e+10	1020.000000	1.23675e+10	1020.000000	1.23601e+10	1020.000000	1.31731e+08	1020.000000	7.00724e+07	1020.000000	2.1486e+08	1020.000000	2.23161e+08	1020.000000	2.7093e+08	
1040.000000	2.04887e+10	1040.000000	1.27057e+10	1040.000000	1.26933e+10	1040.000000	1.27046e+10	1040.000000	1.2697e+10	1040.000000	1.34495e+08	1040.000000	7.1862e+07	1040.000000	2.19974e+08	1040.000000	2.28795e+08	1040.000000	2.78028e+08	
1060.000000	2.10492e+10	1060.000000	1.30459e+10	1060.000000	1.30314e+10	1060.000000	1.30431e+10	1060.000000	1.30352e+10	1060.000000	1.37242e+08	1060.000000	7.3657e+07	1060.000000	2.2508e+08	1060.000000	2.34432e+08	1060.000000	2.85137e+08	
1080.000000	2.16119e+10	1080.000000	1.33873e+10	1080.000000	1.33707e+10	1080.000000	1.33827e+10	1080.000000	1.33746e+10	1080.000000	1.39972e+08	1080.000000	7.5457e+07	1080.000000	2.30176e+08	1080.000000	2.40072e+08	1080.000000	2.92255e+08	
1100.000000	2.21767e+10	1100.000000	1.373e+10 	1100.000000	1.37112e+10	1100.000000	1.37235e+10	1100.000000	1.37152e+10	1100.000000	1.42687e+08	1100.000000	7.72621e+07	1100.000000	2.35262e+08	1100.000000	2.45714e+08	1100.000000	2.99382e+08	
1120.000000	2.27434e+10	1120.000000	1.40738e+10	1120.000000	1.40529e+10	1120.000000	1.40655e+10	1120.000000	1.40569e+10	1120.000000	1.45384e+08	1120.000000	7.9072e+07	1120.000000	2.40338e+08	1120.000000	2.51357e+08	1120.000000	3.06515e+08	
1140.000000	2.33119e+10	1140.000000	1.44187e+10	1140.000000	1.43955e+10	1140.000000	1.44085e+10	1140.000000	1.43997e+10	1140.000000	1.48065e+08	1140.000000	8.08868e+07	1140.000000	2.45403e+08	1140.000000	2.57e+08  	1140.000000	3.13654e+08	
1160.000000	2.38822e+10	1160.000000	1.47647e+10	1160.000000	1.47393e+10	1160.000000	1.47526e+10	1160.000000	1.47435e+10	1160.000000	1.5073e+08	1160.000000	8.27061e+07	1160.000000	2.50457e+08	1160.000000	2.62642e+08	1160.000000	3.20798e+08	
1180.000000	2.44542e+10	1180.000000	1.51117e+10	1180.000000	1.5084e+10	1180.000000	1.50976e+10	1180.000000	1.50883e+10	1180.000000	1.53378e+08	1180.000000	8.45301e+07	1180.000000	2.55499e+08	1180.000000	2.68283e+08	1180.000000	3.27945e+08	
1200.000000	2.50277e+10	1200.000000	1.54596e+10	1200.000000	1.54297e+10	1200.000000	1.54436e+10	1200.000000	1.54341e+10	1200.000000	1.5601e+08	1200.000000	8.63584e+07	1200.000000	2.60529e+08	1200.000000	2.73922e+08	1200.000000	3.35096e+08	
1220.000000	2.56028e+10	1220.000000	1.58083e+10	1220.000000	1.57762e+10	1220.000000	1.57905e+10	1220.000000	1.57807e+10	1220.000000	1.58625e+08	1220.000000	8.81912e+07	1220.000000	2.65546e+08	1220.000000	2.79559e+08	1220.000000	3.42248e+08	
1240.000000	2.61792e+10	1240.000000	1.6158e+10	1240.000000	1.61237e+10	1240.000000	1.61382e+10	1240.000000	1.61282e+10	1240.000000	1.61224e+08	1240.000000	9.00282e+07	1240.000000	2.7055e+08	1240.000000	2.85192e+08	1240.000000	3.49401e+08	
1260.000000	2.6757e+10	1260.000000	1.65085e+10	1260.000000	1.64719e+10	1260.000000	1.64868e+10	1260.000000	1.64766e+10	1260.000000	1.63807e+08	1260.000000	9.18694e+07	1260.000000	2.75541e+08	1260.000000	2.90822e+08	1260.000000	3.56555e+08	
1280.000000	2.73361e+10	1280.000000	1.68597e+10	1280.000000	1.6821e+10	1280.000000	1.68362e+10	1280.000000	1.68257e+10	1280.000000	1.66373e+08	1280.000000	9.37147e+07	1280.000000	2.80518e+08	1280.000000	2.96447e+08	1280.000000	3.63708e+08	
1300.000000	2.79164e+10	1300.000000	1.72117e+10	1300.000000	1.71708e+10	1300.000000	1.71864e+10	1300.000000	1.71756e+10	1300.000000	1.68923e+08	1300.000000	9.5564e+07	1300.000000	2.85482e+08	1300.000000	3.02068e+08	1300.000000	3.7086e+08	
1320.000000	2.84978e+10	1320.000000	1.75643e+10	1320.000000	1.75213e+10	1320.000000	1.75372e+10	1320.000000	1.75262e+10	1320.000000	1.71457e+08	1320.000000	9.74173e+07	1320.000000	2.90432e+08	1320.000000	3.07683e+08	1320.000000	3.78009e+08	
1340.000000	2.90803e+10	1340.000000	1.79176e+10	1340.000000	1.78726e+10	1340.000000	1.78888e+10	1340.000000	1.78775e+10	1340.000000	1.73975e+08	1340.000000	9.92745e+07	1340.000000	2.95367e+08	1340.000000	3.13293e+08	1340.000000	3.85156e+08	
1360.000000	2.96637e+10	1360.000000	1.82716e+10	1360.000000	1.82244e+10	1360.000000	1.8241e+10	1360.000000	1.82295e+10	1360.000000	1.76477e+08	1360.000000	1.01135e+08	1360.000000	3.00288e+08	1360.000000	3.18896e+08	1360.000000	3.923e+08 	
1380.000000	3.02481e+10	1380.000000	1.86261e+10	1380.000000	1.8577e+10	1380.000000	1.85939e+10	1380.000000	1.85821e+10	1380.000000	1.78963e+08	1380.000000	1.03e+08  	1380.000000	3.05195e+08	1380.000000	3.24493e+08	1380.000000	3.9944e+08	
1400.000000	3.08334e+10	1400.000000	1.89812e+10	1400.000000	1.89301e+10	1400.000000	1.89474e+10	1400.000000	1.89353e+10	1400.000000	1.81434e+08	1400.000000	1.04869e+08	1400.000000	3.10086e+08	1400.000000	3.30083e+08	1400.000000	4.06575e+08	
1420.000000	3.14194e+10	1420.000000	1.93368e+10	1420.000000	1.92838e+10	1420.000000	1.93014e+10	1420.000000	1.92891e+10	1420.000000	1.83889e+08	1420.000000	1.06741e+08	1420.000000	3.14963e+08	1420.000000	3.35666e+08	1420.000000	4.13705e+08	
1440.000000	3.20063e+10	1440.000000	1.96929e+10	1440.000000	1.96381e+10	1440.000000	1.9656e+10	1440.000000	1.96435e+10	1440.000000	1.86328e+08	1440.000000	1.08616e+08	1440.000000	3.19824e+08	1440.000000	3.41241e+08	1440.000000	4.2083e+08	
1460.000000	3.25938e+10	1460.000000	2.00494e+10	1460.000000	1.99928e+10	1460.000000	2.00112e+10	1460.000000	1.99984e+10	1460.000000	1.88753e+08	1460.000000	1.10496e+08	1460.000000	3.24671e+08	1460.000000	3.46808e+08	1460.000000	4.27948e+08	
1480.000000	3.3182e+10	1480.000000	2.04064e+10	1480.000000	2.03481e+10	1480.000000	2.03668e+10	1480.000000	2.03538e+10	1480.000000	1.91162e+08	1480.000000	1.12378e+08	1480.000000	3.29502e+08	1480.000000	3.52368e+08	1480.000000	4.3506e+08	
1500.000000	3.37707e+10	1500.000000	2.07638e+10	1500.000000	2.07039e+10	1500.000000	2.0723e+10	1500.000000	2.07097e+10	1500.000000	1.93555e+08	1500.000000	1.14264e+08	1500.000000	3.34318e+08	1500.000000	3.57918e+08	1500.000000	4.42165e+08	
1520.000000	3.436e+10 	1520.000000	2.11216e+10	1520.000000	2.10602e+10	1520.000000	2.10796e+10	1520.000000	2.10661e+10	1520.000000	1.95934e+08	1520.000000	1.16154e+08	1520.000000	3.39118e+08	1520.000000	3.6346e+08	1520.000000	4.49263e+08	
1540.000000	3.49498e+10	1540.000000	2.14797e+10	1540.000000	2.14169e+10	1540.000000	2.14366e+10	1540.000000	2.14229e+10	1540.000000	1.98298e+08	1540.000000	1.18046e+08	1540.000000	3.43902e+08	1540.000000	3.68992e+08	1540.000000	4.56352e+08	
1560.000000	3.554e+10 	1560.000000	2.18382e+10	1560.000000	2.1774e+10	1560.000000	2.17941e+10	1560.000000	2.17801e+10	1560.000000	2.00648e+08	1560.000000	1.19942e+08	1560.000000	3.48671e+08	1560.000000	3.74516e+08	1560.000000	4.63434e+08	
1580.000000	3.61307e+10	1580.000000	2.21969e+10	1580.000000	2.21315e+10	1580.000000	2.2152e+10	1580.000000	2.21377e+10	1580.000000	2.02982e+08	1580.000000	1.21841e+08	1580.000000	3.53425e+08	1580.000000	3.80029e+08	1580.000000	4.70507e+08	
1600.000000	3.67217e+10	1600.000000	2.25559e+10	1600.000000	2.24894e+10	1600.000000	2.25103e+10	1600.000000	2.24957e+10	1600.000000	2.05302e+08	1600.000000	1.23744e+08	1600.000000	3.58162e+08	1600.000000	3.85533e+08	1600.000000	4.77571e+08	
1620.000000	3.7313e+10	1620.000000	2.29152e+10	1620.000000	2.28477e+10	1620.000000	2.28689e+10	1620.000000	2.28541e+10	1620.000000	2.07608e+08	1620.000000	1.2565e+08	1620.000000	3.62884e+08	1620.000000	3.91027e+08	1620.000000	4.84626e+08	
1640.000000	3.79045e+10	1640.000000	2.32747e+10	1640.000000	2.32063e+10	1640.000000	2.32279e+10	1640.000000	2.32128e+10	1640.000000	2.099e+08 	1640.000000	1.27559e+08	1640.000000	3.6759e+08	1640.000000	3.96511e+08	1640.000000	4.91671e+08	
1660.000000	3.84963e+10	1660.000000	2.36345e+10	1660.000000	2.35653e+10	1660.000000	2.35872e+10	1660.000000	2.35719e+10	1660.000000	2.12178e+08	1660.000000	1.29471e+08	1660.000000	3.72281e+08	1660.000000	4.01985e+08	1660.000000	4.98706e+08	
1680.000000	3.90883e+10	1680.000000	2.39944e+10	1680.000000	2.39246e+10	1680.000000	2.39469e+10	1680.000000	2.39313e+10	1680.000000	2.14441e+08	1680.000000	1.31386e+08	1680.000000	3.76955e+08	1680.000000	4.07448e+08	1680.000000	5.05732e+08	
1700.000000	3.96805e+10	1700.000000	2.43545e+10	1700.000000	2.42841e+10	1700.000000	2.43068e+10	1700.000000	2.4291e+10	1700.000000	2.16691e+08	1700.000000	1.33305e+08	1700.000000	3.81614e+08	1700.000000	4.129e+08 	1700.000000	5.12747e+08	
1750.000000	4.11613e+10	1750.000000	2.52554e+10	1750.000000	2.51843e+10	1750.000000	2.52079e+10	1750.000000	2.51914e+10	1750.000000	2.22257e+08	1750.000000	1.38114e+08	1750.000000	3.93192e+08	1750.000000	4.26484e+08	1750.000000	5.30236e+08	
1800.000000	4.26422e+10	1800.000000	2.6157e+10	1800.000000	2.60861e+10	1800.000000	2.61106e+10	1800.000000	2.60934e+10	1800.000000	2.27739e+08	1800.000000	1.42941e+08	1800.000000	4.04671e+08	1800.000000	4.39997e+08	1800.000000	5.47656e+08	
1850.000000	4.41229e+10	1850.000000	2.7059e+10	1850.000000	2.69893e+10	1850.000000	2.70146e+10	1850.000000	2.69968e+10	1850.000000	2.3314e+08	1850.000000	1.47785e+08	1850.000000	4.16052e+08	1850.000000	4.5344e+08	1850.000000	5.65003e+08	
1900.000000	4.56028e+10	1900.000000	2.79611e+10	1900.000000	2.78936e+10	1900.000000	2.79199e+10	1900.000000	2.79014e+10	1900.000000	2.38462e+08	1900.000000	1.52645e+08	1900.000000	4.27336e+08	1900.000000	4.66809e+08	1900.000000	5.82273e+08	
1950.000000	4.70814e+10	1950.000000	2.88632e+10	1950.000000	2.8799e+10	1950.000000	2.88262e+10	1950.000000	2.88071e+10	1950.000000	2.43707e+08	1950.000000	1.5752e+08	1950.000000	4.38522e+08	1950.000000	4.80104e+08	1950.000000	5.99466e+08	
2000.000000	4.85584e+10	2000.000000	2.97651e+10	2000.000000	2.97053e+10	2000.000000	2.97334e+10	2000.000000	2.97136e+10	2000.000000	2.48877e+08	2000.000000	1.6241e+08	2000.000000	4.49613e+08	2000.000000	4.93324e+08	2000.000000	6.16578e+08	
2100.000000	5.15061e+10	2100.000000	3.15673e+10	2100.000000	3.152e+10 	2100.000000	3.15498e+10	2100.000000	3.15288e+10	2100.000000	2.58999e+08	2100.000000	1.72237e+08	2100.000000	4.71509e+08	2100.000000	5.19536e+08	2100.000000	6.50554e+08	
2200.000000	5.44432e+10	2200.000000	3.33664e+10	2200.000000	3.33367e+10	2200.000000	3.33683e+10	2200.000000	3.3346e+10	2200.000000	2.68844e+08	2200.000000	1.82128e+08	2200.000000	4.93032e+08	2200.000000	5.4544e+08	2200.000000	6.84192e+08	
2300.000000	5.73673e+10	2300.000000	3.51613e+10	2300.000000	3.51547e+10	2300.000000	3.5188e+10	2300.000000	3.51643e+10	2300.000000	2.78426e+08	2300.000000	1.92085e+08	2300.000000	5.14191e+08	2300.000000	5.71035e+08	2300.000000	7.17484e+08	
2400.000000	6.02766e+10	2400.000000	3.69508e+10	2400.000000	3.6973e+10	2400.000000	3.70081e+10	2400.000000	3.69832e+10	2400.000000	2.87757e+08	2400.000000	2.02104e+08	2400.000000	5.34996e+08	2400.000000	5.9632e+08	2400.000000	7.50426e+08	
2500.000000	6.31692e+10	2500.000000	3.87342e+10	2500.000000	3.87913e+10	2500.000000	3.88282e+10	2500.000000	3.88019e+10	2500.000000	2.96851e+08	2500.000000	2.12181e+08	2500.000000	5.55456e+08	2500.000000	6.21296e+08	2500.000000	7.83016e+08	
2600.000000	6.60438e+10	2600.000000	4.05108e+10	2600.000000	4.06091e+10	2600.000000	4.06476e+10	2600.000000	4.06201e+10	2600.000000	3.0572e+08	2600.000000	2.22314e+08	2600.000000	5.75581e+08	2600.000000	6.45966e+08	2600.000000	8.15253e+08	
2700.000000	6.88991e+10	2700.000000	4.22798e+10	2700.000000	4.24257e+10	2700.000000	4.2466e+10	2700.000000	4.24372e+10	2700.000000	3.14374e+08	2700.000000	2.32501e+08	2700.000000	5.95381e+08	2700.000000	6.70332e+08	2700.000000	8.47138e+08	
2800.000000	7.17341e+10	2800.000000	4.40408e+10	2800.000000	4.4241e+10	2800.000000	4.4283e+10	2800.000000	4.42529e+10	2800.000000	3.22825e+08	2800.000000	2.42742e+08	2800.000000	6.14866e+08	2800.000000	6.944e+08 	2800.000000	8.78674e+08	
2900.000000	7.45478e+10	2900.000000	4.57933e+10	2900.000000	4.60546e+10	2900.000000	4.60983e+10	2900.000000	4.60669e+10	2900.000000	3.31081e+08	2900.000000	2.53037e+08	2900.000000	6.34046e+08	2900.000000	7.18173e+08	2900.000000	9.09864e+08	
3000.000000	7.73396e+10	3000.000000	4.75369e+10	3000.000000	4.78663e+10	3000.000000	4.79116e+10	3000.000000	4.7879e+10	3000.000000	3.39153e+08	3000.000000	2.63386e+08	3000.000000	6.52929e+08	3000.000000	7.41656e+08	3000.000000	9.40711e+08	
3200.000000	8.28548e+10	3200.000000	5.09962e+10	3200.000000	5.14829e+10	3200.000000	5.15316e+10	3200.000000	5.14964e+10	3200.000000	3.54776e+08	3200.000000	2.84251e+08	3200.000000	6.89845e+08	3200.000000	7.87773e+08	3200.000000	1.0014e+09	
3400.000000	8.82759e+10	3400.000000	5.44166e+10	3400.000000	5.50895e+10	3400.000000	5.51415e+10	3400.000000	5.51038e+10	3400.000000	3.69756e+08	3400.000000	3.05335e+08	3400.000000	7.25684e+08	3400.000000	8.32794e+08	3400.000000	1.06077e+09	
3600.000000	9.36005e+10	3600.000000	5.77967e+10	3600.000000	5.86851e+10	3600.000000	5.87404e+10	3600.000000	5.87002e+10	3600.000000	3.84147e+08	3600.000000	3.26632e+08	3600.000000	7.60511e+08	3600.000000	8.76763e+08	3600.000000	1.11887e+09	
3800.000000	9.88274e+10	3800.000000	6.11356e+10	3800.000000	6.22691e+10	3800.000000	6.23277e+10	3800.000000	6.2285e+10	3800.000000	3.97999e+08	3800.000000	3.48136e+08	3800.000000	7.94387e+08	3800.000000	9.19723e+08	3800.000000	1.17575e+09	
4000.000000	1.03956e+11	4000.000000	6.44328e+10	4000.000000	6.5841e+10	4000.000000	6.59028e+10	4000.000000	6.58576e+10	4000.000000	4.11356e+08	4000.000000	3.69841e+08	4000.000000	8.27369e+08	4000.000000	9.61719e+08	4000.000000	1.23146e+09	
4200.000000	1.08986e+11	4200.000000	6.76881e+10	4200.000000	6.94005e+10	4200.000000	6.94655e+10	4200.000000	6.94179e+10	4200.000000	4.24254e+08	4200.000000	3.91742e+08	4200.000000	8.59508e+08	4200.000000	1.00279e+09	4200.000000	1.28603e+09	
4400.000000	1.13919e+11	4400.000000	7.09015e+10	4400.000000	7.29475e+10	4400.000000	7.30157e+10	4400.000000	7.29656e+10	4400.000000	4.36728e+08	4400.000000	4.13834e+08	4400.000000	8.90853e+08	4400.000000	1.04298e+09	4400.000000	1.33952e+09	
4600.000000	1.18755e+11	4600.000000	7.40732e+10	4600.000000	7.6482e+10	4600.000000	7.65533e+10	4600.000000	7.65009e+10	4600.000000	4.48809e+08	4600.000000	4.36115e+08	4600.000000	9.21447e+08	4600.000000	1.08233e+09	4600.000000	1.39196e+09	
4800.000000	1.23496e+11	4800.000000	7.72035e+10	4800.000000	8.0004e+10	4800.000000	8.00783e+10	4800.000000	8.00236e+10	4800.000000	4.60524e+08	4800.000000	4.58582e+08	4800.000000	9.51331e+08	4800.000000	1.12087e+09	4800.000000	1.44341e+09	
5000.000000	1.28143e+11	5000.000000	8.0293e+10	5000.000000	8.35135e+10	5000.000000	8.3591e+10	5000.000000	8.35338e+10	5000.000000	4.71897e+08	5000.000000	4.81232e+08	5000.000000	9.80543e+08	5000.000000	1.15864e+09	5000.000000	1.49389e+09	
5250.000000	1.33822e+11	5250.000000	8.40981e+10	5250.000000	8.78832e+10	5250.000000	8.79644e+10	5250.000000	8.79044e+10	5250.000000	4.85668e+08	5250.000000	5.098e+08 	5250.000000	1.01617e+09	5250.000000	1.20481e+09	5250.000000	1.55571e+09	
5500.000000	1.39361e+11	5500.000000	8.78413e+10	5500.000000	9.2234e+10	5500.000000	9.2319e+10	5500.000000	9.2256e+10	5500.000000	4.98979e+08	5500.000000	5.38647e+08	5500.000000	1.05086e+09	5500.000000	1.24989e+09	5500.000000	1.61615e+09	
6000.000000	1.50034e+11	6000.000000	9.51473e+10	6000.000000	1.0088e+11	6000.000000	1.00973e+11	6000.000000	1.00904e+11	6000.000000	5.24357e+08	6000.000000	5.97162e+08	6000.000000	1.11766e+09	6000.000000	1.33698e+09	6000.000000	1.73319e+09	
6500.000000	1.60191e+11	6500.000000	1.02222e+11	6500.000000	1.09456e+11	6500.000000	1.09556e+11	6500.000000	1.09481e+11	6500.000000	5.48264e+08	6500.000000	6.56748e+08	6500.000000	1.18134e+09	6500.000000	1.42032e+09	6500.000000	1.84549e+09	
7000.000000	1.69864e+11	7000.000000	1.09077e+11	7000.000000	1.17964e+11	7000.000000	1.18071e+11	7000.000000	1.17991e+11	7000.000000	5.70889e+08	7000.000000	7.17371e+08	7000.000000	1.24225e+09	7000.000000	1.50025e+09	7000.000000	1.95348e+09	
7500.000000	1.79083e+11	7500.000000	1.15723e+11	7500.000000	1.26408e+11	7500.000000	1.26522e+11	7500.000000	1.26437e+11	7500.000000	5.92388e+08	7500.000000	7.79003e+08	7500.000000	1.30065e+09	7500.000000	1.57708e+09	7500.000000	2.05753e+09	
8000.000000	1.87876e+11	8000.000000	1.22171e+11	8000.000000	1.34792e+11	8000.000000	1.34912e+11	8000.000000	1.34822e+11	8000.000000	6.12886e+08	8000.000000	8.41616e+08	8000.000000	1.35679e+09	8000.000000	1.65108e+09	8000.000000	2.15797e+09	
8500.000000	1.96272e+11	8500.000000	1.28432e+11	8500.000000	1.43118e+11	8500.000000	1.43245e+11	8500.000000	1.43149e+11	8500.000000	6.32491e+08	8500.000000	9.05182e+08	8500.000000	1.41087e+09	8500.000000	1.72248e+09	8500.000000	2.25508e+09	
9000.000000	2.04295e+11	9000.000000	1.34515e+11	9000.000000	1.51389e+11	9000.000000	1.51523e+11	9000.000000	1.51422e+11	9000.000000	6.51293e+08	9000.000000	9.69679e+08	9000.000000	1.46308e+09	9000.000000	1.79148e+09	9000.000000	2.34911e+09	
9500.000000	2.11969e+11	9500.000000	1.4043e+11	9500.000000	1.59608e+11	9500.000000	1.59749e+11	9500.000000	1.59643e+11	9500.000000	6.69368e+08	9500.000000	1.03508e+09	9500.000000	1.51357e+09	9500.000000	1.85828e+09	9500.000000	2.44031e+09	
10000.000000	2.19315e+11	10000.000000	1.46186e+11	10000.000000	1.67778e+11	10000.000000	1.67926e+11	10000.000000	1.67815e+11	10000.000000	6.86782e+08	10000.000000	1.10137e+09	10000.000000	1.56246e+09	10000.000000	1.92303e+09	10000.000000	2.52886e+09	
11000.000000	2.33106e+11	11000.000000	1.5725e+11	11000.000000	1.83979e+11	11000.000000	1.8414e+11	11000.000000	1.84019e+11	11000.000000	7.1985e+08	11000.000000	1.2365e+09	11000.000000	1.65597e+09	11000.000000	2.04694e+09	11000.000000	2.69873e+09	
12000.000000	2.45811e+11	12000.000000	1.67767e+11	12000.000000	2.0001e+11	12000.000000	2.00182e+11	12000.000000	2.00052e+11	12000.000000	7.50873e+08	12000.000000	1.37496e+09	12000.000000	1.7444e+09	12000.000000	2.16419e+09	12000.000000	2.85998e+09	
13000.000000	2.57554e+11	13000.000000	1.77787e+11	13000.000000	2.15883e+11	13000.000000	2.16068e+11	13000.000000	2.15929e+11	13000.000000	7.80143e+08	13000.000000	1.51661e+09	13000.000000	1.82841e+09	13000.000000	2.2756e+09	13000.000000	3.01362e+09	
14000.000000	2.6844e+11	14000.000000	1.87356e+11	14000.000000	2.31613e+11	14000.000000	2.31809e+11	14000.000000	2.31661e+11	14000.000000	8.0789e+08	14000.000000	1.66126e+09	14000.000000	1.90851e+09	14000.000000	2.38182e+09	14000.000000	3.16048e+09	
15000.000000	2.78562e+11	15000.000000	1.96513e+11	15000.000000	2.47208e+11	15000.000000	2.47417e+11	15000.000000	2.4726e+11	15000.000000	8.34304e+08	15000.000000	1.80875e+09	15000.000000	1.98514e+09	15000.000000	2.4834e+09	15000.000000	3.30126e+09	
16000.000000	2.87997e+11	16000.000000	2.05292e+11	16000.000000	2.6268e+11	16000.000000	2.62902e+11	16000.000000	2.62736e+11	16000.000000	8.59536e+08	16000.000000	1.95897e+09	16000.000000	2.05866e+09	16000.000000	2.5808e+09	16000.000000	3.43658e+09	
17000.000000	2.96813e+11	17000.000000	2.13723e+11	17000.000000	2.78035e+11	17000.000000	2.78271e+11	17000.000000	2.78097e+11	17000.000000	8.83713e+08	17000.000000	2.11184e+09	17000.000000	2.12937e+09	17000.000000	2.67443e+09	17000.000000	3.56692e+09	
18000.000000	3.05071e+11	18000.000000	2.21833e+11	18000.000000	2.93284e+11	18000.000000	2.93533e+11	18000.000000	2.93351e+11	18000.000000	9.06943e+08	18000.000000	2.26732e+09	18000.000000	2.19753e+09	18000.000000	2.76461e+09	18000.000000	3.69273e+09	
19000.000000	3.12821e+11	19000.000000	2.29647e+11	19000.000000	3.08432e+11	19000.000000	3.08693e+11	19000.000000	3.08503e+11	19000.000000	9.29316e+08	19000.000000	2.42535e+09	19000.000000	2.26337e+09	19000.000000	2.85166e+09	19000.000000	3.81439e+09	
20000.000000	3.2011e+11	20000.000000	2.37186e+11	20000.000000	3.23487e+11	20000.000000	3.23759e+11	20000.000000	3.23562e+11	20000.000000	9.5091e+08	20000.000000	2.58589e+09	20000.000000	2.32707e+09	20000.000000	2.93581e+09	20000.000000	3.93223e+09	
21000.000000	3.26978e+11	21000.000000	2.44468e+11	21000.000000	3.38453e+11	21000.000000	3.38736e+11	21000.000000	3.38531e+11	21000.000000	9.71791e+08	21000.000000	2.74887e+09	21000.000000	2.38881e+09	21000.000000	3.0173e+09	21000.000000	4.04654e+09	
22000.000000	3.3346e+11	22000.000000	2.51511e+11	22000.000000	3.53335e+11	22000.000000	3.53628e+11	22000.000000	3.53415e+11	22000.000000	9.92019e+08	22000.000000	2.91423e+09	22000.000000	2.44873e+09	22000.000000	3.09633e+09	22000.000000	4.15757e+09	
23000.000000	3.39588e+11	23000.000000	2.58331e+11	23000.000000	3.68137e+11	23000.000000	3.68439e+11	23000.000000	3.68219e+11	23000.000000	1.01164e+09	23000.000000	3.08192e+09	23000.000000	2.50697e+09	23000.000000	3.17306e+09	23000.000000	4.26557e+09	
24000.000000	3.45391e+11	24000.000000	2.64942e+11	24000.000000	3.82863e+11	24000.000000	3.83175e+11	24000.000000	3.82948e+11	24000.000000	1.03071e+09	24000.000000	3.25188e+09	24000.000000	2.56364e+09	24000.000000	3.24766e+09	24000.000000	4.37072e+09	
25000.000000	3.50893e+11	25000.000000	2.71356e+11	25000.000000	3.97516e+11	25000.000000	3.97838e+11	25000.000000	3.97604e+11	25000.000000	1.04926e+09	25000.000000	3.42393e+09	25000.000000	2.61885e+09	25000.000000	3.32027e+09	25000.000000	4.47322e+09	
26000.000000	3.56118e+11	26000.000000	2.77585e+11	26000.000000	4.12101e+11	26000.000000	4.12432e+11	26000.000000	4.12191e+11	26000.000000	1.06733e+09	26000.000000	3.59795e+09	26000.000000	2.67268e+09	26000.000000	3.39101e+09	26000.000000	4.57323e+09	
27000.000000	3.61086e+11	27000.000000	2.83639e+11	27000.000000	4.2662e+11	27000.000000	4.2696e+11	27000.000000	4.26713e+11	27000.000000	1.08494e+09	27000.000000	3.77398e+09	27000.000000	2.72523e+09	27000.000000	3.45999e+09	27000.000000	4.67089e+09	
28000.000000	3.65815e+11	28000.000000	2.8953e+11	28000.000000	4.41075e+11	28000.000000	4.41425e+11	28000.000000	4.41171e+11	28000.000000	1.10213e+09	28000.000000	3.95207e+09	28000.000000	2.77656e+09	28000.000000	3.52733e+09	28000.000000	4.76635e+09	
29000.000000	3.70323e+11	29000.000000	2.95264e+11	29000.000000	4.55471e+11	29000.000000	4.55829e+11	29000.000000	4.5557e+11	29000.000000	1.11893e+09	29000.000000	4.13221e+09	29000.000000	2.82675e+09	29000.000000	3.59311e+09	29000.000000	4.85973e+09	
30000.000000	3.74623e+11	30000.000000	3.00851e+11	30000.000000	4.69808e+11	30000.000000	4.70175e+11	30000.000000	4.6991e+11	30000.000000	1.13536e+09	30000.000000	4.31436e+09	30000.000000	2.87587e+09	30000.000000	3.65743e+09	30000.000000	4.95114e+09	
32000.000000	3.82658e+11	32000.000000	3.11613e+11	32000.000000	4.98319e+11	32000.000000	4.98703e+11	32000.000000	4.98426e+11	32000.000000	1.16717e+09	32000.000000	4.68441e+09	32000.000000	2.97108e+09	32000.000000	3.78195e+09	32000.000000	5.12844e+09	
34000.000000	3.90016e+11	34000.000000	3.2187e+11	34000.000000	5.26624e+11	34000.000000	5.27024e+11	34000.000000	5.26736e+11	34000.000000	1.19772e+09	34000.000000	5.06175e+09	34000.000000	3.0626e+09	34000.000000	3.90145e+09	34000.000000	5.299e+09 	
36000.000000	3.9678e+11	36000.000000	3.31667e+11	36000.000000	5.54738e+11	36000.000000	5.55152e+11	36000.000000	5.54854e+11	36000.000000	1.22713e+09	36000.000000	5.44598e+09	36000.000000	3.15078e+09	36000.000000	4.01641e+09	36000.000000	5.46343e+09	
38000.000000	4.03016e+11	38000.000000	3.41045e+11	38000.000000	5.82673e+11	38000.000000	5.83101e+11	38000.000000	5.82794e+11	38000.000000	1.25552e+09	38000.000000	5.83686e+09	38000.000000	3.23591e+09	38000.000000	4.12722e+09	38000.000000	5.62226e+09	
40000.000000	4.08783e+11	40000.000000	3.5004e+11	40000.000000	6.1044e+11	40000.000000	6.10881e+11	40000.000000	6.10565e+11	40000.000000	1.28297e+09	40000.000000	6.23421e+09	40000.000000	3.31824e+09	40000.000000	4.23423e+09	40000.000000	5.77596e+09	
42000.000000	4.14132e+11	42000.000000	3.58683e+11	42000.000000	6.38049e+11	42000.000000	6.38503e+11	42000.000000	6.38179e+11	42000.000000	1.30956e+09	42000.000000	6.6379e+09	42000.000000	3.398e+09 	42000.000000	4.33776e+09	42000.000000	5.92494e+09	
44000.000000	4.19106e+11	44000.000000	3.67001e+11	44000.000000	6.65509e+11	44000.000000	6.65975e+11	44000.000000	6.65644e+11	44000.000000	1.33536e+09	44000.000000	7.0478e+09	44000.000000	3.47539e+09	44000.000000	4.43806e+09	44000.000000	6.06954e+09	
46000.000000	4.23741e+11	46000.000000	3.75017e+11	46000.000000	6.92829e+11	46000.000000	6.93306e+11	46000.000000	6.92968e+11	46000.000000	1.36043e+09	46000.000000	7.4638e+09	46000.000000	3.55056e+09	46000.000000	4.53537e+09	46000.000000	6.21008e+09	
48000.000000	4.28071e+11	48000.000000	3.82755e+11	48000.000000	7.20014e+11	48000.000000	7.20503e+11	48000.000000	7.20159e+11	48000.000000	1.38482e+09	48000.000000	7.8858e+09	48000.000000	3.62369e+09	48000.000000	4.62991e+09	48000.000000	6.34684e+09	
50000.000000	4.32123e+11	50000.000000	3.90232e+11	50000.000000	7.47074e+11	50000.000000	7.47573e+11	50000.000000	7.47223e+11	50000.000000	1.40858e+09	50000.000000	8.31363e+09	50000.000000	3.6949e+09	50000.000000	4.72185e+09	50000.000000	6.48006e+09	
