! 1H range in Si
! apply ZOOM for details
Energy (MeV/u)1	0 - [He-base] F.Hubert et al, AD&ND Tables 46(1990)1	Energy (MeV/u)2	1 - [H -base] J.F.Ziegler et al,Pergamon Press,NY(low energy)	Energy (MeV/u)3	2 - ATIMA 1.2 LS-theory (recommended for high energy)	Energy (MeV/u)4	3 - ATIMA 1.2 without LS-correction	Energy (MeV/u)5	4 - ATIMA 1.4 H.Weick, improved mean charge formula for HI	Energy (MeV/u)6	5 - Range straggling - method [0] - LISE	Energy (MeV/u)7	6 - Range straggling - method [1] - Atima	Energy (MeV/u)8	7 - Lateral range - method [0] - LISE	Energy (MeV/u)9	8 - Lateral range - method [1] - Atima	Energy (MeV/u)10	9 - Lateral range - method [2] - PDG	
0.001000	0.0389563 	0.001000	0.0389563 	0.001000	0.0302678 	0.001000	0.0302678 	0.001000	0.0302782 	0.001000	0         	0.001000	0         	0.001000	0.000322496	0.001000	0.000528192	0.001000	0.000229994	
0.002000	0.0787459 	0.002000	0.0779126 	0.002000	0.0605356 	0.002000	0.0605356 	0.002000	0.0605564 	0.002000	0.00710606	0.002000	0.00710606	0.002000	0.000944373	0.002000	0.00149414	0.002000	0.000704152	
0.005000	0.169176  	0.005000	0.166449  	0.005000	0.127838  	0.005000	0.127838  	0.005000	0.127868  	0.005000	0.00807782	0.005000	0.00807782	0.005000	0.00295838	0.005000	0.00455702	0.005000	0.00227427	
0.008000	0.239681  	0.008000	0.235478  	0.008000	0.179741  	0.008000	0.179741  	0.008000	0.179773  	0.008000	0.00810329	0.008000	0.00810329	0.008000	0.00499397	0.008000	0.00758848	0.008000	0.00389456	
0.010000	0.280673  	0.010000	0.275611  	0.010000	0.20981   	0.010000	0.20981   	0.010000	0.209844  	0.010000	0.0081846 	0.010000	0.0081846 	0.010000	0.00633557	0.010000	0.00956649	0.010000	0.00497247	
0.015000	0.366555  	0.015000	0.359695  	0.015000	0.275307  	0.015000	0.275307  	0.015000	0.275341  	0.015000	0.00856654	0.015000	0.00856654	0.015000	0.00962244	0.015000	0.014369  	0.015000	0.00763474	
0.020000	0.435994  	0.020000	0.427679  	0.020000	0.331783  	0.020000	0.331783  	0.020000	0.331818  	0.020000	0.00905317	0.020000	0.00905317	0.020000	0.0128257 	0.020000	0.0190042 	0.020000	0.0102511 	
0.025000	0.49554   	0.025000	0.485978  	0.025000	0.382317  	0.025000	0.382317  	0.025000	0.382352  	0.025000	0.00955201	0.025000	0.00955201	0.025000	0.0159582 	0.025000	0.0235046 	0.025000	0.0128252 	
0.030000	0.548582  	0.030000	0.53791   	0.030000	0.428875  	0.030000	0.428875  	0.030000	0.428911  	0.030000	0.0100407 	0.030000	0.0100407 	0.030000	0.0190556 	0.030000	0.027927  	0.030000	0.0153833 	
0.035000	0.597121  	0.035000	0.585432  	0.035000	0.47281   	0.035000	0.47281   	0.035000	0.472846  	0.035000	0.0105204 	0.035000	0.0105204 	0.035000	0.0221584 	0.035000	0.0323312 	0.035000	0.0179579 	
0.040000	0.642446  	0.040000	0.629808  	0.040000	0.514818  	0.040000	0.514818  	0.040000	0.514854  	0.040000	0.0109905 	0.040000	0.0109905 	0.040000	0.0252823 	0.040000	0.0367422 	0.040000	0.0205606 	
0.045000	0.685444  	0.045000	0.671905  	0.045000	0.555395  	0.045000	0.555395  	0.045000	0.555431  	0.045000	0.0114526 	0.045000	0.0114526 	0.045000	0.0284415 	0.045000	0.0411817 	0.045000	0.0232026 	
0.050000	0.726751  	0.050000	0.712347  	0.050000	0.594912  	0.050000	0.594912  	0.050000	0.594948  	0.050000	0.0119096 	0.050000	0.0122446 	0.050000	0.0316487 	0.050000	0.0456681 	0.050000	0.0258937 	
0.055000	0.76684   	0.055000	0.751597  	0.055000	0.633653  	0.055000	0.633653  	0.055000	0.633689  	0.055000	0.0123643 	0.055000	0.013162  	0.055000	0.0349149 	0.055000	0.0502177 	0.055000	0.0286431 	
0.060000	0.806075  	0.060000	0.790011  	0.060000	0.671841  	0.060000	0.671841  	0.060000	0.671877  	0.060000	0.0128193 	0.060000	0.0140182 	0.060000	0.0382506 	0.060000	0.0548451 	0.060000	0.0314593 	
0.070000	0.883054  	0.070000	0.865378  	0.070000	0.747253  	0.070000	0.747253  	0.070000	0.747289  	0.070000	0.0137402 	0.070000	0.0156121 	0.070000	0.0451675 	0.070000	0.064385  	0.070000	0.0373232 	
0.080000	0.959332  	0.080000	0.940057  	0.080000	0.822248  	0.080000	0.822248  	0.080000	0.822284  	0.080000	0.0146895 	0.080000	0.0171168 	0.080000	0.0524684 	0.080000	0.0743813 	0.080000	0.0435439 	
0.090000	1.03599   	0.090000	1.01511   	0.090000	0.897599  	0.090000	0.897599  	0.090000	0.897636  	0.090000	0.015681  	0.090000	0.0185843 	0.090000	0.0602144 	0.090000	0.0849151 	0.090000	0.0501742 	
0.100000	1.11374   	0.100000	1.09123   	0.100000	0.973868  	0.100000	0.973868  	0.100000	0.973905  	0.100000	0.0167258 	0.100000	0.0200475 	0.100000	0.0684586 	0.100000	0.0960554 	0.100000	0.05726   	
0.120000	1.27438   	0.120000	1.24851   	0.120000	1.13072   	0.120000	1.13072   	0.120000	1.13076   	0.120000	0.0190095 	0.120000	0.0230426 	0.120000	0.085596  	0.120000	0.119012  	0.120000	0.0720706 	
0.140000	1.4436    	0.140000	1.41418   	0.140000	1.29505   	0.140000	1.29505   	0.140000	1.29509   	0.140000	0.0215904 	0.140000	0.0262096 	0.140000	0.100955  	0.140000	0.139358  	0.140000	0.0854332 	
0.160000	1.6224    	0.160000	1.58924   	0.160000	1.4681    	0.160000	1.4681    	0.160000	1.46814   	0.160000	0.0244951 	0.160000	0.0296006 	0.160000	0.115466  	0.160000	0.158379  	0.160000	0.098132  	
0.180000	1.81116   	0.180000	1.77404   	0.180000	1.65055   	0.180000	1.65055   	0.180000	1.65059   	0.180000	0.027733  	0.180000	0.0332369 	0.180000	0.129766  	0.180000	0.176957  	0.180000	0.110708  	
0.200000	2.00987   	0.200000	1.96859   	0.200000	1.8427    	0.200000	1.8427    	0.200000	1.84273   	0.200000	0.0313016 	0.200000	0.0371222 	0.200000	0.143881  	0.200000	0.194987  	0.200000	0.123178  	
0.250000	2.5491    	0.250000	2.49653   	0.250000	2.36562   	0.250000	2.36562   	0.250000	2.36566   	0.250000	0.041594  	0.250000	0.0478674 	0.250000	0.179804  	0.250000	0.239634  	0.250000	0.155114  	
0.300000	3.14611   	0.300000	3.08105   	0.300000	2.94762   	0.300000	2.94762   	0.300000	2.94766   	0.300000	0.0536527 	0.300000	0.0599113 	0.300000	0.217045  	0.300000	0.285089  	0.300000	0.188463  	
0.350000	3.79754   	0.350000	3.71883   	0.350000	3.58553   	0.350000	3.58553   	0.350000	3.58557   	0.350000	0.067249  	0.350000	0.0730355 	0.350000	0.255963  	0.350000	0.331914  	0.350000	0.223506  	
0.400000	4.50064   	0.400000	4.40721   	0.400000	4.2762    	0.400000	4.2762    	0.400000	4.27623   	0.400000	0.0822043 	0.400000	0.0870694 	0.400000	0.296647  	0.400000	0.380359  	0.400000	0.260303  	
0.450000	5.25329   	0.450000	5.14409   	0.450000	5.0169    	0.450000	5.0169    	0.450000	5.01694   	0.450000	0.0983899 	0.450000	0.101892  	0.450000	0.338991  	0.450000	0.430393  	0.450000	0.298748  	
0.500000	6.05375   	0.500000	5.92779   	0.500000	5.80541   	0.500000	5.80541   	0.500000	5.80544   	0.500000	0.115715  	0.500000	0.117419  	0.500000	0.383112  	0.500000	0.482156  	0.500000	0.338929  	
0.600000	7.79277   	0.600000	7.63039   	0.600000	7.51879   	0.600000	7.51879   	0.600000	7.51882   	0.600000	0.153544  	0.600000	0.150376  	0.600000	0.476169  	0.600000	0.590418  	0.600000	0.424025  	
0.700000	9.70885   	0.700000	9.50635   	0.700000	9.4051    	0.700000	9.4051    	0.700000	9.40514   	0.700000	0.195356  	0.700000	0.185656  	0.700000	0.575644  	0.700000	0.704987  	0.700000	0.515381  	
0.800000	11.7953   	0.800000	11.5491   	0.800000	11.4563   	0.800000	11.4563   	0.800000	11.4563   	0.800000	0.240955  	0.800000	0.223108  	0.800000	0.681291  	0.800000	0.825586  	0.800000	0.612746  	
0.900000	14.0466   	0.900000	13.7533   	0.900000	13.6663   	0.900000	13.6663   	0.900000	13.6663   	0.900000	0.290214  	0.900000	0.26264   	0.900000	0.792892  	0.900000	0.951985  	0.900000	0.715905  	
1.000000	16.4584   	1.000000	16.1146   	1.000000	16.0303   	1.000000	16.0303   	1.000000	16.0303   	1.000000	0.34304   	1.000000	0.304191  	1.000000	0.910367  	1.000000	1.08405   	1.000000	0.824764  	
1.250000	23.1652   	1.250000	22.6809   	1.250000	22.589    	1.250000	22.589    	1.250000	22.5891   	1.250000	0.490261  	1.250000	0.417842  	1.250000	1.22883   	1.250000	1.43794   	1.250000	1.12093   	
1.500000	30.8018   	1.500000	30.1575   	1.500000	30.038    	1.500000	30.038    	1.500000	30.038    	1.500000	0.658466  	1.500000	0.550638  	1.500000	1.58151   	1.500000	1.82427   	1.500000	1.45023   	
1.750000	39.3299   	1.750000	38.5071   	1.750000	38.3412   	1.750000	38.3412   	1.750000	38.3412   	1.750000	0.846989  	1.750000	0.699412  	1.750000	1.96714   	1.750000	2.24151   	1.750000	1.81141   	
2.000000	48.7186   	2.000000	47.6992   	2.000000	47.4702   	2.000000	47.4702   	2.000000	47.4702   	2.000000	1.05528   	2.000000	0.861582  	2.000000	2.38473   	2.000000	2.68844   	2.000000	2.20349   	
2.250000	58.942    	2.250000	57.7085   	2.250000	57.4016   	2.250000	57.4016   	2.250000	57.4016   	2.250000	1.28287   	2.250000	1.03572   	2.250000	2.83279   	2.250000	3.16403   	2.250000	2.62564   	
2.500000	69.9782   	2.500000	68.5134   	2.500000	68.1153   	2.500000	68.1153   	2.500000	68.1153   	2.500000	1.52934   	2.500000	1.22095   	2.500000	3.31062   	2.500000	3.66736   	2.500000	3.07709   	
3.000000	93.9331   	3.000000	92.437    	3.000000	91.8226   	3.000000	91.8226   	3.000000	91.8226   	3.000000	2.07752   	3.000000	1.62247   	3.000000	4.35463   	3.000000	4.7542    	3.000000	4.06546   	
3.500000	120.842   	3.500000	119.344   	3.500000	118.476   	3.500000	118.476   	3.500000	118.476   	3.500000	2.69732   	3.500000	2.06285   	3.500000	5.51287   	3.500000	5.94369   	3.500000	5.16434   	
4.000000	150.63    	4.000000	149.131   	4.000000	147.981   	4.000000	147.981   	4.000000	147.981   	4.000000	3.38669   	4.000000	2.53992   	4.000000	6.78167   	4.000000	7.23152   	4.000000	6.37021   	
4.500000	183.234   	4.500000	181.715   	4.500000	180.261   	4.500000	180.261   	4.500000	180.261   	4.500000	4.14389   	4.500000	3.05205   	4.500000	8.158     	4.500000	8.61414   	4.500000	7.6801    	
5.000000	218.599   	5.000000	217.021   	5.000000	215.247   	5.000000	215.247   	5.000000	215.247   	5.000000	4.9674    	5.000000	3.59796   	5.000000	9.63923   	5.000000	10.0884   	5.000000	9.09158   	
5.500000	256.677   	5.500000	254.989   	5.500000	252.882   	5.500000	252.882   	5.500000	252.882   	5.500000	5.85593   	5.500000	4.17659   	5.500000	11.2231   	5.500000	11.652    	5.500000	10.5945   	
6.000000	297.426   	6.000000	295.561   	6.000000	293.115   	6.000000	293.115   	6.000000	293.114   	6.000000	6.8083    	6.000000	4.78701   	6.000000	12.9075   	6.000000	13.3025   	6.000000	12.1942   	
6.500000	340.806   	6.500000	338.689   	6.500000	335.899   	6.500000	335.899   	6.500000	335.899   	6.500000	7.82346   	6.500000	5.42844   	6.500000	14.6907   	6.500000	15.0379   	6.500000	13.8893   	
7.000000	386.782   	7.000000	384.329   	7.000000	381.193   	7.000000	381.193   	7.000000	381.193   	7.000000	8.90048   	7.000000	6.10017   	7.000000	16.5684   	7.000000	16.8563   	7.000000	15.6781   	
7.500000	435.323   	7.500000	432.44    	7.500000	428.961   	7.500000	428.961   	7.500000	428.961   	7.500000	10.0385   	7.500000	6.80157   	7.500000	18.5394   	7.500000	18.756    	7.500000	17.5592   	
8.000000	486.397   	8.000000	482.985   	8.000000	479.168   	8.000000	479.168   	8.000000	479.168   	8.000000	11.2367   	8.000000	7.53208   	8.000000	20.6046   	8.000000	20.7355   	8.000000	19.5313   	
8.500000	539.976   	8.500000	535.931   	8.500000	531.782   	8.500000	531.782   	8.500000	531.782   	8.500000	12.4944   	8.500000	8.29124   	8.500000	22.7627   	8.500000	22.7933   	8.500000	21.5931   	
9.000000	596.035   	9.000000	591.246   	9.000000	586.775   	9.000000	586.775   	9.000000	586.775   	9.000000	13.811    	9.000000	9.07857   	9.000000	25.0125   	9.000000	24.9283   	9.000000	23.7435   	
9.500000	654.549   	9.500000	648.903   	9.500000	644.119   	9.500000	644.119   	9.500000	644.119   	9.500000	15.1857   	9.500000	9.89353   	9.500000	27.353    	9.500000	27.1391   	9.500000	25.9814   	
10.000000	715.495   	10.000000	708.864   	10.000000	703.79    	10.000000	703.79    	10.000000	703.789   	10.000000	16.618    	10.000000	10.7355   	10.000000	29.7831   	10.000000	29.4247   	10.000000	28.3059   	
11.000000	844.594   	11.000000	835.109   	11.000000	830.13    	11.000000	830.13    	11.000000	830.136   	11.000000	19.6615   	11.000000	12.5041   	11.000000	34.9143   	11.000000	34.2214   	11.000000	33.2169   	
12.000000	983.168   	12.000000	970.402   	12.000000	965.769   	12.000000	965.766   	12.000000	965.784   	12.000000	22.9457   	12.000000	14.3872   	12.000000	40.4064   	12.000000	39.3143   	12.000000	38.4767   	
13.000000	1131.07   	13.000000	1114.65   	13.000000	1110.6    	13.000000	1110.59   	13.000000	1110.62   	13.000000	26.4679   	13.000000	16.3827   	13.000000	46.2556   	13.000000	44.6944   	13.000000	44.0816   	
14.000000	1288.15   	14.000000	1267.75   	14.000000	1264.51   	14.000000	1264.51   	14.000000	1264.54   	14.000000	30.2264   	14.000000	18.4883   	14.000000	52.4587   	14.000000	50.3645   	14.000000	50.029    	
15.000000	1454.3    	15.000000	1429.63   	15.000000	1427.44   	15.000000	1427.44   	15.000000	1427.47   	15.000000	34.2199   	15.000000	20.704    	15.000000	59.0133   	15.000000	56.3212   	15.000000	56.3165   	
16.000000	1629.38   	16.000000	1600.2    	16.000000	1599.31   	16.000000	1599.31   	16.000000	1599.34   	16.000000	38.4476   	16.000000	23.0291   	16.000000	65.9173   	16.000000	62.5617   	16.000000	62.9422   	
17.000000	1813.3    	17.000000	1779.37   	17.000000	1780.05   	17.000000	1780.05   	17.000000	1780.09   	17.000000	42.9088   	17.000000	25.4621   	17.000000	73.1689   	17.000000	69.0836   	17.000000	69.9048   	
18.000000	2005.93   	18.000000	1967.07   	18.000000	1969.61   	18.000000	1969.62   	18.000000	1969.65   	18.000000	47.603    	18.000000	28.002    	18.000000	80.7668   	18.000000	75.8847   	18.000000	77.2028   	
19.000000	2207.19   	19.000000	2163.21   	19.000000	2167.94   	19.000000	2167.97   	19.000000	2167.98   	19.000000	52.5299   	19.000000	30.6486   	19.000000	88.7094   	19.000000	82.963    	19.000000	84.8352   	
20.000000	2416.97   	20.000000	2367.74   	20.000000	2374.99   	20.000000	2375.04   	20.000000	2375.04   	20.000000	57.6894   	20.000000	33.4016   	20.000000	96.996    	20.000000	90.317    	20.000000	92.8012   	
21.000000	2635.19   	21.000000	2580.57   	21.000000	2590.73   	21.000000	2590.8    	21.000000	2590.78   	21.000000	63.0812   	21.000000	36.2607   	21.000000	105.626   	21.000000	97.9451   	21.000000	101.1     	
22.000000	2861.76   	22.000000	2801.63   	22.000000	2815.12   	22.000000	2815.21   	22.000000	2815.17   	22.000000	68.7053   	22.000000	39.2257   	22.000000	114.597   	22.000000	105.846   	22.000000	109.731   	
23.000000	3096.59   	23.000000	3030.87   	23.000000	3048.13   	23.000000	3048.25   	23.000000	3048.17   	23.000000	74.5617   	23.000000	42.2965   	23.000000	123.911   	23.000000	114.019   	23.000000	118.694   	
24.000000	3339.62   	24.000000	3268.21   	24.000000	3289.73   	24.000000	3289.87   	24.000000	3289.76   	24.000000	80.6505   	24.000000	45.4724   	24.000000	133.565   	24.000000	122.462   	24.000000	127.989   	
25.000000	3590.75   	25.000000	3513.59   	25.000000	3539.87   	25.000000	3540.06   	25.000000	3539.9    	25.000000	86.9716   	25.000000	48.7522   	25.000000	143.56    	25.000000	131.174   	25.000000	137.615   	
27.000000	4117.07   	27.000000	4028.23   	27.000000	4065.68   	27.000000	4066.02   	27.000000	4065.75   	27.000000	100.311   	27.000000	55.6241   	27.000000	164.569   	27.000000	149.405   	27.000000	157.86    	
29.000000	4674.97   	29.000000	4574.33   	29.000000	4625.42   	29.000000	4625.93   	29.000000	4625.51   	29.000000	114.579   	29.000000	62.916    	29.000000	186.935   	29.000000	168.704   	29.000000	179.427   	
31.000000	5263.96   	31.000000	5151.44   	31.000000	5218.57   	31.000000	5219.28   	31.000000	5218.67   	31.000000	129.752   	31.000000	70.6144   	31.000000	210.64    	31.000000	189.052   	31.000000	202.301   	
33.000000	5883.52   	33.000000	5759.13   	33.000000	5842.89   	33.000000	5843.81   	33.000000	5842.98   	33.000000	145.68    	33.000000	78.6381   	33.000000	235.577   	33.000000	210.362   	33.000000	226.381   	
35.000000	6533.21   	35.000000	6397      	35.000000	6497.64   	35.000000	6498.77   	35.000000	6497.7    	35.000000	162.338   	35.000000	86.9756   	35.000000	261.714   	35.000000	232.604   	35.000000	251.638   	
38.000000	7563.28   	38.000000	7409.52   	38.000000	7535.86   	38.000000	7537.38   	38.000000	7535.91   	38.000000	188.683   	38.000000	100.07    	38.000000	303.13    	38.000000	267.678   	38.000000	291.694   	
41.000000	8658.74   	41.000000	8487.79   	41.000000	8640.17   	41.000000	8642.23   	41.000000	8640.3    	41.000000	216.638   	41.000000	113.85    	41.000000	347.145   	41.000000	304.757   	41.000000	334.309   	
44.000000	9818.32   	44.000000	9630.63   	44.000000	9809.47   	44.000000	9812.1    	44.000000	9809.66   	44.000000	246.178   	44.000000	128.307   	44.000000	393.703   	44.000000	343.791   	44.000000	379.434   	
47.000000	11040.8   	47.000000	10836.9   	47.000000	11042.6   	47.000000	11045.8   	47.000000	11042.8   	47.000000	277.277   	47.000000	143.429   	47.000000	442.751   	47.000000	384.736   	47.000000	427.024   	
50.000000	12325     	50.000000	12105.5   	50.000000	12338.5   	50.000000	12342.3   	50.000000	12338.7   	50.000000	309.905   	50.000000	159.203   	50.000000	494.241   	50.000000	427.55    	50.000000	477.037   	
55.000000	14599.8   	55.000000	14355.6   	55.000000	14634.9   	55.000000	14639.8   	55.000000	14635.1   	55.000000	367.605   	55.000000	186.912   	55.000000	585.355   	55.000000	502.951   	55.000000	565.667   	
60.000000	17038.4   	60.000000	16771.4   	60.000000	17098.3   	60.000000	17104.3   	60.000000	17098.3   	60.000000	429.34    	60.000000	216.349   	60.000000	682.914   	60.000000	583.265   	60.000000	660.741   	
65.000000	19636.8   	65.000000	19348.8   	65.000000	19724     	65.000000	19731.6   	65.000000	19724.1   	65.000000	494.98    	65.000000	247.435   	65.000000	786.728   	65.000000	668.338   	65.000000	762.097   	
70.000000	22390.8   	70.000000	22083.7   	70.000000	22508.5   	70.000000	22517.7   	70.000000	22508.6   	70.000000	564.397   	70.000000	280.138   	70.000000	896.615   	70.000000	758.028   	70.000000	869.582   	
75.000000	25296.9   	75.000000	24972.2   	75.000000	25447.9   	75.000000	25458.9   	75.000000	25448.1   	75.000000	637.47    	75.000000	314.38    	75.000000	1012.4    	75.000000	852.202   	75.000000	983.054   	
80.000000	28351.6   	80.000000	28010.7   	80.000000	28538.8   	80.000000	28551.7   	80.000000	28539     	80.000000	714.08    	80.000000	350.14    	80.000000	1133.93   	80.000000	950.737   	80.000000	1102.38   	
85.000000	31551.5   	85.000000	31195.9   	85.000000	31777.9   	85.000000	31792.6   	85.000000	31778     	85.000000	794.116   	85.000000	387.377   	85.000000	1261.05   	85.000000	1053.52   	85.000000	1227.42   	
90.000000	34893.8   	90.000000	34524.4   	90.000000	35162     	90.000000	35178.6   	90.000000	35161.9   	90.000000	877.468   	90.000000	426.031   	90.000000	1393.61   	90.000000	1160.43   	90.000000	1358.07   	
95.000000	38375.4   	95.000000	37993     	95.000000	38687.6   	95.000000	38706.6   	95.000000	38687.5   	95.000000	964.03    	95.000000	466.04    	95.000000	1531.46   	95.000000	1271.38   	95.000000	1494.19   	
100.000000	41993.7   	100.000000	41598.7   	100.000000	42351.9   	100.000000	42373.6   	100.000000	42352.1   	100.000000	1053.7    	100.000000	507.372   	100.000000	1674.47   	100.000000	1386.26   	100.000000	1635.68   	
105.000000	45745.9   	105.000000	45338.7   	105.000000	46152.4   	105.000000	46176.8   	105.000000	46152.7   	105.000000	1146.39   	105.000000	550.017   	105.000000	1822.51   	105.000000	1504.98   	105.000000	1782.43   	
110.000000	49629.7   	110.000000	49210.1   	110.000000	50086.3   	110.000000	50113.4   	110.000000	50086.6   	110.000000	1241.99   	110.000000	593.942   	110.000000	1975.45   	110.000000	1627.44   	110.000000	1934.33   	
115.000000	53642.7   	115.000000	53210.2   	115.000000	54150.9   	115.000000	54180.9   	115.000000	54151.3   	115.000000	1340.42   	115.000000	639.105   	115.000000	2133.17   	115.000000	1753.56   	115.000000	2091.28   	
120.000000	57782.6   	120.000000	57336.4   	120.000000	58343.9   	120.000000	58376.8   	120.000000	58344.2   	120.000000	1441.59   	120.000000	685.443   	120.000000	2295.55   	120.000000	1883.25   	120.000000	2253.18   	
125.000000	62047.2   	125.000000	61586.3   	125.000000	62662.6   	125.000000	62698.5   	125.000000	62662.8   	125.000000	1545.41   	125.000000	732.926   	125.000000	2462.48   	125.000000	2016.44   	125.000000	2419.93   	
130.000000	66434.5   	130.000000	65957.4   	130.000000	67104.7   	130.000000	67143.7   	130.000000	67104.8   	130.000000	1651.81   	130.000000	781.564   	130.000000	2633.85   	130.000000	2153.05   	130.000000	2591.44   	
135.000000	70942.3   	135.000000	70447.3   	135.000000	71668.1   	135.000000	71710.2   	135.000000	71667.9   	135.000000	1760.7    	135.000000	831.323   	135.000000	2809.54   	135.000000	2293.01   	135.000000	2767.62   	
140.000000	75568.9   	140.000000	75053.9   	140.000000	76350.3   	140.000000	76395.6   	140.000000	76349.8   	140.000000	1872.01   	140.000000	882.147   	140.000000	2989.46   	140.000000	2436.23   	140.000000	2948.39   	
145.000000	80312.4   	145.000000	79774.8   	145.000000	81148.7   	145.000000	81197.9   	145.000000	81148.4   	145.000000	1985.66   	145.000000	934.015   	145.000000	3173.5    	145.000000	2582.66   	145.000000	3133.65   	
150.000000	85170.9   	150.000000	84607.9   	150.000000	86061.7   	150.000000	86114.9   	150.000000	86061.7   	150.000000	2101.58   	150.000000	986.907   	150.000000	3361.56   	150.000000	2732.21   	150.000000	3323.32   	
155.000000	90211.1   	155.000000	89551.3   	155.000000	91087.3   	155.000000	91144.6   	155.000000	91087.4   	155.000000	2219.7    	155.000000	1040.8    	155.000000	3553.56   	155.000000	2884.84   	155.000000	3517.34   	
160.000000	95360.6   	160.000000	94602.8   	160.000000	96223.5   	160.000000	96285     	160.000000	96223.8   	160.000000	2339.96   	160.000000	1095.67   	160.000000	3749.39   	160.000000	3040.47   	160.000000	3715.6    	
165.000000	100615    	165.000000	99760.6   	165.000000	101468    	165.000000	101534    	165.000000	101469    	165.000000	2462.28   	165.000000	1151.5    	165.000000	3948.97   	165.000000	3199.05   	165.000000	3918.04   	
170.000000	105973    	170.000000	105023    	170.000000	106820    	170.000000	106890    	170.000000	106821    	170.000000	2586.61   	170.000000	1208.25   	170.000000	4152.21   	170.000000	3360.51   	170.000000	4124.58   	
175.000000	111432    	175.000000	110387    	175.000000	112277    	175.000000	112351    	175.000000	112277    	175.000000	2712.88   	175.000000	1265.88   	175.000000	4359.02   	175.000000	3524.79   	175.000000	4335.15   	
180.000000	116991    	180.000000	115853    	180.000000	117837    	180.000000	117916    	180.000000	117837    	180.000000	2841.04   	180.000000	1324.39   	180.000000	4569.32   	180.000000	3691.84   	180.000000	4549.67   	
185.000000	122648    	185.000000	121417    	185.000000	123498    	185.000000	123581    	185.000000	123498    	185.000000	2971.02   	185.000000	1383.79   	185.000000	4783.03   	185.000000	3861.6    	185.000000	4768.09   	
190.000000	128401    	190.000000	127078    	190.000000	129259    	190.000000	129347    	190.000000	129259    	190.000000	3102.77   	190.000000	1444.01   	190.000000	5000.07   	190.000000	4034.03   	190.000000	4990.31   	
195.000000	134249    	195.000000	132835    	195.000000	135118    	195.000000	135211    	195.000000	135118    	195.000000	3236.23   	195.000000	1505.05   	195.000000	5220.37   	195.000000	4209.06   	195.000000	5216.29   	
200.000000	140191    	200.000000	138686    	200.000000	141074    	200.000000	141171    	200.000000	141073    	200.000000	3371.35   	200.000000	1566.9    	200.000000	5443.84   	200.000000	4386.64   	200.000000	5445.96   	
210.000000	152347    	210.000000	150664    	210.000000	153268    	210.000000	153375    	210.000000	153267    	210.000000	3646.39   	210.000000	1693      	210.000000	5900.03   	210.000000	4749.28   	210.000000	5916.09   	
220.000000	164859    	220.000000	162999    	220.000000	165827    	220.000000	165946    	220.000000	165827    	220.000000	3927.46   	220.000000	1822.06   	220.000000	6368.08   	220.000000	5121.57   	220.000000	6400.2    	
230.000000	177716    	230.000000	175680    	230.000000	178743    	230.000000	178873    	230.000000	178743    	230.000000	4214.21   	230.000000	1953.99   	230.000000	6847.46   	230.000000	5503.13   	230.000000	6897.83   	
240.000000	190906    	240.000000	188696    	240.000000	192002    	240.000000	192145    	240.000000	192003    	240.000000	4506.28   	240.000000	2088.66   	240.000000	7337.65   	240.000000	5893.63   	240.000000	7408.51   	
250.000000	204421    	250.000000	202037    	250.000000	205596    	250.000000	205751    	250.000000	205597    	250.000000	4803.34   	250.000000	2225.98   	250.000000	7838.16   	250.000000	6292.72   	250.000000	7931.8    	
260.000000	218251    	260.000000	215692    	260.000000	219512    	260.000000	219680    	260.000000	219513    	260.000000	5105.08   	260.000000	2365.84   	260.000000	8348.54   	260.000000	6700.09   	260.000000	8467.29   	
270.000000	232386    	270.000000	229651    	270.000000	233742    	270.000000	233922    	270.000000	233743    	270.000000	5411.19   	270.000000	2508.17   	270.000000	8868.33   	270.000000	7115.44   	270.000000	9014.56   	
280.000000	246819    	280.000000	243906    	280.000000	248276    	280.000000	248469    	280.000000	248276    	280.000000	5721.39   	280.000000	2652.87   	280.000000	9397.12   	280.000000	7538.46   	280.000000	9573.22   	
290.000000	261540    	290.000000	258448    	290.000000	263105    	290.000000	263311    	290.000000	263105    	290.000000	6035.43   	290.000000	2799.79   	290.000000	9934.5    	290.000000	7968.9    	290.000000	10142.9   	
300.000000	276541    	300.000000	273268    	300.000000	278220    	300.000000	278439    	300.000000	278219    	300.000000	6353.03   	300.000000	2948.79   	300.000000	10480.1   	300.000000	8406.47   	300.000000	10723.2   	
310.000000	291816    	310.000000	288358    	310.000000	293611    	310.000000	293846    	310.000000	293610    	310.000000	6673.97   	310.000000	3099.91   	310.000000	11033.5   	310.000000	8850.92   	310.000000	11313.9   	
320.000000	307356    	320.000000	303710    	320.000000	309271    	320.000000	309521    	320.000000	309271    	320.000000	6998.02   	320.000000	3253.04   	320.000000	11594.4   	320.000000	9302      	320.000000	11914.5   	
330.000000	323155    	330.000000	319317    	330.000000	325193    	330.000000	325459    	330.000000	325194    	330.000000	7324.97   	330.000000	3407.99   	330.000000	12162.4   	330.000000	9759.48   	330.000000	12524.7   	
340.000000	339206    	340.000000	335172    	340.000000	341369    	340.000000	341651    	340.000000	341371    	340.000000	7654.6    	340.000000	3564.74   	340.000000	12737.3   	340.000000	10223.1   	340.000000	13144.3   	
350.000000	355502    	350.000000	351267    	350.000000	357792    	350.000000	358091    	350.000000	357794    	350.000000	7986.73   	350.000000	3723.32   	350.000000	13318.6   	350.000000	10692.7   	350.000000	13772.9   	
360.000000	372037    	360.000000	367596    	360.000000	374455    	360.000000	374770    	360.000000	374457    	360.000000	8321.18   	360.000000	3883.7    	360.000000	13906.2   	360.000000	11168     	360.000000	14410.2   	
370.000000	388804    	370.000000	384153    	370.000000	391351    	370.000000	391683    	370.000000	391354    	370.000000	8657.76   	370.000000	4045.74   	370.000000	14499.7   	370.000000	11648.9   	370.000000	15056     	
380.000000	405799    	380.000000	400930    	380.000000	408474    	380.000000	408823    	380.000000	408477    	380.000000	8996.32   	380.000000	4209.33   	380.000000	15098.9   	380.000000	12135.1   	380.000000	15710     	
390.000000	423014    	390.000000	417923    	390.000000	425818    	390.000000	426183    	390.000000	425820    	390.000000	9336.69   	390.000000	4374.44   	390.000000	15703.4   	390.000000	12626.4   	390.000000	16371.8   	
400.000000	440445    	400.000000	435126    	400.000000	443376    	400.000000	443758    	400.000000	443377    	400.000000	9678.73   	400.000000	4541.04   	400.000000	16313.1   	400.000000	13122.7   	400.000000	17041.4   	
410.000000	458087    	410.000000	452532    	410.000000	461142    	410.000000	461542    	410.000000	461143    	410.000000	10022.3   	410.000000	4709.09   	410.000000	16927.7   	410.000000	13623.8   	410.000000	17718.3   	
420.000000	475933    	420.000000	470137    	420.000000	479111    	420.000000	479529    	420.000000	479112    	420.000000	10367.3   	420.000000	4878.47   	420.000000	17546.9   	420.000000	14129.5   	420.000000	18402.4   	
430.000000	493979    	430.000000	487935    	430.000000	497278    	430.000000	497713    	430.000000	497278    	430.000000	10713.5   	430.000000	5049.08   	430.000000	18170.6   	430.000000	14639.7   	430.000000	19093.4   	
440.000000	512221    	440.000000	505921    	440.000000	515636    	440.000000	516089    	440.000000	515636    	440.000000	11060.9   	440.000000	5220.91   	440.000000	18798.5   	440.000000	15154.1   	440.000000	19791.2   	
450.000000	530653    	450.000000	524091    	450.000000	534182    	450.000000	534653    	450.000000	534180    	450.000000	11409.3   	450.000000	5394.01   	450.000000	19430.5   	450.000000	15672.7   	450.000000	20495.4   	
460.000000	549271    	460.000000	542439    	460.000000	552910    	460.000000	553399    	460.000000	552907    	460.000000	11758.6   	460.000000	5568.38   	460.000000	20066.3   	460.000000	16195.3   	460.000000	21206     	
470.000000	568071    	470.000000	560961    	470.000000	571813    	470.000000	572322    	470.000000	571811    	470.000000	12108.7   	470.000000	5743.98   	470.000000	20705.7   	470.000000	16721.8   	470.000000	21922.6   	
480.000000	587048    	480.000000	579653    	480.000000	590889    	480.000000	591417    	480.000000	590887    	480.000000	12459.6   	480.000000	5920.71   	480.000000	21348.6   	480.000000	17251.9   	480.000000	22645.1   	
490.000000	606197    	490.000000	598510    	490.000000	610132    	490.000000	610681    	490.000000	610131    	490.000000	12811.1   	490.000000	6098.49   	490.000000	21994.8   	490.000000	17785.7   	490.000000	23373.3   	
500.000000	625516    	500.000000	617528    	500.000000	629538    	500.000000	630109    	500.000000	629539    	500.000000	13163.1   	500.000000	6277.27   	500.000000	22644.1   	500.000000	18322.9   	500.000000	24107.1   	
520.000000	664645    	520.000000	656032    	520.000000	668827    	520.000000	669439    	520.000000	668828    	520.000000	13868.5   	520.000000	6637.89   	520.000000	23951.4   	520.000000	19407.2   	520.000000	25590.4   	
540.000000	704403    	540.000000	695134    	540.000000	708721    	540.000000	709376    	540.000000	708723    	540.000000	14575     	540.000000	7002.57   	540.000000	25269.5   	540.000000	20503.9   	540.000000	27093.6   	
560.000000	744762    	560.000000	734805    	560.000000	749190    	560.000000	749888    	560.000000	749193    	560.000000	15282.2   	560.000000	7370.78   	560.000000	26597     	560.000000	21612.1   	560.000000	28615.6   	
580.000000	785695    	580.000000	775017    	580.000000	790207    	580.000000	790949    	580.000000	790210    	580.000000	15989.5   	580.000000	7742.28   	580.000000	27933     	580.000000	22731     	580.000000	30155.1   	
600.000000	827176    	600.000000	815745    	600.000000	831744    	600.000000	832529    	600.000000	831746    	600.000000	16696.5   	600.000000	8116.96   	600.000000	29276.6   	600.000000	23859.8   	600.000000	31710.9   	
620.000000	869181    	620.000000	856964    	620.000000	873776    	620.000000	874606    	620.000000	873778    	620.000000	17402.7   	620.000000	8494.66   	620.000000	30626.8   	620.000000	24997.7   	620.000000	33282     	
640.000000	911685    	640.000000	898651    	640.000000	916279    	640.000000	917153    	640.000000	916280    	640.000000	18107.8   	640.000000	8875.22   	640.000000	31982.8   	640.000000	26144.2   	640.000000	34867.3   	
660.000000	954668    	660.000000	940784    	660.000000	959230    	660.000000	960150    	660.000000	959230    	660.000000	18811.5   	660.000000	9258.53   	660.000000	33343.9   	660.000000	27298.5   	660.000000	36466     	
680.000000	998107    	680.000000	983343    	680.000000	1.00261e+06	680.000000	1.00357e+06	680.000000	1.00261e+06	680.000000	19513.4   	680.000000	9644.45   	680.000000	34709.4   	680.000000	28460     	680.000000	38077.2   	
700.000000	1.04198e+06	700.000000	1.02631e+06	700.000000	1.0464e+06	700.000000	1.04741e+06	700.000000	1.04639e+06	700.000000	20213.4   	700.000000	10032.9   	700.000000	36078.5   	700.000000	29628.2   	700.000000	39699.9   	
720.000000	1.08627e+06	720.000000	1.06966e+06	720.000000	1.09057e+06	720.000000	1.09163e+06	720.000000	1.09057e+06	720.000000	20911     	720.000000	10423.7   	720.000000	37450.8   	720.000000	30802.5   	720.000000	41333.4   	
740.000000	1.13097e+06	740.000000	1.11338e+06	740.000000	1.13511e+06	740.000000	1.13622e+06	740.000000	1.13511e+06	740.000000	21606.2   	740.000000	10816.9   	740.000000	38825.6   	740.000000	31982.5   	740.000000	42976.9   	
760.000000	1.17604e+06	760.000000	1.15746e+06	760.000000	1.18001e+06	760.000000	1.18116e+06	760.000000	1.18001e+06	760.000000	22298.8   	760.000000	11212.1   	760.000000	40202.5   	760.000000	33167.7   	760.000000	44629.8   	
780.000000	1.22148e+06	780.000000	1.20187e+06	780.000000	1.22524e+06	780.000000	1.22645e+06	780.000000	1.22524e+06	780.000000	22988.5   	780.000000	11609.2   	780.000000	41580.8   	780.000000	34357.6   	780.000000	46291.3   	
800.000000	1.26726e+06	800.000000	1.2466e+06	800.000000	1.27079e+06	800.000000	1.27205e+06	800.000000	1.27079e+06	800.000000	23675.2   	800.000000	12008.1   	800.000000	42960.3   	800.000000	35551.7   	800.000000	47960.8   	
820.000000	1.31338e+06	820.000000	1.29164e+06	820.000000	1.31665e+06	820.000000	1.31797e+06	820.000000	1.31666e+06	820.000000	24358.8   	820.000000	12408.9   	820.000000	44340.4   	820.000000	36749.8   	820.000000	49637.8   	
840.000000	1.35981e+06	840.000000	1.33698e+06	840.000000	1.3628e+06	840.000000	1.36417e+06	840.000000	1.36281e+06	840.000000	25039     	840.000000	12811.6   	840.000000	45720.6   	840.000000	37951.3   	840.000000	51321.3   	
860.000000	1.40655e+06	860.000000	1.38259e+06	860.000000	1.40922e+06	860.000000	1.41064e+06	860.000000	1.40923e+06	860.000000	25715.4   	860.000000	13215.9   	860.000000	47100.3   	860.000000	39155.7   	860.000000	53010.8   	
880.000000	1.45358e+06	880.000000	1.42847e+06	880.000000	1.4559e+06	880.000000	1.45738e+06	880.000000	1.45591e+06	880.000000	26388.1   	880.000000	13621.8   	880.000000	48479.4   	880.000000	40362.7   	880.000000	54705.8   	
900.000000	1.50089e+06	900.000000	1.47461e+06	900.000000	1.50283e+06	900.000000	1.50436e+06	900.000000	1.50284e+06	900.000000	27056.9   	900.000000	14029.3   	900.000000	49857.5   	900.000000	41571.9   	900.000000	56405.7   	
920.000000	1.54846e+06	920.000000	1.52099e+06	920.000000	1.55e+06  	920.000000	1.55158e+06	920.000000	1.55001e+06	920.000000	27721.9   	920.000000	14438     	920.000000	51234.3   	920.000000	42783.3   	920.000000	58110.1   	
940.000000	1.59628e+06	940.000000	1.5676e+06	940.000000	1.5974e+06	940.000000	1.59903e+06	940.000000	1.59741e+06	940.000000	28383     	940.000000	14848     	940.000000	52609.5   	940.000000	43996.3   	940.000000	59818.6   	
960.000000	1.64434e+06	960.000000	1.61444e+06	960.000000	1.64501e+06	960.000000	1.64669e+06	960.000000	1.64502e+06	960.000000	29040.1   	960.000000	15259.2   	960.000000	53983     	960.000000	45210.8   	960.000000	61530.8   	
980.000000	1.69264e+06	980.000000	1.66149e+06	980.000000	1.69283e+06	980.000000	1.69456e+06	980.000000	1.69284e+06	980.000000	29693.3   	980.000000	15671.6   	980.000000	55354.4   	980.000000	46426.6   	980.000000	63246.3   	
1000.000000	1.74115e+06	1000.000000	1.70874e+06	1000.000000	1.74085e+06	1000.000000	1.74264e+06	1000.000000	1.74086e+06	1000.000000	30342.4   	1000.000000	16085.1   	1000.000000	56723.6   	1000.000000	47643.3   	1000.000000	64964.8   	
1020.000000	1.78987e+06	1020.000000	1.75618e+06	1020.000000	1.78905e+06	1020.000000	1.7909e+06	1020.000000	1.78907e+06	1020.000000	30987.6   	1020.000000	16499.7   	1020.000000	58090.5   	1020.000000	48860.9   	1020.000000	66685.9   	
1040.000000	1.83879e+06	1040.000000	1.80381e+06	1040.000000	1.83744e+06	1040.000000	1.83934e+06	1040.000000	1.83745e+06	1040.000000	31628.8   	1040.000000	16915.5   	1040.000000	59454.7   	1040.000000	50079     	1040.000000	68409.2   	
1060.000000	1.88789e+06	1060.000000	1.85161e+06	1060.000000	1.88601e+06	1060.000000	1.88796e+06	1060.000000	1.88602e+06	1060.000000	32265.9   	1060.000000	17332.3   	1060.000000	60816.2   	1060.000000	51297.5   	1060.000000	70134.5   	
1080.000000	1.93718e+06	1080.000000	1.89958e+06	1080.000000	1.93474e+06	1080.000000	1.93674e+06	1080.000000	1.93475e+06	1080.000000	32899     	1080.000000	17750.2   	1080.000000	62174.8   	1080.000000	52516.2   	1080.000000	71861.5   	
1100.000000	1.98664e+06	1100.000000	1.94771e+06	1100.000000	1.98363e+06	1100.000000	1.98568e+06	1100.000000	1.98364e+06	1100.000000	33528.1   	1100.000000	18169.1   	1100.000000	63530.3   	1100.000000	53734.9   	1100.000000	73589.9   	
1120.000000	2.03626e+06	1120.000000	1.996e+06 	1120.000000	2.03267e+06	1120.000000	2.03478e+06	1120.000000	2.03268e+06	1120.000000	34153.2   	1120.000000	18589     	1120.000000	64882.7   	1120.000000	54953.5   	1120.000000	75319.4   	
1140.000000	2.08603e+06	1140.000000	2.04443e+06	1140.000000	2.08186e+06	1140.000000	2.08402e+06	1140.000000	2.08186e+06	1140.000000	34774.3   	1140.000000	19009.9   	1140.000000	66231.8   	1140.000000	56171.8   	1140.000000	77049.8   	
1160.000000	2.13595e+06	1160.000000	2.09299e+06	1160.000000	2.13118e+06	1160.000000	2.1334e+06	1160.000000	2.13119e+06	1160.000000	35391.4   	1160.000000	19431.8   	1160.000000	67577.5   	1160.000000	57389.6   	1160.000000	78780.9   	
1180.000000	2.18601e+06	1180.000000	2.14169e+06	1180.000000	2.18064e+06	1180.000000	2.18291e+06	1180.000000	2.18064e+06	1180.000000	36004.6   	1180.000000	19854.7   	1180.000000	68919.7   	1180.000000	58606.9   	1180.000000	80512.3   	
1200.000000	2.2362e+06	1200.000000	2.19051e+06	1200.000000	2.23023e+06	1200.000000	2.23255e+06	1200.000000	2.23023e+06	1200.000000	36613.7   	1200.000000	20278.4   	1200.000000	70258.4   	1200.000000	59823.4   	1200.000000	82244     	
1220.000000	2.28651e+06	1220.000000	2.23946e+06	1220.000000	2.27994e+06	1220.000000	2.28232e+06	1220.000000	2.27994e+06	1220.000000	37219     	1220.000000	20703.1   	1220.000000	71593.3   	1220.000000	61039.1   	1220.000000	83975.7   	
1240.000000	2.33694e+06	1240.000000	2.28851e+06	1240.000000	2.32977e+06	1240.000000	2.3322e+06	1240.000000	2.32976e+06	1240.000000	37820.3   	1240.000000	21128.8   	1240.000000	72924.5   	1240.000000	62253.9   	1240.000000	85707.2   	
1260.000000	2.38747e+06	1260.000000	2.33767e+06	1260.000000	2.37971e+06	1260.000000	2.38219e+06	1260.000000	2.3797e+06	1260.000000	38417.7   	1260.000000	21555.3   	1260.000000	74251.9   	1260.000000	63467.5   	1260.000000	87438.3   	
1280.000000	2.43812e+06	1280.000000	2.38694e+06	1280.000000	2.42975e+06	1280.000000	2.43229e+06	1280.000000	2.42975e+06	1280.000000	39011.3   	1280.000000	21982.6   	1280.000000	75575.5   	1280.000000	64680.1   	1280.000000	89168.8   	
1300.000000	2.48886e+06	1300.000000	2.4363e+06	1300.000000	2.4799e+06	1300.000000	2.4825e+06	1300.000000	2.47989e+06	1300.000000	39601     	1300.000000	22410.9   	1300.000000	76895     	1300.000000	65891.3   	1300.000000	90898.7   	
1320.000000	2.53969e+06	1320.000000	2.48575e+06	1320.000000	2.53015e+06	1320.000000	2.5328e+06	1320.000000	2.53014e+06	1320.000000	40186.9   	1320.000000	22840     	1320.000000	78210.6   	1320.000000	67101.2   	1320.000000	92627.7   	
1340.000000	2.5906e+06	1340.000000	2.53529e+06	1340.000000	2.58049e+06	1340.000000	2.58319e+06	1340.000000	2.58048e+06	1340.000000	40769.1   	1340.000000	23269.9   	1340.000000	79522.2   	1340.000000	68309.6   	1340.000000	94355.7   	
1360.000000	2.6416e+06	1360.000000	2.58491e+06	1360.000000	2.63092e+06	1360.000000	2.63368e+06	1360.000000	2.6309e+06	1360.000000	41347.4   	1360.000000	23700.7   	1360.000000	80829.7   	1360.000000	69516.5   	1360.000000	96082.5   	
1380.000000	2.69267e+06	1380.000000	2.63461e+06	1380.000000	2.68143e+06	1380.000000	2.68425e+06	1380.000000	2.68142e+06	1380.000000	41922.1   	1380.000000	24132.3   	1380.000000	82133     	1380.000000	70721.8   	1380.000000	97808     	
1400.000000	2.7438e+06	1400.000000	2.68437e+06	1400.000000	2.73203e+06	1400.000000	2.7349e+06	1400.000000	2.73202e+06	1400.000000	42493     	1400.000000	24564.7   	1400.000000	83432.2   	1400.000000	71925.4   	1400.000000	99532.1   	
1420.000000	2.79501e+06	1420.000000	2.73421e+06	1420.000000	2.7827e+06	1420.000000	2.78563e+06	1420.000000	2.78269e+06	1420.000000	43060.3   	1420.000000	24997.9   	1420.000000	84727.3   	1420.000000	73127.2   	1420.000000	101255    	
1440.000000	2.84627e+06	1440.000000	2.78411e+06	1440.000000	2.83345e+06	1440.000000	2.83644e+06	1440.000000	2.83344e+06	1440.000000	43624     	1440.000000	25431.9   	1440.000000	86018.1   	1440.000000	74327.3   	1440.000000	102976    	
1460.000000	2.89758e+06	1460.000000	2.83408e+06	1460.000000	2.88427e+06	1460.000000	2.88732e+06	1460.000000	2.88426e+06	1460.000000	44184.1   	1460.000000	25866.7   	1460.000000	87304.6   	1460.000000	75525.4   	1460.000000	104695    	
1480.000000	2.94894e+06	1480.000000	2.8841e+06	1480.000000	2.93516e+06	1480.000000	2.93827e+06	1480.000000	2.93515e+06	1480.000000	44740.6   	1480.000000	26302.2   	1480.000000	88587     	1480.000000	76721.6   	1480.000000	106412    	
1500.000000	3.00035e+06	1500.000000	2.93417e+06	1500.000000	2.98611e+06	1500.000000	2.98928e+06	1500.000000	2.98611e+06	1500.000000	45293.6   	1500.000000	26738.5   	1500.000000	89865     	1500.000000	77915.8   	1500.000000	108127    	
1520.000000	3.0518e+06	1520.000000	2.98429e+06	1520.000000	3.03713e+06	1520.000000	3.04036e+06	1520.000000	3.03713e+06	1520.000000	45843     	1520.000000	27175.5   	1520.000000	91138.8   	1520.000000	79107.9   	1520.000000	109841    	
1540.000000	3.10329e+06	1540.000000	3.03445e+06	1540.000000	3.08821e+06	1540.000000	3.09149e+06	1540.000000	3.08821e+06	1540.000000	46389     	1540.000000	27613.3   	1540.000000	92408.3   	1540.000000	80297.9   	1540.000000	111552    	
1560.000000	3.15481e+06	1560.000000	3.08466e+06	1560.000000	3.13934e+06	1560.000000	3.14269e+06	1560.000000	3.13935e+06	1560.000000	46931.6   	1560.000000	28051.9   	1560.000000	93673.5   	1560.000000	81485.8   	1560.000000	113261    	
1580.000000	3.20636e+06	1580.000000	3.13491e+06	1580.000000	3.19053e+06	1580.000000	3.19393e+06	1580.000000	3.19054e+06	1580.000000	47470.8   	1580.000000	28491.1   	1580.000000	94934.4   	1580.000000	82671.5   	1580.000000	114967    	
1600.000000	3.25793e+06	1600.000000	3.18519e+06	1600.000000	3.24177e+06	1600.000000	3.24523e+06	1600.000000	3.24178e+06	1600.000000	48006.6   	1600.000000	28931.1   	1600.000000	96190.9   	1600.000000	83854.9   	1600.000000	116672    	
1620.000000	3.30952e+06	1620.000000	3.23551e+06	1620.000000	3.29306e+06	1620.000000	3.29658e+06	1620.000000	3.29307e+06	1620.000000	48539.2   	1620.000000	29371.9   	1620.000000	97443.2   	1620.000000	85036.1   	1620.000000	118373    	
1640.000000	3.36113e+06	1640.000000	3.28586e+06	1640.000000	3.3444e+06	1640.000000	3.34798e+06	1640.000000	3.34441e+06	1640.000000	49068.4   	1640.000000	29813.3   	1640.000000	98691.1   	1640.000000	86215     	1640.000000	120073    	
1660.000000	3.41275e+06	1660.000000	3.33623e+06	1660.000000	3.39578e+06	1660.000000	3.39942e+06	1660.000000	3.3958e+06	1660.000000	49594.3   	1660.000000	30255.6   	1660.000000	99934.7   	1660.000000	87391.6   	1660.000000	121769    	
1680.000000	3.46439e+06	1680.000000	3.38663e+06	1680.000000	3.44721e+06	1680.000000	3.45091e+06	1680.000000	3.44723e+06	1680.000000	50117     	1680.000000	30698.5   	1680.000000	101174    	1680.000000	88565.7   	1680.000000	123463    	
1700.000000	3.51603e+06	1700.000000	3.43705e+06	1700.000000	3.49868e+06	1700.000000	3.50243e+06	1700.000000	3.49869e+06	1700.000000	50636.6   	1700.000000	31142.1   	1700.000000	102409    	1700.000000	89737.5   	1700.000000	125155    	
1750.000000	3.64514e+06	1750.000000	3.56318e+06	1750.000000	3.62751e+06	1750.000000	3.63142e+06	1750.000000	3.62753e+06	1750.000000	51921.7   	1750.000000	32254.3   	1750.000000	105478    	1750.000000	92656.3   	1750.000000	129371    	
1800.000000	3.77423e+06	1800.000000	3.6894e+06	1800.000000	3.75656e+06	1800.000000	3.76061e+06	1800.000000	3.75658e+06	1800.000000	53187.6   	1800.000000	33370.6   	1800.000000	108520    	1800.000000	95559.5   	1800.000000	133569    	
1850.000000	3.90326e+06	1850.000000	3.81566e+06	1850.000000	3.8858e+06	1850.000000	3.89e+06  	1850.000000	3.88582e+06	1850.000000	54434.8   	1850.000000	34490.8   	1850.000000	111535    	1850.000000	98446.9   	1850.000000	137749    	
1900.000000	4.03218e+06	1900.000000	3.94194e+06	1900.000000	4.0152e+06	1900.000000	4.01954e+06	1900.000000	4.01523e+06	1900.000000	55663.8   	1900.000000	35614.7   	1900.000000	114524    	1900.000000	101318    	1900.000000	141910    	
1950.000000	4.16096e+06	1950.000000	4.06821e+06	1950.000000	4.14474e+06	1950.000000	4.14923e+06	1950.000000	4.14477e+06	1950.000000	56875     	1950.000000	36742.2   	1950.000000	117487    	1950.000000	104173    	1950.000000	146051    	
2000.000000	4.28957e+06	2000.000000	4.19444e+06	2000.000000	4.2744e+06	2000.000000	4.27904e+06	2000.000000	4.27444e+06	2000.000000	58069.1   	2000.000000	37873.4   	2000.000000	120425    	2000.000000	107012    	2000.000000	150172    	
2100.000000	4.54613e+06	2100.000000	4.44668e+06	2100.000000	4.53402e+06	2100.000000	4.53895e+06	2100.000000	4.53406e+06	2100.000000	60407.4   	2100.000000	40147     	2100.000000	126223    	2100.000000	112639    	2100.000000	158353    	
2200.000000	4.80163e+06	2200.000000	4.69847e+06	2200.000000	4.79392e+06	2200.000000	4.79913e+06	2200.000000	4.79396e+06	2200.000000	62682.2   	2200.000000	42436.1   	2200.000000	131921    	2200.000000	118199    	2200.000000	166451    	
2300.000000	5.05588e+06	2300.000000	4.94968e+06	2300.000000	5.05399e+06	2300.000000	5.05949e+06	2300.000000	5.05403e+06	2300.000000	64897     	2300.000000	44741.1   	2300.000000	137523    	2300.000000	123692    	2300.000000	174464    	
2400.000000	5.30872e+06	2400.000000	5.20016e+06	2400.000000	5.31414e+06	2400.000000	5.31993e+06	2400.000000	5.31418e+06	2400.000000	67054.7   	2400.000000	47061.3   	2400.000000	143031    	2400.000000	129119    	2400.000000	182392    	
2500.000000	5.56e+06  	2500.000000	5.4498e+06	2500.000000	5.57429e+06	2500.000000	5.58037e+06	2500.000000	5.57434e+06	2500.000000	69158.6   	2500.000000	49396     	2500.000000	148447    	2500.000000	134479    	2500.000000	190235    	
2600.000000	5.8096e+06	2600.000000	5.6985e+06	2600.000000	5.83438e+06	2600.000000	5.84074e+06	2600.000000	5.83442e+06	2600.000000	71211.2   	2600.000000	51744.5   	2600.000000	153775    	2600.000000	139773    	2600.000000	197993    	
2700.000000	6.05742e+06	2700.000000	5.94618e+06	2700.000000	6.09435e+06	2700.000000	6.10099e+06	2700.000000	6.09439e+06	2700.000000	73215.2   	2700.000000	54106.7   	2700.000000	159017    	2700.000000	145003    	2700.000000	205666    	
2800.000000	6.30336e+06	2800.000000	6.19277e+06	2800.000000	6.35416e+06	2800.000000	6.36107e+06	2800.000000	6.35419e+06	2800.000000	75173     	2800.000000	56482.5   	2800.000000	164176    	2800.000000	150169    	2800.000000	213256    	
2900.000000	6.54737e+06	2900.000000	6.43821e+06	2900.000000	6.61375e+06	2900.000000	6.62095e+06	2900.000000	6.61379e+06	2900.000000	77086.9   	2900.000000	58872.1   	2900.000000	169255    	2900.000000	155272    	2900.000000	220762    	
3000.000000	6.78936e+06	3000.000000	6.68245e+06	3000.000000	6.87311e+06	3000.000000	6.88058e+06	3000.000000	6.87314e+06	3000.000000	78959     	3000.000000	61275.6   	3000.000000	174256    	3000.000000	160314    	3000.000000	228187    	
3200.000000	7.26716e+06	3200.000000	7.16713e+06	3200.000000	7.391e+06 	3200.000000	7.39902e+06	3200.000000	7.39103e+06	3200.000000	82585.5   	3200.000000	66125     	3200.000000	184035    	3200.000000	170217    	3200.000000	242796    	
3400.000000	7.73645e+06	3400.000000	7.64655e+06	3400.000000	7.90764e+06	3400.000000	7.91621e+06	3400.000000	7.90766e+06	3400.000000	86067     	3400.000000	71030.4   	3400.000000	193533    	3400.000000	179888    	3400.000000	257094    	
3600.000000	8.19705e+06	3600.000000	8.12053e+06	3600.000000	8.42291e+06	3600.000000	8.43202e+06	3600.000000	8.42293e+06	3600.000000	89416     	3600.000000	75991.2   	3600.000000	202767    	3600.000000	189338    	3600.000000	271091    	
3800.000000	8.64887e+06	3800.000000	8.58892e+06	3800.000000	8.93674e+06	3800.000000	8.94638e+06	3800.000000	8.93675e+06	3800.000000	92643.6   	3800.000000	81005.8   	3800.000000	211753    	3800.000000	198575    	3800.000000	284799    	
4000.000000	9.09189e+06	4000.000000	9.05168e+06	4000.000000	9.44906e+06	4000.000000	9.45923e+06	4000.000000	9.44906e+06	4000.000000	95759.5   	4000.000000	86073     	4000.000000	220506    	4000.000000	207609    	4000.000000	298230    	
4200.000000	9.52614e+06	4200.000000	9.50875e+06	4200.000000	9.95984e+06	4200.000000	9.97054e+06	4200.000000	9.95983e+06	4200.000000	98772.5   	4200.000000	91191.8   	4200.000000	229041    	4200.000000	216449    	4200.000000	311394    	
4400.000000	9.95169e+06	4400.000000	9.96015e+06	4400.000000	1.04691e+07	4400.000000	1.04803e+07	4400.000000	1.04691e+07	4400.000000	101690    	4400.000000	96361.3   	4400.000000	237370    	4400.000000	225104    	4400.000000	324304    	
4600.000000	1.03687e+07	4600.000000	1.04059e+07	4600.000000	1.09768e+07	4600.000000	1.09885e+07	4600.000000	1.09767e+07	4600.000000	104520    	4600.000000	101581    	4600.000000	245504    	4600.000000	233582    	4600.000000	336968    	
4800.000000	1.07772e+07	4800.000000	1.0846e+07	4800.000000	1.14829e+07	4800.000000	1.14951e+07	4800.000000	1.14828e+07	4800.000000	107267    	4800.000000	106850    	4800.000000	253454    	4800.000000	241891    	4800.000000	349398    	
5000.000000	1.11773e+07	5000.000000	1.12806e+07	5000.000000	1.19875e+07	5000.000000	1.20002e+07	5000.000000	1.19874e+07	5000.000000	109938    	5000.000000	112168    	5000.000000	261231    	5000.000000	250039    	5000.000000	361602    	
5250.000000	1.16661e+07	5250.000000	1.18162e+07	5250.000000	1.26161e+07	5250.000000	1.26295e+07	5250.000000	1.2616e+07	5250.000000	113177    	5250.000000	118884    	5250.000000	270721    	5250.000000	260006    	5250.000000	376555    	
5500.000000	1.21425e+07	5500.000000	1.23433e+07	5500.000000	1.32424e+07	5500.000000	1.32564e+07	5500.000000	1.32423e+07	5500.000000	116312    	5500.000000	125675    	5500.000000	279969    	5500.000000	269745    	5500.000000	391188    	
6000.000000	1.30595e+07	6000.000000	1.3373e+07	6000.000000	1.44882e+07	6000.000000	1.45034e+07	6000.000000	1.44881e+07	6000.000000	122304    	6000.000000	139478    	6000.000000	297802    	6000.000000	288582    	6000.000000	419554    	
6500.000000	1.39311e+07	6500.000000	1.43711e+07	6500.000000	1.57253e+07	6500.000000	1.57418e+07	6500.000000	1.57252e+07	6500.000000	127967    	6500.000000	153571    	6500.000000	314831    	6500.000000	306636    	6500.000000	446814    	
7000.000000	1.47601e+07	7000.000000	1.53392e+07	7000.000000	1.69543e+07	7000.000000	1.69719e+07	7000.000000	1.69542e+07	7000.000000	133342    	7000.000000	167945    	7000.000000	331143    	7000.000000	323980    	7000.000000	473067    	
7500.000000	1.55493e+07	7500.000000	1.62787e+07	7500.000000	1.81755e+07	7500.000000	1.81943e+07	7500.000000	1.81754e+07	7500.000000	138464    	7500.000000	182595    	7500.000000	346811    	7500.000000	340678    	7500.000000	498402    	
8000.000000	1.63014e+07	8000.000000	1.71911e+07	8000.000000	1.93893e+07	8000.000000	1.94093e+07	8000.000000	1.93892e+07	8000.000000	143362    	8000.000000	197513    	8000.000000	361898    	8000.000000	356785    	8000.000000	522893    	
8500.000000	1.70186e+07	8500.000000	1.80778e+07	8500.000000	2.05963e+07	8500.000000	2.06174e+07	8500.000000	2.05962e+07	8500.000000	148060    	8500.000000	212694    	8500.000000	376455    	8500.000000	372350    	8500.000000	546610    	
9000.000000	1.77033e+07	9000.000000	1.89401e+07	9000.000000	2.17967e+07	9000.000000	2.18189e+07	9000.000000	2.17965e+07	9000.000000	152577    	9000.000000	228123    	9000.000000	390528    	9000.000000	387417    	9000.000000	569610    	
9500.000000	1.83575e+07	9500.000000	1.97792e+07	9500.000000	2.29909e+07	9500.000000	2.30142e+07	9500.000000	2.29908e+07	9500.000000	156931    	9500.000000	243793    	9500.000000	404159    	9500.000000	402022    	9500.000000	591947    	
10000.000000	1.89833e+07	10000.000000	2.05963e+07	10000.000000	2.41792e+07	10000.000000	2.42036e+07	10000.000000	2.41791e+07	10000.000000	161137    	10000.000000	259702    	10000.000000	417382    	10000.000000	416200    	10000.000000	613668    	
11000.000000	2.01564e+07	11000.000000	2.21687e+07	11000.000000	2.65394e+07	11000.000000	2.6566e+07	11000.000000	2.65393e+07	11000.000000	169152    	11000.000000	292236    	11000.000000	442722    	11000.000000	443390    	11000.000000	655425    	
12000.000000	2.12354e+07	12000.000000	2.36653e+07	12000.000000	2.88794e+07	12000.000000	2.89081e+07	12000.000000	2.88794e+07	12000.000000	176705    	12000.000000	325702    	12000.000000	466756    	12000.000000	469192    	12000.000000	695169    	
13000.000000	2.2231e+07	13000.000000	2.5093e+07	13000.000000	3.1201e+07	13000.000000	3.12318e+07	13000.000000	3.1201e+07	13000.000000	183863    	13000.000000	360058    	13000.000000	489649    	13000.000000	493771    	13000.000000	733134    	
14000.000000	2.31526e+07	14000.000000	2.64578e+07	14000.000000	3.35059e+07	14000.000000	3.35387e+07	14000.000000	3.35059e+07	14000.000000	190677    	14000.000000	395262    	14000.000000	511535    	14000.000000	517265    	14000.000000	769516    	
15000.000000	2.40083e+07	15000.000000	2.77651e+07	15000.000000	3.57954e+07	15000.000000	3.583e+07 	15000.000000	3.57954e+07	15000.000000	197188    	15000.000000	431274    	15000.000000	532525    	15000.000000	539788    	15000.000000	804478    	
16000.000000	2.48048e+07	16000.000000	2.90196e+07	16000.000000	3.80705e+07	16000.000000	3.8107e+07	16000.000000	3.80705e+07	16000.000000	203431    	16000.000000	468063    	16000.000000	552712    	16000.000000	561436    	16000.000000	838158    	
17000.000000	2.55481e+07	17000.000000	3.02255e+07	17000.000000	4.03325e+07	17000.000000	4.03708e+07	17000.000000	4.03325e+07	17000.000000	209435    	17000.000000	505611    	17000.000000	572172    	17000.000000	582290    	17000.000000	870672    	
18000.000000	2.62434e+07	18000.000000	3.13864e+07	18000.000000	4.25821e+07	18000.000000	4.26222e+07	18000.000000	4.25821e+07	18000.000000	215222    	18000.000000	543900    	18000.000000	590972    	18000.000000	602422    	18000.000000	902123    	
19000.000000	2.68952e+07	19000.000000	3.25056e+07	19000.000000	4.48201e+07	19000.000000	4.4862e+07	19000.000000	4.48203e+07	19000.000000	220814    	19000.000000	582915    	19000.000000	609170    	19000.000000	621893    	19000.000000	932599    	
20000.000000	2.75074e+07	20000.000000	3.35862e+07	20000.000000	4.70474e+07	20000.000000	4.7091e+07	20000.000000	4.70477e+07	20000.000000	226227    	20000.000000	622641    	20000.000000	626815    	20000.000000	640755    	20000.000000	962176    	
21000.000000	2.80837e+07	21000.000000	3.46306e+07	21000.000000	4.92646e+07	21000.000000	4.93099e+07	21000.000000	4.92649e+07	21000.000000	231477    	21000.000000	663065    	21000.000000	643949    	21000.000000	659056    	21000.000000	990922    	
22000.000000	2.8627e+07	22000.000000	3.56414e+07	22000.000000	5.14723e+07	22000.000000	5.15191e+07	22000.000000	5.14726e+07	22000.000000	236578    	22000.000000	704177    	22000.000000	660613    	22000.000000	676836    	22000.000000	1.0189e+06	
23000.000000	2.91401e+07	23000.000000	3.66207e+07	23000.000000	5.36709e+07	23000.000000	5.37192e+07	23000.000000	5.36712e+07	23000.000000	241539    	23000.000000	745947    	23000.000000	676837    	23000.000000	694133    	23000.000000	1.04615e+06	
24000.000000	2.96254e+07	24000.000000	3.75704e+07	24000.000000	5.5861e+07	24000.000000	5.59107e+07	24000.000000	5.58613e+07	24000.000000	246372    	24000.000000	788333    	24000.000000	692653    	24000.000000	710978    	24000.000000	1.07274e+06	
25000.000000	3.00852e+07	25000.000000	3.84923e+07	25000.000000	5.80429e+07	25000.000000	5.80941e+07	25000.000000	5.80433e+07	25000.000000	251086    	25000.000000	831330    	25000.000000	708087    	25000.000000	727401    	25000.000000	1.0987e+06	
26000.000000	3.05213e+07	26000.000000	3.9388e+07	26000.000000	6.02172e+07	26000.000000	6.02697e+07	26000.000000	6.02176e+07	26000.000000	255687    	26000.000000	874940    	26000.000000	723164    	26000.000000	743429    	26000.000000	1.12407e+06	
27000.000000	3.09356e+07	27000.000000	4.0259e+07	27000.000000	6.23841e+07	27000.000000	6.24379e+07	27000.000000	6.23845e+07	27000.000000	260185    	27000.000000	919143    	27000.000000	737904    	27000.000000	759084    	27000.000000	1.14888e+06	
28000.000000	3.13297e+07	28000.000000	4.11067e+07	28000.000000	6.45439e+07	28000.000000	6.4599e+07	28000.000000	6.45444e+07	28000.000000	264585    	28000.000000	963923    	28000.000000	752328    	28000.000000	774390    	28000.000000	1.17317e+06	
29000.000000	3.17049e+07	29000.000000	4.19323e+07	29000.000000	6.66969e+07	29000.000000	6.67534e+07	29000.000000	6.66977e+07	29000.000000	268892    	29000.000000	1.00927e+06	29000.000000	766452    	29000.000000	789364    	29000.000000	1.19697e+06	
30000.000000	3.20626e+07	30000.000000	4.2737e+07	30000.000000	6.88436e+07	30000.000000	6.89013e+07	30000.000000	6.88444e+07	30000.000000	273113    	30000.000000	1.05517e+06	30000.000000	780294    	30000.000000	804026    	30000.000000	1.2203e+06	
32000.000000	3.273e+07 	32000.000000	4.42878e+07	32000.000000	7.31187e+07	32000.000000	7.31787e+07	32000.000000	7.31198e+07	32000.000000	281314    	32000.000000	1.1486e+06	32000.000000	807187    	32000.000000	832475    	32000.000000	1.26564e+06	
34000.000000	3.33403e+07	34000.000000	4.57666e+07	34000.000000	7.73713e+07	34000.000000	7.74331e+07	34000.000000	7.73724e+07	34000.000000	289219    	34000.000000	1.24418e+06	34000.000000	833111    	34000.000000	859852    	34000.000000	1.30938e+06	
36000.000000	3.39003e+07	36000.000000	4.71801e+07	36000.000000	8.16027e+07	36000.000000	8.16662e+07	36000.000000	8.1604e+07	36000.000000	296859    	36000.000000	1.34181e+06	36000.000000	858156    	36000.000000	886258    	36000.000000	1.35166e+06	
38000.000000	3.44159e+07	38000.000000	4.85338e+07	38000.000000	8.58145e+07	38000.000000	8.58795e+07	38000.000000	8.5816e+07	38000.000000	304257    	38000.000000	1.4414e+06	38000.000000	882397    	38000.000000	911776    	38000.000000	1.3926e+06	
40000.000000	3.48921e+07	40000.000000	4.98328e+07	40000.000000	9.00079e+07	40000.000000	9.00742e+07	40000.000000	9.00096e+07	40000.000000	311434    	40000.000000	1.54288e+06	40000.000000	905900    	40000.000000	936478    	40000.000000	1.4323e+06	
42000.000000	3.53331e+07	42000.000000	5.10815e+07	42000.000000	9.41841e+07	42000.000000	9.42514e+07	42000.000000	9.41861e+07	42000.000000	318408    	42000.000000	1.64618e+06	42000.000000	928722    	42000.000000	960431    	42000.000000	1.47088e+06	
44000.000000	3.57426e+07	44000.000000	5.22837e+07	44000.000000	9.8344e+07	44000.000000	9.84123e+07	44000.000000	9.83464e+07	44000.000000	325195    	44000.000000	1.75126e+06	44000.000000	950915    	44000.000000	983689    	44000.000000	1.5084e+06	
46000.000000	3.61238e+07	46000.000000	5.34428e+07	46000.000000	1.02489e+08	46000.000000	1.02558e+08	46000.000000	1.02492e+08	46000.000000	331808    	46000.000000	1.85811e+06	46000.000000	972522    	46000.000000	1.0063e+06	46000.000000	1.54494e+06	
48000.000000	3.64793e+07	48000.000000	5.4562e+07	48000.000000	1.06619e+08	48000.000000	1.06688e+08	48000.000000	1.06622e+08	48000.000000	338261    	48000.000000	1.96669e+06	48000.000000	993584    	48000.000000	1.02832e+06	48000.000000	1.58057e+06	
50000.000000	3.68117e+07	50000.000000	5.56438e+07	50000.000000	1.10735e+08	50000.000000	1.10805e+08	50000.000000	1.10739e+08	50000.000000	344563    	50000.000000	2.07697e+06	50000.000000	1.01414e+06	50000.000000	1.04977e+06	50000.000000	1.61535e+06	
