! 2H range in H190C5F20
! apply ZOOM for details
Energy (MeV/u)1	0 - [He-base] F.Hubert et al, AD&ND Tables 46(1990)1	Energy (MeV/u)2	1 - [H -base] J.F.Ziegler et al,Pergamon Press,NY(low energy)	Energy (MeV/u)3	2 - ATIMA 1.2 LS-theory (recommended for high energy)	Energy (MeV/u)4	3 - ATIMA 1.2 without LS-correction	Energy (MeV/u)5	4 - ATIMA 1.4 H.Weick, improved mean charge formula for HI	Energy (MeV/u)6	5 - Range straggling - method [0] - LISE	Energy (MeV/u)7	6 - Range straggling - method [1] - Atima	Energy (MeV/u)8	7 - Lateral range - method [0] - LISE	Energy (MeV/u)9	8 - Lateral range - method [1] - Atima	Energy (MeV/u)10	9 - Lateral range - method [2] - PDG	
0.001000	240.216   	0.001000	240.216   	0.001000	221.507   	0.001000	221.507   	0.001000	221.551   	0.001000	0         	0.001000	0         	0.001000	2.35784   	0.001000	5.43856   	0.001000	2.37177   	
0.002000	480.432   	0.002000	480.432   	0.002000	443.015   	0.002000	443.015   	0.002000	443.102   	0.002000	16.2268   	0.002000	16.2268   	0.002000	6.90455   	0.002000	15.3865   	0.002000	7.32954   	
0.005000	1041.07   	0.005000	1041.07   	0.005000	991.562   	0.005000	991.562   	0.005000	991.694   	0.005000	19.0153   	0.005000	19.0153   	0.005000	23.8072   	0.005000	51.3326   	0.005000	26.4414   	
0.008000	1493.32   	0.008000	1493.32   	0.008000	1456.11   	0.008000	1456.11   	0.008000	1456.26   	0.008000	19.1262   	0.008000	19.1262   	0.008000	43.062    	0.008000	91.3103   	0.008000	48.836    	
0.010000	1762.04   	0.010000	1762.04   	0.010000	1739.04   	0.010000	1739.04   	0.010000	1739.19   	0.010000	19.5168   	0.010000	19.5168   	0.010000	56.6419   	0.010000	119.173   	0.010000	64.8393   	
0.015000	2330.3    	0.015000	2330.3    	0.015000	2385.67   	0.015000	2385.67   	0.015000	2385.83   	0.015000	21.5762   	0.015000	21.5762   	0.015000	92.2809   	0.015000	191.494   	0.015000	107.338   	
0.020000	2793.81   	0.020000	2793.81   	0.020000	2972.74   	0.020000	2972.74   	0.020000	2972.91   	0.020000	24.4302   	0.020000	24.4302   	0.020000	127.64    	0.020000	261.228   	0.020000	152.419   	
0.025000	3196.81   	0.025000	3196.81   	0.025000	3518.5    	0.025000	3518.5    	0.025000	3518.68   	0.025000	27.4938   	0.025000	27.4938   	0.025000	159.151   	0.025000	319.709   	0.025000	195.007   	
0.030000	3561.86   	0.030000	3561.86   	0.030000	4030.38   	0.030000	4030.38   	0.030000	4030.56   	0.030000	30.4765   	0.030000	30.4765   	0.030000	188.473   	0.030000	371.801   	0.030000	227.925   	
0.035000	3902.06   	0.035000	3902.06   	0.035000	4514.07   	0.035000	4514.07   	0.035000	4514.25   	0.035000	33.2815   	0.035000	33.2815   	0.035000	216.381   	0.035000	419.764   	0.035000	254.749   	
0.040000	4225.59   	0.040000	4225.59   	0.040000	4976.21   	0.040000	4976.21   	0.040000	4976.39   	0.040000	35.9245   	0.040000	35.9245   	0.040000	243.261   	0.040000	464.752   	0.040000	277.654   	
0.045000	4537.86   	0.045000	4537.86   	0.045000	5421.55   	0.045000	5421.55   	0.045000	5421.73   	0.045000	38.4301   	0.045000	38.4301   	0.045000	268.853   	0.045000	506.843   	0.045000	297.99    	
0.050000	4842.65   	0.050000	4842.65   	0.050000	5853.64   	0.050000	5853.64   	0.050000	5853.82   	0.050000	40.8229   	0.050000	42.0776   	0.050000	291.263   	0.050000	543.765   	0.050000	316.052   	
0.055000	5142.71   	0.055000	5142.71   	0.055000	6275.21   	0.055000	6275.21   	0.055000	6275.4    	0.055000	43.1247   	0.055000	46.0884   	0.055000	311.36    	0.055000	576.901   	0.055000	332.596   	
0.060000	5440.11   	0.060000	5440.11   	0.060000	6688.45   	0.060000	6688.45   	0.060000	6688.64   	0.060000	45.3544   	0.060000	49.7884   	0.060000	329.637   	0.060000	607.022   	0.060000	347.942   	
0.070000	6033.11   	0.070000	6033.11   	0.070000	7496.65   	0.070000	7496.65   	0.070000	7496.83   	0.070000	49.6585   	0.070000	56.5728   	0.070000	362.126   	0.070000	660.457   	0.070000	375.833   	
0.080000	6631.13   	0.080000	6631.13   	0.080000	8289.01   	0.080000	8289.01   	0.080000	8289.2    	0.080000	53.8359   	0.080000	62.8562   	0.080000	390.89    	0.080000	707.581   	0.080000	401.092   	
0.090000	7240.5    	0.090000	7240.5    	0.090000	9073.26   	0.090000	9073.26   	0.090000	9073.45   	0.090000	57.9608   	0.090000	68.8748   	0.090000	417.319   	0.090000	750.715   	0.090000	424.352   	
0.100000	7865.57   	0.100000	7865.57   	0.100000	9855.17   	0.100000	9855.17   	0.100000	9855.36   	0.100000	62.0889   	0.100000	74.7777   	0.100000	441.704   	0.100000	790.296   	0.100000	446.445   	
0.120000	9173.99   	0.120000	9173.99   	0.120000	11428.7   	0.120000	11428.7   	0.120000	11428.9   	0.120000	70.5208   	0.120000	86.6187   	0.120000	487.069   	0.120000	863.473   	0.120000	487.583   	
0.140000	10571.2   	0.140000	10571.2   	0.140000	13035.4   	0.140000	13035.4   	0.140000	13035.6   	0.140000	79.3879   	0.140000	98.9228   	0.140000	529.584   	0.140000	931.424   	0.140000	526.804   	
0.160000	12064.2   	0.160000	12064.2   	0.160000	14692     	0.160000	14692     	0.160000	14692.2   	0.160000	88.8642   	0.160000	111.524   	0.160000	570.663   	0.160000	996.518   	0.160000	565.105   	
0.180000	13655.7   	0.180000	13655.7   	0.180000	16410.4   	0.180000	16410.4   	0.180000	16410.6   	0.180000	99.0736   	0.180000	124.32    	0.180000	610.964   	0.180000	1059.87   	0.180000	602.981   	
0.200000	15346.4   	0.200000	15346.4   	0.200000	18198.9   	0.200000	18198.9   	0.200000	18199.1   	0.200000	110.106   	0.200000	137.511   	0.200000	651.319   	0.200000	1122.83   	0.200000	641.142   	
0.250000	20002.4   	0.250000	20002.4   	0.250000	23012.6   	0.250000	23012.6   	0.250000	23012.8   	0.250000	141.664   	0.250000	172.963   	0.250000	753.556   	0.250000	1280.42   	0.250000	739.185   	
0.300000	25255.4   	0.300000	25255.4   	0.300000	28355.9   	0.300000	28355.9   	0.300000	28356.1   	0.300000	179.301   	0.300000	212.66    	0.300000	860.915   	0.300000	1443.4    	0.300000	843.37    	
0.350000	31083.4   	0.350000	31083.4   	0.350000	34254.4   	0.350000	34254.4   	0.350000	34254.6   	0.350000	223.2     	0.350000	256.968   	0.350000	974.779   	0.350000	1614.03   	0.350000	954.721   	
0.400000	37466.6   	0.400000	37466.6   	0.400000	40716.7   	0.400000	40716.7   	0.400000	40716.9   	0.400000	273.337   	0.400000	305.886   	0.400000	1095.93   	0.400000	1793.21   	0.400000	1074.11   	
0.450000	44388.4   	0.450000	44388.4   	0.450000	47742.1   	0.450000	47742.1   	0.450000	47742.3   	0.450000	329.585   	0.450000	359.264   	0.450000	1224.97   	0.450000	1981.7    	0.450000	1201.98   	
0.500000	51834.8   	0.500000	51834.8   	0.500000	55325.3   	0.500000	55325.3   	0.500000	55325.5   	0.500000	391.773   	0.500000	416.894   	0.500000	1361.9    	0.500000	2179.97   	0.500000	1338.18   	
0.600000	68254.9   	0.600000	68254.9   	0.600000	72130.6   	0.600000	72130.6   	0.600000	72130.8   	0.600000	533.227   	0.600000	544.788   	0.600000	1659.77   	0.600000	2606.2    	0.600000	1635.96   	
0.700000	86649.4   	0.700000	86649.4   	0.700000	91056.8   	0.700000	91056.8   	0.700000	91056.9   	0.700000	696.285   	0.700000	691.357   	0.700000	1988.8    	0.700000	3070.87   	0.700000	1966.78   	
0.800000	106958    	0.800000	106958    	0.800000	112027    	0.800000	112027    	0.800000	112027    	0.800000	879.747   	0.800000	854.164   	0.800000	2345.84   	0.800000	3572.92   	0.800000	2329.92   	
0.900000	129133    	0.900000	129133    	0.900000	134973    	0.900000	134973    	0.900000	134973    	0.900000	1082.65   	0.900000	1031.13   	0.900000	2727.01   	0.900000	4095.73   	0.900000	2723.99   	
1.000000	153134    	1.000000	153134    	1.000000	159833    	1.000000	159833    	1.000000	159833    	1.000000	1304.25   	1.000000	1220.89   	1.000000	3136.52   	1.000000	4651.78   	1.000000	3148.54   	
1.250000	220906    	1.250000	220906    	1.250000	230041    	1.250000	230041    	1.250000	230041    	1.250000	1936.5    	1.250000	1745.65   	1.250000	4279.58   	1.250000	6184.93   	1.250000	4266.51   	
1.500000	299450    	1.500000	299450    	1.500000	311290    	1.500000	311290    	1.500000	311290    	1.500000	2676.06   	1.500000	2336.03   	1.500000	5585.35   	1.500000	7910.07   	1.500000	5554.87   	
1.750000	388433    	1.750000	388433    	1.750000	403139    	1.750000	403139    	1.750000	403139    	1.750000	3519.31   	1.750000	2987.33   	1.750000	7046.77   	1.750000	9816.09   	1.750000	7006.68   	
2.000000	487590    	2.000000	487590    	2.000000	505263    	2.000000	505263    	2.000000	505263    	2.000000	4463.94   	2.000000	3696.66   	2.000000	8656.08   	2.000000	11891.7   	2.000000	8616.67   	
2.250000	596700    	2.250000	596700    	2.250000	617408    	2.250000	617408    	2.250000	617408    	2.250000	5508.36   	2.250000	4462.07   	2.250000	10389.2   	2.250000	14107.1   	2.250000	10380.8   	
2.500000	715745    	2.500000	715575    	2.500000	739370    	2.500000	739370    	2.500000	739370    	2.500000	6651.35   	2.500000	5282.18   	2.500000	12266.8   	2.500000	16486.1   	2.500000	12295.9   	
3.000000	992835    	3.000000	981981    	3.000000	1.01209e+06	3.000000	1.01209e+06	3.000000	1.01209e+06	3.000000	9229.39   	3.000000	7082.33   	3.000000	16446.5   	3.000000	21718.9   	3.000000	16568.8   	
3.500000	1.30821e+06	3.500000	1.28571e+06	3.500000	1.32233e+06	3.500000	1.32233e+06	3.500000	1.32233e+06	3.500000	12192     	3.500000	9090.15   	3.500000	21179.1   	3.500000	27562.6   	3.500000	21419     	
4.000000	1.66107e+06	4.000000	1.62587e+06	4.000000	1.66925e+06	4.000000	1.66925e+06	4.000000	1.66925e+06	4.000000	15534.7   	4.000000	11300.2   	4.000000	26452.5   	4.000000	33996.5   	4.000000	26834.3   	
4.500000	2.05073e+06	4.500000	2.00173e+06	4.500000	2.05214e+06	4.500000	2.05214e+06	4.500000	2.05214e+06	4.500000	19253.5   	4.500000	13707.9   	4.500000	32257.1   	4.500000	41004.1   	4.500000	32805.1   	
5.000000	2.47661e+06	5.000000	2.41264e+06	5.000000	2.47044e+06	5.000000	2.47044e+06	5.000000	2.47044e+06	5.000000	23345.4   	5.000000	16309.6   	5.000000	38585     	5.000000	48571.8   	5.000000	39323.4   	
5.500000	2.93818e+06	5.500000	2.85805e+06	5.500000	2.92364e+06	5.500000	2.92364e+06	5.500000	2.92364e+06	5.500000	27807.4   	5.500000	19101.9   	5.500000	45429.9   	5.500000	56688.2   	5.500000	46382.6   	
6.000000	3.43498e+06	6.000000	3.33748e+06	6.000000	3.41132e+06	6.000000	3.41132e+06	6.000000	3.41131e+06	6.000000	32637.2   	6.000000	22081.9   	6.000000	52786     	6.000000	65343.3   	6.000000	53977.1   	
6.500000	3.96658e+06	6.500000	3.8505e+06	6.500000	3.93307e+06	6.500000	3.93307e+06	6.500000	3.93307e+06	6.500000	37832.6   	6.500000	25247     	6.500000	60648.5   	6.500000	74528.4   	6.500000	62101.9   	
7.000000	4.53258e+06	7.000000	4.3967e+06	7.000000	4.48856e+06	7.000000	4.48856e+06	7.000000	4.48855e+06	7.000000	43391.4   	7.000000	28594.9   	7.000000	69013.1   	7.000000	84235.9   	7.000000	70752.7   	
7.500000	5.13263e+06	7.500000	4.97574e+06	7.500000	5.07746e+06	7.500000	5.07746e+06	7.500000	5.07746e+06	7.500000	49311.9   	7.500000	32123.5   	7.500000	77875.8   	7.500000	94458.9   	7.500000	79925.5   	
8.000000	5.76638e+06	8.000000	5.58728e+06	8.000000	5.6995e+06	8.000000	5.6995e+06	8.000000	5.6995e+06	8.000000	55592.3   	8.000000	35830.8   	8.000000	87233.2   	8.000000	105191    	8.000000	89616.8   	
8.500000	6.43353e+06	8.500000	6.23102e+06	8.500000	6.35441e+06	8.500000	6.35441e+06	8.500000	6.35441e+06	8.500000	62231.2   	8.500000	39715.4   	8.500000	97082.2   	8.500000	116427    	8.500000	99823.5   	
9.000000	7.13376e+06	9.000000	6.9067e+06	9.000000	7.04194e+06	9.000000	7.04194e+06	9.000000	7.04194e+06	9.000000	69227     	9.000000	43775.6   	9.000000	107420    	9.000000	128161    	9.000000	110543    	
9.500000	7.8668e+06	9.500000	7.61404e+06	9.500000	7.76187e+06	9.500000	7.76187e+06	9.500000	7.76186e+06	9.500000	76578.5   	9.500000	48009.2   	9.500000	118244    	9.500000	140389    	9.500000	121772    	
10.000000	8.63239e+06	10.000000	8.35389e+06	10.000000	8.51398e+06	10.000000	8.51398e+06	10.000000	8.51398e+06	10.000000	84284.3   	10.000000	52414     	10.000000	129551    	10.000000	153105    	10.000000	133508    	
11.000000	1.02602e+07	11.000000	9.99051e+06	11.000000	1.01149e+07	11.000000	1.01149e+07	11.000000	1.0115e+07	11.000000	100783    	11.000000	61748.1   	11.000000	153625    	11.000000	180009    	11.000000	158512    	
12.000000	1.20152e+07	12.000000	1.17518e+07	12.000000	1.18442e+07	12.000000	1.18442e+07	12.000000	1.18444e+07	12.000000	118737    	12.000000	71786.5   	12.000000	179644    	12.000000	208862    	12.000000	185559    	
13.000000	1.38958e+07	13.000000	1.36364e+07	13.000000	1.37006e+07	13.000000	1.37006e+07	13.000000	1.37009e+07	13.000000	138132    	13.000000	82515     	13.000000	207595    	13.000000	239637    	13.000000	214634    	
14.000000	1.59002e+07	14.000000	1.56429e+07	14.000000	1.56828e+07	14.000000	1.56827e+07	14.000000	1.56833e+07	14.000000	158953    	14.000000	93917.8   	14.000000	237461    	14.000000	272309    	14.000000	245723    	
15.000000	1.80269e+07	15.000000	1.77699e+07	15.000000	1.77895e+07	15.000000	1.77894e+07	15.000000	1.77902e+07	15.000000	181187    	15.000000	105989    	15.000000	269230    	15.000000	306856    	15.000000	278813    	
16.000000	2.02746e+07	16.000000	2.00163e+07	16.000000	2.00195e+07	16.000000	2.00194e+07	16.000000	2.00205e+07	16.000000	204820    	16.000000	118720    	16.000000	302887    	16.000000	343252    	16.000000	313889    	
17.000000	2.26418e+07	17.000000	2.23809e+07	17.000000	2.23716e+07	17.000000	2.23716e+07	17.000000	2.2373e+07	17.000000	229838    	17.000000	132096    	17.000000	338417    	17.000000	381476    	17.000000	350937    	
18.000000	2.51273e+07	18.000000	2.48625e+07	18.000000	2.48445e+07	18.000000	2.48447e+07	18.000000	2.48464e+07	18.000000	256225    	18.000000	146101    	18.000000	375805    	18.000000	421504    	18.000000	389941    	
19.000000	2.77298e+07	19.000000	2.74602e+07	19.000000	2.74372e+07	19.000000	2.74375e+07	19.000000	2.74396e+07	19.000000	283965    	19.000000	160729    	19.000000	415033    	19.000000	463313    	19.000000	430887    	
20.000000	3.04483e+07	20.000000	3.0173e+07	20.000000	3.01484e+07	20.000000	3.01489e+07	20.000000	3.01514e+07	20.000000	313041    	20.000000	175968    	20.000000	456085    	20.000000	506881    	20.000000	473756    	
21.000000	3.32815e+07	21.000000	3.29997e+07	21.000000	3.29769e+07	21.000000	3.29776e+07	21.000000	3.29805e+07	21.000000	343435    	21.000000	191807    	21.000000	498944    	21.000000	552185    	21.000000	518531    	
22.000000	3.62285e+07	22.000000	3.59396e+07	22.000000	3.59214e+07	22.000000	3.59224e+07	22.000000	3.59258e+07	22.000000	375128    	22.000000	208236    	22.000000	543590    	22.000000	599199    	22.000000	565195    	
23.000000	3.92881e+07	23.000000	3.89916e+07	23.000000	3.89808e+07	23.000000	3.8982e+07	23.000000	3.89859e+07	23.000000	408101    	23.000000	225244    	23.000000	590005    	23.000000	647903    	23.000000	613729    	
24.000000	4.24594e+07	24.000000	4.2155e+07	24.000000	4.21536e+07	24.000000	4.21552e+07	24.000000	4.21595e+07	24.000000	442332    	24.000000	242815    	24.000000	638168    	24.000000	698269    	24.000000	664113    	
25.000000	4.57415e+07	25.000000	4.54288e+07	25.000000	4.54386e+07	25.000000	4.54406e+07	25.000000	4.54455e+07	25.000000	477801    	25.000000	260934    	25.000000	688059    	25.000000	750276    	25.000000	716326    	
27.000000	5.26343e+07	27.000000	5.23045e+07	27.000000	5.23395e+07	27.000000	5.23431e+07	27.000000	5.23491e+07	27.000000	552359    	27.000000	298767    	27.000000	792939    	27.000000	859108    	27.000000	826153    	
29.000000	5.99594e+07	29.000000	5.96126e+07	29.000000	5.96732e+07	29.000000	5.96787e+07	29.000000	5.96858e+07	29.000000	631586    	29.000000	338672    	29.000000	904461    	29.000000	974195    	29.000000	943031    	
31.000000	6.77102e+07	31.000000	6.7347e+07	31.000000	6.74296e+07	31.000000	6.74372e+07	31.000000	6.74454e+07	31.000000	715310    	31.000000	380561    	31.000000	1.02245e+06	31.000000	1.09534e+06	31.000000	1.06678e+06	
33.000000	7.58806e+07	33.000000	7.5502e+07	33.000000	7.56055e+07	33.000000	7.56154e+07	33.000000	7.56245e+07	33.000000	803566    	33.000000	424421    	33.000000	1.14686e+06	33.000000	1.22249e+06	33.000000	1.19737e+06	
35.000000	8.44645e+07	35.000000	8.40722e+07	35.000000	8.41963e+07	35.000000	8.42085e+07	35.000000	8.42185e+07	35.000000	896322    	35.000000	470245    	35.000000	1.27761e+06	35.000000	1.35553e+06	35.000000	1.33472e+06	
38.000000	9.81038e+07	38.000000	9.76947e+07	38.000000	9.78484e+07	38.000000	9.78647e+07	38.000000	9.78757e+07	38.000000	1.04377e+06	38.000000	542625    	38.000000	1.48543e+06	38.000000	1.56596e+06	38.000000	1.55325e+06	
41.000000	1.12643e+08	41.000000	1.12223e+08	41.000000	1.12404e+08	41.000000	1.12426e+08	41.000000	1.12438e+08	41.000000	1.201e+06 	41.000000	619231    	41.000000	1.70706e+06	41.000000	1.78914e+06	41.000000	1.78656e+06	
44.000000	1.28066e+08	44.000000	1.27642e+08	44.000000	1.27848e+08	44.000000	1.27877e+08	44.000000	1.27889e+08	44.000000	1.36784e+06	44.000000	699978    	44.000000	1.94222e+06	44.000000	2.02481e+06	44.000000	2.0344e+06	
47.000000	1.44357e+08	47.000000	1.43935e+08	47.000000	1.44167e+08	47.000000	1.44202e+08	47.000000	1.44214e+08	47.000000	1.54409e+06	47.000000	784780    	47.000000	2.19067e+06	47.000000	2.27268e+06	47.000000	2.29654e+06	
50.000000	1.615e+08 	50.000000	1.6109e+08	50.000000	1.61346e+08	50.000000	1.61388e+08	50.000000	1.614e+08 	50.000000	1.72957e+06	50.000000	873556    	50.000000	2.45217e+06	50.000000	2.53252e+06	50.000000	2.57277e+06	
55.000000	1.9193e+08	55.000000	1.91556e+08	55.000000	1.91853e+08	55.000000	1.91907e+08	55.000000	1.91917e+08	55.000000	2.05869e+06	55.000000	1.03013e+06	55.000000	2.9164e+06	55.000000	2.99157e+06	55.000000	3.06391e+06	
60.000000	2.2463e+08	60.000000	2.24316e+08	60.000000	2.24653e+08	60.000000	2.24719e+08	60.000000	2.24728e+08	60.000000	2.41212e+06	60.000000	1.19719e+06	60.000000	3.41525e+06	60.000000	3.48222e+06	60.000000	3.59268e+06	
65.000000	2.59543e+08	65.000000	2.59313e+08	65.000000	2.59688e+08	65.000000	2.59772e+08	65.000000	2.59777e+08	65.000000	2.78906e+06	65.000000	1.37426e+06	65.000000	3.94778e+06	65.000000	4.00355e+06	65.000000	4.15825e+06	
70.000000	2.96616e+08	70.000000	2.96494e+08	70.000000	2.96909e+08	70.000000	2.97011e+08	70.000000	2.97012e+08	70.000000	3.18878e+06	70.000000	1.56113e+06	70.000000	4.5131e+06	70.000000	4.55471e+06	70.000000	4.75979e+06	
75.000000	3.35801e+08	75.000000	3.35809e+08	75.000000	3.36267e+08	75.000000	3.36389e+08	75.000000	3.36385e+08	75.000000	3.61056e+06	75.000000	1.75736e+06	75.000000	5.11033e+06	75.000000	5.13488e+06	75.000000	5.39653e+06	
80.000000	3.77053e+08	80.000000	3.77209e+08	80.000000	3.77716e+08	80.000000	3.77858e+08	80.000000	3.77848e+08	80.000000	4.0537e+06	80.000000	1.96279e+06	80.000000	5.73867e+06	80.000000	5.74333e+06	80.000000	6.06773e+06	
85.000000	4.20326e+08	85.000000	4.2065e+08	85.000000	4.21211e+08	85.000000	4.21375e+08	85.000000	4.21357e+08	85.000000	4.51755e+06	85.000000	2.17721e+06	85.000000	6.39732e+06	85.000000	6.37933e+06	85.000000	6.77269e+06	
90.000000	4.65582e+08	90.000000	4.66087e+08	90.000000	4.6671e+08	90.000000	4.66896e+08	90.000000	4.6687e+08	90.000000	5.00147e+06	90.000000	2.40023e+06	90.000000	7.08555e+06	90.000000	7.04221e+06	90.000000	7.51075e+06	
95.000000	5.12781e+08	95.000000	5.13479e+08	95.000000	5.14169e+08	95.000000	5.14381e+08	95.000000	5.14345e+08	95.000000	5.50484e+06	95.000000	2.63152e+06	95.000000	7.80259e+06	95.000000	7.73131e+06	95.000000	8.28121e+06	
100.000000	5.61886e+08	100.000000	5.62785e+08	100.000000	5.63548e+08	100.000000	5.6379e+08	100.000000	5.63744e+08	100.000000	6.02707e+06	100.000000	2.87085e+06	100.000000	8.54775e+06	100.000000	8.44602e+06	100.000000	9.08346e+06	
105.000000	6.12862e+08	105.000000	6.13968e+08	105.000000	6.14814e+08	105.000000	6.15086e+08	105.000000	6.15029e+08	105.000000	6.56759e+06	105.000000	3.1182e+06	105.000000	9.32038e+06	105.000000	9.18577e+06	105.000000	9.9169e+06	
110.000000	6.65676e+08	110.000000	6.66989e+08	110.000000	6.67929e+08	110.000000	6.68233e+08	110.000000	6.68163e+08	110.000000	7.12585e+06	110.000000	3.37336e+06	110.000000	1.01198e+07	110.000000	9.94997e+06	110.000000	1.07809e+07	
115.000000	7.20296e+08	115.000000	7.21814e+08	115.000000	7.22858e+08	115.000000	7.23195e+08	115.000000	7.2311e+08	115.000000	7.70131e+06	115.000000	3.63607e+06	115.000000	1.09453e+07	115.000000	1.07381e+07	115.000000	1.16749e+07	
120.000000	7.76691e+08	120.000000	7.78407e+08	120.000000	7.79567e+08	120.000000	7.79937e+08	120.000000	7.79838e+08	120.000000	8.29345e+06	120.000000	3.90596e+06	120.000000	1.17964e+07	120.000000	1.15496e+07	120.000000	1.25984e+07	
125.000000	8.34832e+08	125.000000	8.36735e+08	125.000000	8.38023e+08	125.000000	8.38428e+08	125.000000	8.38313e+08	125.000000	8.90178e+06	125.000000	4.18286e+06	125.000000	1.26724e+07	125.000000	1.2384e+07	125.000000	1.35508e+07	
130.000000	8.9469e+08	130.000000	8.96766e+08	130.000000	8.98194e+08	130.000000	8.98634e+08	130.000000	8.98502e+08	130.000000	9.52582e+06	130.000000	4.46683e+06	130.000000	1.35728e+07	130.000000	1.32407e+07	130.000000	1.45316e+07	
135.000000	9.56239e+08	135.000000	9.58468e+08	135.000000	9.6005e+08	135.000000	9.60526e+08	135.000000	9.60375e+08	135.000000	1.01651e+07	135.000000	4.75766e+06	135.000000	1.44969e+07	135.000000	1.41195e+07	135.000000	1.55402e+07	
140.000000	1.01945e+09	140.000000	1.02181e+09	140.000000	1.02356e+09	140.000000	1.02407e+09	140.000000	1.0239e+09	140.000000	1.08191e+07	140.000000	5.05502e+06	140.000000	1.54443e+07	140.000000	1.50196e+07	140.000000	1.65762e+07	
145.000000	1.08431e+09	145.000000	1.08677e+09	145.000000	1.08869e+09	145.000000	1.08924e+09	145.000000	1.08905e+09	145.000000	1.14875e+07	145.000000	5.35879e+06	145.000000	1.64143e+07	145.000000	1.59408e+07	145.000000	1.76391e+07	
150.000000	1.15077e+09	150.000000	1.1533e+09	150.000000	1.15541e+09	150.000000	1.15601e+09	150.000000	1.1558e+09	150.000000	1.21698e+07	150.000000	5.66884e+06	150.000000	1.74066e+07	150.000000	1.68826e+07	150.000000	1.87284e+07	
155.000000	1.26228e+09	155.000000	1.22139e+09	155.000000	1.2237e+09	155.000000	1.22435e+09	155.000000	1.22412e+09	155.000000	1.28656e+07	155.000000	5.98503e+06	155.000000	1.84205e+07	155.000000	1.78446e+07	155.000000	1.98436e+07	
160.000000	1.3777e+09	160.000000	1.29102e+09	160.000000	1.29353e+09	160.000000	1.29423e+09	160.000000	1.29397e+09	160.000000	1.35745e+07	160.000000	6.30721e+06	160.000000	1.94555e+07	160.000000	1.88263e+07	160.000000	2.09843e+07	
165.000000	1.49553e+09	165.000000	1.36214e+09	165.000000	1.36488e+09	165.000000	1.36563e+09	165.000000	1.36534e+09	165.000000	1.42961e+07	165.000000	6.63533e+06	165.000000	2.05113e+07	165.000000	1.98275e+07	165.000000	2.215e+07 	
170.000000	1.6157e+09	170.000000	1.43474e+09	170.000000	1.43771e+09	170.000000	1.43851e+09	170.000000	1.4382e+09	170.000000	1.503e+07 	170.000000	6.96913e+06	170.000000	2.15873e+07	170.000000	2.08476e+07	170.000000	2.33404e+07	
175.000000	1.73819e+09	175.000000	1.50879e+09	175.000000	1.51201e+09	175.000000	1.51286e+09	175.000000	1.51253e+09	175.000000	1.57759e+07	175.000000	7.30834e+06	175.000000	2.26831e+07	175.000000	2.18863e+07	175.000000	2.45549e+07	
180.000000	1.86296e+09	180.000000	1.58426e+09	180.000000	1.58775e+09	180.000000	1.58866e+09	180.000000	1.58829e+09	180.000000	1.65333e+07	180.000000	7.65296e+06	180.000000	2.37982e+07	180.000000	2.29434e+07	180.000000	2.57932e+07	
185.000000	1.98996e+09	185.000000	1.66114e+09	185.000000	1.66491e+09	185.000000	1.66586e+09	185.000000	1.66547e+09	185.000000	1.73021e+07	185.000000	8.00302e+06	185.000000	2.49322e+07	185.000000	2.40183e+07	185.000000	2.70548e+07	
190.000000	2.11917e+09	190.000000	1.7394e+09	190.000000	1.74346e+09	190.000000	1.74447e+09	190.000000	1.74404e+09	190.000000	1.80817e+07	190.000000	8.35822e+06	190.000000	2.60847e+07	190.000000	2.51108e+07	190.000000	2.83394e+07	
195.000000	2.25054e+09	195.000000	1.81902e+09	195.000000	1.82338e+09	195.000000	1.82444e+09	195.000000	1.82399e+09	195.000000	1.88719e+07	195.000000	8.71841e+06	195.000000	2.72552e+07	195.000000	2.62205e+07	195.000000	2.96466e+07	
200.000000	2.38404e+09	200.000000	1.89998e+09	200.000000	1.90465e+09	200.000000	1.90576e+09	200.000000	1.90528e+09	200.000000	1.96724e+07	200.000000	9.08367e+06	200.000000	2.84434e+07	200.000000	2.73472e+07	200.000000	3.09759e+07	
210.000000	2.65731e+09	210.000000	2.06581e+09	210.000000	2.07113e+09	210.000000	2.07237e+09	210.000000	2.07181e+09	210.000000	2.1303e+07	210.000000	9.82895e+06	210.000000	3.08711e+07	210.000000	2.96499e+07	210.000000	3.36997e+07	
220.000000	2.93871e+09	220.000000	2.23674e+09	220.000000	2.24274e+09	220.000000	2.24411e+09	220.000000	2.24348e+09	220.000000	2.29711e+07	220.000000	1.05926e+07	220.000000	3.33648e+07	220.000000	3.20165e+07	220.000000	3.65078e+07	
230.000000	3.22799e+09	230.000000	2.4126e+09	230.000000	2.41933e+09	230.000000	2.42083e+09	230.000000	2.42013e+09	230.000000	2.46744e+07	230.000000	1.13739e+07	230.000000	3.59217e+07	230.000000	3.44446e+07	230.000000	3.93976e+07	
240.000000	3.52492e+09	240.000000	2.59325e+09	240.000000	2.60073e+09	240.000000	2.60238e+09	240.000000	2.6016e+09	240.000000	2.64107e+07	240.000000	1.21723e+07	240.000000	3.85389e+07	240.000000	3.69321e+07	240.000000	4.23662e+07	
250.000000	3.82927e+09	250.000000	2.77854e+09	250.000000	2.78682e+09	250.000000	2.7886e+09	250.000000	2.78774e+09	250.000000	2.81782e+07	250.000000	1.29871e+07	250.000000	4.12139e+07	250.000000	3.94766e+07	250.000000	4.54111e+07	
260.000000	4.14084e+09	260.000000	2.96833e+09	260.000000	2.97743e+09	260.000000	2.97936e+09	260.000000	2.97841e+09	260.000000	2.99749e+07	260.000000	1.38178e+07	260.000000	4.3944e+07	260.000000	4.20763e+07	260.000000	4.85299e+07	
270.000000	4.45941e+09	270.000000	3.1625e+09	270.000000	3.17244e+09	270.000000	3.17452e+09	270.000000	3.17348e+09	270.000000	3.1799e+07	270.000000	1.46637e+07	270.000000	4.67269e+07	270.000000	4.4729e+07	270.000000	5.17202e+07	
280.000000	4.78479e+09	280.000000	3.36091e+09	280.000000	3.37171e+09	280.000000	3.37395e+09	280.000000	3.37281e+09	280.000000	3.36488e+07	280.000000	1.55245e+07	280.000000	4.95603e+07	280.000000	4.7433e+07	280.000000	5.49795e+07	
290.000000	5.1168e+09	290.000000	3.56344e+09	290.000000	3.57513e+09	290.000000	3.57752e+09	290.000000	3.57628e+09	290.000000	3.55226e+07	290.000000	1.6399e+07	290.000000	5.24419e+07	290.000000	5.01863e+07	290.000000	5.83058e+07	
300.000000	5.45524e+09	300.000000	3.76998e+09	300.000000	3.78256e+09	300.000000	3.78511e+09	300.000000	3.78377e+09	300.000000	3.74189e+07	300.000000	1.72866e+07	300.000000	5.53697e+07	300.000000	5.29873e+07	300.000000	6.16969e+07	
310.000000	5.79996e+09	310.000000	3.98041e+09	310.000000	3.99388e+09	310.000000	3.99661e+09	310.000000	3.99516e+09	310.000000	3.93363e+07	310.000000	1.81874e+07	310.000000	5.83417e+07	310.000000	5.58343e+07	310.000000	6.51506e+07	
320.000000	6.15078e+09	320.000000	4.19463e+09	320.000000	4.20899e+09	320.000000	4.2119e+09	320.000000	4.21034e+09	320.000000	4.12734e+07	320.000000	1.91007e+07	320.000000	6.13559e+07	320.000000	5.87257e+07	320.000000	6.86651e+07	
330.000000	6.50754e+09	330.000000	4.41252e+09	330.000000	4.42777e+09	330.000000	4.43087e+09	330.000000	4.4292e+09	330.000000	4.32288e+07	330.000000	2.00254e+07	330.000000	6.44104e+07	330.000000	6.16598e+07	330.000000	7.22384e+07	
340.000000	6.87009e+09	340.000000	4.634e+09 	340.000000	4.65014e+09	340.000000	4.65343e+09	340.000000	4.65164e+09	340.000000	4.52014e+07	340.000000	2.09614e+07	340.000000	6.75035e+07	340.000000	6.46353e+07	340.000000	7.58685e+07	
350.000000	7.23827e+09	350.000000	4.85896e+09	350.000000	4.87598e+09	350.000000	4.87946e+09	350.000000	4.87755e+09	350.000000	4.71899e+07	350.000000	2.19089e+07	350.000000	7.06335e+07	350.000000	6.76507e+07	350.000000	7.95538e+07	
360.000000	7.61195e+09	360.000000	5.08731e+09	360.000000	5.1052e+09	360.000000	5.10888e+09	360.000000	5.10684e+09	360.000000	4.91933e+07	360.000000	2.28676e+07	360.000000	7.37987e+07	360.000000	7.07046e+07	360.000000	8.32924e+07	
370.000000	7.99099e+09	370.000000	5.31895e+09	370.000000	5.3377e+09	370.000000	5.34158e+09	370.000000	5.33942e+09	370.000000	5.12104e+07	370.000000	2.38368e+07	370.000000	7.69976e+07	370.000000	7.37957e+07	370.000000	8.70827e+07	
380.000000	8.37525e+09	380.000000	5.55381e+09	380.000000	5.57341e+09	380.000000	5.57749e+09	380.000000	5.5752e+09	380.000000	5.32403e+07	380.000000	2.48157e+07	380.000000	8.02287e+07	380.000000	7.69226e+07	380.000000	9.09231e+07	
390.000000	8.76461e+09	390.000000	5.7918e+09	390.000000	5.81223e+09	390.000000	5.81651e+09	390.000000	5.81409e+09	390.000000	5.5282e+07	390.000000	2.58042e+07	390.000000	8.34906e+07	390.000000	8.00843e+07	390.000000	9.48121e+07	
400.000000	9.15893e+09	400.000000	6.03283e+09	400.000000	6.05407e+09	400.000000	6.05855e+09	400.000000	6.056e+09 	400.000000	5.73346e+07	400.000000	2.68021e+07	400.000000	8.67819e+07	400.000000	8.32794e+07	400.000000	9.8748e+07	
410.000000	9.55809e+09	410.000000	6.27683e+09	410.000000	6.29886e+09	410.000000	6.30355e+09	410.000000	6.30086e+09	410.000000	5.93973e+07	410.000000	2.78092e+07	410.000000	9.01011e+07	410.000000	8.65069e+07	410.000000	1.02729e+08	
420.000000	9.96199e+09	420.000000	6.52373e+09	420.000000	6.54651e+09	420.000000	6.55141e+09	420.000000	6.54858e+09	420.000000	6.14692e+07	420.000000	2.88246e+07	420.000000	9.34472e+07	420.000000	8.97656e+07	420.000000	1.06755e+08	
430.000000	1.03705e+10	430.000000	6.77344e+09	430.000000	6.79696e+09	430.000000	6.80206e+09	430.000000	6.79909e+09	430.000000	6.35495e+07	430.000000	2.98479e+07	430.000000	9.68188e+07	430.000000	9.30544e+07	430.000000	1.10823e+08	
440.000000	1.07835e+10	440.000000	7.02589e+09	440.000000	7.05012e+09	440.000000	7.05543e+09	440.000000	7.05231e+09	440.000000	6.56374e+07	440.000000	3.08789e+07	440.000000	1.00215e+08	440.000000	9.63722e+07	440.000000	1.14933e+08	
450.000000	1.12009e+10	450.000000	7.28103e+09	450.000000	7.30592e+09	450.000000	7.31145e+09	450.000000	7.30818e+09	450.000000	6.77324e+07	450.000000	3.19179e+07	450.000000	1.03634e+08	450.000000	9.97182e+07	450.000000	1.19082e+08	
460.000000	1.16226e+10	460.000000	7.53877e+09	460.000000	7.5643e+09	460.000000	7.57005e+09	460.000000	7.56662e+09	460.000000	6.98336e+07	460.000000	3.2965e+07	460.000000	1.07075e+08	460.000000	1.03091e+08	460.000000	1.23271e+08	
470.000000	1.20485e+10	470.000000	7.79907e+09	470.000000	7.82518e+09	470.000000	7.83115e+09	470.000000	7.82757e+09	470.000000	7.19404e+07	470.000000	3.40198e+07	470.000000	1.10538e+08	470.000000	1.06491e+08	470.000000	1.27497e+08	
480.000000	1.24785e+10	480.000000	8.06184e+09	480.000000	8.08848e+09	480.000000	8.0947e+09	480.000000	8.09097e+09	480.000000	7.40523e+07	480.000000	3.50818e+07	480.000000	1.1402e+08	480.000000	1.09915e+08	480.000000	1.31759e+08	
490.000000	1.29125e+10	490.000000	8.32704e+09	490.000000	8.35416e+09	490.000000	8.36063e+09	490.000000	8.35674e+09	490.000000	7.61686e+07	490.000000	3.61505e+07	490.000000	1.17522e+08	490.000000	1.13364e+08	490.000000	1.36057e+08	
500.000000	1.33504e+10	500.000000	8.59459e+09	500.000000	8.62216e+09	500.000000	8.62888e+09	500.000000	8.62483e+09	500.000000	7.82889e+07	500.000000	3.72254e+07	500.000000	1.21042e+08	500.000000	1.16837e+08	500.000000	1.40388e+08	
520.000000	1.42376e+10	520.000000	9.13657e+09	520.000000	9.16489e+09	520.000000	9.17211e+09	520.000000	9.16773e+09	520.000000	8.25389e+07	520.000000	3.9395e+07	520.000000	1.28133e+08	520.000000	1.23849e+08	520.000000	1.4915e+08	
540.000000	1.51393e+10	540.000000	9.68733e+09	540.000000	9.71621e+09	540.000000	9.72394e+09	540.000000	9.71922e+09	540.000000	8.67986e+07	540.000000	4.15902e+07	540.000000	1.35286e+08	540.000000	1.30946e+08	540.000000	1.58035e+08	
560.000000	1.6055e+10	560.000000	1.02465e+10	560.000000	1.02757e+10	560.000000	1.02839e+10	560.000000	1.02789e+10	560.000000	9.10643e+07	560.000000	4.38079e+07	560.000000	1.42495e+08	560.000000	1.38121e+08	560.000000	1.67037e+08	
580.000000	1.6984e+10	580.000000	1.08136e+10	580.000000	1.0843e+10	580.000000	1.08517e+10	580.000000	1.08463e+10	580.000000	9.53329e+07	580.000000	4.60466e+07	580.000000	1.49755e+08	580.000000	1.4537e+08	580.000000	1.76148e+08	
600.000000	1.79257e+10	600.000000	1.13883e+10	600.000000	1.14176e+10	600.000000	1.14269e+10	600.000000	1.14211e+10	600.000000	9.96015e+07	600.000000	4.83055e+07	600.000000	1.5706e+08	600.000000	1.52687e+08	600.000000	1.8536e+08	
620.000000	1.88796e+10	620.000000	1.19702e+10	620.000000	1.19993e+10	620.000000	1.20091e+10	620.000000	1.20029e+10	620.000000	1.03867e+08	620.000000	5.05836e+07	620.000000	1.64405e+08	620.000000	1.60067e+08	620.000000	1.94668e+08	
640.000000	1.98451e+10	640.000000	1.25591e+10	640.000000	1.25876e+10	640.000000	1.2598e+10	640.000000	1.25915e+10	640.000000	1.08128e+08	640.000000	5.28801e+07	640.000000	1.71785e+08	640.000000	1.67506e+08	640.000000	2.04066e+08	
660.000000	2.08217e+10	660.000000	1.31546e+10	660.000000	1.31824e+10	660.000000	1.31933e+10	660.000000	1.31864e+10	660.000000	1.12382e+08	660.000000	5.5194e+07	660.000000	1.79197e+08	660.000000	1.74999e+08	660.000000	2.13547e+08	
680.000000	2.1809e+10	680.000000	1.37564e+10	680.000000	1.37832e+10	680.000000	1.37946e+10	680.000000	1.37873e+10	680.000000	1.16627e+08	680.000000	5.75246e+07	680.000000	1.86635e+08	680.000000	1.82542e+08	680.000000	2.23106e+08	
700.000000	2.28064e+10	700.000000	1.43642e+10	700.000000	1.43898e+10	700.000000	1.44018e+10	700.000000	1.43941e+10	700.000000	1.20861e+08	700.000000	5.98711e+07	700.000000	1.94097e+08	700.000000	1.90132e+08	700.000000	2.32738e+08	
720.000000	2.38136e+10	720.000000	1.49778e+10	720.000000	1.5002e+10	720.000000	1.50145e+10	720.000000	1.50064e+10	720.000000	1.25082e+08	720.000000	6.22331e+07	720.000000	2.01578e+08	720.000000	1.97764e+08	720.000000	2.42438e+08	
740.000000	2.48301e+10	740.000000	1.55968e+10	740.000000	1.56194e+10	740.000000	1.56325e+10	740.000000	1.5624e+10	740.000000	1.2929e+08	740.000000	6.46098e+07	740.000000	2.09077e+08	740.000000	2.05436e+08	740.000000	2.52201e+08	
760.000000	2.58555e+10	760.000000	1.62211e+10	760.000000	1.62417e+10	760.000000	1.62555e+10	760.000000	1.62466e+10	760.000000	1.33483e+08	760.000000	6.69994e+07	760.000000	2.16589e+08	760.000000	2.13145e+08	760.000000	2.62024e+08	
780.000000	2.68894e+10	780.000000	1.68504e+10	780.000000	1.68689e+10	780.000000	1.68833e+10	780.000000	1.6874e+10	780.000000	1.3766e+08	780.000000	6.94008e+07	780.000000	2.24112e+08	780.000000	2.20886e+08	780.000000	2.71901e+08	
800.000000	2.79315e+10	800.000000	1.74845e+10	800.000000	1.75007e+10	800.000000	1.75157e+10	800.000000	1.7506e+10	800.000000	1.4182e+08	800.000000	7.1814e+07	800.000000	2.31643e+08	800.000000	2.28658e+08	800.000000	2.81829e+08	
820.000000	2.89814e+10	820.000000	1.81232e+10	820.000000	1.81369e+10	820.000000	1.81525e+10	820.000000	1.81423e+10	820.000000	1.45961e+08	820.000000	7.42393e+07	820.000000	2.3918e+08	820.000000	2.36458e+08	820.000000	2.91804e+08	
840.000000	3.00387e+10	840.000000	1.87663e+10	840.000000	1.87772e+10	840.000000	1.87935e+10	840.000000	1.87829e+10	840.000000	1.50084e+08	840.000000	7.66771e+07	840.000000	2.46721e+08	840.000000	2.44283e+08	840.000000	3.01823e+08	
860.000000	3.11032e+10	860.000000	1.94135e+10	860.000000	1.94216e+10	860.000000	1.94385e+10	860.000000	1.94274e+10	860.000000	1.54188e+08	860.000000	7.91268e+07	860.000000	2.54264e+08	860.000000	2.5213e+08	860.000000	3.11883e+08	
880.000000	3.21745e+10	880.000000	2.00648e+10	880.000000	2.00698e+10	880.000000	2.00873e+10	880.000000	2.00758e+10	880.000000	1.58271e+08	880.000000	8.15879e+07	880.000000	2.61806e+08	880.000000	2.59999e+08	880.000000	3.2198e+08	
900.000000	3.32523e+10	900.000000	2.07198e+10	900.000000	2.07216e+10	900.000000	2.07397e+10	900.000000	2.07278e+10	900.000000	1.62333e+08	900.000000	8.40594e+07	900.000000	2.69346e+08	900.000000	2.67885e+08	900.000000	3.32111e+08	
920.000000	3.43364e+10	920.000000	2.13785e+10	920.000000	2.13769e+10	920.000000	2.13957e+10	920.000000	2.13833e+10	920.000000	1.66374e+08	920.000000	8.65405e+07	920.000000	2.76883e+08	920.000000	2.75788e+08	920.000000	3.42273e+08	
940.000000	3.54265e+10	940.000000	2.20407e+10	940.000000	2.20355e+10	940.000000	2.2055e+10	940.000000	2.20421e+10	940.000000	1.70394e+08	940.000000	8.90305e+07	940.000000	2.84414e+08	940.000000	2.83706e+08	940.000000	3.52464e+08	
960.000000	3.65222e+10	960.000000	2.27062e+10	960.000000	2.26974e+10	960.000000	2.27175e+10	960.000000	2.27041e+10	960.000000	1.74392e+08	960.000000	9.15288e+07	960.000000	2.91939e+08	960.000000	2.91636e+08	960.000000	3.62681e+08	
980.000000	3.76234e+10	980.000000	2.33749e+10	980.000000	2.33623e+10	980.000000	2.3383e+10	980.000000	2.33692e+10	980.000000	1.78367e+08	980.000000	9.40354e+07	980.000000	2.99455e+08	980.000000	2.99577e+08	980.000000	3.72922e+08	
1000.000000	3.87297e+10	1000.000000	2.40467e+10	1000.000000	2.40301e+10	1000.000000	2.40515e+10	1000.000000	2.40372e+10	1000.000000	1.8232e+08	1000.000000	9.65501e+07	1000.000000	3.06962e+08	1000.000000	3.07528e+08	1000.000000	3.83185e+08	
1020.000000	3.9841e+10	1020.000000	2.47213e+10	1020.000000	2.47007e+10	1020.000000	2.47227e+10	1020.000000	2.4708e+10	1020.000000	1.8625e+08	1020.000000	9.90727e+07	1020.000000	3.14458e+08	1020.000000	3.15486e+08	1020.000000	3.93466e+08	
1040.000000	4.09571e+10	1040.000000	2.53987e+10	1040.000000	2.5374e+10	1040.000000	2.53967e+10	1040.000000	2.53815e+10	1040.000000	1.90157e+08	1040.000000	1.01603e+08	1040.000000	3.21943e+08	1040.000000	3.23451e+08	1040.000000	4.03765e+08	
1060.000000	4.20776e+10	1060.000000	2.60788e+10	1060.000000	2.60499e+10	1060.000000	2.60732e+10	1060.000000	2.60575e+10	1060.000000	1.94041e+08	1060.000000	1.04141e+08	1060.000000	3.29415e+08	1060.000000	3.31421e+08	1060.000000	4.14079e+08	
1080.000000	4.32024e+10	1080.000000	2.67614e+10	1080.000000	2.67282e+10	1080.000000	2.67521e+10	1080.000000	2.6736e+10	1080.000000	1.97902e+08	1080.000000	1.06686e+08	1080.000000	3.36874e+08	1080.000000	3.39394e+08	1080.000000	4.24406e+08	
1100.000000	4.43314e+10	1100.000000	2.74464e+10	1100.000000	2.74088e+10	1100.000000	2.74335e+10	1100.000000	2.74168e+10	1100.000000	2.01739e+08	1100.000000	1.09238e+08	1100.000000	3.44318e+08	1100.000000	3.47371e+08	1100.000000	4.34745e+08	
1120.000000	4.54642e+10	1120.000000	2.81337e+10	1120.000000	2.80918e+10	1120.000000	2.8117e+10	1120.000000	2.80999e+10	1120.000000	2.05553e+08	1120.000000	1.11797e+08	1120.000000	3.51748e+08	1120.000000	3.55348e+08	1120.000000	4.45094e+08	
1140.000000	4.66007e+10	1140.000000	2.88232e+10	1140.000000	2.87768e+10	1140.000000	2.88027e+10	1140.000000	2.87851e+10	1140.000000	2.09344e+08	1140.000000	1.14363e+08	1140.000000	3.59161e+08	1140.000000	3.63325e+08	1140.000000	4.5545e+08	
1160.000000	4.77407e+10	1160.000000	2.95148e+10	1160.000000	2.94639e+10	1160.000000	2.94905e+10	1160.000000	2.94724e+10	1160.000000	2.13112e+08	1160.000000	1.16935e+08	1160.000000	3.66557e+08	1160.000000	3.71302e+08	1160.000000	4.65814e+08	
1180.000000	4.88841e+10	1180.000000	3.02083e+10	1180.000000	3.0153e+10	1180.000000	3.01802e+10	1180.000000	3.01617e+10	1180.000000	2.16856e+08	1180.000000	1.19514e+08	1180.000000	3.73936e+08	1180.000000	3.79277e+08	1180.000000	4.76183e+08	
1200.000000	5.00306e+10	1200.000000	3.09038e+10	1200.000000	3.0844e+10	1200.000000	3.08719e+10	1200.000000	3.08528e+10	1200.000000	2.20577e+08	1200.000000	1.22099e+08	1200.000000	3.81298e+08	1200.000000	3.87249e+08	1200.000000	4.86556e+08	
1220.000000	5.11801e+10	1220.000000	3.1601e+10	1220.000000	3.15368e+10	1220.000000	3.15653e+10	1220.000000	3.15458e+10	1220.000000	2.24274e+08	1220.000000	1.2469e+08	1220.000000	3.88641e+08	1220.000000	3.95218e+08	1220.000000	4.96931e+08	
1240.000000	5.23325e+10	1240.000000	3.23e+10  	1240.000000	3.22313e+10	1240.000000	3.22605e+10	1240.000000	3.22404e+10	1240.000000	2.27949e+08	1240.000000	1.27288e+08	1240.000000	3.95965e+08	1240.000000	4.03182e+08	1240.000000	5.07308e+08	
1260.000000	5.34875e+10	1260.000000	3.30005e+10	1260.000000	3.29275e+10	1260.000000	3.29573e+10	1260.000000	3.29368e+10	1260.000000	2.316e+08 	1260.000000	1.29891e+08	1260.000000	4.0327e+08	1260.000000	4.11141e+08	1260.000000	5.17684e+08	
1280.000000	5.46451e+10	1280.000000	3.37027e+10	1280.000000	3.36252e+10	1280.000000	3.36557e+10	1280.000000	3.36347e+10	1280.000000	2.35228e+08	1280.000000	1.325e+08 	1280.000000	4.10555e+08	1280.000000	4.19094e+08	1280.000000	5.2806e+08	
1300.000000	5.58051e+10	1300.000000	3.44062e+10	1300.000000	3.43245e+10	1300.000000	3.43557e+10	1300.000000	3.43341e+10	1300.000000	2.38834e+08	1300.000000	1.35114e+08	1300.000000	4.17819e+08	1300.000000	4.2704e+08	1300.000000	5.38434e+08	
1320.000000	5.69673e+10	1320.000000	3.51112e+10	1320.000000	3.50253e+10	1320.000000	3.5057e+10	1320.000000	3.5035e+10	1320.000000	2.42417e+08	1320.000000	1.37735e+08	1320.000000	4.25064e+08	1320.000000	4.34978e+08	1320.000000	5.48804e+08	
1340.000000	5.81317e+10	1340.000000	3.58175e+10	1340.000000	3.57274e+10	1340.000000	3.57598e+10	1340.000000	3.57373e+10	1340.000000	2.45977e+08	1340.000000	1.4036e+08	1340.000000	4.32287e+08	1340.000000	4.42909e+08	1340.000000	5.59171e+08	
1360.000000	5.9298e+10	1360.000000	3.6525e+10	1360.000000	3.64308e+10	1360.000000	3.64639e+10	1360.000000	3.64409e+10	1360.000000	2.49514e+08	1360.000000	1.42992e+08	1360.000000	4.39489e+08	1360.000000	4.50831e+08	1360.000000	5.69533e+08	
1380.000000	6.04662e+10	1380.000000	3.72337e+10	1380.000000	3.71355e+10	1380.000000	3.71693e+10	1380.000000	3.71458e+10	1380.000000	2.5303e+08	1380.000000	1.45628e+08	1380.000000	4.4667e+08	1380.000000	4.58743e+08	1380.000000	5.79888e+08	
1400.000000	6.16362e+10	1400.000000	3.79435e+10	1400.000000	3.78414e+10	1400.000000	3.78759e+10	1400.000000	3.78519e+10	1400.000000	2.56523e+08	1400.000000	1.4827e+08	1400.000000	4.5383e+08	1400.000000	4.66646e+08	1400.000000	5.90237e+08	
1420.000000	6.28077e+10	1420.000000	3.86544e+10	1420.000000	3.85485e+10	1420.000000	3.85837e+10	1420.000000	3.85591e+10	1420.000000	2.59994e+08	1420.000000	1.50917e+08	1420.000000	4.60967e+08	1420.000000	4.74539e+08	1420.000000	6.00579e+08	
1440.000000	6.39808e+10	1440.000000	3.93662e+10	1440.000000	3.92566e+10	1440.000000	3.92926e+10	1440.000000	3.92675e+10	1440.000000	2.63443e+08	1440.000000	1.53569e+08	1440.000000	4.68082e+08	1440.000000	4.82421e+08	1440.000000	6.10912e+08	
1460.000000	6.51552e+10	1460.000000	4.0079e+10	1460.000000	3.99659e+10	1460.000000	4.00025e+10	1460.000000	3.9977e+10	1460.000000	2.6687e+08	1460.000000	1.56226e+08	1460.000000	4.75175e+08	1460.000000	4.90292e+08	1460.000000	6.21236e+08	
1480.000000	6.6331e+10	1480.000000	4.07926e+10	1480.000000	4.06761e+10	1480.000000	4.07135e+10	1480.000000	4.06874e+10	1480.000000	2.70276e+08	1480.000000	1.58887e+08	1480.000000	4.82246e+08	1480.000000	4.98151e+08	1480.000000	6.31551e+08	
1500.000000	6.75079e+10	1500.000000	4.1507e+10	1500.000000	4.13873e+10	1500.000000	4.14254e+10	1500.000000	4.13988e+10	1500.000000	2.73661e+08	1500.000000	1.61554e+08	1500.000000	4.89294e+08	1500.000000	5.05998e+08	1500.000000	6.41856e+08	
1520.000000	6.86859e+10	1520.000000	4.22222e+10	1520.000000	4.20994e+10	1520.000000	4.21383e+10	1520.000000	4.21112e+10	1520.000000	2.77024e+08	1520.000000	1.64225e+08	1520.000000	4.9632e+08	1520.000000	5.13832e+08	1520.000000	6.52149e+08	
1540.000000	6.98649e+10	1540.000000	4.29381e+10	1540.000000	4.28125e+10	1540.000000	4.2852e+10	1540.000000	4.28244e+10	1540.000000	2.80366e+08	1540.000000	1.66901e+08	1540.000000	5.03322e+08	1540.000000	5.21654e+08	1540.000000	6.62431e+08	
1560.000000	7.10448e+10	1560.000000	4.36546e+10	1560.000000	4.35263e+10	1560.000000	4.35666e+10	1560.000000	4.35385e+10	1560.000000	2.83688e+08	1560.000000	1.69582e+08	1560.000000	5.10302e+08	1560.000000	5.29462e+08	1560.000000	6.72701e+08	
1580.000000	7.22255e+10	1580.000000	4.43718e+10	1580.000000	4.4241e+10	1580.000000	4.4282e+10	1580.000000	4.42534e+10	1580.000000	2.86989e+08	1580.000000	1.72267e+08	1580.000000	5.17259e+08	1580.000000	5.37258e+08	1580.000000	6.82959e+08	
1600.000000	7.34069e+10	1600.000000	4.50895e+10	1600.000000	4.49565e+10	1600.000000	4.49982e+10	1600.000000	4.49691e+10	1600.000000	2.90269e+08	1600.000000	1.74957e+08	1600.000000	5.24193e+08	1600.000000	5.45039e+08	1600.000000	6.93203e+08	
1620.000000	7.45889e+10	1620.000000	4.58077e+10	1620.000000	4.56727e+10	1620.000000	4.57151e+10	1620.000000	4.56855e+10	1620.000000	2.9353e+08	1620.000000	1.77651e+08	1620.000000	5.31104e+08	1620.000000	5.52806e+08	1620.000000	7.03434e+08	
1640.000000	7.57714e+10	1640.000000	4.65264e+10	1640.000000	4.63896e+10	1640.000000	4.64328e+10	1640.000000	4.64026e+10	1640.000000	2.9677e+08	1640.000000	1.8035e+08	1640.000000	5.37992e+08	1640.000000	5.60559e+08	1640.000000	7.13651e+08	
1660.000000	7.69544e+10	1660.000000	4.72455e+10	1660.000000	4.71072e+10	1660.000000	4.7151e+10	1660.000000	4.71204e+10	1660.000000	2.9999e+08	1660.000000	1.83054e+08	1660.000000	5.44857e+08	1660.000000	5.68297e+08	1660.000000	7.23853e+08	
1680.000000	7.81378e+10	1680.000000	4.7965e+10	1680.000000	4.78254e+10	1680.000000	4.787e+10 	1680.000000	4.78388e+10	1680.000000	3.03191e+08	1680.000000	1.85762e+08	1680.000000	5.51698e+08	1680.000000	5.7602e+08	1680.000000	7.34041e+08	
1700.000000	7.93215e+10	1700.000000	4.86848e+10	1700.000000	4.85442e+10	1700.000000	4.85895e+10	1700.000000	4.85578e+10	1700.000000	3.06372e+08	1700.000000	1.88475e+08	1700.000000	5.58517e+08	1700.000000	5.83729e+08	1700.000000	7.44213e+08	
1750.000000	8.22817e+10	1750.000000	5.04857e+10	1750.000000	5.03437e+10	1750.000000	5.03908e+10	1750.000000	5.03578e+10	1750.000000	3.14241e+08	1750.000000	1.95274e+08	1750.000000	5.75462e+08	1750.000000	6.02932e+08	1750.000000	7.69575e+08	
1800.000000	8.52422e+10	1800.000000	5.2288e+10	1800.000000	5.21463e+10	1800.000000	5.21952e+10	1800.000000	5.2161e+10	1800.000000	3.21992e+08	1800.000000	2.02099e+08	1800.000000	5.92263e+08	1800.000000	6.22037e+08	1800.000000	7.94835e+08	
1850.000000	8.8202e+10	1850.000000	5.4091e+10	1850.000000	5.39518e+10	1850.000000	5.40025e+10	1850.000000	5.39669e+10	1850.000000	3.29628e+08	1850.000000	2.08948e+08	1850.000000	6.08921e+08	1850.000000	6.41041e+08	1850.000000	8.19988e+08	
1900.000000	9.11603e+10	1900.000000	5.58945e+10	1900.000000	5.57596e+10	1900.000000	5.58121e+10	1900.000000	5.57752e+10	1900.000000	3.37153e+08	1900.000000	2.15819e+08	1900.000000	6.25435e+08	1900.000000	6.59942e+08	1900.000000	8.4503e+08	
1950.000000	9.41161e+10	1950.000000	5.76978e+10	1950.000000	5.75695e+10	1950.000000	5.76238e+10	1950.000000	5.75856e+10	1950.000000	3.44569e+08	1950.000000	2.22711e+08	1950.000000	6.41808e+08	1950.000000	6.78738e+08	1950.000000	8.69958e+08	
2000.000000	9.70687e+10	2000.000000	5.95007e+10	2000.000000	5.93812e+10	2000.000000	5.94372e+10	2000.000000	5.93977e+10	2000.000000	3.51878e+08	2000.000000	2.29625e+08	2000.000000	6.5804e+08	2000.000000	6.97428e+08	2000.000000	8.94769e+08	
2100.000000	1.02961e+11	2100.000000	6.31033e+10	2100.000000	6.30088e+10	2100.000000	6.30684e+10	2100.000000	6.30263e+10	2100.000000	3.6619e+08	2100.000000	2.43519e+08	2100.000000	6.90087e+08	2100.000000	7.34486e+08	2100.000000	9.4403e+08	
2200.000000	1.08832e+11	2200.000000	6.66998e+10	2200.000000	6.66404e+10	2200.000000	6.67035e+10	2200.000000	6.66588e+10	2200.000000	3.80109e+08	2200.000000	2.57505e+08	2200.000000	7.21588e+08	2200.000000	7.71108e+08	2200.000000	9.92798e+08	
2300.000000	1.14678e+11	2300.000000	7.02876e+10	2300.000000	7.02744e+10	2300.000000	7.0341e+10	2300.000000	7.02937e+10	2300.000000	3.93655e+08	2300.000000	2.71582e+08	2300.000000	7.52557e+08	2300.000000	8.07293e+08	2300.000000	1.04106e+09	
2400.000000	1.20493e+11	2400.000000	7.3865e+10	2400.000000	7.39094e+10	2400.000000	7.39795e+10	2400.000000	7.39296e+10	2400.000000	4.06849e+08	2400.000000	2.85747e+08	2400.000000	7.83007e+08	2400.000000	8.43039e+08	2400.000000	1.08882e+09	
2500.000000	1.26276e+11	2500.000000	7.743e+10 	2500.000000	7.75442e+10	2500.000000	7.76178e+10	2500.000000	7.75653e+10	2500.000000	4.19707e+08	2500.000000	2.99995e+08	2500.000000	8.12952e+08	2500.000000	8.78349e+08	2500.000000	1.13606e+09	
2600.000000	1.32022e+11	2600.000000	8.09813e+10	2600.000000	8.11778e+10	2600.000000	8.12548e+10	2600.000000	8.11998e+10	2600.000000	4.32246e+08	2600.000000	3.14321e+08	2600.000000	8.42408e+08	2600.000000	9.13227e+08	2600.000000	1.18279e+09	
2700.000000	1.3773e+11	2700.000000	8.45177e+10	2700.000000	8.48093e+10	2700.000000	8.48898e+10	2700.000000	8.48322e+10	2700.000000	4.44482e+08	2700.000000	3.28724e+08	2700.000000	8.71388e+08	2700.000000	9.47675e+08	2700.000000	1.22901e+09	
2800.000000	1.43397e+11	2800.000000	8.80379e+10	2800.000000	8.84381e+10	2800.000000	8.8522e+10	2800.000000	8.84618e+10	2800.000000	4.5643e+08	2800.000000	3.43203e+08	2800.000000	8.99906e+08	2800.000000	9.81701e+08	2800.000000	1.27472e+09	
2900.000000	1.49022e+11	2900.000000	9.15412e+10	2900.000000	9.20635e+10	2900.000000	9.21508e+10	2900.000000	9.20881e+10	2900.000000	4.68104e+08	2900.000000	3.57759e+08	2900.000000	9.27978e+08	2900.000000	1.01531e+09	2900.000000	1.31993e+09	
3000.000000	1.54602e+11	3000.000000	9.50267e+10	3000.000000	9.5685e+10	3000.000000	9.57757e+10	3000.000000	9.57104e+10	3000.000000	4.79516e+08	3000.000000	3.72392e+08	3000.000000	9.55616e+08	3000.000000	1.04851e+09	3000.000000	1.36464e+09	
3200.000000	1.65627e+11	3200.000000	1.01942e+11	3200.000000	1.02915e+11	3200.000000	1.03012e+11	3200.000000	1.02942e+11	3200.000000	5.01604e+08	3200.000000	4.01892e+08	3200.000000	1.00965e+09	3200.000000	1.11371e+09	3200.000000	1.45259e+09	
3400.000000	1.76464e+11	3400.000000	1.08779e+11	3400.000000	1.10124e+11	3400.000000	1.10228e+11	3400.000000	1.10153e+11	3400.000000	5.22784e+08	3400.000000	4.31701e+08	3400.000000	1.0621e+09	3400.000000	1.17736e+09	3400.000000	1.53864e+09	
3600.000000	1.87108e+11	3600.000000	1.15536e+11	3600.000000	1.17312e+11	3600.000000	1.17423e+11	3600.000000	1.17342e+11	3600.000000	5.43131e+08	3600.000000	4.61813e+08	3600.000000	1.11308e+09	3600.000000	1.23952e+09	3600.000000	1.62285e+09	
3800.000000	1.97557e+11	3800.000000	1.22211e+11	3800.000000	1.24476e+11	3800.000000	1.24593e+11	3800.000000	1.24508e+11	3800.000000	5.62717e+08	3800.000000	4.92217e+08	3800.000000	1.16266e+09	3800.000000	1.30026e+09	3800.000000	1.70527e+09	
4000.000000	2.07809e+11	4000.000000	1.28802e+11	4000.000000	1.31617e+11	4000.000000	1.3174e+11	4000.000000	1.3165e+11	4000.000000	5.816e+08 	4000.000000	5.22904e+08	4000.000000	1.21093e+09	4000.000000	1.35963e+09	4000.000000	1.78599e+09	
4200.000000	2.17864e+11	4200.000000	1.35309e+11	4200.000000	1.38732e+11	4200.000000	1.38862e+11	4200.000000	1.38767e+11	4200.000000	5.99836e+08	4200.000000	5.53869e+08	4200.000000	1.25797e+09	4200.000000	1.4177e+09	4200.000000	1.86507e+09	
4400.000000	2.27725e+11	4400.000000	1.41733e+11	4400.000000	1.45823e+11	4400.000000	1.45959e+11	4400.000000	1.45859e+11	4400.000000	6.17473e+08	4400.000000	5.85104e+08	4400.000000	1.30385e+09	4400.000000	1.47452e+09	4400.000000	1.94257e+09	
4600.000000	2.37392e+11	4600.000000	1.48073e+11	4600.000000	1.52888e+11	4600.000000	1.53031e+11	4600.000000	1.52926e+11	4600.000000	6.34554e+08	4600.000000	6.16607e+08	4600.000000	1.34863e+09	4600.000000	1.53015e+09	4600.000000	2.01856e+09	
4800.000000	2.46869e+11	4800.000000	1.5433e+11	4800.000000	1.59929e+11	4800.000000	1.60077e+11	4800.000000	1.59968e+11	4800.000000	6.51117e+08	4800.000000	6.48372e+08	4800.000000	1.39237e+09	4800.000000	1.58464e+09	4800.000000	2.0931e+09	
5000.000000	2.56158e+11	5000.000000	1.60506e+11	5000.000000	1.66944e+11	5000.000000	1.67099e+11	5000.000000	1.66985e+11	5000.000000	6.67198e+08	5000.000000	6.80396e+08	5000.000000	1.43512e+09	5000.000000	1.63803e+09	5000.000000	2.16624e+09	
5250.000000	2.67511e+11	5250.000000	1.68113e+11	5250.000000	1.75679e+11	5250.000000	1.75842e+11	5250.000000	1.75721e+11	5250.000000	6.86668e+08	5250.000000	7.20787e+08	5250.000000	1.48726e+09	5250.000000	1.70331e+09	5250.000000	2.25579e+09	
5500.000000	2.78584e+11	5500.000000	1.75595e+11	5500.000000	1.84376e+11	5500.000000	1.84546e+11	5500.000000	1.8442e+11	5500.000000	7.05488e+08	5500.000000	7.61572e+08	5500.000000	1.53803e+09	5500.000000	1.76704e+09	5500.000000	2.34336e+09	
6000.000000	2.99918e+11	6000.000000	1.902e+11 	6000.000000	2.01661e+11	6000.000000	2.01845e+11	6000.000000	2.01708e+11	6000.000000	7.41368e+08	6000.000000	8.44306e+08	6000.000000	1.63581e+09	6000.000000	1.89017e+09	6000.000000	2.5129e+09	
6500.000000	3.20223e+11	6500.000000	2.04342e+11	6500.000000	2.18803e+11	6500.000000	2.19002e+11	6500.000000	2.18854e+11	6500.000000	7.7517e+08	6500.000000	9.28551e+08	6500.000000	1.72902e+09	6500.000000	2.00799e+09	6500.000000	2.67558e+09	
7000.000000	3.39559e+11	7000.000000	2.18045e+11	7000.000000	2.35811e+11	7000.000000	2.36024e+11	7000.000000	2.35865e+11	7000.000000	8.07159e+08	7000.000000	1.01426e+09	7000.000000	1.81816e+09	7000.000000	2.121e+09 	7000.000000	2.832e+09 	
7500.000000	3.57988e+11	7500.000000	2.3133e+11	7500.000000	2.52691e+11	7500.000000	2.52918e+11	7500.000000	2.52748e+11	7500.000000	8.37555e+08	7500.000000	1.1014e+09	7500.000000	1.90364e+09	7500.000000	2.22962e+09	7500.000000	2.9827e+09	
8000.000000	3.75566e+11	8000.000000	2.4422e+11	8000.000000	2.6945e+11	8000.000000	2.69691e+11	8000.000000	2.6951e+11	8000.000000	8.66537e+08	8000.000000	1.18993e+09	8000.000000	1.98581e+09	8000.000000	2.33424e+09	8000.000000	3.12817e+09	
8500.000000	3.92349e+11	8500.000000	2.56736e+11	8500.000000	2.86093e+11	8500.000000	2.86348e+11	8500.000000	2.86157e+11	8500.000000	8.94255e+08	8500.000000	1.2798e+09	8500.000000	2.06497e+09	8500.000000	2.43519e+09	8500.000000	3.26881e+09	
9000.000000	4.08387e+11	9000.000000	2.68896e+11	9000.000000	3.02628e+11	9000.000000	3.02896e+11	9000.000000	3.02694e+11	9000.000000	9.20838e+08	9000.000000	1.37099e+09	9000.000000	2.14139e+09	9000.000000	2.53275e+09	9000.000000	3.40499e+09	
9500.000000	4.23727e+11	9500.000000	2.80721e+11	9500.000000	3.19058e+11	9500.000000	3.1934e+11	9500.000000	3.19128e+11	9500.000000	9.46394e+08	9500.000000	1.46346e+09	9500.000000	2.21528e+09	9500.000000	2.62719e+09	9500.000000	3.53705e+09	
10000.000000	4.38413e+11	10000.000000	2.92226e+11	10000.000000	3.3539e+11	10000.000000	3.35685e+11	10000.000000	3.35463e+11	10000.000000	9.71015e+08	10000.000000	1.55718e+09	10000.000000	2.28685e+09	10000.000000	2.71873e+09	10000.000000	3.66527e+09	
11000.000000	4.6598e+11	11000.000000	3.14344e+11	11000.000000	3.67776e+11	11000.000000	3.68097e+11	11000.000000	3.67856e+11	11000.000000	1.01777e+09	11000.000000	1.74824e+09	11000.000000	2.42371e+09	11000.000000	2.89391e+09	11000.000000	3.91125e+09	
12000.000000	4.91378e+11	12000.000000	3.35367e+11	12000.000000	3.99821e+11	12000.000000	4.00166e+11	12000.000000	3.99906e+11	12000.000000	1.06163e+09	12000.000000	1.944e+09 	12000.000000	2.55315e+09	12000.000000	3.05969e+09	12000.000000	4.14472e+09	
13000.000000	5.14852e+11	13000.000000	3.55398e+11	13000.000000	4.31553e+11	13000.000000	4.31921e+11	13000.000000	4.31643e+11	13000.000000	1.10301e+09	13000.000000	2.14427e+09	13000.000000	2.6761e+09	13000.000000	3.2172e+09	13000.000000	4.36715e+09	
14000.000000	5.36615e+11	14000.000000	3.74527e+11	14000.000000	4.62996e+11	14000.000000	4.63388e+11	14000.000000	4.63092e+11	14000.000000	1.14225e+09	14000.000000	2.3488e+09	14000.000000	2.79335e+09	14000.000000	3.36738e+09	14000.000000	4.57976e+09	
15000.000000	5.56847e+11	15000.000000	3.92831e+11	15000.000000	4.94171e+11	15000.000000	4.94589e+11	15000.000000	4.94275e+11	15000.000000	1.17959e+09	15000.000000	2.55733e+09	15000.000000	2.90551e+09	15000.000000	3.51099e+09	15000.000000	4.78357e+09	
16000.000000	5.75708e+11	16000.000000	4.1038e+11	16000.000000	5.25098e+11	16000.000000	5.25542e+11	16000.000000	5.25212e+11	16000.000000	1.21527e+09	16000.000000	2.76972e+09	16000.000000	3.01311e+09	16000.000000	3.64871e+09	16000.000000	4.97944e+09	
17000.000000	5.93332e+11	17000.000000	4.27234e+11	17000.000000	5.55795e+11	17000.000000	5.56266e+11	17000.000000	5.55918e+11	17000.000000	1.24945e+09	17000.000000	2.98586e+09	17000.000000	3.11661e+09	17000.000000	3.78108e+09	17000.000000	5.16811e+09	
18000.000000	6.09839e+11	18000.000000	4.43447e+11	18000.000000	5.86277e+11	18000.000000	5.86774e+11	18000.000000	5.8641e+11	18000.000000	1.28229e+09	18000.000000	3.20568e+09	18000.000000	3.21637e+09	18000.000000	3.90859e+09	18000.000000	5.35021e+09	
19000.000000	6.25332e+11	19000.000000	4.59067e+11	19000.000000	6.16558e+11	19000.000000	6.1708e+11	19000.000000	6.16701e+11	19000.000000	1.31393e+09	19000.000000	3.42911e+09	19000.000000	3.31274e+09	19000.000000	4.03165e+09	19000.000000	5.52629e+09	
20000.000000	6.39902e+11	20000.000000	4.74136e+11	20000.000000	6.46652e+11	20000.000000	6.47197e+11	20000.000000	6.46802e+11	20000.000000	1.34446e+09	20000.000000	3.65609e+09	20000.000000	3.40598e+09	20000.000000	4.15064e+09	20000.000000	5.69684e+09	
21000.000000	6.53631e+11	21000.000000	4.88694e+11	21000.000000	6.7657e+11	21000.000000	6.77135e+11	21000.000000	6.76725e+11	21000.000000	1.37398e+09	21000.000000	3.88653e+09	21000.000000	3.49634e+09	21000.000000	4.26585e+09	21000.000000	5.86227e+09	
22000.000000	6.66588e+11	22000.000000	5.02773e+11	22000.000000	7.06319e+11	22000.000000	7.06904e+11	22000.000000	7.06479e+11	22000.000000	1.40258e+09	22000.000000	4.12032e+09	22000.000000	3.58405e+09	22000.000000	4.37758e+09	22000.000000	6.02296e+09	
23000.000000	6.78839e+11	23000.000000	5.16406e+11	23000.000000	7.35908e+11	23000.000000	7.36513e+11	23000.000000	7.36073e+11	23000.000000	1.43032e+09	23000.000000	4.35741e+09	23000.000000	3.66929e+09	23000.000000	4.48606e+09	23000.000000	6.17924e+09	
24000.000000	6.90439e+11	24000.000000	5.29621e+11	24000.000000	7.65346e+11	24000.000000	7.65969e+11	24000.000000	7.65516e+11	24000.000000	1.45728e+09	24000.000000	4.59772e+09	24000.000000	3.75224e+09	24000.000000	4.59154e+09	24000.000000	6.33141e+09	
25000.000000	7.01438e+11	25000.000000	5.42442e+11	25000.000000	7.94638e+11	25000.000000	7.95281e+11	25000.000000	7.94814e+11	25000.000000	1.48351e+09	25000.000000	4.84097e+09	25000.000000	3.83304e+09	25000.000000	4.69419e+09	25000.000000	6.47972e+09	
26000.000000	7.11883e+11	26000.000000	5.54894e+11	26000.000000	8.23793e+11	26000.000000	8.24454e+11	26000.000000	8.23974e+11	26000.000000	1.50905e+09	26000.000000	5.08701e+09	26000.000000	3.91184e+09	26000.000000	4.79421e+09	26000.000000	6.62443e+09	
27000.000000	7.21814e+11	27000.000000	5.66997e+11	27000.000000	8.52816e+11	27000.000000	8.53496e+11	27000.000000	8.53002e+11	27000.000000	1.53396e+09	27000.000000	5.33589e+09	27000.000000	3.98875e+09	27000.000000	4.89175e+09	27000.000000	6.76575e+09	
28000.000000	7.31268e+11	28000.000000	5.78772e+11	28000.000000	8.81713e+11	28000.000000	8.82411e+11	28000.000000	8.81905e+11	28000.000000	1.55827e+09	28000.000000	5.58768e+09	28000.000000	4.06389e+09	28000.000000	4.98695e+09	28000.000000	6.90387e+09	
29000.000000	7.40278e+11	29000.000000	5.90235e+11	29000.000000	9.10489e+11	29000.000000	9.11206e+11	29000.000000	9.10687e+11	29000.000000	1.58202e+09	29000.000000	5.84238e+09	29000.000000	4.13735e+09	29000.000000	5.07996e+09	29000.000000	7.03897e+09	
30000.000000	7.48875e+11	30000.000000	6.01404e+11	30000.000000	9.3915e+11	30000.000000	9.39884e+11	30000.000000	9.39353e+11	30000.000000	1.60524e+09	30000.000000	6.09991e+09	30000.000000	4.20924e+09	30000.000000	5.17089e+09	30000.000000	7.17122e+09	
32000.000000	7.64936e+11	32000.000000	6.22917e+11	32000.000000	9.96143e+11	32000.000000	9.96911e+11	32000.000000	9.96357e+11	32000.000000	1.65021e+09	32000.000000	6.62311e+09	32000.000000	4.3486e+09	32000.000000	5.34694e+09	32000.000000	7.42774e+09	
34000.000000	7.79646e+11	34000.000000	6.4342e+11	34000.000000	1.05273e+12	34000.000000	1.05352e+12	34000.000000	1.05295e+12	34000.000000	1.69341e+09	34000.000000	7.15661e+09	34000.000000	4.48256e+09	34000.000000	5.5159e+09	34000.000000	7.67448e+09	
36000.000000	7.93165e+11	36000.000000	6.63004e+11	36000.000000	1.10893e+12	36000.000000	1.10975e+12	36000.000000	1.10916e+12	36000.000000	1.735e+09 	36000.000000	7.69987e+09	36000.000000	4.61162e+09	36000.000000	5.67843e+09	36000.000000	7.91234e+09	
38000.000000	8.05631e+11	38000.000000	6.81752e+11	38000.000000	1.16477e+12	38000.000000	1.16562e+12	38000.000000	1.16501e+12	38000.000000	1.77513e+09	38000.000000	8.25252e+09	38000.000000	4.73622e+09	38000.000000	5.8351e+09	38000.000000	8.1421e+09	
40000.000000	8.17161e+11	40000.000000	6.99734e+11	40000.000000	1.22027e+12	40000.000000	1.22116e+12	40000.000000	1.22052e+12	40000.000000	1.81394e+09	40000.000000	8.81432e+09	40000.000000	4.85673e+09	40000.000000	5.9864e+09	40000.000000	8.36443e+09	
42000.000000	8.27854e+11	42000.000000	7.1701e+11	42000.000000	1.27547e+12	42000.000000	1.27637e+12	42000.000000	1.27572e+12	42000.000000	1.85154e+09	42000.000000	9.38508e+09	42000.000000	4.97348e+09	42000.000000	6.13277e+09	42000.000000	8.57991e+09	
44000.000000	8.37796e+11	44000.000000	7.33637e+11	44000.000000	1.33036e+12	44000.000000	1.33129e+12	44000.000000	1.33063e+12	44000.000000	1.88801e+09	44000.000000	9.96462e+09	44000.000000	5.08675e+09	44000.000000	6.27459e+09	44000.000000	8.78905e+09	
46000.000000	8.47062e+11	46000.000000	7.49663e+11	46000.000000	1.38497e+12	46000.000000	1.38592e+12	46000.000000	1.38525e+12	46000.000000	1.92346e+09	46000.000000	1.05528e+10	46000.000000	5.19678e+09	46000.000000	6.41217e+09	46000.000000	8.99232e+09	
48000.000000	8.55716e+11	48000.000000	7.6513e+11	48000.000000	1.43931e+12	48000.000000	1.44029e+12	48000.000000	1.4396e+12	48000.000000	1.95794e+09	48000.000000	1.11494e+10	48000.000000	5.30382e+09	48000.000000	6.54584e+09	48000.000000	9.19011e+09	
50000.000000	8.63817e+11	50000.000000	7.80077e+11	50000.000000	1.49341e+12	50000.000000	1.4944e+12	50000.000000	1.49371e+12	50000.000000	1.99154e+09	50000.000000	1.17543e+10	50000.000000	5.40804e+09	50000.000000	6.67583e+09	50000.000000	9.38277e+09	
