! 2H range in Si
! apply ZOOM for details
Energy (MeV/u)1	0 - [He-base] F.Hubert et al, AD&ND Tables 46(1990)1	Energy (MeV/u)2	1 - [H -base] J.F.Ziegler et al,Pergamon Press,NY(low energy)	Energy (MeV/u)3	2 - ATIMA 1.2 LS-theory (recommended for high energy)	Energy (MeV/u)4	3 - ATIMA 1.2 without LS-correction	Energy (MeV/u)5	4 - ATIMA 1.4 H.Weick, improved mean charge formula for HI	Energy (MeV/u)6	5 - Range straggling - method [0] - LISE	Energy (MeV/u)7	6 - Range straggling - method [1] - Atima	Energy (MeV/u)8	7 - Lateral range - method [0] - LISE	Energy (MeV/u)9	8 - Lateral range - method [1] - Atima	Energy (MeV/u)10	9 - Lateral range - method [2] - PDG	
0.001000	0.0778739 	0.001000	0.0778739 	0.001000	0.0605056 	0.001000	0.0605056 	0.001000	0.0605264 	0.001000	0         	0.001000	0         	0.001000	0.000943647	0.001000	0.00149299	0.001000	0.000703569	
0.002000	0.157414  	0.002000	0.155748  	0.002000	0.121011  	0.002000	0.121011  	0.002000	0.121053  	0.002000	0.010047  	0.002000	0.010047  	0.002000	0.00276348	0.002000	0.0042239 	0.002000	0.00214169	
0.005000	0.338183  	0.005000	0.332732  	0.005000	0.255549  	0.005000	0.255549  	0.005000	0.255609  	0.005000	0.0114209 	0.005000	0.0114209 	0.005000	0.00865823	0.005000	0.0128863 	0.005000	0.00689076	
0.008000	0.479125  	0.008000	0.470722  	0.008000	0.359303  	0.008000	0.359303  	0.008000	0.359368  	0.008000	0.0114569 	0.008000	0.0114569 	0.008000	0.0146174 	0.008000	0.0214633 	0.008000	0.0117791 	
0.010000	0.561067  	0.010000	0.550948  	0.010000	0.419412  	0.010000	0.419412  	0.010000	0.419479  	0.010000	0.0115719 	0.010000	0.0115719 	0.010000	0.0185456 	0.010000	0.0270614 	0.010000	0.0150275 	
0.015000	0.732747  	0.015000	0.719033  	0.015000	0.550341  	0.015000	0.550341  	0.015000	0.550408  	0.015000	0.0121119 	0.015000	0.0121119 	0.015000	0.0281713 	0.015000	0.0406579 	0.015000	0.0230432 	
0.020000	0.871554  	0.020000	0.854933  	0.020000	0.663237  	0.020000	0.663237  	0.020000	0.663306  	0.020000	0.0127999 	0.020000	0.0127999 	0.020000	0.0375544 	0.020000	0.0537868 	0.020000	0.0309134 	
0.025000	0.990588  	0.025000	0.971474  	0.025000	0.764254  	0.025000	0.764254  	0.025000	0.764324  	0.025000	0.0135052 	0.025000	0.0135052 	0.025000	0.0467323 	0.025000	0.0665385 	0.025000	0.0386514 	
0.030000	1.09662   	0.030000	1.07529   	0.030000	0.857325  	0.030000	0.857325  	0.030000	0.857395  	0.030000	0.0141962 	0.030000	0.0141962 	0.030000	0.0558091 	0.030000	0.0790736 	0.030000	0.0463375 	
0.035000	1.19365   	0.035000	1.17028   	0.035000	0.94515   	0.035000	0.94515   	0.035000	0.945222  	0.035000	0.0148745 	0.035000	0.0148745 	0.035000	0.0649034 	0.035000	0.091561  	0.035000	0.0540694 	
0.040000	1.28425   	0.040000	1.25899   	0.040000	1.02912   	0.040000	1.02912   	0.040000	1.0292    	0.040000	0.015539  	0.040000	0.015539  	0.040000	0.0740612 	0.040000	0.104072  	0.040000	0.0618827 	
0.045000	1.37021   	0.045000	1.34314   	0.045000	1.11024   	0.045000	1.11024   	0.045000	1.11031   	0.045000	0.0161925 	0.045000	0.0161925 	0.045000	0.0833244 	0.045000	0.116667  	0.045000	0.0698108 	
0.050000	1.45278   	0.050000	1.42399   	0.050000	1.18923   	0.050000	1.18923   	0.050000	1.18931   	0.050000	0.0168386 	0.050000	0.0173122 	0.050000	0.0927296 	0.050000	0.129399  	0.050000	0.0778839 	
0.055000	1.53292   	0.055000	1.50245   	0.055000	1.26668   	0.055000	1.26668   	0.055000	1.26675   	0.055000	0.0174814 	0.055000	0.0186093 	0.055000	0.10231   	0.055000	0.142314  	0.055000	0.0861293 	
0.060000	1.61135   	0.060000	1.57924   	0.060000	1.34301   	0.060000	1.34301   	0.060000	1.34309   	0.060000	0.0181248 	0.060000	0.0198198 	0.060000	0.110994  	0.060000	0.153973  	0.060000	0.0936225 	
0.070000	1.76523   	0.070000	1.7299    	0.070000	1.49376   	0.070000	1.49376   	0.070000	1.49384   	0.070000	0.0194268 	0.070000	0.0220734 	0.070000	0.12593   	0.070000	0.173884  	0.070000	0.106559  	
0.080000	1.91771   	0.080000	1.87918   	0.080000	1.64368   	0.080000	1.64368   	0.080000	1.64375   	0.080000	0.0207689 	0.080000	0.0242008 	0.080000	0.1389    	0.080000	0.190548  	0.080000	0.117845  	
0.090000	2.07094   	0.090000	2.0292    	0.090000	1.79431   	0.090000	1.79431   	0.090000	1.79438   	0.090000	0.0221707 	0.090000	0.0262757 	0.090000	0.150821  	0.090000	0.205688  	0.090000	0.128263  	
0.100000	2.22638   	0.100000	2.18138   	0.100000	1.94677   	0.100000	1.94677   	0.100000	1.94684   	0.100000	0.023648  	0.100000	0.0283445 	0.100000	0.161838  	0.100000	0.219479  	0.100000	0.137931  	
0.120000	2.5475    	0.120000	2.49578   	0.120000	2.26032   	0.120000	2.26032   	0.120000	2.2604    	0.120000	0.0268768 	0.120000	0.032579  	0.120000	0.182647  	0.120000	0.245128  	0.120000	0.156287  	
0.140000	2.88576   	0.140000	2.82696   	0.140000	2.58881   	0.140000	2.58881   	0.140000	2.58889   	0.140000	0.0305258 	0.140000	0.0370568 	0.140000	0.202514  	0.140000	0.269287  	0.140000	0.173919  	
0.160000	3.2432    	0.160000	3.17691   	0.160000	2.93475   	0.160000	2.93475   	0.160000	2.93483   	0.160000	0.0346327 	0.160000	0.0418512 	0.160000	0.22207   	0.160000	0.292857  	0.160000	0.191365  	
0.180000	3.62052   	0.180000	3.54633   	0.180000	3.29947   	0.180000	3.29947   	0.180000	3.29954   	0.180000	0.0392107 	0.180000	0.0469924 	0.180000	0.241646  	0.180000	0.316291  	0.180000	0.208904  	
0.200000	4.01774   	0.200000	3.93523   	0.200000	3.68356   	0.200000	3.68356   	0.200000	3.68364   	0.200000	0.0442562 	0.200000	0.0524856 	0.200000	0.261409  	0.200000	0.339828  	0.200000	0.226676  	
0.250000	5.09567   	0.250000	4.99059   	0.250000	4.72889   	0.250000	4.72889   	0.250000	4.72896   	0.250000	0.0588082 	0.250000	0.067678  	0.250000	0.31231   	0.250000	0.39995   	0.250000	0.272697  	
0.300000	6.28911   	0.300000	6.15903   	0.300000	5.89231   	0.300000	5.89231   	0.300000	5.89239   	0.300000	0.0758575 	0.300000	0.0847063 	0.300000	0.365836  	0.300000	0.462514  	0.300000	0.321393  	
0.350000	7.59131   	0.350000	7.43396   	0.350000	7.1675    	0.350000	7.1675    	0.350000	7.16757   	0.350000	0.0950808 	0.350000	0.103262  	0.350000	0.422196  	0.350000	0.527842  	0.350000	0.372898  	
0.400000	8.99682   	0.400000	8.81005   	0.400000	8.54815   	0.400000	8.54815   	0.400000	8.54822   	0.400000	0.116226  	0.400000	0.123104  	0.400000	0.48134   	0.400000	0.595846  	0.400000	0.427148  	
0.450000	10.5014   	0.450000	10.2831   	0.450000	10.0288   	0.450000	10.0288   	0.450000	10.0289   	0.450000	0.13911   	0.450000	0.144061  	0.450000	0.543146  	0.450000	0.666409  	0.450000	0.484017  	
0.500000	12.1015   	0.500000	11.8497   	0.500000	11.605    	0.500000	11.605    	0.500000	11.6051   	0.500000	0.163605  	0.500000	0.166014  	0.500000	0.607599  	0.500000	0.739488  	0.500000	0.543474  	
0.600000	15.5778   	0.600000	15.2532   	0.600000	15.0301   	0.600000	15.0301   	0.600000	15.0302   	0.600000	0.217091  	0.600000	0.212611  	0.600000	0.744066  	0.600000	0.892802  	0.600000	0.669765  	
0.700000	19.4081   	0.700000	19.0033   	0.700000	18.8009   	0.700000	18.8009   	0.700000	18.8009   	0.700000	0.276207  	0.700000	0.262492  	0.700000	0.890027  	0.700000	1.05508   	0.700000	0.805319  	
0.800000	23.5789   	0.800000	23.0867   	0.800000	22.9012   	0.800000	22.9012   	0.800000	22.9013   	0.800000	0.340677  	0.800000	0.315443  	0.800000	1.04519   	0.800000	1.22591   	0.800000	0.949826  	
0.900000	28.0793   	0.900000	27.4929   	0.900000	27.319    	0.900000	27.319    	0.900000	27.3191   	0.900000	0.410323  	0.900000	0.371337  	0.900000	1.20931   	0.900000	1.40505   	0.900000	1.10303   	
1.000000	32.9005   	1.000000	32.2131   	1.000000	32.0446   	1.000000	32.0446   	1.000000	32.0447   	1.000000	0.485012  	1.000000	0.430084  	1.000000	1.38202   	1.000000	1.59208   	1.000000	1.26456   	
1.250000	46.3073   	1.250000	45.3392   	1.250000	45.1556   	1.250000	45.1556   	1.250000	45.1557   	1.250000	0.693161  	1.250000	0.590771  	1.250000	1.85051   	1.250000	2.09325   	1.250000	1.70397   	
1.500000	61.5729   	1.500000	60.2851   	1.500000	60.0461   	1.500000	60.0461   	1.500000	60.0462   	1.500000	0.930981  	1.500000	0.778526  	1.500000	2.36866   	1.500000	2.64034   	1.500000	2.19216   	
1.750000	78.6207   	1.750000	76.9759   	1.750000	76.6443   	1.750000	76.6443   	1.750000	76.6444   	1.750000	1.19753   	1.750000	0.988873  	1.750000	2.93362   	1.750000	3.23139   	1.750000	2.72733   	
2.000000	97.3888   	2.000000	95.351    	2.000000	94.8933   	2.000000	94.8933   	2.000000	94.8934   	2.000000	1.49202   	2.000000	1.21816   	2.000000	3.54545   	2.000000	3.86466   	2.000000	3.30798   	
2.250000	117.826   	2.250000	115.36    	2.250000	114.746   	2.250000	114.746   	2.250000	114.746   	2.250000	1.8138    	2.250000	1.46437   	2.250000	4.2029    	2.250000	4.53868   	2.250000	3.9328    	
2.500000	139.887   	2.500000	136.959   	2.500000	136.163   	2.500000	136.163   	2.500000	136.163   	2.500000	2.16227   	2.500000	1.72626   	2.500000	4.90489   	2.500000	5.25222   	2.500000	4.60081   	
3.000000	187.773   	3.000000	184.782   	3.000000	183.554   	3.000000	183.554   	3.000000	183.554   	3.000000	2.93732   	3.000000	2.29395   	3.000000	6.43145   	3.000000	6.79357   	3.000000	6.03822   	
3.500000	241.564   	3.500000	238.569   	3.500000	236.834   	3.500000	236.834   	3.500000	236.834   	3.500000	3.81364   	3.500000	2.91659   	3.500000	8.11458   	3.500000	8.48096   	3.500000	7.63795   	
4.000000	301.111   	4.000000	298.114   	4.000000	295.816   	4.000000	295.816   	4.000000	295.816   	4.000000	4.78832   	4.000000	3.59109   	4.000000	9.96103   	4.000000	10.3081   	4.000000	9.39482   	
4.500000	366.286   	4.500000	363.249   	4.500000	360.343   	4.500000	360.343   	4.500000	360.343   	4.500000	5.85889   	4.500000	4.31518   	4.500000	11.9659   	4.500000	12.2576   	4.500000	11.3041   	
5.000000	436.981   	5.000000	433.827   	5.000000	430.28    	5.000000	430.28    	5.000000	430.28    	5.000000	7.02323   	5.000000	5.08703   	5.000000	14.1249   	5.000000	14.3336   	5.000000	13.3617   	
5.500000	513.1     	5.500000	509.724   	5.500000	505.513   	5.500000	505.513   	5.500000	505.513   	5.500000	8.27948   	5.500000	5.90512   	5.500000	16.4344   	5.500000	16.5363   	5.500000	15.5641   	
6.000000	594.557   	6.000000	590.829   	6.000000	585.938   	6.000000	585.938   	6.000000	585.938   	6.000000	9.626     	6.000000	6.76818   	6.000000	18.8914   	6.000000	18.8624   	6.000000	17.9084   	
6.500000	681.274   	6.500000	677.042   	6.500000	671.464   	6.500000	671.464   	6.500000	671.464   	6.500000	11.0613   	6.500000	7.67508   	6.500000	21.493    	6.500000	21.3087   	6.500000	20.3918   	
7.000000	773.181   	7.000000	768.276   	7.000000	762.008   	7.000000	762.008   	7.000000	762.008   	7.000000	12.5841   	7.000000	8.62481   	7.000000	24.2367   	7.000000	23.8725   	7.000000	23.0119   	
7.500000	870.213   	7.500000	864.45    	7.500000	857.497   	7.500000	857.497   	7.500000	857.496   	7.500000	14.1931   	7.500000	9.61648   	7.500000	27.1203   	7.500000	26.5512   	7.500000	25.7665   	
8.000000	972.31    	8.000000	965.49    	8.000000	957.86    	8.000000	957.86    	8.000000	957.86    	8.000000	15.8872   	8.000000	10.6493   	8.000000	30.1417   	8.000000	29.3427   	8.000000	28.6538   	
8.500000	1079.42   	8.500000	1071.33   	8.500000	1063.04   	8.500000	1063.04   	8.500000	1063.04   	8.500000	17.6654   	8.500000	11.7227   	8.500000	33.299    	8.500000	32.245    	8.500000	31.6718   	
9.000000	1191.48   	9.000000	1181.91   	9.000000	1172.97   	9.000000	1172.97   	9.000000	1172.97   	9.000000	19.5268   	9.000000	12.8358   	9.000000	36.5905   	9.000000	35.2561   	9.000000	34.8189   	
9.500000	1308.45   	9.500000	1297.16   	9.500000	1287.6    	9.500000	1287.6    	9.500000	1287.6    	9.500000	21.4705   	9.500000	13.9881   	9.500000	40.0147   	9.500000	38.3744   	9.500000	38.0936   	
10.000000	1430.28   	10.000000	1417.02   	10.000000	1406.88   	10.000000	1406.88   	10.000000	1406.88   	10.000000	23.4956   	10.000000	15.1786   	10.000000	43.5699   	10.000000	41.5983   	10.000000	41.4945   	
11.000000	1688.35   	11.000000	1669.39   	11.000000	1659.44   	11.000000	1659.44   	11.000000	1659.45   	11.000000	27.7987   	11.000000	17.679    	11.000000	51.0769   	11.000000	48.3644   	11.000000	48.6778   	
12.000000	1965.36   	12.000000	1939.84   	12.000000	1930.58   	12.000000	1930.57   	12.000000	1930.61   	12.000000	32.4421   	12.000000	20.3415   	12.000000	59.112    	12.000000	55.5525   	12.000000	56.3693   	
13.000000	2261.01   	13.000000	2228.19   	13.000000	2220.09   	13.000000	2220.08   	13.000000	2220.13   	13.000000	37.422    	13.000000	23.1629   	13.000000	67.6695   	13.000000	63.156    	13.000000	64.5635   	
14.000000	2575.03   	14.000000	2534.25   	14.000000	2527.77   	14.000000	2527.76   	14.000000	2527.83   	14.000000	42.736    	14.000000	26.1399   	14.000000	76.7449   	14.000000	71.1693   	14.000000	73.2564   	
15.000000	2907.15   	15.000000	2857.85   	15.000000	2853.47   	15.000000	2853.46   	15.000000	2853.53   	15.000000	48.3823   	15.000000	29.2726   	15.000000	86.3345   	15.000000	79.5877   	15.000000	82.4446   	
16.000000	3257.15   	16.000000	3198.81   	16.000000	3197.04   	16.000000	3197.03   	16.000000	3197.1    	16.000000	54.3596   	16.000000	32.56     	16.000000	96.4353   	16.000000	88.4073   	16.000000	92.1252   	
17.000000	3624.79   	17.000000	3556.97   	17.000000	3558.34   	17.000000	3558.34   	17.000000	3558.41   	17.000000	60.6671   	17.000000	35.9999   	17.000000	107.045   	17.000000	97.6246   	17.000000	102.296   	
18.000000	4009.87   	18.000000	3932.18   	18.000000	3937.26   	18.000000	3937.29   	18.000000	3937.34   	18.000000	67.3041   	18.000000	39.591    	18.000000	118.161   	18.000000	107.237   	18.000000	112.955   	
19.000000	4412.19   	19.000000	4324.28   	19.000000	4333.72   	19.000000	4333.78   	19.000000	4333.81   	19.000000	74.2701   	19.000000	43.333    	19.000000	129.781   	19.000000	117.24    	19.000000	124.101   	
20.000000	4831.54   	20.000000	4733.13   	20.000000	4747.62   	20.000000	4747.72   	20.000000	4747.72   	20.000000	81.5648   	20.000000	47.2253   	20.000000	141.905   	20.000000	127.634   	20.000000	135.732   	
21.000000	5267.76   	21.000000	5158.57   	21.000000	5178.89   	21.000000	5179.03   	21.000000	5178.99   	21.000000	89.1881   	21.000000	51.2676   	21.000000	154.53    	21.000000	138.415   	21.000000	147.848   	
22.000000	5720.68   	22.000000	5600.48   	22.000000	5627.45   	22.000000	5627.63   	22.000000	5627.54   	22.000000	97.1399   	22.000000	55.4597   	22.000000	167.656   	22.000000	149.581   	22.000000	160.447   	
23.000000	6190.12   	23.000000	6058.72   	23.000000	6093.24   	23.000000	6093.47   	23.000000	6093.32   	23.000000	105.42    	23.000000	59.8014   	23.000000	181.282   	23.000000	161.132   	23.000000	173.529   	
24.000000	6675.92   	24.000000	6533.17   	24.000000	6576.19   	24.000000	6576.48   	24.000000	6576.26   	24.000000	114.029   	24.000000	64.2917   	24.000000	195.407   	24.000000	173.065   	24.000000	187.094   	
25.000000	7177.94   	25.000000	7023.69   	25.000000	7076.23   	25.000000	7076.61   	25.000000	7076.29   	25.000000	122.966   	25.000000	68.9289   	25.000000	210.03    	25.000000	185.378   	25.000000	201.14    	
27.000000	8230.04   	27.000000	8052.47   	27.000000	8127.33   	27.000000	8128.01   	27.000000	8127.46   	27.000000	141.826   	27.000000	78.6448   	27.000000	240.767   	27.000000	211.145   	27.000000	230.677   	
29.000000	9345.31   	29.000000	9144.13   	29.000000	9246.24   	29.000000	9247.27   	29.000000	9246.42   	29.000000	161.999   	29.000000	88.9545   	29.000000	273.491   	29.000000	238.42    	29.000000	262.137   	
31.000000	10522.7   	31.000000	10297.8   	31.000000	10432     	31.000000	10433.4   	31.000000	10432.2   	31.000000	183.451   	31.000000	99.8391   	31.000000	308.172   	31.000000	267.18    	31.000000	295.496   	
33.000000	11761.2   	33.000000	11512.6   	33.000000	11680     	33.000000	11681.8   	33.000000	11680.2   	33.000000	205.972   	33.000000	111.184   	33.000000	344.657   	33.000000	297.298   	33.000000	330.61    	
35.000000	13059.9   	35.000000	12787.6   	35.000000	12988.8   	35.000000	12991.1   	35.000000	12989     	35.000000	229.524   	35.000000	122.972   	35.000000	382.897   	35.000000	328.734   	35.000000	367.433   	
38.000000	15119     	38.000000	14811.7   	38.000000	15064.2   	38.000000	15067.3   	38.000000	15064.3   	38.000000	266.771   	38.000000	141.485   	38.000000	443.491   	38.000000	378.306   	38.000000	425.824   	
41.000000	17308.9   	41.000000	16967.2   	41.000000	17271.8   	41.000000	17275.9   	41.000000	17272     	41.000000	306.296   	41.000000	160.969   	41.000000	507.887   	41.000000	430.713   	41.000000	487.932   	
44.000000	19626.9   	44.000000	19251.7   	44.000000	19609.2   	44.000000	19614.5   	44.000000	19609.6   	44.000000	348.062   	44.000000	181.409   	44.000000	576.004   	44.000000	485.883   	44.000000	553.688   	
47.000000	22070.6   	47.000000	21663     	47.000000	22074.3   	47.000000	22080.7   	47.000000	22074.7   	47.000000	392.031   	47.000000	202.788   	47.000000	647.766   	47.000000	543.755   	47.000000	623.024   	
50.000000	24637.8   	50.000000	24199     	50.000000	24664.7   	50.000000	24672.4   	50.000000	24665.2   	50.000000	438.163   	50.000000	225.091   	50.000000	723.098   	50.000000	604.267   	50.000000	695.88    	
55.000000	29185     	55.000000	28696.9   	55.000000	29255.3   	55.000000	29265.2   	55.000000	29255.6   	55.000000	519.743   	55.000000	264.268   	55.000000	856.404   	55.000000	710.839   	55.000000	824.965   	
60.000000	34060     	60.000000	33526.3   	60.000000	34179.6   	60.000000	34191.7   	60.000000	34179.6   	60.000000	607.028   	60.000000	305.887   	60.000000	999.14    	60.000000	824.355   	60.000000	963.407   	
65.000000	39254.1   	65.000000	38678.4   	65.000000	39428.5   	65.000000	39443.6   	65.000000	39428.7   	65.000000	699.833   	65.000000	349.839   	65.000000	1151.03   	65.000000	944.598   	65.000000	1110.97   	
70.000000	44759.5   	70.000000	44145.4   	70.000000	44994.6   	70.000000	45013     	70.000000	44994.9   	70.000000	797.98    	70.000000	396.076   	70.000000	1311.8    	70.000000	1071.37   	70.000000	1267.43   	
75.000000	50568.7   	75.000000	49919.6   	75.000000	50870.5   	75.000000	50892.5   	75.000000	50871     	75.000000	901.294   	75.000000	444.491   	75.000000	1481.21   	75.000000	1204.47   	75.000000	1432.58   	
80.000000	56675     	80.000000	55993.7   	80.000000	57049.3   	80.000000	57075     	80.000000	57049.7   	80.000000	1009.61   	80.000000	495.05    	80.000000	1659.02   	80.000000	1343.75   	80.000000	1606.21   	
85.000000	63071.8   	85.000000	62360.8   	85.000000	63524.3   	85.000000	63553.7   	85.000000	63524.4   	85.000000	1122.77   	85.000000	547.699   	85.000000	1845      	85.000000	1489.02   	85.000000	1788.16   	
90.000000	69752.9   	90.000000	69014.5   	90.000000	70289     	90.000000	70322.4   	90.000000	70288.8   	90.000000	1240.62   	90.000000	602.35    	90.000000	2038.94   	90.000000	1640.14   	90.000000	1978.22   	
95.000000	76712.7   	95.000000	75948.3   	95.000000	77336.8   	95.000000	77374.8   	95.000000	77336.6   	95.000000	1363.01   	95.000000	658.917   	95.000000	2240.63   	95.000000	1796.95   	95.000000	2176.23   	
100.000000	83945.6   	100.000000	83156.2   	100.000000	84661.8   	100.000000	84705.1   	100.000000	84662.1   	100.000000	1489.79   	100.000000	717.354   	100.000000	2449.86   	100.000000	1959.33   	100.000000	2382.03   	
105.000000	91446.5   	105.000000	90632.4   	105.000000	92259     	105.000000	92307.7   	105.000000	92259.6   	105.000000	1620.83   	105.000000	777.649   	105.000000	2666.46   	105.000000	2127.13   	105.000000	2595.45   	
110.000000	99210.2   	110.000000	98371.3   	110.000000	100123    	110.000000	100177    	110.000000	100124    	110.000000	1756      	110.000000	839.752   	110.000000	2890.22   	110.000000	2300.22   	110.000000	2816.34   	
115.000000	107232    	115.000000	106368    	115.000000	108248    	115.000000	108308    	115.000000	108249    	115.000000	1895.17   	115.000000	903.607   	115.000000	3120.98   	115.000000	2478.48   	115.000000	3044.55   	
120.000000	115508    	120.000000	114616    	120.000000	116630    	120.000000	116696    	120.000000	116630    	120.000000	2038.21   	120.000000	969.122   	120.000000	3358.56   	120.000000	2661.8    	120.000000	3279.94   	
125.000000	124033    	125.000000	123112    	125.000000	125263    	125.000000	125335    	125.000000	125263    	125.000000	2185      	125.000000	1036.26   	125.000000	3602.79   	125.000000	2850.06   	125.000000	3522.37   	
130.000000	132803    	130.000000	131849    	130.000000	134143    	130.000000	134221    	130.000000	134143    	130.000000	2335.43   	130.000000	1105.02   	130.000000	3853.51   	130.000000	3043.15   	130.000000	3771.7    	
135.000000	141814    	135.000000	140825    	135.000000	143265    	135.000000	143349    	135.000000	143265    	135.000000	2489.39   	135.000000	1175.38   	135.000000	4110.57   	135.000000	3240.97   	135.000000	4027.8    	
140.000000	151063    	140.000000	150033    	140.000000	152625    	140.000000	152715    	140.000000	152624    	140.000000	2646.76   	140.000000	1247.23   	140.000000	4373.8    	140.000000	3443.41   	140.000000	4290.54   	
145.000000	160545    	145.000000	159470    	145.000000	162217    	145.000000	162315    	145.000000	162216    	145.000000	2807.45   	145.000000	1320.57   	145.000000	4643.07   	145.000000	3650.38   	145.000000	4559.8    	
150.000000	170257    	150.000000	169132    	150.000000	172038    	150.000000	172144    	150.000000	172038    	150.000000	2971.34   	150.000000	1395.35   	150.000000	4918.23   	150.000000	3861.77   	150.000000	4835.45   	
155.000000	180333    	155.000000	179014    	155.000000	182084    	155.000000	182199    	155.000000	182084    	155.000000	3138.35   	155.000000	1471.54   	155.000000	5199.14   	155.000000	4077.51   	155.000000	5117.39   	
160.000000	190627    	160.000000	189112    	160.000000	192351    	160.000000	192474    	160.000000	192352    	160.000000	3308.38   	160.000000	1549.12   	160.000000	5485.66   	160.000000	4297.49   	160.000000	5405.49   	
165.000000	201131    	165.000000	199422    	165.000000	202836    	165.000000	202967    	165.000000	202837    	165.000000	3481.33   	165.000000	1628.06   	165.000000	5777.66   	165.000000	4521.63   	165.000000	5699.65   	
170.000000	211841    	170.000000	209941    	170.000000	213534    	170.000000	213674    	170.000000	213535    	170.000000	3657.11   	170.000000	1708.3    	170.000000	6075.02   	170.000000	4749.85   	170.000000	5999.74   	
175.000000	222754    	175.000000	220665    	175.000000	224442    	175.000000	224591    	175.000000	224443    	175.000000	3835.64   	175.000000	1789.79   	175.000000	6377.61   	175.000000	4982.05   	175.000000	6305.67   	
180.000000	233866    	180.000000	231590    	180.000000	235556    	180.000000	235714    	180.000000	235557    	180.000000	4016.83   	180.000000	1872.51   	180.000000	6685.3    	180.000000	5218.18   	180.000000	6617.34   	
185.000000	245174    	185.000000	242713    	185.000000	246873    	185.000000	247040    	185.000000	246874    	185.000000	4200.61   	185.000000	1956.49   	185.000000	6997.98   	185.000000	5458.13   	185.000000	6934.63   	
190.000000	256675    	190.000000	254030    	190.000000	258390    	190.000000	258566    	190.000000	258390    	190.000000	4386.88   	190.000000	2041.64   	190.000000	7315.54   	190.000000	5701.85   	190.000000	7257.45   	
195.000000	268365    	195.000000	265539    	195.000000	270102    	195.000000	270287    	195.000000	270102    	195.000000	4575.58   	195.000000	2127.93   	195.000000	7637.85   	195.000000	5949.25   	195.000000	7585.71   	
200.000000	280242    	200.000000	277235    	200.000000	282008    	200.000000	282202    	200.000000	282006    	200.000000	4766.63   	200.000000	2215.39   	200.000000	7964.82   	200.000000	6200.26   	200.000000	7919.31   	
210.000000	304543    	210.000000	301178    	210.000000	306383    	210.000000	306598    	210.000000	306381    	210.000000	5155.49   	210.000000	2393.67   	210.000000	8632.28   	210.000000	6712.85   	210.000000	8602.14   	
220.000000	329555    	220.000000	325837    	220.000000	331490    	220.000000	331728    	220.000000	331490    	220.000000	5552.89   	220.000000	2576.15   	220.000000	9317.09   	220.000000	7239.07   	220.000000	9305.22   	
230.000000	355255    	230.000000	351186    	230.000000	357308    	230.000000	357569    	230.000000	357309    	230.000000	5958.32   	230.000000	2762.67   	230.000000	10018.5   	230.000000	7778.4    	230.000000	10027.9   	
240.000000	381623    	240.000000	377205    	240.000000	383814    	240.000000	384099    	240.000000	383816    	240.000000	6371.27   	240.000000	2953.08   	240.000000	10735.7   	240.000000	8330.36   	240.000000	10769.4   	
250.000000	408640    	250.000000	403873    	250.000000	410987    	250.000000	411297    	250.000000	410989    	250.000000	6791.27   	250.000000	3147.23   	250.000000	11468     	250.000000	8894.47   	250.000000	11529.2   	
260.000000	436285    	260.000000	431169    	260.000000	438807    	260.000000	439141    	260.000000	438808    	260.000000	7217.88   	260.000000	3344.98   	260.000000	12214.7   	260.000000	9470.29   	260.000000	12306.7   	
270.000000	464542    	270.000000	459074    	270.000000	467253    	270.000000	467613    	270.000000	467254    	270.000000	7650.68   	270.000000	3546.2    	270.000000	12975.3   	270.000000	10057.4   	270.000000	13101.2   	
280.000000	493392    	280.000000	487570    	280.000000	496306    	280.000000	496692    	280.000000	496306    	280.000000	8089.26   	280.000000	3750.8    	280.000000	13749     	280.000000	10655.3   	280.000000	13912.3   	
290.000000	522820    	290.000000	516639    	290.000000	525949    	290.000000	526361    	290.000000	525948    	290.000000	8533.26   	290.000000	3958.51   	290.000000	14535.2   	290.000000	11263.7   	290.000000	14739.2   	
300.000000	552808    	300.000000	546264    	300.000000	556164    	300.000000	556602    	300.000000	556161    	300.000000	8982.31   	300.000000	4169.18   	300.000000	15333.5   	300.000000	11882.2   	300.000000	15581.6   	
310.000000	583342    	310.000000	576429    	310.000000	586931    	310.000000	587399    	310.000000	586929    	310.000000	9436.08   	310.000000	4382.85   	310.000000	16143.2   	310.000000	12510.5   	310.000000	16438.9   	
320.000000	614408    	320.000000	607119    	320.000000	618235    	320.000000	618736    	320.000000	618236    	320.000000	9894.25   	320.000000	4599.35   	320.000000	16963.9   	320.000000	13148.1   	320.000000	17310.6   	
330.000000	645990    	330.000000	638317    	330.000000	650063    	330.000000	650595    	330.000000	650065    	330.000000	10356.5   	330.000000	4818.43   	330.000000	17795     	330.000000	13794.7   	330.000000	18196.3   	
340.000000	678076    	340.000000	670011    	340.000000	682399    	340.000000	682964    	340.000000	682402    	340.000000	10822.6   	340.000000	5040.05   	340.000000	18636.1   	340.000000	14450.1   	340.000000	19095.5   	
350.000000	710651    	350.000000	702185    	350.000000	715229    	350.000000	715826    	350.000000	715233    	350.000000	11292.1   	350.000000	5264.26   	350.000000	19486.7   	350.000000	15113.9   	350.000000	20007.7   	
360.000000	743704    	360.000000	734827    	360.000000	748539    	360.000000	749168    	360.000000	748543    	360.000000	11765     	360.000000	5491.02   	360.000000	20346.4   	360.000000	15785.7   	360.000000	20932.5   	
370.000000	777223    	370.000000	767924    	370.000000	782314    	370.000000	782978    	370.000000	782319    	370.000000	12240.9   	370.000000	5720.12   	370.000000	21214.8   	370.000000	16465.4   	370.000000	21869.6   	
380.000000	811195    	380.000000	801463    	380.000000	816543    	380.000000	817240    	380.000000	816548    	380.000000	12719.6   	380.000000	5951.41   	380.000000	22091.5   	380.000000	17152.6   	380.000000	22818.5   	
390.000000	845609    	390.000000	835432    	390.000000	851213    	390.000000	851944    	390.000000	851217    	390.000000	13200.8   	390.000000	6184.85   	390.000000	22976     	390.000000	17847.2   	390.000000	23778.9   	
400.000000	880453    	400.000000	869820    	400.000000	886311    	400.000000	887076    	400.000000	886315    	400.000000	13684.4   	400.000000	6420.41   	400.000000	23868.1   	400.000000	18548.7   	400.000000	24750.3   	
410.000000	915719    	410.000000	904615    	410.000000	921826    	410.000000	922626    	410.000000	921829    	410.000000	14170.2   	410.000000	6658.01   	410.000000	24767.3   	410.000000	19257     	410.000000	25732.4   	
420.000000	951394    	420.000000	939807    	420.000000	957747    	420.000000	958582    	420.000000	957749    	420.000000	14657.9   	420.000000	6897.49   	420.000000	25673.4   	420.000000	19971.8   	420.000000	26724.9   	
430.000000	987469    	430.000000	975386    	430.000000	994062    	430.000000	994932    	430.000000	994062    	430.000000	15147.4   	430.000000	7138.7    	430.000000	26585.9   	430.000000	20692.9   	430.000000	27727.4   	
440.000000	1.02393e+06	440.000000	1.01134e+06	440.000000	1.03076e+06	440.000000	1.03167e+06	440.000000	1.03076e+06	440.000000	15638.5   	440.000000	7381.65   	440.000000	27504.7   	440.000000	21420.1   	440.000000	28739.7   	
450.000000	1.06078e+06	450.000000	1.04766e+06	450.000000	1.06783e+06	450.000000	1.06878e+06	450.000000	1.06783e+06	450.000000	16131.1   	450.000000	7626.39   	450.000000	28429.4   	450.000000	22153.2   	450.000000	29761.3   	
460.000000	1.098e+06 	460.000000	1.08434e+06	460.000000	1.10527e+06	460.000000	1.10625e+06	460.000000	1.10527e+06	460.000000	16625     	460.000000	7872.93   	460.000000	29359.6   	460.000000	22891.9   	460.000000	30792     	
470.000000	1.13558e+06	470.000000	1.12137e+06	470.000000	1.14306e+06	470.000000	1.14408e+06	470.000000	1.14305e+06	470.000000	17120.1   	470.000000	8121.19   	470.000000	30295.3   	470.000000	23636     	470.000000	31831.6   	
480.000000	1.17351e+06	480.000000	1.15873e+06	480.000000	1.18119e+06	480.000000	1.18225e+06	480.000000	1.18119e+06	480.000000	17616.2   	480.000000	8371.07   	480.000000	31235.9   	480.000000	24385.4   	480.000000	32879.6   	
490.000000	1.21179e+06	490.000000	1.19643e+06	490.000000	1.21966e+06	490.000000	1.22076e+06	490.000000	1.21966e+06	490.000000	18113.1   	490.000000	8622.43   	490.000000	32181.4   	490.000000	25139.9   	490.000000	33935.9   	
500.000000	1.25041e+06	500.000000	1.23444e+06	500.000000	1.25845e+06	500.000000	1.25959e+06	500.000000	1.25845e+06	500.000000	18610.9   	500.000000	8875.19   	500.000000	33131.5   	500.000000	25899.3   	500.000000	35000.1   	
520.000000	1.32863e+06	520.000000	1.31141e+06	520.000000	1.33699e+06	520.000000	1.33821e+06	520.000000	1.33699e+06	520.000000	19608.1   	520.000000	9385.07   	520.000000	35044.4   	520.000000	27432     	520.000000	37151.5   	
540.000000	1.40811e+06	540.000000	1.38958e+06	540.000000	1.41674e+06	540.000000	1.41805e+06	540.000000	1.41674e+06	540.000000	20607.1   	540.000000	9900.68   	540.000000	36972.9   	540.000000	28982.2   	540.000000	39331.7   	
560.000000	1.48878e+06	560.000000	1.46888e+06	560.000000	1.49764e+06	560.000000	1.49903e+06	560.000000	1.49764e+06	560.000000	21606.9   	560.000000	10421.3   	560.000000	38915.4   	560.000000	30548.7   	560.000000	41538.9   	
580.000000	1.57061e+06	580.000000	1.54926e+06	580.000000	1.57963e+06	580.000000	1.58111e+06	580.000000	1.57963e+06	580.000000	22607     	580.000000	10946.5   	580.000000	40870.3   	580.000000	32130.3   	580.000000	43771.4   	
600.000000	1.65353e+06	600.000000	1.63068e+06	600.000000	1.66266e+06	600.000000	1.66423e+06	600.000000	1.66267e+06	600.000000	23606.5   	600.000000	11476.3   	600.000000	42836.2   	600.000000	33725.8   	600.000000	46027.5   	
620.000000	1.7375e+06	620.000000	1.71308e+06	620.000000	1.74668e+06	620.000000	1.74834e+06	620.000000	1.74669e+06	620.000000	24605     	620.000000	12010.3   	620.000000	44811.8   	620.000000	35334.4   	620.000000	48305.7   	
640.000000	1.82247e+06	640.000000	1.79641e+06	640.000000	1.83165e+06	640.000000	1.8334e+06	640.000000	1.83165e+06	640.000000	25602     	640.000000	12548.3   	640.000000	46796     	640.000000	36954.9   	640.000000	50604.5   	
660.000000	1.90839e+06	660.000000	1.88063e+06	660.000000	1.91751e+06	660.000000	1.91935e+06	660.000000	1.91751e+06	660.000000	26596.9   	660.000000	13090.3   	660.000000	48787.6   	660.000000	38586.5   	660.000000	52922.6   	
680.000000	1.99522e+06	680.000000	1.96571e+06	680.000000	2.00423e+06	680.000000	2.00615e+06	680.000000	2.00422e+06	680.000000	27589.3   	680.000000	13635.9   	680.000000	50785.6   	680.000000	40228.4   	680.000000	55258.5   	
700.000000	2.08293e+06	700.000000	2.0516e+06	700.000000	2.09176e+06	700.000000	2.09377e+06	700.000000	2.09175e+06	700.000000	28578.9   	700.000000	14185.1   	700.000000	52789     	700.000000	41879.7   	700.000000	57611.2   	
720.000000	2.17147e+06	720.000000	2.13826e+06	720.000000	2.18006e+06	720.000000	2.18217e+06	720.000000	2.18005e+06	720.000000	29565.3   	720.000000	14737.7   	720.000000	54797     	720.000000	43539.7   	720.000000	59979.4   	
740.000000	2.26081e+06	740.000000	2.22566e+06	740.000000	2.2691e+06	740.000000	2.27131e+06	740.000000	2.26909e+06	740.000000	30548.2   	740.000000	15293.6   	740.000000	56808.7   	740.000000	45207.6   	740.000000	62362.1   	
760.000000	2.35091e+06	760.000000	2.31377e+06	760.000000	2.35884e+06	760.000000	2.36116e+06	760.000000	2.35884e+06	760.000000	31527.4   	760.000000	15852.4   	760.000000	58823.3   	760.000000	46882.9   	760.000000	64758.3   	
780.000000	2.44174e+06	780.000000	2.40255e+06	780.000000	2.44926e+06	780.000000	2.45168e+06	780.000000	2.44926e+06	780.000000	32502.6   	780.000000	16413.8   	780.000000	60840.2   	780.000000	48564.9   	780.000000	67166.9   	
800.000000	2.53326e+06	800.000000	2.49197e+06	800.000000	2.54032e+06	800.000000	2.54284e+06	800.000000	2.54033e+06	800.000000	33473.5   	800.000000	16977.8   	800.000000	62858.7   	800.000000	50252.9   	800.000000	69587.1   	
820.000000	2.62545e+06	820.000000	2.58201e+06	820.000000	2.632e+06 	820.000000	2.63462e+06	820.000000	2.63201e+06	820.000000	34440.1   	820.000000	17544.5   	820.000000	64878.1   	820.000000	51946.5   	820.000000	72018     	
840.000000	2.71828e+06	840.000000	2.67263e+06	840.000000	2.72425e+06	840.000000	2.72698e+06	840.000000	2.72426e+06	840.000000	35401.7   	840.000000	18113.8   	840.000000	66897.7   	840.000000	53644.8   	840.000000	74458.3   	
860.000000	2.81171e+06	860.000000	2.76381e+06	860.000000	2.81704e+06	860.000000	2.81988e+06	860.000000	2.81706e+06	860.000000	36358.1   	860.000000	18685.5   	860.000000	68916.7   	860.000000	55347.2   	860.000000	76907.2   	
880.000000	2.90572e+06	880.000000	2.85553e+06	880.000000	2.91036e+06	880.000000	2.9133e+06	880.000000	2.91038e+06	880.000000	37309.1   	880.000000	19259.4   	880.000000	70934.7   	880.000000	57053.4   	880.000000	79364     	
900.000000	3.00029e+06	900.000000	2.94776e+06	900.000000	3.00418e+06	900.000000	3.00722e+06	900.000000	3.0042e+06	900.000000	38254.8   	900.000000	19835.5   	900.000000	72951.2   	900.000000	58762.8   	900.000000	81827.8   	
920.000000	3.09538e+06	920.000000	3.04047e+06	920.000000	3.09846e+06	920.000000	3.10162e+06	920.000000	3.09849e+06	920.000000	39195     	920.000000	20413.4   	920.000000	74965.8   	920.000000	60475     	920.000000	84298.2   	
940.000000	3.19098e+06	940.000000	3.13365e+06	940.000000	3.19321e+06	940.000000	3.19647e+06	940.000000	3.19323e+06	940.000000	40129.6   	940.000000	20993.1   	940.000000	76978.1   	940.000000	62189.8   	940.000000	86774.5   	
960.000000	3.28706e+06	960.000000	3.22728e+06	960.000000	3.28838e+06	960.000000	3.29175e+06	960.000000	3.28841e+06	960.000000	41058.7   	960.000000	21574.5   	960.000000	78987.9   	960.000000	63906.6   	960.000000	89256     	
980.000000	3.38359e+06	980.000000	3.32132e+06	980.000000	3.38398e+06	980.000000	3.38745e+06	980.000000	3.384e+06 	980.000000	41982.2   	980.000000	22157.5   	980.000000	80994.7   	980.000000	65625.1   	980.000000	91742.3   	
1000.000000	3.48057e+06	1000.000000	3.41578e+06	1000.000000	3.47997e+06	1000.000000	3.48354e+06	1000.000000	3.47999e+06	1000.000000	42900.1   	1000.000000	22742.1   	1000.000000	82998.3   	1000.000000	67345.1   	1000.000000	94232.8   	
1020.000000	3.57796e+06	1020.000000	3.51062e+06	1020.000000	3.57633e+06	1020.000000	3.58002e+06	1020.000000	3.57636e+06	1020.000000	43812.2   	1020.000000	23328.3   	1020.000000	84998.3   	1020.000000	69066.1   	1020.000000	96727     	
1040.000000	3.67575e+06	1040.000000	3.60583e+06	1040.000000	3.67307e+06	1040.000000	3.67686e+06	1040.000000	3.67309e+06	1040.000000	44718.7   	1040.000000	23916.1   	1040.000000	86994.6   	1040.000000	70788     	1040.000000	99224.5   	
1060.000000	3.77391e+06	1060.000000	3.70139e+06	1060.000000	3.77014e+06	1060.000000	3.77404e+06	1060.000000	3.77016e+06	1060.000000	45619.6   	1060.000000	24505.5   	1060.000000	88986.8   	1060.000000	72510.5   	1060.000000	101725    	
1080.000000	3.87244e+06	1080.000000	3.79728e+06	1080.000000	3.86756e+06	1080.000000	3.87156e+06	1080.000000	3.86757e+06	1080.000000	46514.7   	1080.000000	25096.3   	1080.000000	90974.9   	1080.000000	74233.2   	1080.000000	104227    	
1100.000000	3.9713e+06	1100.000000	3.8935e+06	1100.000000	3.96529e+06	1100.000000	3.9694e+06	1100.000000	3.9653e+06	1100.000000	47404.2   	1100.000000	25688.6   	1100.000000	92958.4   	1100.000000	75955.9   	1100.000000	106732    	
1120.000000	4.07049e+06	1120.000000	3.99001e+06	1120.000000	4.06332e+06	1120.000000	4.06754e+06	1120.000000	4.06333e+06	1120.000000	48288     	1120.000000	26282.3   	1120.000000	94937.4   	1120.000000	77678.5   	1120.000000	109238    	
1140.000000	4.16999e+06	1140.000000	4.08682e+06	1140.000000	4.16164e+06	1140.000000	4.16597e+06	1140.000000	4.16166e+06	1140.000000	49166.1   	1140.000000	26877.4   	1140.000000	96911.5   	1140.000000	79400.6   	1140.000000	111746    	
1160.000000	4.26978e+06	1160.000000	4.18391e+06	1160.000000	4.26025e+06	1160.000000	4.26468e+06	1160.000000	4.26026e+06	1160.000000	50038.6   	1160.000000	27473.9   	1160.000000	98880.7   	1160.000000	81122.1   	1160.000000	114254    	
1180.000000	4.36985e+06	1180.000000	4.28126e+06	1180.000000	4.35912e+06	1180.000000	4.36366e+06	1180.000000	4.35912e+06	1180.000000	50905.5   	1180.000000	28071.8   	1180.000000	100845    	1180.000000	82842.8   	1180.000000	116763    	
1200.000000	4.47017e+06	1200.000000	4.37886e+06	1200.000000	4.45825e+06	1200.000000	4.46289e+06	1200.000000	4.45825e+06	1200.000000	51766.8   	1200.000000	28670.9   	1200.000000	102804    	1200.000000	84562.5   	1200.000000	119272    	
1220.000000	4.57075e+06	1220.000000	4.47669e+06	1220.000000	4.55762e+06	1220.000000	4.56237e+06	1220.000000	4.55762e+06	1220.000000	52622.5   	1220.000000	29271.4   	1220.000000	104757    	1220.000000	86281     	1220.000000	121781    	
1240.000000	4.67155e+06	1240.000000	4.57475e+06	1240.000000	4.65722e+06	1240.000000	4.66208e+06	1240.000000	4.65722e+06	1240.000000	53472.7   	1240.000000	29873.2   	1240.000000	106705    	1240.000000	87998.1   	1240.000000	124290    	
1260.000000	4.77258e+06	1260.000000	4.67303e+06	1260.000000	4.75705e+06	1260.000000	4.76202e+06	1260.000000	4.75704e+06	1260.000000	54317.4   	1260.000000	30476.2   	1260.000000	108648    	1260.000000	89713.7   	1260.000000	126798    	
1280.000000	4.87381e+06	1280.000000	4.77151e+06	1280.000000	4.85709e+06	1280.000000	4.86217e+06	1280.000000	4.85708e+06	1280.000000	55156.6   	1280.000000	31080.4   	1280.000000	110584    	1280.000000	91427.7   	1280.000000	129306    	
1300.000000	4.97524e+06	1300.000000	4.87018e+06	1300.000000	4.95734e+06	1300.000000	4.96253e+06	1300.000000	4.95732e+06	1300.000000	55990.4   	1300.000000	31685.9   	1300.000000	112515    	1300.000000	93139.9   	1300.000000	131812    	
1320.000000	5.07685e+06	1320.000000	4.96903e+06	1320.000000	5.05779e+06	1320.000000	5.06308e+06	1320.000000	5.05776e+06	1320.000000	56818.8   	1320.000000	32292.6   	1320.000000	114440    	1320.000000	94850.2   	1320.000000	134317    	
1340.000000	5.17863e+06	1340.000000	5.06806e+06	1340.000000	5.15842e+06	1340.000000	5.16382e+06	1340.000000	5.15839e+06	1340.000000	57641.9   	1340.000000	32900.5   	1340.000000	116360    	1340.000000	96558.4   	1340.000000	136821    	
1360.000000	5.28057e+06	1360.000000	5.16725e+06	1360.000000	5.25923e+06	1360.000000	5.26474e+06	1360.000000	5.2592e+06	1360.000000	58459.6   	1360.000000	33509.5   	1360.000000	118273    	1360.000000	98264.5   	1360.000000	139323    	
1380.000000	5.38266e+06	1380.000000	5.2666e+06	1380.000000	5.36021e+06	1380.000000	5.36583e+06	1380.000000	5.36018e+06	1380.000000	59272.1   	1380.000000	34119.8   	1380.000000	120180    	1380.000000	99968.3   	1380.000000	141823    	
1400.000000	5.48488e+06	1400.000000	5.36608e+06	1400.000000	5.46135e+06	1400.000000	5.46709e+06	1400.000000	5.46132e+06	1400.000000	60079.3   	1400.000000	34731.1   	1400.000000	122081    	1400.000000	101670    	1400.000000	144320    	
1420.000000	5.58724e+06	1420.000000	5.46571e+06	1420.000000	5.56265e+06	1420.000000	5.5685e+06	1420.000000	5.56262e+06	1420.000000	60881.4   	1420.000000	35343.6   	1420.000000	123976    	1420.000000	103369    	1420.000000	146816    	
1440.000000	5.68971e+06	1440.000000	5.56547e+06	1440.000000	5.66409e+06	1440.000000	5.67006e+06	1440.000000	5.66407e+06	1440.000000	61678.3   	1440.000000	35957.2   	1440.000000	125865    	1440.000000	105065    	1440.000000	149309    	
1460.000000	5.79228e+06	1460.000000	5.66534e+06	1460.000000	5.76568e+06	1460.000000	5.77177e+06	1460.000000	5.76566e+06	1460.000000	62470.2   	1460.000000	36571.9   	1460.000000	127748    	1460.000000	106759    	1460.000000	151800    	
1480.000000	5.89496e+06	1480.000000	5.76533e+06	1480.000000	5.86741e+06	1480.000000	5.87362e+06	1480.000000	5.8674e+06	1480.000000	63257     	1480.000000	37187.7   	1480.000000	129625    	1480.000000	108449    	1480.000000	154288    	
1500.000000	5.99773e+06	1500.000000	5.86542e+06	1500.000000	5.96927e+06	1500.000000	5.97559e+06	1500.000000	5.96926e+06	1500.000000	64038.9   	1500.000000	37804.6   	1500.000000	131495    	1500.000000	110138    	1500.000000	156773    	
1520.000000	6.10058e+06	1520.000000	5.96561e+06	1520.000000	6.07125e+06	1520.000000	6.07769e+06	1520.000000	6.07125e+06	1520.000000	64815.7   	1520.000000	38422.5   	1520.000000	133359    	1520.000000	111823    	1520.000000	159255    	
1540.000000	6.2035e+06	1540.000000	6.06589e+06	1540.000000	6.17335e+06	1540.000000	6.17992e+06	1540.000000	6.17335e+06	1540.000000	65587.7   	1540.000000	39041.4   	1540.000000	135217    	1540.000000	113505    	1540.000000	161734    	
1560.000000	6.30649e+06	1560.000000	6.16626e+06	1560.000000	6.27557e+06	1560.000000	6.28225e+06	1560.000000	6.27558e+06	1560.000000	66354.9   	1560.000000	39661.5   	1560.000000	137068    	1560.000000	115184    	1560.000000	164209    	
1580.000000	6.40953e+06	1580.000000	6.26671e+06	1580.000000	6.37789e+06	1580.000000	6.3847e+06	1580.000000	6.37791e+06	1580.000000	67117.2   	1580.000000	40282.5   	1580.000000	138913    	1580.000000	116860    	1580.000000	166681    	
1600.000000	6.51262e+06	1600.000000	6.36722e+06	1600.000000	6.48032e+06	1600.000000	6.48725e+06	1600.000000	6.48034e+06	1600.000000	67874.8   	1600.000000	40904.6   	1600.000000	140752    	1600.000000	118533    	1600.000000	169150    	
1620.000000	6.61575e+06	1620.000000	6.46781e+06	1620.000000	6.58286e+06	1620.000000	6.58989e+06	1620.000000	6.58288e+06	1620.000000	68627.7   	1620.000000	41527.8   	1620.000000	142584    	1620.000000	120203    	1620.000000	171615    	
1640.000000	6.71892e+06	1640.000000	6.56845e+06	1640.000000	6.68548e+06	1640.000000	6.69264e+06	1640.000000	6.6855e+06	1640.000000	69375.9   	1640.000000	42152     	1640.000000	144411    	1640.000000	121869    	1640.000000	174077    	
1660.000000	6.82212e+06	1660.000000	6.66915e+06	1660.000000	6.7882e+06	1660.000000	6.79547e+06	1660.000000	6.78822e+06	1660.000000	70119.5   	1660.000000	42777.2   	1660.000000	146230    	1660.000000	123533    	1660.000000	176535    	
1680.000000	6.92533e+06	1680.000000	6.7699e+06	1680.000000	6.891e+06 	1680.000000	6.89839e+06	1680.000000	6.89103e+06	1680.000000	70858.6   	1680.000000	43403.4   	1680.000000	148044    	1680.000000	125192    	1680.000000	178989    	
1700.000000	7.02856e+06	1700.000000	6.87069e+06	1700.000000	6.99388e+06	1700.000000	7.00139e+06	1700.000000	6.99392e+06	1700.000000	71593.2   	1700.000000	44030.7   	1700.000000	149851    	1700.000000	126849    	1700.000000	181439    	
1750.000000	7.28666e+06	1750.000000	7.12283e+06	1750.000000	7.25142e+06	1750.000000	7.25923e+06	1750.000000	7.25146e+06	1750.000000	73410.1   	1750.000000	45603.1   	1750.000000	154342    	1750.000000	130975    	1750.000000	187546    	
1800.000000	7.54472e+06	1800.000000	7.37513e+06	1800.000000	7.50939e+06	1800.000000	7.51749e+06	1800.000000	7.50944e+06	1800.000000	75199.9   	1800.000000	47181.4   	1800.000000	158794    	1800.000000	135079    	1800.000000	193627    	
1850.000000	7.80265e+06	1850.000000	7.62753e+06	1850.000000	7.76774e+06	1850.000000	7.77613e+06	1850.000000	7.76779e+06	1850.000000	76963.3   	1850.000000	48765.3   	1850.000000	163206    	1850.000000	139160    	1850.000000	199681    	
1900.000000	8.06036e+06	1900.000000	7.87997e+06	1900.000000	8.02641e+06	1900.000000	8.03509e+06	1900.000000	8.02647e+06	1900.000000	78700.9   	1900.000000	50354.3   	1900.000000	167581    	1900.000000	143219    	1900.000000	205708    	
1950.000000	8.3178e+06	1950.000000	8.13238e+06	1950.000000	8.28537e+06	1950.000000	8.29434e+06	1950.000000	8.28543e+06	1950.000000	80413.5   	1950.000000	51948.5   	1950.000000	171917    	1950.000000	147255    	1950.000000	211706    	
2000.000000	8.57488e+06	2000.000000	8.38471e+06	2000.000000	8.54457e+06	2000.000000	8.55383e+06	2000.000000	8.54463e+06	2000.000000	82101.7   	2000.000000	53547.8   	2000.000000	176215    	2000.000000	151268    	2000.000000	217675    	
2100.000000	9.08774e+06	2100.000000	8.88894e+06	2100.000000	9.06354e+06	2100.000000	9.07339e+06	2100.000000	9.06361e+06	2100.000000	85407.8   	2100.000000	56762.3   	2100.000000	184700    	2100.000000	159222    	2100.000000	229523    	
2200.000000	9.5985e+06	2200.000000	9.39228e+06	2200.000000	9.58308e+06	2200.000000	9.5935e+06	2200.000000	9.58316e+06	2200.000000	88624.1   	2200.000000	59998.9   	2200.000000	193040    	2200.000000	167083    	2200.000000	241251    	
2300.000000	1.01068e+07	2300.000000	9.89444e+06	2300.000000	1.0103e+07	2300.000000	1.0114e+07	2300.000000	1.0103e+07	2300.000000	91755.4   	2300.000000	63257.7   	2300.000000	201237    	2300.000000	174848    	2300.000000	252856    	
2400.000000	1.06122e+07	2400.000000	1.03952e+07	2400.000000	1.0623e+07	2400.000000	1.06346e+07	2400.000000	1.06231e+07	2400.000000	94806.2   	2400.000000	66538.2   	2400.000000	209297    	2400.000000	182519    	2400.000000	264337    	
2500.000000	1.11145e+07	2500.000000	1.08942e+07	2500.000000	1.11431e+07	2500.000000	1.11552e+07	2500.000000	1.11431e+07	2500.000000	97780.7   	2500.000000	69839.1   	2500.000000	217223    	2500.000000	190096    	2500.000000	275694    	
2600.000000	1.16134e+07	2600.000000	1.13913e+07	2600.000000	1.1663e+07	2600.000000	1.16757e+07	2600.000000	1.16631e+07	2600.000000	100683    	2600.000000	73159.6   	2600.000000	225020    	2600.000000	197581    	2600.000000	286928    	
2700.000000	1.21088e+07	2700.000000	1.18865e+07	2700.000000	1.21827e+07	2700.000000	1.21959e+07	2700.000000	1.21827e+07	2700.000000	103516    	2700.000000	76499.5   	2700.000000	232692    	2700.000000	204974    	2700.000000	298039    	
2800.000000	1.26005e+07	2800.000000	1.23794e+07	2800.000000	1.2702e+07	2800.000000	1.27158e+07	2800.000000	1.27021e+07	2800.000000	106284    	2800.000000	79858.6   	2800.000000	240242    	2800.000000	212277    	2800.000000	309028    	
2900.000000	1.30882e+07	2900.000000	1.287e+07 	2900.000000	1.32209e+07	2900.000000	1.32353e+07	2900.000000	1.3221e+07	2900.000000	108990    	2900.000000	83237.1   	2900.000000	247675    	2900.000000	219491    	2900.000000	319898    	
3000.000000	1.3572e+07	3000.000000	1.33583e+07	3000.000000	1.37394e+07	3000.000000	1.37543e+07	3000.000000	1.37395e+07	3000.000000	111637    	3000.000000	86635.3   	3000.000000	254994    	3000.000000	226618    	3000.000000	330648    	
3200.000000	1.45271e+07	3200.000000	1.43271e+07	3200.000000	1.47747e+07	3200.000000	1.47907e+07	3200.000000	1.47747e+07	3200.000000	116765    	3200.000000	93491.6   	3200.000000	269305    	3200.000000	240618    	3200.000000	351800    	
3400.000000	1.54652e+07	3400.000000	1.52855e+07	3400.000000	1.58074e+07	3400.000000	1.58246e+07	3400.000000	1.58075e+07	3400.000000	121687    	3400.000000	100427    	3400.000000	283205    	3400.000000	254290    	3400.000000	372500    	
3600.000000	1.6386e+07	3600.000000	1.6233e+07	3600.000000	1.68375e+07	3600.000000	1.68557e+07	3600.000000	1.68375e+07	3600.000000	126422    	3600.000000	107441    	3600.000000	296718    	3600.000000	267648    	3600.000000	392764    	
3800.000000	1.72892e+07	3800.000000	1.71693e+07	3800.000000	1.78646e+07	3800.000000	1.78839e+07	3800.000000	1.78646e+07	3800.000000	130985    	3800.000000	114531    	3800.000000	309869    	3800.000000	280706    	3800.000000	412609    	
4000.000000	1.81747e+07	4000.000000	1.80944e+07	4000.000000	1.88887e+07	4000.000000	1.89091e+07	4000.000000	1.88887e+07	4000.000000	135391    	4000.000000	121695    	4000.000000	322680    	4000.000000	293477    	4000.000000	432052    	
4200.000000	1.90428e+07	4200.000000	1.90081e+07	4200.000000	1.99098e+07	4200.000000	1.99312e+07	4200.000000	1.99098e+07	4200.000000	139651    	4200.000000	128933    	4200.000000	335171    	4200.000000	305974    	4200.000000	451109    	
4400.000000	1.98935e+07	4400.000000	1.99104e+07	4400.000000	2.09278e+07	4400.000000	2.09502e+07	4400.000000	2.09277e+07	4400.000000	143776    	4400.000000	136242    	4400.000000	347359    	4400.000000	318210    	4400.000000	469795    	
4600.000000	2.0727e+07	4600.000000	2.08015e+07	4600.000000	2.19426e+07	4600.000000	2.19661e+07	4600.000000	2.19426e+07	4600.000000	147777    	4600.000000	143621    	4600.000000	359264    	4600.000000	330195    	4600.000000	488127    	
4800.000000	2.15436e+07	4800.000000	2.16813e+07	4800.000000	2.29544e+07	4800.000000	2.29788e+07	4800.000000	2.29543e+07	4800.000000	151661    	4800.000000	151071    	4800.000000	370899    	4800.000000	341942    	4800.000000	506118    	
5000.000000	2.23436e+07	5000.000000	2.25501e+07	5000.000000	2.3963e+07	5000.000000	2.39885e+07	5000.000000	2.3963e+07	5000.000000	155438    	5000.000000	158590    	5000.000000	382280    	5000.000000	353460    	5000.000000	523783    	
5250.000000	2.33207e+07	5250.000000	2.36206e+07	5250.000000	2.52197e+07	5250.000000	2.52464e+07	5250.000000	2.52196e+07	5250.000000	160016    	5250.000000	168086    	5250.000000	396169    	5250.000000	367551    	5250.000000	545426    	
5500.000000	2.4273e+07	5500.000000	2.46743e+07	5500.000000	2.64716e+07	5500.000000	2.64996e+07	5500.000000	2.64715e+07	5500.000000	164449    	5500.000000	177687    	5500.000000	409705    	5500.000000	381319    	5500.000000	566604    	
6000.000000	2.6106e+07	6000.000000	2.67326e+07	6000.000000	2.8962e+07	6000.000000	2.89924e+07	6000.000000	2.89618e+07	6000.000000	172921    	6000.000000	197203    	6000.000000	435804    	6000.000000	407950    	6000.000000	607657    	
6500.000000	2.78483e+07	6500.000000	2.87279e+07	6500.000000	3.1435e+07	6500.000000	3.14679e+07	6500.000000	3.14349e+07	6500.000000	180927    	6500.000000	217128    	6500.000000	460727    	6500.000000	433473    	6500.000000	647107    	
7000.000000	2.95055e+07	7000.000000	3.06632e+07	7000.000000	3.38917e+07	7000.000000	3.3927e+07	7000.000000	3.38915e+07	7000.000000	188527    	7000.000000	237452    	7000.000000	484600    	7000.000000	457992    	7000.000000	685099    	
7500.000000	3.10832e+07	7500.000000	3.25413e+07	7500.000000	3.63329e+07	7500.000000	3.63705e+07	7500.000000	3.63327e+07	7500.000000	195769    	7500.000000	258164    	7500.000000	507532    	7500.000000	481598    	7500.000000	721759    	
8000.000000	3.25865e+07	8000.000000	3.43652e+07	8000.000000	3.87594e+07	8000.000000	3.87993e+07	8000.000000	3.87592e+07	8000.000000	202695    	8000.000000	279257    	8000.000000	529611    	8000.000000	504370    	8000.000000	757198    	
8500.000000	3.40203e+07	8500.000000	3.61377e+07	8500.000000	4.11721e+07	8500.000000	4.12143e+07	8500.000000	4.11719e+07	8500.000000	209336    	8500.000000	300720    	8500.000000	550917    	8500.000000	526375    	8500.000000	791514    	
9000.000000	3.5389e+07	9000.000000	3.78614e+07	9000.000000	4.35717e+07	9000.000000	4.36161e+07	9000.000000	4.35715e+07	9000.000000	215723    	9000.000000	322535    	9000.000000	571515    	9000.000000	547675    	9000.000000	824792    	
9500.000000	3.66968e+07	9500.000000	3.95388e+07	9500.000000	4.59589e+07	9500.000000	4.60056e+07	9500.000000	4.59587e+07	9500.000000	221879    	9500.000000	344690    	9500.000000	591465    	9500.000000	568324    	9500.000000	857110    	
10000.000000	3.79478e+07	10000.000000	4.11721e+07	10000.000000	4.83344e+07	10000.000000	4.83833e+07	10000.000000	4.83342e+07	10000.000000	227825    	10000.000000	367183    	10000.000000	610817    	10000.000000	588368    	10000.000000	888535    	
11000.000000	4.02928e+07	11000.000000	4.43154e+07	11000.000000	5.30524e+07	11000.000000	5.31056e+07	11000.000000	5.30523e+07	11000.000000	239157    	11000.000000	413182    	11000.000000	647905    	11000.000000	626809    	11000.000000	948944    	
12000.000000	4.24496e+07	12000.000000	4.73071e+07	12000.000000	5.77301e+07	12000.000000	5.77876e+07	12000.000000	5.77301e+07	12000.000000	249837    	12000.000000	460497    	12000.000000	683081    	12000.000000	663287    	12000.000000	1.00644e+06	
13000.000000	4.44399e+07	13000.000000	5.0161e+07	13000.000000	6.23711e+07	13000.000000	6.24326e+07	13000.000000	6.23711e+07	13000.000000	259957    	13000.000000	509073    	13000.000000	716587    	13000.000000	698037    	13000.000000	1.06136e+06	
14000.000000	4.62823e+07	14000.000000	5.28893e+07	14000.000000	6.69786e+07	14000.000000	6.7044e+07	14000.000000	6.69786e+07	14000.000000	269591    	14000.000000	558847    	14000.000000	748620    	14000.000000	731252    	14000.000000	1.11398e+06	
15000.000000	4.79927e+07	15000.000000	5.55026e+07	15000.000000	7.15552e+07	15000.000000	7.16245e+07	15000.000000	7.15552e+07	15000.000000	278797    	15000.000000	609762    	15000.000000	779342    	15000.000000	763094    	15000.000000	1.16455e+06	
16000.000000	4.95849e+07	16000.000000	5.80104e+07	16000.000000	7.61033e+07	16000.000000	7.61763e+07	16000.000000	7.61033e+07	16000.000000	287624    	16000.000000	661777    	16000.000000	808887    	16000.000000	793699    	16000.000000	1.21326e+06	
17000.000000	5.10708e+07	17000.000000	6.04209e+07	17000.000000	8.06249e+07	17000.000000	8.07015e+07	17000.000000	8.0625e+07	17000.000000	296112    	17000.000000	714864    	17000.000000	837369    	17000.000000	823184    	17000.000000	1.26029e+06	
18000.000000	5.24607e+07	18000.000000	6.27416e+07	18000.000000	8.51218e+07	18000.000000	8.52021e+07	18000.000000	8.5122e+07	18000.000000	304294    	18000.000000	769000    	18000.000000	864886    	18000.000000	851646    	18000.000000	1.30577e+06	
19000.000000	5.37636e+07	19000.000000	6.4979e+07	19000.000000	8.95958e+07	19000.000000	8.96795e+07	19000.000000	8.95961e+07	19000.000000	312200    	19000.000000	824162    	19000.000000	891521    	19000.000000	879174    	19000.000000	1.34984e+06	
20000.000000	5.49876e+07	20000.000000	6.7139e+07	20000.000000	9.40482e+07	20000.000000	9.41353e+07	20000.000000	9.40486e+07	20000.000000	319854    	20000.000000	880329    	20000.000000	917347    	20000.000000	905842    	20000.000000	1.39261e+06	
21000.000000	5.61395e+07	21000.000000	6.92269e+07	21000.000000	9.84803e+07	21000.000000	9.85708e+07	21000.000000	9.84809e+07	21000.000000	327277    	21000.000000	937483    	21000.000000	942426    	21000.000000	931715    	21000.000000	1.43418e+06	
22000.000000	5.72255e+07	22000.000000	7.12475e+07	22000.000000	1.02893e+08	22000.000000	1.02987e+08	22000.000000	1.02894e+08	22000.000000	334488    	22000.000000	995610    	22000.000000	966815    	22000.000000	956854    	22000.000000	1.47463e+06	
23000.000000	5.82512e+07	23000.000000	7.3205e+07	23000.000000	1.07289e+08	23000.000000	1.07385e+08	23000.000000	1.07289e+08	23000.000000	341503    	23000.000000	1.05467e+06	23000.000000	990562    	23000.000000	981308    	23000.000000	1.51404e+06	
24000.000000	5.92214e+07	24000.000000	7.51034e+07	24000.000000	1.11667e+08	24000.000000	1.11766e+08	24000.000000	1.11667e+08	24000.000000	348336    	24000.000000	1.11459e+06	24000.000000	1.01371e+06	24000.000000	1.00512e+06	24000.000000	1.55249e+06	
25000.000000	6.01405e+07	25000.000000	7.69463e+07	25000.000000	1.16028e+08	25000.000000	1.16131e+08	25000.000000	1.16029e+08	25000.000000	355000    	25000.000000	1.17539e+06	25000.000000	1.0363e+06	25000.000000	1.02834e+06	25000.000000	1.59002e+06	
26000.000000	6.10124e+07	26000.000000	7.87368e+07	26000.000000	1.20375e+08	26000.000000	1.2048e+08	26000.000000	1.20375e+08	26000.000000	361507    	26000.000000	1.23704e+06	26000.000000	1.05837e+06	26000.000000	1.051e+06 	26000.000000	1.6267e+06	
27000.000000	6.18406e+07	27000.000000	8.0478e+07	27000.000000	1.24706e+08	27000.000000	1.24814e+08	27000.000000	1.24707e+08	27000.000000	367866    	27000.000000	1.29954e+06	27000.000000	1.07994e+06	27000.000000	1.07314e+06	27000.000000	1.66257e+06	
28000.000000	6.26283e+07	28000.000000	8.21726e+07	28000.000000	1.29024e+08	28000.000000	1.29134e+08	28000.000000	1.29025e+08	28000.000000	374087    	28000.000000	1.36285e+06	28000.000000	1.10105e+06	28000.000000	1.09478e+06	28000.000000	1.69769e+06	
29000.000000	6.33783e+07	29000.000000	8.3823e+07	29000.000000	1.33328e+08	29000.000000	1.33441e+08	29000.000000	1.33329e+08	29000.000000	380177    	29000.000000	1.42696e+06	29000.000000	1.12173e+06	29000.000000	1.11595e+06	29000.000000	1.73209e+06	
30000.000000	6.40934e+07	30000.000000	8.54316e+07	30000.000000	1.37619e+08	30000.000000	1.37734e+08	30000.000000	1.37621e+08	30000.000000	386145    	30000.000000	1.49186e+06	30000.000000	1.14199e+06	30000.000000	1.13668e+06	30000.000000	1.76582e+06	
32000.000000	6.54276e+07	32000.000000	8.85316e+07	32000.000000	1.46165e+08	32000.000000	1.46285e+08	32000.000000	1.46167e+08	32000.000000	397739    	32000.000000	1.62397e+06	32000.000000	1.18135e+06	32000.000000	1.1769e+06	32000.000000	1.83137e+06	
34000.000000	6.66475e+07	34000.000000	9.14878e+07	34000.000000	1.54666e+08	34000.000000	1.54789e+08	34000.000000	1.54668e+08	34000.000000	408916    	34000.000000	1.7591e+06	34000.000000	1.21929e+06	34000.000000	1.21561e+06	34000.000000	1.8946e+06	
36000.000000	6.7767e+07	36000.000000	9.43133e+07	36000.000000	1.63124e+08	36000.000000	1.63251e+08	36000.000000	1.63127e+08	36000.000000	419718    	36000.000000	1.89713e+06	36000.000000	1.25595e+06	36000.000000	1.25294e+06	36000.000000	1.95571e+06	
38000.000000	6.87977e+07	38000.000000	9.70194e+07	38000.000000	1.71544e+08	38000.000000	1.71674e+08	38000.000000	1.71547e+08	38000.000000	430177    	38000.000000	2.03794e+06	38000.000000	1.29143e+06	38000.000000	1.28902e+06	38000.000000	2.01488e+06	
40000.000000	6.97496e+07	40000.000000	9.96162e+07	40000.000000	1.79927e+08	40000.000000	1.80059e+08	40000.000000	1.7993e+08	40000.000000	440325    	40000.000000	2.18141e+06	40000.000000	1.32583e+06	40000.000000	1.32394e+06	40000.000000	2.07227e+06	
42000.000000	7.06311e+07	42000.000000	1.02112e+08	42000.000000	1.88275e+08	42000.000000	1.88409e+08	42000.000000	1.88279e+08	42000.000000	450185    	42000.000000	2.32747e+06	42000.000000	1.35924e+06	42000.000000	1.35781e+06	42000.000000	2.12802e+06	
44000.000000	7.14497e+07	44000.000000	1.04516e+08	44000.000000	1.9659e+08	44000.000000	1.96727e+08	44000.000000	1.96595e+08	44000.000000	459781    	44000.000000	2.47605e+06	44000.000000	1.39172e+06	44000.000000	1.39069e+06	44000.000000	2.18225e+06	
46000.000000	7.22117e+07	46000.000000	1.06833e+08	46000.000000	2.04876e+08	46000.000000	2.05013e+08	46000.000000	2.04881e+08	46000.000000	469131    	46000.000000	2.62711e+06	46000.000000	1.42335e+06	46000.000000	1.42267e+06	46000.000000	2.23506e+06	
48000.000000	7.29225e+07	48000.000000	1.0907e+08	48000.000000	2.13132e+08	48000.000000	2.13271e+08	48000.000000	2.13139e+08	48000.000000	478254    	48000.000000	2.78063e+06	48000.000000	1.45418e+06	48000.000000	1.45379e+06	48000.000000	2.28655e+06	
50000.000000	7.35869e+07	50000.000000	1.11232e+08	50000.000000	2.2136e+08	50000.000000	2.215e+08 	50000.000000	2.21369e+08	50000.000000	487165    	50000.000000	2.93655e+06	50000.000000	1.48426e+06	50000.000000	1.48412e+06	50000.000000	2.33681e+06	
