! 3H range in H190C5F20
! apply ZOOM for details
Energy (MeV/u)1	0 - [He-base] F.Hubert et al, AD&ND Tables 46(1990)1	Energy (MeV/u)2	1 - [H -base] J.F.Ziegler et al,Pergamon Press,NY(low energy)	Energy (MeV/u)3	2 - ATIMA 1.2 LS-theory (recommended for high energy)	Energy (MeV/u)4	3 - ATIMA 1.2 without LS-correction	Energy (MeV/u)5	4 - ATIMA 1.4 H.Weick, improved mean charge formula for HI	Energy (MeV/u)6	5 - Range straggling - method [0] - LISE	Energy (MeV/u)7	6 - Range straggling - method [1] - Atima	Energy (MeV/u)8	7 - Lateral range - method [0] - LISE	Energy (MeV/u)9	8 - Lateral range - method [1] - Atima	Energy (MeV/u)10	9 - Lateral range - method [2] - PDG	
0.001000	359.748   	0.001000	359.748   	0.001000	331.73    	0.001000	331.73    	0.001000	331.795   	0.001000	0         	0.001000	0         	0.001000	4.40952   	0.001000	9.96854   	0.001000	4.58122   	
0.002000	719.496   	0.002000	719.496   	0.002000	663.46    	0.002000	663.46    	0.002000	663.59    	0.002000	19.8578   	0.002000	19.8578   	0.002000	12.9129   	0.002000	28.2061   	0.002000	14.0969   	
0.005000	1559.1    	0.005000	1559.1    	0.005000	1484.96   	0.005000	1484.96   	0.005000	1485.16   	0.005000	23.2703   	0.005000	23.2703   	0.005000	44.5279   	0.005000	94.1312   	0.005000	50.6807   	
0.008000	2236.41   	0.008000	2236.41   	0.008000	2180.67   	0.008000	2180.67   	0.008000	2180.89   	0.008000	23.4059   	0.008000	23.4059   	0.008000	80.5468   	0.008000	167.485   	0.008000	93.4629   	
0.010000	2638.84   	0.010000	2638.84   	0.010000	2604.38   	0.010000	2604.38   	0.010000	2604.62   	0.010000	23.8839   	0.010000	23.8839   	0.010000	105.953   	0.010000	218.628   	0.010000	124.009   	
0.015000	3489.85   	0.015000	3489.85   	0.015000	3572.78   	0.015000	3572.78   	0.015000	3573.03   	0.015000	26.4042   	0.015000	26.4042   	0.015000	166.673   	0.015000	336.014   	0.015000	204.595   	
0.020000	4184.01   	0.020000	4184.01   	0.020000	4451.98   	0.020000	4451.98   	0.020000	4452.23   	0.020000	29.8968   	0.020000	29.8968   	0.020000	220.066   	0.020000	431.458   	0.020000	267.786   	
0.025000	4787.54   	0.025000	4787.54   	0.025000	5269.31   	0.025000	5269.31   	0.025000	5269.58   	0.025000	33.646    	0.025000	33.646    	0.025000	270.321   	0.025000	516.774   	0.025000	314.97    	
0.030000	5334.25   	0.030000	5334.25   	0.030000	6035.91   	0.030000	6035.91   	0.030000	6036.18   	0.030000	37.2961   	0.030000	37.2961   	0.030000	317.372   	0.030000	594.051   	0.030000	353.225   	
0.035000	5843.73   	0.035000	5843.73   	0.035000	6760.28   	0.035000	6760.28   	0.035000	6760.55   	0.035000	40.7288   	0.035000	40.7288   	0.035000	356.644   	0.035000	658.447   	0.035000	385.21    	
0.040000	6328.24   	0.040000	6328.24   	0.040000	7452.38   	0.040000	7452.38   	0.040000	7452.65   	0.040000	43.9631   	0.040000	43.9631   	0.040000	389.663   	0.040000	712.682   	0.040000	412.912   	
0.045000	6795.91   	0.045000	6795.91   	0.045000	8119.32   	0.045000	8119.32   	0.045000	8119.59   	0.045000	47.0294   	0.045000	47.0294   	0.045000	418.423   	0.045000	759.833   	0.045000	437.794   	
0.050000	7252.36   	0.050000	7252.36   	0.050000	8766.41   	0.050000	8766.41   	0.050000	8766.69   	0.050000	49.9576   	0.050000	51.4931   	0.050000	444.125   	0.050000	801.92    	0.050000	460.013   	
0.055000	7701.73   	0.055000	7701.73   	0.055000	9397.77   	0.055000	9397.77   	0.055000	9398.05   	0.055000	52.7745   	0.055000	56.4013   	0.055000	467.571   	0.055000	840.22    	0.055000	480.545   	
0.060000	8147.12   	0.060000	8147.12   	0.060000	10016.6   	0.060000	10016.6   	0.060000	10016.9   	0.060000	55.5031   	0.060000	60.9293   	0.060000	489.152   	0.060000	875.27    	0.060000	499.66    	
0.070000	9035.2    	0.070000	9035.2    	0.070000	11227     	0.070000	11227     	0.070000	11227.3   	0.070000	60.7703   	0.070000	69.2319   	0.070000	527.992   	0.070000	937.519   	0.070000	534.561   	
0.080000	9930.8    	0.080000	9930.8    	0.080000	12413.6   	0.080000	12413.6   	0.080000	12413.9   	0.080000	65.8826   	0.080000	76.9212   	0.080000	562.763   	0.080000	992.867   	0.080000	566.316   	
0.090000	10843.4   	0.090000	10843.4   	0.090000	13588.1   	0.090000	13588.1   	0.090000	13588.4   	0.090000	70.9304   	0.090000	84.2865   	0.090000	595.024   	0.090000	1043.85   	0.090000	595.816   	
0.100000	11779.5   	0.100000	11779.5   	0.100000	14759.1   	0.100000	14759.1   	0.100000	14759.4   	0.100000	75.9823   	0.100000	91.5103   	0.100000	624.936   	0.100000	1090.88   	0.100000	623.782   	
0.120000	13739     	0.120000	13739     	0.120000	17115.7   	0.120000	17115.7   	0.120000	17116     	0.120000	86.3009   	0.120000	106.001   	0.120000	681.072   	0.120000	1178.35   	0.120000	676.314   	
0.140000	15831.5   	0.140000	15831.5   	0.140000	19521.8   	0.140000	19521.8   	0.140000	19522.1   	0.140000	97.1521   	0.140000	121.058   	0.140000	733.982   	0.140000	1259.91   	0.140000	726.593   	
0.160000	18067.3   	0.160000	18067.3   	0.160000	22002.8   	0.160000	22002.8   	0.160000	22003.1   	0.160000	108.749   	0.160000	136.479   	0.160000	785.306   	0.160000	1338.28   	0.160000	775.956   	
0.180000	20450.8   	0.180000	20450.8   	0.180000	24576.2   	0.180000	24576.2   	0.180000	24576.5   	0.180000	121.243   	0.180000	152.138   	0.180000	835.944   	0.180000	1414.97   	0.180000	824.779   	
0.200000	22982.8   	0.200000	22982.8   	0.200000	27254.7   	0.200000	27254.7   	0.200000	27255     	0.200000	134.743   	0.200000	168.282   	0.200000	886.628   	0.200000	1491.13   	0.200000	874.135   	
0.250000	29955.7   	0.250000	29955.7   	0.250000	34463.7   	0.250000	34463.7   	0.250000	34464     	0.250000	173.364   	0.250000	211.666   	0.250000	1015.76   	0.250000	1682.96   	0.250000	1001.18   	
0.300000	37822.5   	0.300000	37822.5   	0.300000	42465.9   	0.300000	42465.9   	0.300000	42466.2   	0.300000	219.423   	0.300000	260.246   	0.300000	1151.66   	0.300000	1881.92   	0.300000	1136.64   	
0.350000	46550.5   	0.350000	46550.5   	0.350000	51299.5   	0.350000	51299.5   	0.350000	51299.8   	0.350000	273.145   	0.350000	314.468   	0.350000	1296.13   	0.350000	2090.94   	0.350000	1281.48   	
0.400000	56110.1   	0.400000	56110.1   	0.400000	60977.4   	0.400000	60977.4   	0.400000	60977.6   	0.400000	334.5     	0.400000	374.333   	0.400000	1450.14   	0.400000	2311.49   	0.400000	1436.86   	
0.450000	66476.2   	0.450000	66476.2   	0.450000	71498.7   	0.450000	71498.7   	0.450000	71499     	0.450000	403.335   	0.450000	439.655   	0.450000	1614.17   	0.450000	2544.32   	0.450000	1603.37   	
0.500000	77627.8   	0.500000	77627.8   	0.500000	82855.3   	0.500000	82855.3   	0.500000	82855.6   	0.500000	479.438   	0.500000	510.181   	0.500000	1788.47   	0.500000	2789.72   	0.500000	1780.72   	
0.600000	102219    	0.600000	102219    	0.600000	108023    	0.600000	108023    	0.600000	108023    	0.600000	652.544   	0.600000	666.693   	0.600000	2155.69   	0.600000	3318.02   	0.600000	2168.51   	
0.700000	129766    	0.700000	129766    	0.700000	136367    	0.700000	136367    	0.700000	136367    	0.700000	852.09    	0.700000	846.059   	0.700000	2560.23   	0.700000	3874.17   	0.700000	2583.82   	
0.800000	160181    	0.800000	160181    	0.800000	167772    	0.800000	167772    	0.800000	167772    	0.800000	1076.6    	0.800000	1045.3    	0.800000	3002.94   	0.800000	4471.16   	0.800000	3006.35   	
0.900000	193390    	0.900000	193390    	0.900000	202135    	0.900000	202135    	0.900000	202135    	0.900000	1324.91   	0.900000	1261.86   	0.900000	3482.54   	0.900000	5112.47   	0.900000	3467.32   	
1.000000	229333    	1.000000	229333    	1.000000	239366    	1.000000	239366    	1.000000	239366    	1.000000	1596.09   	1.000000	1494.08   	1.000000	3997.75   	1.000000	5795.99   	1.000000	3965.9    	
1.250000	330830    	1.250000	330830    	1.250000	344510    	1.250000	344510    	1.250000	344511    	1.250000	2369.82   	1.250000	2136.26   	1.250000	5433.17   	1.250000	7677.5    	1.250000	5368.84   	
1.500000	448457    	1.500000	448457    	1.500000	466189    	1.500000	466189    	1.500000	466189    	1.500000	3274.87   	1.500000	2858.75   	1.500000	7040.77   	1.500000	9757.76   	1.500000	6985.36   	
1.750000	581718    	1.750000	581718    	1.750000	603742    	1.750000	603742    	1.750000	603742    	1.750000	4306.8    	1.750000	3655.79   	1.750000	8829.58   	1.750000	12045.9   	1.750000	8806.24   	
2.000000	730216    	2.000000	730216    	2.000000	756682    	2.000000	756682    	2.000000	756682    	2.000000	5462.82   	2.000000	4523.84   	2.000000	10808.4   	2.000000	14549.4   	2.000000	10824.8   	
2.250000	893620    	2.250000	893620    	2.250000	924631    	2.250000	924631    	2.250000	924631    	2.250000	6740.94   	2.250000	5460.53   	2.250000	12972.1   	2.250000	17260.2   	2.250000	13036.1   	
2.500000	1.0719e+06	2.500000	1.07165e+06	2.500000	1.10728e+06	2.500000	1.10728e+06	2.500000	1.10728e+06	2.500000	8139.69   	2.500000	6464.15   	2.500000	15316.7   	2.500000	20171.4   	2.500000	15435.8   	
3.000000	1.48687e+06	3.000000	1.47062e+06	3.000000	1.51571e+06	3.000000	1.51571e+06	3.000000	1.51571e+06	3.000000	11294.6   	3.000000	8667.11   	3.000000	20535.9   	3.000000	26574.9   	3.000000	20788.5   	
3.500000	1.95918e+06	3.500000	1.92548e+06	3.500000	1.98033e+06	3.500000	1.98033e+06	3.500000	1.98033e+06	3.500000	14920.2   	3.500000	11124.2   	3.500000	26445.4   	3.500000	33725.9   	3.500000	26861.9   	
4.000000	2.48762e+06	4.000000	2.43491e+06	4.000000	2.49987e+06	4.000000	2.49987e+06	4.000000	2.49987e+06	4.000000	19010.8   	4.000000	13828.8   	4.000000	33030.2   	4.000000	41599     	4.000000	33640.8   	
4.500000	3.07118e+06	4.500000	2.99779e+06	4.500000	3.07329e+06	4.500000	3.07329e+06	4.500000	3.07329e+06	4.500000	23561.8   	4.500000	16775.3   	4.500000	40278.2   	4.500000	50174.2   	4.500000	41113     	
5.000000	3.70898e+06	5.000000	3.61317e+06	5.000000	3.69974e+06	5.000000	3.69974e+06	5.000000	3.69974e+06	5.000000	28569.2   	5.000000	19959.1   	5.000000	48179.9   	5.000000	59434.8   	5.000000	49268.6   	
5.500000	4.40023e+06	5.500000	4.28022e+06	5.500000	4.37845e+06	5.500000	4.37845e+06	5.500000	4.37845e+06	5.500000	34029.8   	5.500000	23376.2   	5.500000	56726.9   	5.500000	69366.7   	5.500000	58099     	
6.000000	5.14424e+06	6.000000	4.99822e+06	6.000000	5.10879e+06	6.000000	5.10879e+06	6.000000	5.10879e+06	6.000000	39940.3   	6.000000	27023     	6.000000	65912.4   	6.000000	79957.8   	6.000000	67597.2   	
6.500000	5.94036e+06	6.500000	5.76651e+06	6.500000	5.89017e+06	6.500000	5.89017e+06	6.500000	5.89017e+06	6.500000	46298.2   	6.500000	30896.4   	6.500000	75730.1   	6.500000	91197.6   	6.500000	77756.8   	
7.000000	6.788e+06 	7.000000	6.58451e+06	7.000000	6.72207e+06	7.000000	6.72207e+06	7.000000	6.72207e+06	7.000000	53100.9   	7.000000	34993.5   	7.000000	86174.7   	7.000000	103077    	7.000000	88572.5   	
7.500000	7.68664e+06	7.500000	7.45167e+06	7.500000	7.60402e+06	7.500000	7.60402e+06	7.500000	7.60401e+06	7.500000	60346.2   	7.500000	39311.6   	7.500000	97241.4   	7.500000	115586    	7.500000	100039    	
8.000000	8.63575e+06	8.000000	8.36752e+06	8.000000	8.53558e+06	8.000000	8.53558e+06	8.000000	8.53558e+06	8.000000	68032     	8.000000	43848.5   	8.000000	108926    	8.000000	128719    	8.000000	112152    	
8.500000	9.63486e+06	8.500000	9.33159e+06	8.500000	9.51637e+06	8.500000	9.51637e+06	8.500000	9.51637e+06	8.500000	76156.4   	8.500000	48602.3   	8.500000	121224    	8.500000	142468    	8.500000	124908    	
9.000000	1.06835e+07	9.000000	1.03435e+07	9.000000	1.0546e+07	9.000000	1.0546e+07	9.000000	1.0546e+07	9.000000	84717.6   	9.000000	53571     	9.000000	134133    	9.000000	156827    	9.000000	138303    	
9.500000	1.17813e+07	9.500000	1.14028e+07	9.500000	1.16242e+07	9.500000	1.16242e+07	9.500000	1.16242e+07	9.500000	93714.1   	9.500000	58752     	9.500000	147648    	9.500000	171790    	9.500000	152333    	
10.000000	1.29279e+07	10.000000	1.25108e+07	10.000000	1.27506e+07	10.000000	1.27506e+07	10.000000	1.27505e+07	10.000000	103144    	10.000000	64142.4   	10.000000	161767    	10.000000	187352    	10.000000	166995    	
11.000000	1.53657e+07	11.000000	1.49618e+07	11.000000	1.51481e+07	11.000000	1.51481e+07	11.000000	1.51482e+07	11.000000	123335    	11.000000	75565.1   	11.000000	191828    	11.000000	220274    	11.000000	198230    	
12.000000	1.7994e+07	12.000000	1.75996e+07	12.000000	1.7738e+07	12.000000	1.77379e+07	12.000000	1.77382e+07	12.000000	145306    	12.000000	87849.8   	12.000000	224318    	12.000000	255581    	12.000000	232010    	
13.000000	2.08103e+07	13.000000	2.04219e+07	13.000000	2.05181e+07	13.000000	2.0518e+07	13.000000	2.05186e+07	13.000000	169041    	13.000000	100979    	13.000000	259218    	13.000000	293240    	13.000000	268317    	
14.000000	2.38121e+07	14.000000	2.34268e+07	14.000000	2.34866e+07	14.000000	2.34865e+07	14.000000	2.34873e+07	14.000000	194521    	14.000000	114933    	14.000000	296512    	14.000000	333221    	14.000000	307134    	
15.000000	2.69971e+07	15.000000	2.66122e+07	15.000000	2.66416e+07	15.000000	2.66415e+07	15.000000	2.66427e+07	15.000000	221730    	15.000000	129706    	15.000000	336182    	15.000000	375495    	15.000000	348443    	
16.000000	3.03632e+07	16.000000	2.99764e+07	16.000000	2.99812e+07	16.000000	2.99812e+07	16.000000	2.99828e+07	16.000000	250652    	16.000000	145286    	16.000000	378209    	16.000000	420034    	16.000000	392227    	
17.000000	3.39084e+07	17.000000	3.35176e+07	17.000000	3.35037e+07	17.000000	3.35038e+07	17.000000	3.35058e+07	17.000000	281268    	17.000000	161654    	17.000000	422574    	17.000000	466808    	17.000000	438467    	
18.000000	3.76307e+07	18.000000	3.72342e+07	18.000000	3.72072e+07	18.000000	3.72075e+07	18.000000	3.721e+07 	18.000000	313559    	18.000000	178794    	18.000000	469259    	18.000000	515791    	18.000000	487144    	
19.000000	4.15283e+07	19.000000	4.11245e+07	19.000000	4.109e+07 	19.000000	4.10905e+07	19.000000	4.10936e+07	19.000000	347507    	19.000000	196695    	19.000000	518242    	19.000000	566953    	19.000000	538238    	
20.000000	4.55994e+07	20.000000	4.51871e+07	20.000000	4.51503e+07	20.000000	4.51511e+07	20.000000	4.51548e+07	20.000000	383089    	20.000000	215344    	20.000000	569503    	20.000000	620267    	20.000000	591728    	
21.000000	4.98425e+07	21.000000	4.94204e+07	21.000000	4.93862e+07	21.000000	4.93873e+07	21.000000	4.93917e+07	21.000000	420284    	21.000000	234727    	21.000000	623020    	21.000000	675705    	21.000000	647592    	
22.000000	5.42558e+07	22.000000	5.38231e+07	22.000000	5.37959e+07	22.000000	5.37974e+07	22.000000	5.38025e+07	22.000000	459069    	22.000000	254832    	22.000000	678769    	22.000000	733237    	22.000000	705808    	
23.000000	5.88379e+07	23.000000	5.83939e+07	23.000000	5.83776e+07	23.000000	5.83795e+07	23.000000	5.83853e+07	23.000000	499420    	23.000000	275646    	23.000000	736726    	23.000000	792835    	23.000000	766351    	
24.000000	6.35873e+07	24.000000	6.31313e+07	24.000000	6.31293e+07	24.000000	6.31316e+07	24.000000	6.31382e+07	24.000000	541311    	24.000000	297149    	24.000000	796867    	24.000000	854469    	24.000000	829197    	
25.000000	6.85026e+07	25.000000	6.80342e+07	25.000000	6.80489e+07	25.000000	6.8052e+07	25.000000	6.80593e+07	25.000000	584716    	25.000000	319322    	25.000000	859165    	25.000000	918110    	25.000000	894320    	
27.000000	7.88252e+07	27.000000	7.83314e+07	27.000000	7.83837e+07	27.000000	7.83892e+07	27.000000	7.83981e+07	27.000000	675958    	27.000000	365620    	27.000000	990125    	27.000000	1.05129e+06	27.000000	1.03129e+06	
29.000000	8.97953e+07	29.000000	8.92759e+07	29.000000	8.93667e+07	29.000000	8.9375e+07	29.000000	8.93856e+07	29.000000	772913    	29.000000	414455    	29.000000	1.12938e+06	29.000000	1.19212e+06	29.000000	1.17704e+06	
31.000000	1.01403e+08	31.000000	1.00859e+08	31.000000	1.00983e+08	31.000000	1.00994e+08	31.000000	1.01006e+08	31.000000	875372    	31.000000	465717    	31.000000	1.27671e+06	31.000000	1.34037e+06	31.000000	1.33134e+06	
33.000000	1.13639e+08	33.000000	1.13072e+08	33.000000	1.13227e+08	33.000000	1.13242e+08	33.000000	1.13255e+08	33.000000	983377    	33.000000	519392    	33.000000	1.43206e+06	33.000000	1.49596e+06	33.000000	1.49415e+06	
35.000000	1.26494e+08	35.000000	1.25907e+08	35.000000	1.26092e+08	35.000000	1.26111e+08	35.000000	1.26126e+08	35.000000	1.09689e+06	35.000000	575469    	35.000000	1.59532e+06	35.000000	1.65877e+06	35.000000	1.66538e+06	
38.000000	1.4692e+08	38.000000	1.46308e+08	38.000000	1.46538e+08	38.000000	1.46562e+08	38.000000	1.46579e+08	38.000000	1.27732e+06	38.000000	664045    	38.000000	1.85483e+06	38.000000	1.91627e+06	38.000000	1.93777e+06	
41.000000	1.68695e+08	41.000000	1.68066e+08	41.000000	1.68336e+08	41.000000	1.68369e+08	41.000000	1.68387e+08	41.000000	1.46975e+06	41.000000	757793    	41.000000	2.13157e+06	41.000000	2.18938e+06	41.000000	2.22855e+06	
44.000000	1.91792e+08	44.000000	1.91156e+08	44.000000	1.91466e+08	44.000000	1.91508e+08	44.000000	1.91527e+08	44.000000	1.67392e+06	44.000000	856609    	44.000000	2.42521e+06	44.000000	2.47776e+06	44.000000	2.53741e+06	
47.000000	2.16189e+08	47.000000	2.15558e+08	47.000000	2.15905e+08	47.000000	2.15957e+08	47.000000	2.15975e+08	47.000000	1.88961e+06	47.000000	960387    	47.000000	2.73544e+06	47.000000	2.78109e+06	47.000000	2.86406e+06	
50.000000	2.41863e+08	50.000000	2.41248e+08	50.000000	2.41632e+08	50.000000	2.41695e+08	50.000000	2.41712e+08	50.000000	2.11658e+06	50.000000	1.06903e+06	50.000000	3.06197e+06	50.000000	3.09906e+06	50.000000	3.20823e+06	
55.000000	2.87435e+08	55.000000	2.86875e+08	55.000000	2.87319e+08	55.000000	2.874e+08 	55.000000	2.87415e+08	55.000000	2.51936e+06	55.000000	1.26064e+06	55.000000	3.64164e+06	55.000000	3.6608e+06	55.000000	3.82009e+06	
60.000000	3.36406e+08	60.000000	3.35936e+08	60.000000	3.36441e+08	60.000000	3.3654e+08	60.000000	3.36553e+08	60.000000	2.95187e+06	60.000000	1.46508e+06	60.000000	4.26455e+06	60.000000	4.26121e+06	60.000000	4.47877e+06	
65.000000	3.88691e+08	65.000000	3.88348e+08	65.000000	3.8891e+08	65.000000	3.89034e+08	65.000000	3.89042e+08	65.000000	3.41316e+06	65.000000	1.68177e+06	65.000000	4.92951e+06	65.000000	4.89917e+06	65.000000	5.18319e+06	
70.000000	4.44213e+08	70.000000	4.4403e+08	70.000000	4.44652e+08	70.000000	4.44804e+08	70.000000	4.44806e+08	70.000000	3.90232e+06	70.000000	1.91046e+06	70.000000	5.6354e+06	70.000000	5.57363e+06	70.000000	5.93234e+06	
75.000000	5.02897e+08	75.000000	5.02908e+08	75.000000	5.03594e+08	75.000000	5.03776e+08	75.000000	5.0377e+08	75.000000	4.41848e+06	75.000000	2.15059e+06	75.000000	6.38116e+06	75.000000	6.2836e+06	75.000000	6.72524e+06	
80.000000	5.64675e+08	80.000000	5.64909e+08	80.000000	5.65668e+08	80.000000	5.65881e+08	80.000000	5.65865e+08	80.000000	4.96078e+06	80.000000	2.402e+06 	80.000000	7.16575e+06	80.000000	7.02815e+06	80.000000	7.56099e+06	
85.000000	6.29482e+08	85.000000	6.29966e+08	85.000000	6.30806e+08	85.000000	6.31051e+08	85.000000	6.31025e+08	85.000000	5.52842e+06	85.000000	2.66439e+06	85.000000	7.9882e+06	85.000000	7.80644e+06	85.000000	8.43871e+06	
90.000000	6.97257e+08	90.000000	6.98012e+08	90.000000	6.98946e+08	90.000000	6.99224e+08	90.000000	6.99185e+08	90.000000	6.12062e+06	90.000000	2.93732e+06	90.000000	8.84757e+06	90.000000	8.61761e+06	90.000000	9.35755e+06	
95.000000	7.67942e+08	95.000000	7.68987e+08	95.000000	7.7002e+08	95.000000	7.70337e+08	95.000000	7.70284e+08	95.000000	6.73663e+06	95.000000	3.22036e+06	95.000000	9.74292e+06	95.000000	9.46088e+06	95.000000	1.03167e+07	
100.000000	8.41481e+08	100.000000	8.42828e+08	100.000000	8.43971e+08	100.000000	8.44333e+08	100.000000	8.44264e+08	100.000000	7.37572e+06	100.000000	3.51325e+06	100.000000	1.06734e+07	100.000000	1.03355e+07	100.000000	1.13153e+07	
105.000000	9.17823e+08	105.000000	9.19479e+08	105.000000	9.20746e+08	105.000000	9.21154e+08	105.000000	9.21068e+08	105.000000	8.03719e+06	105.000000	3.81595e+06	105.000000	1.16382e+07	105.000000	1.12407e+07	105.000000	1.23527e+07	
110.000000	9.96918e+08	110.000000	9.98884e+08	110.000000	1.00029e+09	110.000000	1.00075e+09	110.000000	1.00064e+09	110.000000	8.72036e+06	110.000000	4.1282e+06	110.000000	1.26363e+07	110.000000	1.21759e+07	110.000000	1.34281e+07	
115.000000	1.07872e+09	115.000000	1.08099e+09	115.000000	1.08255e+09	115.000000	1.08306e+09	115.000000	1.08293e+09	115.000000	9.42459e+06	115.000000	4.44969e+06	115.000000	1.36672e+07	115.000000	1.31403e+07	115.000000	1.45407e+07	
120.000000	1.16317e+09	120.000000	1.16574e+09	120.000000	1.16748e+09	120.000000	1.16804e+09	120.000000	1.16789e+09	120.000000	1.01492e+07	120.000000	4.77998e+06	120.000000	1.47299e+07	120.000000	1.41334e+07	120.000000	1.569e+07 	
125.000000	1.25025e+09	125.000000	1.2531e+09	125.000000	1.25502e+09	125.000000	1.25563e+09	125.000000	1.25546e+09	125.000000	1.08937e+07	125.000000	5.11885e+06	125.000000	1.58238e+07	125.000000	1.51544e+07	125.000000	1.68752e+07	
130.000000	1.33989e+09	130.000000	1.343e+09 	130.000000	1.34514e+09	130.000000	1.3458e+09	130.000000	1.3456e+09	130.000000	1.16574e+07	130.000000	5.46636e+06	130.000000	1.6948e+07	130.000000	1.62029e+07	130.000000	1.80956e+07	
135.000000	1.43207e+09	135.000000	1.4354e+09	135.000000	1.43777e+09	135.000000	1.43848e+09	135.000000	1.43826e+09	135.000000	1.24397e+07	135.000000	5.82226e+06	135.000000	1.8102e+07	135.000000	1.72781e+07	135.000000	1.93507e+07	
140.000000	1.52673e+09	140.000000	1.53027e+09	140.000000	1.53288e+09	140.000000	1.53365e+09	140.000000	1.5334e+09	140.000000	1.32401e+07	140.000000	6.18616e+06	140.000000	1.92849e+07	140.000000	1.83797e+07	140.000000	2.06398e+07	
145.000000	1.62386e+09	145.000000	1.62754e+09	145.000000	1.63042e+09	145.000000	1.63125e+09	145.000000	1.63097e+09	145.000000	1.4058e+07	145.000000	6.5579e+06	145.000000	2.04962e+07	145.000000	1.9507e+07	145.000000	2.19622e+07	
150.000000	1.7234e+09	150.000000	1.72719e+09	150.000000	1.73034e+09	150.000000	1.73125e+09	150.000000	1.73093e+09	150.000000	1.4893e+07	150.000000	6.93733e+06	150.000000	2.17352e+07	150.000000	2.06595e+07	150.000000	2.33174e+07	
155.000000	1.89039e+09	155.000000	1.82916e+09	155.000000	1.83261e+09	155.000000	1.83359e+09	155.000000	1.83324e+09	155.000000	1.57445e+07	155.000000	7.32427e+06	155.000000	2.30012e+07	155.000000	2.18366e+07	155.000000	2.47049e+07	
160.000000	2.06325e+09	160.000000	1.93343e+09	160.000000	1.93719e+09	160.000000	1.93824e+09	160.000000	1.93785e+09	160.000000	1.6612e+07	160.000000	7.71855e+06	160.000000	2.42937e+07	160.000000	2.3038e+07	160.000000	2.6124e+07	
165.000000	2.2397e+09	165.000000	2.03994e+09	165.000000	2.04404e+09	165.000000	2.04516e+09	165.000000	2.04474e+09	165.000000	1.7495e+07	165.000000	8.12008e+06	165.000000	2.56121e+07	165.000000	2.42631e+07	165.000000	2.75742e+07	
170.000000	2.41968e+09	170.000000	2.14866e+09	170.000000	2.15312e+09	170.000000	2.15432e+09	170.000000	2.15386e+09	170.000000	1.83932e+07	170.000000	8.52858e+06	170.000000	2.69556e+07	170.000000	2.55115e+07	170.000000	2.9055e+07	
175.000000	2.60312e+09	175.000000	2.25956e+09	175.000000	2.2644e+09	175.000000	2.26567e+09	175.000000	2.26516e+09	175.000000	1.93059e+07	175.000000	8.94369e+06	175.000000	2.83239e+07	175.000000	2.67826e+07	175.000000	3.05657e+07	
180.000000	2.78997e+09	180.000000	2.37259e+09	180.000000	2.37782e+09	180.000000	2.37917e+09	180.000000	2.37863e+09	180.000000	2.02329e+07	180.000000	9.36542e+06	180.000000	2.97163e+07	180.000000	2.80761e+07	180.000000	3.21061e+07	
185.000000	2.98017e+09	185.000000	2.48773e+09	185.000000	2.49337e+09	185.000000	2.4948e+09	185.000000	2.49421e+09	185.000000	2.11737e+07	185.000000	9.79381e+06	185.000000	3.11323e+07	185.000000	2.93915e+07	185.000000	3.36754e+07	
190.000000	3.17367e+09	190.000000	2.60493e+09	190.000000	2.61101e+09	190.000000	2.61252e+09	190.000000	2.61188e+09	190.000000	2.21277e+07	190.000000	1.02285e+07	190.000000	3.25714e+07	190.000000	3.07284e+07	190.000000	3.52732e+07	
195.000000	3.37042e+09	195.000000	2.72417e+09	195.000000	2.7307e+09	195.000000	2.73229e+09	195.000000	2.7316e+09	195.000000	2.30948e+07	195.000000	1.06693e+07	195.000000	3.4033e+07	195.000000	3.20864e+07	195.000000	3.6899e+07	
200.000000	3.57035e+09	200.000000	2.84541e+09	200.000000	2.8524e+09	200.000000	2.85407e+09	200.000000	2.85334e+09	200.000000	2.40744e+07	200.000000	1.11163e+07	200.000000	3.55166e+07	200.000000	3.34651e+07	200.000000	3.85524e+07	
210.000000	3.97959e+09	210.000000	3.09376e+09	210.000000	3.10173e+09	210.000000	3.10358e+09	210.000000	3.10275e+09	210.000000	2.60699e+07	210.000000	1.20283e+07	210.000000	3.85481e+07	210.000000	3.6283e+07	210.000000	4.194e+07 	
220.000000	4.40101e+09	220.000000	3.34974e+09	220.000000	3.35873e+09	220.000000	3.36078e+09	220.000000	3.35984e+09	220.000000	2.81112e+07	220.000000	1.29628e+07	220.000000	4.1662e+07	220.000000	3.91791e+07	220.000000	4.54323e+07	
230.000000	4.83424e+09	230.000000	3.61311e+09	230.000000	3.62319e+09	230.000000	3.62544e+09	230.000000	3.62439e+09	230.000000	3.01956e+07	230.000000	1.3919e+07	230.000000	4.48547e+07	230.000000	4.21504e+07	230.000000	4.90259e+07	
240.000000	5.27892e+09	240.000000	3.88365e+09	240.000000	3.89486e+09	240.000000	3.89733e+09	240.000000	3.89616e+09	240.000000	3.23206e+07	240.000000	1.48961e+07	240.000000	4.81228e+07	240.000000	4.51943e+07	240.000000	5.27175e+07	
250.000000	5.73472e+09	250.000000	4.16115e+09	250.000000	4.17354e+09	250.000000	4.17622e+09	250.000000	4.17492e+09	250.000000	3.44836e+07	250.000000	1.58932e+07	250.000000	5.14629e+07	250.000000	4.83082e+07	250.000000	5.65038e+07	
260.000000	6.20133e+09	260.000000	4.44538e+09	260.000000	4.459e+09 	260.000000	4.4619e+09	260.000000	4.46047e+09	260.000000	3.66823e+07	260.000000	1.69097e+07	260.000000	5.48719e+07	260.000000	5.14894e+07	260.000000	6.03818e+07	
270.000000	6.67842e+09	270.000000	4.73616e+09	270.000000	4.75105e+09	270.000000	4.75417e+09	270.000000	4.75261e+09	270.000000	3.89145e+07	270.000000	1.79449e+07	270.000000	5.83469e+07	270.000000	5.47356e+07	270.000000	6.43485e+07	
280.000000	7.16571e+09	280.000000	5.0333e+09	280.000000	5.04949e+09	280.000000	5.05284e+09	280.000000	5.05113e+09	280.000000	4.11782e+07	280.000000	1.89983e+07	280.000000	6.18849e+07	280.000000	5.80445e+07	280.000000	6.84009e+07	
290.000000	7.66292e+09	290.000000	5.33662e+09	290.000000	5.35412e+09	290.000000	5.3577e+09	290.000000	5.35584e+09	290.000000	4.34713e+07	290.000000	2.00685e+07	290.000000	6.54832e+07	290.000000	6.14139e+07	290.000000	7.25365e+07	
300.000000	8.16978e+09	300.000000	5.64593e+09	300.000000	5.66478e+09	300.000000	5.66859e+09	300.000000	5.66658e+09	300.000000	4.5792e+07	300.000000	2.11547e+07	300.000000	6.91391e+07	300.000000	6.48415e+07	300.000000	7.67524e+07	
310.000000	8.68603e+09	310.000000	5.96107e+09	310.000000	5.98125e+09	310.000000	5.98533e+09	310.000000	5.98316e+09	310.000000	4.81384e+07	310.000000	2.22571e+07	310.000000	7.28501e+07	310.000000	6.83254e+07	310.000000	8.10461e+07	
320.000000	9.21142e+09	320.000000	6.28188e+09	320.000000	6.30338e+09	320.000000	6.30775e+09	320.000000	6.30541e+09	320.000000	5.05089e+07	320.000000	2.33747e+07	320.000000	7.66139e+07	320.000000	7.18636e+07	320.000000	8.54152e+07	
330.000000	9.7457e+09	330.000000	6.6082e+09	330.000000	6.63104e+09	330.000000	6.63568e+09	330.000000	6.63318e+09	330.000000	5.29019e+07	330.000000	2.45064e+07	330.000000	8.0428e+07	330.000000	7.54542e+07	330.000000	8.98572e+07	
340.000000	1.02887e+10	340.000000	6.93989e+09	340.000000	6.96405e+09	340.000000	6.96898e+09	340.000000	6.9663e+09	340.000000	5.53159e+07	340.000000	2.56519e+07	340.000000	8.42903e+07	340.000000	7.90954e+07	340.000000	9.43699e+07	
350.000000	1.08401e+10	350.000000	7.27678e+09	350.000000	7.30227e+09	350.000000	7.30749e+09	350.000000	7.30463e+09	350.000000	5.77494e+07	350.000000	2.68113e+07	350.000000	8.81987e+07	350.000000	8.27854e+07	350.000000	9.89509e+07	
360.000000	1.13997e+10	360.000000	7.61876e+09	360.000000	7.64555e+09	360.000000	7.65106e+09	360.000000	7.64802e+09	360.000000	6.0201e+07	360.000000	2.79846e+07	360.000000	9.2151e+07	360.000000	8.65225e+07	360.000000	1.03598e+08	
370.000000	1.19673e+10	370.000000	7.96567e+09	370.000000	7.99376e+09	370.000000	7.99956e+09	370.000000	7.99633e+09	370.000000	6.26695e+07	370.000000	2.91706e+07	370.000000	9.61455e+07	370.000000	9.03051e+07	370.000000	1.0831e+08	
380.000000	1.25428e+10	380.000000	8.3174e+09	380.000000	8.34675e+09	380.000000	8.35285e+09	380.000000	8.34943e+09	380.000000	6.51536e+07	380.000000	3.03686e+07	380.000000	1.0018e+08	380.000000	9.41316e+07	380.000000	1.13083e+08	
390.000000	1.31259e+10	390.000000	8.67381e+09	390.000000	8.7044e+09	390.000000	8.71081e+09	390.000000	8.70719e+09	390.000000	6.76522e+07	390.000000	3.15783e+07	390.000000	1.04253e+08	390.000000	9.80006e+07	390.000000	1.17917e+08	
400.000000	1.37164e+10	400.000000	9.03478e+09	400.000000	9.06659e+09	400.000000	9.0733e+09	400.000000	9.06948e+09	400.000000	7.01641e+07	400.000000	3.27995e+07	400.000000	1.08363e+08	400.000000	1.01911e+08	400.000000	1.22809e+08	
410.000000	1.43142e+10	410.000000	9.4002e+09	410.000000	9.43318e+09	410.000000	9.4402e+09	410.000000	9.43617e+09	410.000000	7.26883e+07	410.000000	3.40319e+07	410.000000	1.12508e+08	410.000000	1.0586e+08	410.000000	1.27757e+08	
420.000000	1.49191e+10	420.000000	9.76994e+09	420.000000	9.80407e+09	420.000000	9.8114e+09	420.000000	9.80716e+09	420.000000	7.52238e+07	420.000000	3.52746e+07	420.000000	1.16686e+08	420.000000	1.09848e+08	420.000000	1.3276e+08	
430.000000	1.55309e+10	430.000000	1.01439e+10	430.000000	1.01791e+10	430.000000	1.01868e+10	430.000000	1.01823e+10	430.000000	7.77696e+07	430.000000	3.65268e+07	430.000000	1.20896e+08	430.000000	1.13872e+08	430.000000	1.37816e+08	
440.000000	1.61494e+10	440.000000	1.0522e+10	440.000000	1.05583e+10	440.000000	1.05662e+10	440.000000	1.05616e+10	440.000000	8.03248e+07	440.000000	3.77885e+07	440.000000	1.25136e+08	440.000000	1.17933e+08	440.000000	1.42924e+08	
450.000000	1.67745e+10	450.000000	1.09041e+10	450.000000	1.09414e+10	450.000000	1.09496e+10	450.000000	1.09447e+10	450.000000	8.28885e+07	450.000000	3.90601e+07	450.000000	1.29406e+08	450.000000	1.22027e+08	450.000000	1.48081e+08	
460.000000	1.74061e+10	460.000000	1.12901e+10	460.000000	1.13283e+10	460.000000	1.13369e+10	460.000000	1.13318e+10	460.000000	8.54599e+07	460.000000	4.03414e+07	460.000000	1.33703e+08	460.000000	1.26155e+08	460.000000	1.53286e+08	
470.000000	1.80439e+10	470.000000	1.16799e+10	470.000000	1.1719e+10	470.000000	1.17279e+10	470.000000	1.17226e+10	470.000000	8.80382e+07	470.000000	4.16322e+07	470.000000	1.38027e+08	470.000000	1.30315e+08	470.000000	1.58538e+08	
480.000000	1.86879e+10	480.000000	1.20734e+10	480.000000	1.21133e+10	480.000000	1.21226e+10	480.000000	1.2117e+10	480.000000	9.06227e+07	480.000000	4.29319e+07	480.000000	1.42375e+08	480.000000	1.34505e+08	480.000000	1.63835e+08	
490.000000	1.93378e+10	490.000000	1.24706e+10	490.000000	1.25112e+10	490.000000	1.25209e+10	490.000000	1.25151e+10	490.000000	9.32126e+07	490.000000	4.42397e+07	490.000000	1.46748e+08	490.000000	1.38726e+08	490.000000	1.69175e+08	
500.000000	1.99936e+10	500.000000	1.28713e+10	500.000000	1.29126e+10	500.000000	1.29226e+10	500.000000	1.29166e+10	500.000000	9.58072e+07	500.000000	4.55552e+07	500.000000	1.51143e+08	500.000000	1.42975e+08	500.000000	1.74558e+08	
520.000000	2.13222e+10	520.000000	1.36829e+10	520.000000	1.37254e+10	520.000000	1.37362e+10	520.000000	1.37296e+10	520.000000	1.01008e+08	520.000000	4.82102e+07	520.000000	1.59997e+08	520.000000	1.51556e+08	520.000000	1.85446e+08	
540.000000	2.26727e+10	540.000000	1.45078e+10	540.000000	1.4551e+10	540.000000	1.45626e+10	540.000000	1.45555e+10	540.000000	1.06221e+08	540.000000	5.08966e+07	540.000000	1.68929e+08	540.000000	1.60241e+08	540.000000	1.96487e+08	
560.000000	2.4044e+10	560.000000	1.53451e+10	560.000000	1.53889e+10	560.000000	1.54013e+10	560.000000	1.53937e+10	560.000000	1.11441e+08	560.000000	5.36106e+07	560.000000	1.77932e+08	560.000000	1.69022e+08	560.000000	2.07672e+08	
580.000000	2.54353e+10	580.000000	1.61944e+10	580.000000	1.62384e+10	580.000000	1.62515e+10	580.000000	1.62434e+10	580.000000	1.16665e+08	580.000000	5.63502e+07	580.000000	1.86997e+08	580.000000	1.77893e+08	580.000000	2.18992e+08	
600.000000	2.68456e+10	600.000000	1.70551e+10	600.000000	1.7099e+10	600.000000	1.71129e+10	600.000000	1.71042e+10	600.000000	1.21889e+08	600.000000	5.91146e+07	600.000000	1.96118e+08	600.000000	1.86846e+08	600.000000	2.30439e+08	
620.000000	2.82741e+10	620.000000	1.79266e+10	620.000000	1.79701e+10	620.000000	1.79848e+10	620.000000	1.79756e+10	620.000000	1.27109e+08	620.000000	6.19025e+07	620.000000	2.0529e+08	620.000000	1.95878e+08	620.000000	2.42004e+08	
640.000000	2.972e+10 	640.000000	1.88085e+10	640.000000	1.88513e+10	640.000000	1.88668e+10	640.000000	1.8857e+10	640.000000	1.32324e+08	640.000000	6.47128e+07	640.000000	2.14505e+08	640.000000	2.0498e+08	640.000000	2.5368e+08	
660.000000	3.11826e+10	660.000000	1.97004e+10	660.000000	1.9742e+10	660.000000	1.97583e+10	660.000000	1.97479e+10	660.000000	1.37529e+08	660.000000	6.75445e+07	660.000000	2.2376e+08	660.000000	2.1415e+08	660.000000	2.65459e+08	
680.000000	3.26612e+10	680.000000	2.06016e+10	680.000000	2.06418e+10	680.000000	2.06589e+10	680.000000	2.06479e+10	680.000000	1.42724e+08	680.000000	7.03966e+07	680.000000	2.33048e+08	680.000000	2.23381e+08	680.000000	2.77335e+08	
700.000000	3.41549e+10	700.000000	2.15119e+10	700.000000	2.15503e+10	700.000000	2.15682e+10	700.000000	2.15566e+10	700.000000	1.47905e+08	700.000000	7.32681e+07	700.000000	2.42365e+08	700.000000	2.32668e+08	700.000000	2.89301e+08	
720.000000	3.56633e+10	720.000000	2.24307e+10	720.000000	2.2467e+10	720.000000	2.24858e+10	720.000000	2.24736e+10	720.000000	1.53072e+08	720.000000	7.61587e+07	720.000000	2.51708e+08	720.000000	2.42008e+08	720.000000	3.01351e+08	
740.000000	3.71856e+10	740.000000	2.33578e+10	740.000000	2.33916e+10	740.000000	2.34113e+10	740.000000	2.33985e+10	740.000000	1.58221e+08	740.000000	7.90672e+07	740.000000	2.61071e+08	740.000000	2.51397e+08	740.000000	3.1348e+08	
760.000000	3.87212e+10	760.000000	2.42928e+10	760.000000	2.43237e+10	760.000000	2.43443e+10	760.000000	2.43309e+10	760.000000	1.63352e+08	760.000000	8.19916e+07	760.000000	2.70451e+08	760.000000	2.6083e+08	760.000000	3.25682e+08	
780.000000	4.02696e+10	780.000000	2.52352e+10	780.000000	2.5263e+10	780.000000	2.52845e+10	780.000000	2.52705e+10	780.000000	1.68464e+08	780.000000	8.49303e+07	780.000000	2.79845e+08	780.000000	2.70303e+08	780.000000	3.37952e+08	
800.000000	4.18302e+10	800.000000	2.61849e+10	800.000000	2.62091e+10	800.000000	2.62316e+10	800.000000	2.6217e+10	800.000000	1.73554e+08	800.000000	8.78834e+07	800.000000	2.89249e+08	800.000000	2.79814e+08	800.000000	3.50285e+08	
820.000000	4.34025e+10	820.000000	2.71414e+10	820.000000	2.71618e+10	820.000000	2.71853e+10	820.000000	2.717e+10 	820.000000	1.78623e+08	820.000000	9.08515e+07	820.000000	2.98661e+08	820.000000	2.89359e+08	820.000000	3.62677e+08	
840.000000	4.4986e+10	840.000000	2.81044e+10	840.000000	2.81208e+10	840.000000	2.81452e+10	840.000000	2.81292e+10	840.000000	1.83668e+08	840.000000	9.38348e+07	840.000000	3.08077e+08	840.000000	2.98934e+08	840.000000	3.75123e+08	
860.000000	4.65802e+10	860.000000	2.90737e+10	860.000000	2.90858e+10	860.000000	2.91111e+10	860.000000	2.90945e+10	860.000000	1.88689e+08	860.000000	9.68326e+07	860.000000	3.17496e+08	860.000000	3.08537e+08	860.000000	3.87618e+08	
880.000000	4.81846e+10	880.000000	3.0049e+10	880.000000	3.00565e+10	880.000000	3.00828e+10	880.000000	3.00655e+10	880.000000	1.93686e+08	880.000000	9.98444e+07	880.000000	3.26914e+08	880.000000	3.18166e+08	880.000000	4.0016e+08	
900.000000	4.97988e+10	900.000000	3.103e+10 	900.000000	3.10327e+10	900.000000	3.10599e+10	900.000000	3.10419e+10	900.000000	1.98658e+08	900.000000	1.02869e+08	900.000000	3.36329e+08	900.000000	3.27817e+08	900.000000	4.12744e+08	
920.000000	5.14223e+10	920.000000	3.20165e+10	920.000000	3.20141e+10	920.000000	3.20422e+10	920.000000	3.20236e+10	920.000000	2.03603e+08	920.000000	1.05905e+08	920.000000	3.4574e+08	920.000000	3.37488e+08	920.000000	4.25366e+08	
940.000000	5.30547e+10	940.000000	3.30082e+10	940.000000	3.30004e+10	940.000000	3.30296e+10	940.000000	3.30103e+10	940.000000	2.08522e+08	940.000000	1.08952e+08	940.000000	3.55144e+08	940.000000	3.47177e+08	940.000000	4.38025e+08	
960.000000	5.46957e+10	960.000000	3.40049e+10	960.000000	3.39916e+10	960.000000	3.40217e+10	960.000000	3.40017e+10	960.000000	2.13414e+08	960.000000	1.1201e+08	960.000000	3.6454e+08	960.000000	3.56882e+08	960.000000	4.50715e+08	
980.000000	5.63448e+10	980.000000	3.50063e+10	980.000000	3.49874e+10	980.000000	3.50184e+10	980.000000	3.49978e+10	980.000000	2.18279e+08	980.000000	1.15077e+08	980.000000	3.73926e+08	980.000000	3.666e+08 	980.000000	4.63435e+08	
1000.000000	5.80017e+10	1000.000000	3.60123e+10	1000.000000	3.59875e+10	1000.000000	3.60195e+10	1000.000000	3.59982e+10	1000.000000	2.23117e+08	1000.000000	1.18155e+08	1000.000000	3.83299e+08	1000.000000	3.76329e+08	1000.000000	4.76181e+08	
1020.000000	5.9666e+10	1020.000000	3.70227e+10	1020.000000	3.69918e+10	1020.000000	3.70248e+10	1020.000000	3.70028e+10	1020.000000	2.27926e+08	1020.000000	1.21242e+08	1020.000000	3.9266e+08	1020.000000	3.86068e+08	1020.000000	4.88951e+08	
1040.000000	6.13374e+10	1040.000000	3.80372e+10	1040.000000	3.80002e+10	1040.000000	3.80341e+10	1040.000000	3.80113e+10	1040.000000	2.32707e+08	1040.000000	1.24338e+08	1040.000000	4.02007e+08	1040.000000	3.95815e+08	1040.000000	5.01742e+08	
1060.000000	6.30155e+10	1060.000000	3.90557e+10	1060.000000	3.90123e+10	1060.000000	3.90472e+10	1060.000000	3.90238e+10	1060.000000	2.37461e+08	1060.000000	1.27444e+08	1060.000000	4.11337e+08	1060.000000	4.05568e+08	1060.000000	5.14552e+08	
1080.000000	6.47e+10  	1080.000000	4.00779e+10	1080.000000	4.00282e+10	1080.000000	4.00641e+10	1080.000000	4.00399e+10	1080.000000	2.42185e+08	1080.000000	1.30558e+08	1080.000000	4.20651e+08	1080.000000	4.15325e+08	1080.000000	5.27378e+08	
1100.000000	6.63907e+10	1100.000000	4.11038e+10	1100.000000	4.10475e+10	1100.000000	4.10844e+10	1100.000000	4.10595e+10	1100.000000	2.46881e+08	1100.000000	1.33682e+08	1100.000000	4.29946e+08	1100.000000	4.25086e+08	1100.000000	5.40219e+08	
1120.000000	6.80872e+10	1120.000000	4.21331e+10	1120.000000	4.20703e+10	1120.000000	4.21081e+10	1120.000000	4.20825e+10	1120.000000	2.51549e+08	1120.000000	1.36813e+08	1120.000000	4.39223e+08	1120.000000	4.34848e+08	1120.000000	5.53071e+08	
1140.000000	6.97892e+10	1140.000000	4.31657e+10	1140.000000	4.30962e+10	1140.000000	4.3135e+10	1140.000000	4.31087e+10	1140.000000	2.56188e+08	1140.000000	1.39953e+08	1140.000000	4.4848e+08	1140.000000	4.4461e+08	1140.000000	5.65934e+08	
1160.000000	7.14965e+10	1160.000000	4.42013e+10	1160.000000	4.41252e+10	1160.000000	4.4165e+10	1160.000000	4.41379e+10	1160.000000	2.60799e+08	1160.000000	1.43101e+08	1160.000000	4.57716e+08	1160.000000	4.54371e+08	1160.000000	5.78805e+08	
1180.000000	7.32088e+10	1180.000000	4.524e+10 	1180.000000	4.51572e+10	1180.000000	4.5198e+10	1180.000000	4.51702e+10	1180.000000	2.65381e+08	1180.000000	1.46257e+08	1180.000000	4.6693e+08	1180.000000	4.64131e+08	1180.000000	5.91682e+08	
1200.000000	7.49259e+10	1200.000000	4.62815e+10	1200.000000	4.6192e+10	1200.000000	4.62338e+10	1200.000000	4.62052e+10	1200.000000	2.69934e+08	1200.000000	1.4942e+08	1200.000000	4.76122e+08	1200.000000	4.73886e+08	1200.000000	6.04564e+08	
1220.000000	7.66474e+10	1220.000000	4.73257e+10	1220.000000	4.72295e+10	1220.000000	4.72723e+10	1220.000000	4.7243e+10	1220.000000	2.74459e+08	1220.000000	1.52592e+08	1220.000000	4.85292e+08	1220.000000	4.83638e+08	1220.000000	6.17449e+08	
1240.000000	7.83732e+10	1240.000000	4.83725e+10	1240.000000	4.82696e+10	1240.000000	4.83133e+10	1240.000000	4.82833e+10	1240.000000	2.78956e+08	1240.000000	1.5577e+08	1240.000000	4.94437e+08	1240.000000	4.93384e+08	1240.000000	6.30335e+08	
1260.000000	8.0103e+10	1260.000000	4.94217e+10	1260.000000	4.93122e+10	1260.000000	4.93569e+10	1260.000000	4.93262e+10	1260.000000	2.83424e+08	1260.000000	1.58956e+08	1260.000000	5.03559e+08	1260.000000	5.03123e+08	1260.000000	6.43221e+08	
1280.000000	8.18366e+10	1280.000000	5.04732e+10	1280.000000	5.03572e+10	1280.000000	5.04029e+10	1280.000000	5.03714e+10	1280.000000	2.87864e+08	1280.000000	1.62149e+08	1280.000000	5.12655e+08	1280.000000	5.12855e+08	1280.000000	6.56106e+08	
1300.000000	8.35738e+10	1300.000000	5.15269e+10	1300.000000	5.14045e+10	1300.000000	5.14511e+10	1300.000000	5.14189e+10	1300.000000	2.92277e+08	1300.000000	1.65348e+08	1300.000000	5.21727e+08	1300.000000	5.22579e+08	1300.000000	6.68989e+08	
1320.000000	8.53144e+10	1320.000000	5.25826e+10	1320.000000	5.24539e+10	1320.000000	5.25015e+10	1320.000000	5.24685e+10	1320.000000	2.96661e+08	1320.000000	1.68555e+08	1320.000000	5.30773e+08	1320.000000	5.32294e+08	1320.000000	6.81867e+08	
1340.000000	8.70581e+10	1340.000000	5.36404e+10	1340.000000	5.35054e+10	1340.000000	5.3554e+10	1340.000000	5.35202e+10	1340.000000	3.01018e+08	1340.000000	1.71768e+08	1340.000000	5.39793e+08	1340.000000	5.41999e+08	1340.000000	6.94741e+08	
1360.000000	8.88048e+10	1360.000000	5.46999e+10	1360.000000	5.45588e+10	1360.000000	5.46084e+10	1360.000000	5.4574e+10	1360.000000	3.05347e+08	1360.000000	1.74988e+08	1360.000000	5.48786e+08	1360.000000	5.51693e+08	1360.000000	7.07608e+08	
1380.000000	9.05543e+10	1380.000000	5.57613e+10	1380.000000	5.56142e+10	1380.000000	5.56648e+10	1380.000000	5.56296e+10	1380.000000	3.09649e+08	1380.000000	1.78215e+08	1380.000000	5.57753e+08	1380.000000	5.61376e+08	1380.000000	7.20467e+08	
1400.000000	9.23064e+10	1400.000000	5.68243e+10	1400.000000	5.66714e+10	1400.000000	5.6723e+10	1400.000000	5.6687e+10	1400.000000	3.13924e+08	1400.000000	1.81448e+08	1400.000000	5.66693e+08	1400.000000	5.71047e+08	1400.000000	7.33318e+08	
1420.000000	9.40609e+10	1420.000000	5.78889e+10	1420.000000	5.77303e+10	1420.000000	5.7783e+10	1420.000000	5.77462e+10	1420.000000	3.18171e+08	1420.000000	1.84687e+08	1420.000000	5.75605e+08	1420.000000	5.80706e+08	1420.000000	7.4616e+08	
1440.000000	9.58177e+10	1440.000000	5.89549e+10	1440.000000	5.87908e+10	1440.000000	5.88446e+10	1440.000000	5.88071e+10	1440.000000	3.22392e+08	1440.000000	1.87932e+08	1440.000000	5.8449e+08	1440.000000	5.90351e+08	1440.000000	7.58992e+08	
1460.000000	9.75766e+10	1460.000000	6.00223e+10	1460.000000	5.98529e+10	1460.000000	5.99078e+10	1460.000000	5.98696e+10	1460.000000	3.26587e+08	1460.000000	1.91183e+08	1460.000000	5.93347e+08	1460.000000	5.99983e+08	1460.000000	7.71812e+08	
1480.000000	9.93374e+10	1480.000000	6.10911e+10	1480.000000	6.09166e+10	1480.000000	6.09725e+10	1480.000000	6.09335e+10	1480.000000	3.30755e+08	1480.000000	1.94441e+08	1480.000000	6.02176e+08	1480.000000	6.096e+08 	1480.000000	7.8462e+08	
1500.000000	1.011e+11 	1500.000000	6.2161e+10	1500.000000	6.19817e+10	1500.000000	6.20387e+10	1500.000000	6.1999e+10	1500.000000	3.34897e+08	1500.000000	1.97704e+08	1500.000000	6.10977e+08	1500.000000	6.19203e+08	1500.000000	7.97415e+08	
1520.000000	1.02864e+11	1520.000000	6.3232e+10	1520.000000	6.30482e+10	1520.000000	6.31063e+10	1520.000000	6.30658e+10	1520.000000	3.39012e+08	1520.000000	2.00973e+08	1520.000000	6.1975e+08	1520.000000	6.2879e+08	1520.000000	8.10197e+08	
1540.000000	1.0463e+11	1540.000000	6.43042e+10	1540.000000	6.4116e+10	1540.000000	6.41753e+10	1540.000000	6.4134e+10	1540.000000	3.43103e+08	1540.000000	2.04248e+08	1540.000000	6.28494e+08	1540.000000	6.38362e+08	1540.000000	8.22964e+08	
1560.000000	1.06397e+11	1560.000000	6.53773e+10	1560.000000	6.51851e+10	1560.000000	6.52454e+10	1560.000000	6.52034e+10	1560.000000	3.47168e+08	1560.000000	2.07528e+08	1560.000000	6.3721e+08	1560.000000	6.47917e+08	1560.000000	8.35717e+08	
1580.000000	1.08165e+11	1580.000000	6.64513e+10	1580.000000	6.62554e+10	1580.000000	6.63169e+10	1580.000000	6.6274e+10	1580.000000	3.51207e+08	1580.000000	2.10814e+08	1580.000000	6.45897e+08	1580.000000	6.57456e+08	1580.000000	8.48453e+08	
1600.000000	1.09934e+11	1600.000000	6.75261e+10	1600.000000	6.73269e+10	1600.000000	6.73894e+10	1600.000000	6.73458e+10	1600.000000	3.55222e+08	1600.000000	2.14106e+08	1600.000000	6.54556e+08	1600.000000	6.66978e+08	1600.000000	8.61173e+08	
1620.000000	1.11704e+11	1620.000000	6.86017e+10	1620.000000	6.83995e+10	1620.000000	6.84631e+10	1620.000000	6.84187e+10	1620.000000	3.59211e+08	1620.000000	2.17404e+08	1620.000000	6.63185e+08	1620.000000	6.76483e+08	1620.000000	8.73877e+08	
1640.000000	1.13475e+11	1640.000000	6.9678e+10	1640.000000	6.94731e+10	1640.000000	6.95378e+10	1640.000000	6.94926e+10	1640.000000	3.63177e+08	1640.000000	2.20707e+08	1640.000000	6.71786e+08	1640.000000	6.85971e+08	1640.000000	8.86563e+08	
1660.000000	1.15247e+11	1660.000000	7.07549e+10	1660.000000	7.05478e+10	1660.000000	7.06135e+10	1660.000000	7.05676e+10	1660.000000	3.67118e+08	1660.000000	2.24015e+08	1660.000000	6.80358e+08	1660.000000	6.9544e+08	1660.000000	8.99231e+08	
1680.000000	1.17019e+11	1680.000000	7.18325e+10	1680.000000	7.16234e+10	1680.000000	7.16902e+10	1680.000000	7.16435e+10	1680.000000	3.71034e+08	1680.000000	2.27329e+08	1680.000000	6.88901e+08	1680.000000	7.04891e+08	1680.000000	9.1188e+08	
1700.000000	1.18792e+11	1700.000000	7.29105e+10	1700.000000	7.26999e+10	1700.000000	7.27677e+10	1700.000000	7.27203e+10	1700.000000	3.74927e+08	1700.000000	2.30649e+08	1700.000000	6.97416e+08	1700.000000	7.14324e+08	1700.000000	9.24511e+08	
1750.000000	1.23225e+11	1750.000000	7.56075e+10	1750.000000	7.53948e+10	1750.000000	7.54653e+10	1750.000000	7.54159e+10	1750.000000	3.84557e+08	1750.000000	2.3897e+08	1750.000000	7.18575e+08	1750.000000	7.37824e+08	1750.000000	9.56001e+08	
1800.000000	1.27659e+11	1800.000000	7.83065e+10	1800.000000	7.80945e+10	1800.000000	7.81677e+10	1800.000000	7.81163e+10	1800.000000	3.94042e+08	1800.000000	2.47322e+08	1800.000000	7.39555e+08	1800.000000	7.61204e+08	1800.000000	9.87364e+08	
1850.000000	1.32091e+11	1850.000000	8.10068e+10	1850.000000	8.07983e+10	1850.000000	8.08742e+10	1850.000000	8.08209e+10	1850.000000	4.03388e+08	1850.000000	2.55703e+08	1850.000000	7.60355e+08	1850.000000	7.84459e+08	1850.000000	1.01859e+09	
1900.000000	1.36522e+11	1900.000000	8.37077e+10	1900.000000	8.35057e+10	1900.000000	8.35843e+10	1900.000000	8.3529e+10	1900.000000	4.12596e+08	1900.000000	2.64111e+08	1900.000000	7.80976e+08	1900.000000	8.07589e+08	1900.000000	1.04968e+09	
1950.000000	1.40948e+11	1950.000000	8.64083e+10	1950.000000	8.62162e+10	1950.000000	8.62974e+10	1950.000000	8.62403e+10	1950.000000	4.21671e+08	1950.000000	2.72546e+08	1950.000000	8.01421e+08	1950.000000	8.30591e+08	1950.000000	1.08063e+09	
2000.000000	1.4537e+11	2000.000000	8.91083e+10	2000.000000	8.89294e+10	2000.000000	8.90133e+10	2000.000000	8.89542e+10	2000.000000	4.30616e+08	2000.000000	2.81007e+08	2000.000000	8.2169e+08	2000.000000	8.53462e+08	2000.000000	1.11144e+09	
2100.000000	1.54195e+11	2100.000000	9.45036e+10	2100.000000	9.43621e+10	2100.000000	9.44513e+10	2100.000000	9.43883e+10	2100.000000	4.4813e+08	2100.000000	2.9801e+08	2100.000000	8.61707e+08	2100.000000	8.98811e+08	2100.000000	1.1726e+09	
2200.000000	1.62988e+11	2200.000000	9.98897e+10	2200.000000	9.98008e+10	2200.000000	9.98953e+10	2200.000000	9.98284e+10	2200.000000	4.65164e+08	2200.000000	3.15125e+08	2200.000000	9.01043e+08	2200.000000	9.43627e+08	2200.000000	1.23314e+09	
2300.000000	1.71742e+11	2300.000000	1.05263e+11	2300.000000	1.05243e+11	2300.000000	1.05343e+11	2300.000000	1.05272e+11	2300.000000	4.81742e+08	2300.000000	3.32353e+08	2300.000000	9.39714e+08	2300.000000	9.87907e+08	2300.000000	1.29306e+09	
2400.000000	1.80451e+11	2400.000000	1.1062e+11	2400.000000	1.10687e+11	2400.000000	1.10792e+11	2400.000000	1.10717e+11	2400.000000	4.97887e+08	2400.000000	3.49687e+08	2400.000000	9.77737e+08	2400.000000	1.03165e+09	2400.000000	1.35235e+09	
2500.000000	1.89111e+11	2500.000000	1.15959e+11	2500.000000	1.1613e+11	2500.000000	1.16241e+11	2500.000000	1.16162e+11	2500.000000	5.13623e+08	2500.000000	3.67124e+08	2500.000000	1.01513e+09	2500.000000	1.07486e+09	2500.000000	1.41099e+09	
2600.000000	1.97716e+11	2600.000000	1.21278e+11	2600.000000	1.21572e+11	2600.000000	1.21687e+11	2600.000000	1.21605e+11	2600.000000	5.28967e+08	2600.000000	3.84656e+08	2600.000000	1.05191e+09	2600.000000	1.11754e+09	2600.000000	1.469e+09 	
2700.000000	2.06264e+11	2700.000000	1.26574e+11	2700.000000	1.27011e+11	2700.000000	1.27131e+11	2700.000000	1.27045e+11	2700.000000	5.43942e+08	2700.000000	4.02282e+08	2700.000000	1.0881e+09	2700.000000	1.1597e+09	2700.000000	1.52638e+09	
2800.000000	2.14751e+11	2800.000000	1.31846e+11	2800.000000	1.32445e+11	2800.000000	1.32571e+11	2800.000000	1.32481e+11	2800.000000	5.58563e+08	2800.000000	4.20001e+08	2800.000000	1.12371e+09	2800.000000	1.20134e+09	2800.000000	1.58312e+09	
2900.000000	2.23175e+11	2900.000000	1.37092e+11	2900.000000	1.37875e+11	2900.000000	1.38005e+11	2900.000000	1.37911e+11	2900.000000	5.72849e+08	2900.000000	4.37813e+08	2900.000000	1.15876e+09	2900.000000	1.24247e+09	2900.000000	1.63924e+09	
3000.000000	2.31533e+11	3000.000000	1.42312e+11	3000.000000	1.43298e+11	3000.000000	1.43434e+11	3000.000000	1.43336e+11	3000.000000	5.86815e+08	3000.000000	4.55721e+08	3000.000000	1.19328e+09	3000.000000	1.28309e+09	3000.000000	1.69474e+09	
3200.000000	2.48044e+11	3200.000000	1.52668e+11	3200.000000	1.54125e+11	3200.000000	1.54271e+11	3200.000000	1.54166e+11	3200.000000	6.13846e+08	3200.000000	4.91822e+08	3200.000000	1.26074e+09	3200.000000	1.36288e+09	3200.000000	1.80391e+09	
3400.000000	2.64273e+11	3400.000000	1.62908e+11	3400.000000	1.64922e+11	3400.000000	1.65078e+11	3400.000000	1.64965e+11	3400.000000	6.39764e+08	3400.000000	5.28301e+08	3400.000000	1.32625e+09	3400.000000	1.44077e+09	3400.000000	1.91071e+09	
3600.000000	2.80214e+11	3600.000000	1.73027e+11	3600.000000	1.75687e+11	3600.000000	1.75852e+11	3600.000000	1.75732e+11	3600.000000	6.64665e+08	3600.000000	5.6515e+08	3600.000000	1.3899e+09	3600.000000	1.51684e+09	3600.000000	2.01523e+09	
3800.000000	2.95861e+11	3800.000000	1.83023e+11	3800.000000	1.86416e+11	3800.000000	1.86591e+11	3800.000000	1.86464e+11	3800.000000	6.88633e+08	3800.000000	6.02358e+08	3800.000000	1.45181e+09	3800.000000	1.59117e+09	3800.000000	2.11753e+09	
4000.000000	3.11214e+11	4000.000000	1.92894e+11	4000.000000	1.97109e+11	4000.000000	1.97294e+11	4000.000000	1.97159e+11	4000.000000	7.11742e+08	4000.000000	6.39912e+08	4000.000000	1.51209e+09	4000.000000	1.66383e+09	4000.000000	2.21772e+09	
4200.000000	3.26274e+11	4200.000000	2.02639e+11	4200.000000	2.07765e+11	4200.000000	2.0796e+11	4200.000000	2.07817e+11	4200.000000	7.34059e+08	4200.000000	6.77806e+08	4200.000000	1.57083e+09	4200.000000	1.73489e+09	4200.000000	2.31586e+09	
4400.000000	3.41041e+11	4400.000000	2.12259e+11	4400.000000	2.18384e+11	4400.000000	2.18588e+11	4400.000000	2.18438e+11	4400.000000	7.55642e+08	4400.000000	7.1603e+08	4400.000000	1.62812e+09	4400.000000	1.80442e+09	4400.000000	2.41204e+09	
4600.000000	3.55519e+11	4600.000000	2.21754e+11	4600.000000	2.28966e+11	4600.000000	2.29179e+11	4600.000000	2.29022e+11	4600.000000	7.76545e+08	4600.000000	7.54582e+08	4600.000000	1.68403e+09	4600.000000	1.8725e+09	4600.000000	2.50635e+09	
4800.000000	3.69711e+11	4800.000000	2.31126e+11	4800.000000	2.39509e+11	4800.000000	2.39732e+11	4800.000000	2.39568e+11	4800.000000	7.96815e+08	4800.000000	7.93455e+08	4800.000000	1.73865e+09	4800.000000	1.93918e+09	4800.000000	2.59885e+09	
5000.000000	3.83623e+11	5000.000000	2.40374e+11	5000.000000	2.50016e+11	5000.000000	2.50248e+11	5000.000000	2.50077e+11	5000.000000	8.16494e+08	5000.000000	8.32645e+08	5000.000000	1.79204e+09	5000.000000	2.00452e+09	5000.000000	2.68962e+09	
5250.000000	4.00626e+11	5250.000000	2.51766e+11	5250.000000	2.63097e+11	5250.000000	2.63341e+11	5250.000000	2.63161e+11	5250.000000	8.4032e+08	5250.000000	8.82074e+08	5250.000000	1.85715e+09	5250.000000	2.0844e+09	5250.000000	2.80076e+09	
5500.000000	4.17208e+11	5500.000000	2.62972e+11	5500.000000	2.76122e+11	5500.000000	2.76377e+11	5500.000000	2.76188e+11	5500.000000	8.63352e+08	5500.000000	9.31986e+08	5500.000000	1.92055e+09	5500.000000	2.16239e+09	5500.000000	2.90942e+09	
6000.000000	4.49158e+11	6000.000000	2.84844e+11	6000.000000	3.02007e+11	6000.000000	3.02284e+11	6000.000000	3.02078e+11	6000.000000	9.07261e+08	6000.000000	1.03323e+09	6000.000000	2.04264e+09	6000.000000	2.31307e+09	6000.000000	3.11981e+09	
6500.000000	4.79566e+11	6500.000000	3.06024e+11	6500.000000	3.2768e+11	6500.000000	3.27978e+11	6500.000000	3.27756e+11	6500.000000	9.48626e+08	6500.000000	1.13633e+09	6500.000000	2.15903e+09	6500.000000	2.45725e+09	6500.000000	3.32167e+09	
7000.000000	5.08524e+11	7000.000000	3.26545e+11	7000.000000	3.53151e+11	7000.000000	3.53471e+11	7000.000000	3.53232e+11	7000.000000	9.87773e+08	7000.000000	1.24122e+09	7000.000000	2.27035e+09	7000.000000	2.59554e+09	7000.000000	3.51576e+09	
7500.000000	5.36123e+11	7500.000000	3.46441e+11	7500.000000	3.7843e+11	7500.000000	3.78771e+11	7500.000000	3.78516e+11	7500.000000	1.02497e+09	7500.000000	1.34786e+09	7500.000000	2.37709e+09	7500.000000	2.72847e+09	7500.000000	3.70275e+09	
8000.000000	5.62449e+11	8000.000000	3.65745e+11	8000.000000	4.03528e+11	8000.000000	4.0389e+11	8000.000000	4.03619e+11	8000.000000	1.06044e+09	8000.000000	1.45619e+09	8000.000000	2.47969e+09	8000.000000	2.8565e+09	8000.000000	3.88324e+09	
8500.000000	5.87583e+11	8500.000000	3.84488e+11	8500.000000	4.28454e+11	8500.000000	4.28835e+11	8500.000000	4.28549e+11	8500.000000	1.09436e+09	8500.000000	1.56618e+09	8500.000000	2.57854e+09	8500.000000	2.98004e+09	8500.000000	4.05773e+09	
9000.000000	6.11602e+11	9000.000000	4.027e+11 	9000.000000	4.53216e+11	9000.000000	4.53617e+11	9000.000000	4.53316e+11	9000.000000	1.12689e+09	9000.000000	1.67777e+09	9000.000000	2.67396e+09	9000.000000	3.09943e+09	9000.000000	4.22669e+09	
9500.000000	6.34575e+11	9500.000000	4.20408e+11	9500.000000	4.77822e+11	9500.000000	4.78244e+11	9500.000000	4.77927e+11	9500.000000	1.15816e+09	9500.000000	1.79094e+09	9500.000000	2.76624e+09	9500.000000	3.215e+09 	9500.000000	4.39053e+09	
10000.000000	6.56568e+11	10000.000000	4.37638e+11	10000.000000	5.02281e+11	10000.000000	5.02722e+11	10000.000000	5.0239e+11	10000.000000	1.18829e+09	10000.000000	1.90562e+09	10000.000000	2.85561e+09	10000.000000	3.32702e+09	10000.000000	4.54961e+09	
11000.000000	6.97853e+11	11000.000000	4.70762e+11	11000.000000	5.50782e+11	11000.000000	5.51262e+11	11000.000000	5.50902e+11	11000.000000	1.24551e+09	11000.000000	2.13943e+09	11000.000000	3.02651e+09	11000.000000	3.5414e+09	11000.000000	4.85477e+09	
12000.000000	7.35888e+11	12000.000000	5.02246e+11	12000.000000	5.98772e+11	12000.000000	5.99289e+11	12000.000000	5.989e+11 	12000.000000	1.29919e+09	12000.000000	2.379e+09 	12000.000000	3.18814e+09	12000.000000	3.74428e+09	12000.000000	5.1444e+09	
13000.000000	7.71043e+11	13000.000000	5.32245e+11	13000.000000	6.46294e+11	13000.000000	6.46846e+11	13000.000000	6.46429e+11	13000.000000	1.34983e+09	13000.000000	2.62409e+09	13000.000000	3.34168e+09	13000.000000	3.93703e+09	13000.000000	5.42032e+09	
14000.000000	8.03635e+11	14000.000000	5.60892e+11	14000.000000	6.93384e+11	14000.000000	6.93971e+11	14000.000000	6.93528e+11	14000.000000	1.39784e+09	14000.000000	2.87438e+09	14000.000000	3.48808e+09	14000.000000	4.1208e+09	14000.000000	5.68405e+09	
15000.000000	8.33936e+11	15000.000000	5.88304e+11	15000.000000	7.40072e+11	15000.000000	7.40697e+11	15000.000000	7.40227e+11	15000.000000	1.44354e+09	15000.000000	3.12957e+09	15000.000000	3.62814e+09	15000.000000	4.29656e+09	15000.000000	5.93686e+09	
16000.000000	8.62181e+11	16000.000000	6.14585e+11	16000.000000	7.86388e+11	16000.000000	7.87053e+11	16000.000000	7.86558e+11	16000.000000	1.4872e+09	16000.000000	3.38948e+09	16000.000000	3.76251e+09	16000.000000	4.46509e+09	16000.000000	6.17982e+09	
17000.000000	8.88575e+11	17000.000000	6.39826e+11	17000.000000	8.32359e+11	17000.000000	8.33064e+11	17000.000000	8.32544e+11	17000.000000	1.52903e+09	17000.000000	3.65399e+09	17000.000000	3.89175e+09	17000.000000	4.62708e+09	17000.000000	6.41383e+09	
18000.000000	9.13295e+11	18000.000000	6.64107e+11	18000.000000	8.78009e+11	18000.000000	8.78753e+11	18000.000000	8.78209e+11	18000.000000	1.56923e+09	18000.000000	3.923e+09 	18000.000000	4.01633e+09	18000.000000	4.78312e+09	18000.000000	6.63969e+09	
19000.000000	9.36498e+11	19000.000000	6.87499e+11	19000.000000	9.23359e+11	19000.000000	9.24141e+11	19000.000000	9.23572e+11	19000.000000	1.60794e+09	19000.000000	4.19643e+09	19000.000000	4.13666e+09	19000.000000	4.93372e+09	19000.000000	6.85809e+09	
20000.000000	9.58318e+11	20000.000000	7.10067e+11	20000.000000	9.68427e+11	20000.000000	9.69244e+11	20000.000000	9.68652e+11	20000.000000	1.6453e+09	20000.000000	4.47419e+09	20000.000000	4.25309e+09	20000.000000	5.07932e+09	20000.000000	7.06961e+09	
21000.000000	9.78878e+11	21000.000000	7.31868e+11	21000.000000	1.01323e+12	21000.000000	1.01408e+12	21000.000000	1.01346e+12	21000.000000	1.68143e+09	21000.000000	4.7562e+09	21000.000000	4.36593e+09	21000.000000	5.22031e+09	21000.000000	7.27478e+09	
22000.000000	9.98284e+11	22000.000000	7.52954e+11	22000.000000	1.05778e+12	22000.000000	1.05866e+12	22000.000000	1.05802e+12	22000.000000	1.71643e+09	22000.000000	5.04231e+09	22000.000000	4.47545e+09	22000.000000	5.35704e+09	22000.000000	7.47407e+09	
23000.000000	1.01663e+12	23000.000000	7.73371e+11	23000.000000	1.1021e+12	23000.000000	1.103e+12 	23000.000000	1.10234e+12	23000.000000	1.75038e+09	23000.000000	5.33245e+09	23000.000000	4.5819e+09	23000.000000	5.48981e+09	23000.000000	7.66789e+09	
24000.000000	1.034e+12 	24000.000000	7.93161e+11	24000.000000	1.14618e+12	24000.000000	1.14712e+12	24000.000000	1.14644e+12	24000.000000	1.78337e+09	24000.000000	5.62653e+09	24000.000000	4.68547e+09	24000.000000	5.61888e+09	24000.000000	7.8566e+09	
25000.000000	1.05048e+12	25000.000000	8.12362e+11	25000.000000	1.19005e+12	25000.000000	1.19101e+12	25000.000000	1.19031e+12	25000.000000	1.81547e+09	25000.000000	5.92421e+09	25000.000000	4.78637e+09	25000.000000	5.74451e+09	25000.000000	8.04053e+09	
26000.000000	1.06612e+12	26000.000000	8.3101e+11	26000.000000	1.23371e+12	26000.000000	1.2347e+12	26000.000000	1.23398e+12	26000.000000	1.84672e+09	26000.000000	6.2253e+09	26000.000000	4.88477e+09	26000.000000	5.8669e+09	26000.000000	8.21999e+09	
27000.000000	1.08099e+12	27000.000000	8.49136e+11	27000.000000	1.27718e+12	27000.000000	1.2782e+12	27000.000000	1.27746e+12	27000.000000	1.8772e+09	27000.000000	6.52988e+09	27000.000000	4.98081e+09	27000.000000	5.98626e+09	27000.000000	8.39523e+09	
28000.000000	1.09515e+12	28000.000000	8.6677e+11	28000.000000	1.32045e+12	28000.000000	1.3215e+12	28000.000000	1.32074e+12	28000.000000	1.90695e+09	28000.000000	6.83801e+09	28000.000000	5.07464e+09	28000.000000	6.10277e+09	28000.000000	8.56651e+09	
29000.000000	1.10864e+12	29000.000000	8.83937e+11	29000.000000	1.36355e+12	29000.000000	1.36462e+12	29000.000000	1.36385e+12	29000.000000	1.93602e+09	29000.000000	7.1497e+09	29000.000000	5.16637e+09	29000.000000	6.21659e+09	29000.000000	8.73404e+09	
30000.000000	1.12152e+12	30000.000000	9.00664e+11	30000.000000	1.40647e+12	30000.000000	1.40757e+12	30000.000000	1.40678e+12	30000.000000	1.96443e+09	30000.000000	7.46485e+09	30000.000000	5.25614e+09	30000.000000	6.32786e+09	30000.000000	8.89803e+09	
32000.000000	1.14557e+12	32000.000000	9.32882e+11	32000.000000	1.49183e+12	32000.000000	1.49298e+12	32000.000000	1.49215e+12	32000.000000	2.01947e+09	32000.000000	8.10514e+09	32000.000000	5.43016e+09	32000.000000	6.54331e+09	32000.000000	9.21611e+09	
34000.000000	1.1676e+12	34000.000000	9.63586e+11	34000.000000	1.57656e+12	34000.000000	1.57776e+12	34000.000000	1.5769e+12	34000.000000	2.07234e+09	34000.000000	8.75801e+09	34000.000000	5.59744e+09	34000.000000	6.75008e+09	34000.000000	9.52206e+09	
36000.000000	1.18785e+12	36000.000000	9.92916e+11	36000.000000	1.66073e+12	36000.000000	1.66197e+12	36000.000000	1.66108e+12	36000.000000	2.12323e+09	36000.000000	9.42283e+09	36000.000000	5.75861e+09	36000.000000	6.94898e+09	36000.000000	9.81699e+09	
38000.000000	1.20651e+12	38000.000000	1.02099e+12	38000.000000	1.74436e+12	38000.000000	1.74564e+12	38000.000000	1.74472e+12	38000.000000	2.17235e+09	38000.000000	1.00991e+10	38000.000000	5.9142e+09	38000.000000	7.14071e+09	38000.000000	1.01019e+10	
40000.000000	1.22378e+12	40000.000000	1.04792e+12	40000.000000	1.82749e+12	40000.000000	1.82881e+12	40000.000000	1.82786e+12	40000.000000	2.21984e+09	40000.000000	1.07867e+10	40000.000000	6.06468e+09	40000.000000	7.32587e+09	40000.000000	1.03775e+10	
42000.000000	1.2398e+12	42000.000000	1.0738e+12	42000.000000	1.91014e+12	42000.000000	1.9115e+12	42000.000000	1.91053e+12	42000.000000	2.26585e+09	42000.000000	1.14851e+10	42000.000000	6.21047e+09	42000.000000	7.50499e+09	42000.000000	1.06447e+10	
44000.000000	1.25468e+12	44000.000000	1.0987e+12	44000.000000	1.99235e+12	44000.000000	1.99374e+12	44000.000000	1.99275e+12	44000.000000	2.31049e+09	44000.000000	1.21944e+10	44000.000000	6.35191e+09	44000.000000	7.67853e+09	44000.000000	1.0904e+10	
46000.000000	1.26856e+12	46000.000000	1.1227e+12	46000.000000	2.07413e+12	46000.000000	2.07556e+12	46000.000000	2.07455e+12	46000.000000	2.35386e+09	46000.000000	1.29141e+10	46000.000000	6.48931e+09	46000.000000	7.84691e+09	46000.000000	1.1156e+10	
48000.000000	1.28152e+12	48000.000000	1.14586e+12	48000.000000	2.15552e+12	48000.000000	2.15698e+12	48000.000000	2.15595e+12	48000.000000	2.39606e+09	48000.000000	1.36443e+10	48000.000000	6.62297e+09	48000.000000	8.01048e+09	48000.000000	1.14012e+10	
50000.000000	1.29365e+12	50000.000000	1.16824e+12	50000.000000	2.23653e+12	50000.000000	2.23802e+12	50000.000000	2.23698e+12	50000.000000	2.43718e+09	50000.000000	1.43846e+10	50000.000000	6.75312e+09	50000.000000	8.16956e+09	50000.000000	1.164e+10 	
