! 3H range in Si
! apply ZOOM for details
Energy (MeV/u)1	0 - [He-base] F.Hubert et al, AD&ND Tables 46(1990)1	Energy (MeV/u)2	1 - [H -base] J.F.Ziegler et al,Pergamon Press,NY(low energy)	Energy (MeV/u)3	2 - ATIMA 1.2 LS-theory (recommended for high energy)	Energy (MeV/u)4	3 - ATIMA 1.2 without LS-correction	Energy (MeV/u)5	4 - ATIMA 1.4 H.Weick, improved mean charge formula for HI	Energy (MeV/u)6	5 - Range straggling - method [0] - LISE	Energy (MeV/u)7	6 - Range straggling - method [1] - Atima	Energy (MeV/u)8	7 - Lateral range - method [0] - LISE	Energy (MeV/u)9	8 - Lateral range - method [1] - Atima	Energy (MeV/u)10	9 - Lateral range - method [2] - PDG	
0.001000	0.116624  	0.001000	0.116624  	0.001000	0.0906132 	0.001000	0.0906132 	0.001000	0.0906444 	0.001000	0         	0.001000	0         	0.001000	0.00176481	0.001000	0.00273654	0.001000	0.00134668	
0.002000	0.235743  	0.002000	0.233248  	0.002000	0.181226  	0.002000	0.181226  	0.002000	0.181289  	0.002000	0.0122952 	0.002000	0.0122952 	0.002000	0.00516861	0.002000	0.00774311	0.002000	0.00408724	
0.005000	0.506464  	0.005000	0.4983    	0.005000	0.382711  	0.005000	0.382711  	0.005000	0.3828    	0.005000	0.0139765 	0.005000	0.0139765 	0.005000	0.0161962 	0.005000	0.0236295 	0.005000	0.0131249 	
0.008000	0.717538  	0.008000	0.704954  	0.008000	0.538092  	0.008000	0.538092  	0.008000	0.53819   	0.008000	0.0140206 	0.008000	0.0140206 	0.008000	0.0273468 	0.008000	0.0393658 	0.008000	0.022416  	
0.010000	0.840255  	0.010000	0.825101  	0.010000	0.628112  	0.010000	0.628112  	0.010000	0.628213  	0.010000	0.0141613 	0.010000	0.0141613 	0.010000	0.0346983 	0.010000	0.0496397 	0.010000	0.0285868 	
0.015000	1.09736   	0.015000	1.07682   	0.015000	0.824191  	0.015000	0.824191  	0.015000	0.824293  	0.015000	0.0148221 	0.015000	0.0148221 	0.015000	0.052716  	0.015000	0.0746011 	0.015000	0.0438077 	
0.020000	1.30524   	0.020000	1.28035   	0.020000	0.993264  	0.020000	0.993264  	0.020000	0.993368  	0.020000	0.0156641 	0.020000	0.0156641 	0.020000	0.0702843 	0.020000	0.0987145 	0.020000	0.0587465 	
0.025000	1.48351   	0.025000	1.45488   	0.025000	1.14455   	0.025000	1.14455   	0.025000	1.14465   	0.025000	0.0165272 	0.025000	0.0165272 	0.025000	0.0874722 	0.025000	0.122144  	0.025000	0.0734308 	
0.030000	1.6423    	0.030000	1.61035   	0.030000	1.28393   	0.030000	1.28393   	0.030000	1.28404   	0.030000	0.0173728 	0.030000	0.0173728 	0.030000	0.104474  	0.030000	0.145184  	0.030000	0.0880136 	
0.035000	1.78761   	0.035000	1.75262   	0.035000	1.41546   	0.035000	1.41546   	0.035000	1.41557   	0.035000	0.0182028 	0.035000	0.0182028 	0.035000	0.121513  	0.035000	0.168144  	0.035000	0.102681  	
0.040000	1.9233    	0.040000	1.88547   	0.040000	1.54122   	0.040000	1.54122   	0.040000	1.54133   	0.040000	0.0190161 	0.040000	0.0190161 	0.040000	0.137405  	0.040000	0.188945  	0.040000	0.116405  	
0.045000	2.05202   	0.045000	2.01149   	0.045000	1.6627    	0.045000	1.6627    	0.045000	1.6628    	0.045000	0.0198158 	0.045000	0.0198158 	0.045000	0.150436  	0.045000	0.205522  	0.045000	0.127692  	
0.050000	2.17569   	0.050000	2.13257   	0.050000	1.781     	0.050000	1.781     	0.050000	1.78111   	0.050000	0.0206065 	0.050000	0.0211861 	0.050000	0.161902  	0.050000	0.219778  	0.050000	0.137653  	
0.055000	2.2957    	0.055000	2.25007   	0.055000	1.89698   	0.055000	1.89698   	0.055000	1.89708   	0.055000	0.0213931 	0.055000	0.0227734 	0.055000	0.172195  	0.055000	0.232386  	0.055000	0.146619  	
0.060000	2.41316   	0.060000	2.36507   	0.060000	2.0113    	0.060000	2.0113    	0.060000	2.01141   	0.060000	0.0221805 	0.060000	0.0242548 	0.060000	0.181509  	0.060000	0.243692  	0.060000	0.154754  	
0.070000	2.64361   	0.070000	2.5907    	0.070000	2.23706   	0.070000	2.23706   	0.070000	2.23717   	0.070000	0.0237738 	0.070000	0.0270126 	0.070000	0.198289  	0.070000	0.263872  	0.070000	0.169463  	
0.080000	2.87197   	0.080000	2.81427   	0.080000	2.46158   	0.080000	2.46158   	0.080000	2.46169   	0.080000	0.0254162 	0.080000	0.0296161 	0.080000	0.213239  	0.080000	0.281738  	0.080000	0.182632  	
0.090000	3.10145   	0.090000	3.03894   	0.090000	2.68716   	0.090000	2.68716   	0.090000	2.68727   	0.090000	0.0271317 	0.090000	0.0321552 	0.090000	0.22722   	0.090000	0.298348  	0.090000	0.194995  	
0.100000	3.33422   	0.100000	3.26684   	0.100000	2.91549   	0.100000	2.91549   	0.100000	2.91559   	0.100000	0.0289396 	0.100000	0.034687  	0.100000	0.240376  	0.100000	0.313954  	0.100000	0.206674  	
0.120000	3.81514   	0.120000	3.73768   	0.120000	3.38506   	0.120000	3.38506   	0.120000	3.38517   	0.120000	0.0328909 	0.120000	0.0398691 	0.120000	0.265522  	0.120000	0.343624  	0.120000	0.229105  	
0.140000	4.32172   	0.140000	4.23366   	0.140000	3.87701   	0.140000	3.87701   	0.140000	3.87712   	0.140000	0.0373565 	0.140000	0.0453488 	0.140000	0.289788  	0.140000	0.37213   	0.140000	0.250876  	
0.160000	4.85702   	0.160000	4.75775   	0.160000	4.39509   	0.160000	4.39509   	0.160000	4.3952    	0.160000	0.0423823 	0.160000	0.051216  	0.160000	0.313835  	0.160000	0.400255  	0.160000	0.272554  	
0.180000	5.42209   	0.180000	5.31099   	0.180000	4.94129   	0.180000	4.94129   	0.180000	4.9414    	0.180000	0.0479846 	0.180000	0.0575077 	0.180000	0.338082  	0.180000	0.428467  	0.180000	0.294493  	
0.200000	6.01698   	0.200000	5.89341   	0.200000	5.51651   	0.200000	5.51651   	0.200000	5.51662   	0.200000	0.0541592 	0.200000	0.0642301 	0.200000	0.362563  	0.200000	0.45687   	0.200000	0.316724  	
0.250000	7.63129   	0.250000	7.47392   	0.250000	7.08199   	0.250000	7.08199   	0.250000	7.0821    	0.250000	0.0719674 	0.250000	0.082822  	0.250000	0.426036  	0.250000	0.529914  	0.250000	0.374635  	
0.300000	9.41858   	0.300000	9.22378   	0.300000	8.82434   	0.300000	8.82434   	0.300000	8.82445   	0.300000	0.0928318 	0.300000	0.103661  	0.300000	0.493012  	0.300000	0.606189  	0.300000	0.436091  	
0.350000	11.3688   	0.350000	11.1331   	0.350000	10.7341   	0.350000	10.7341   	0.350000	10.7342   	0.350000	0.116357  	0.350000	0.126369  	0.350000	0.563679  	0.350000	0.685956  	0.350000	0.501187  	
0.400000	13.4737   	0.400000	13.1939   	0.400000	12.8017   	0.400000	12.8017   	0.400000	12.8018   	0.400000	0.142233  	0.400000	0.150651  	0.400000	0.637991  	0.400000	0.769115  	0.400000	0.569863  	
0.450000	15.7269   	0.450000	15.4      	0.450000	15.0192   	0.450000	15.0192   	0.450000	15.0193   	0.450000	0.170238  	0.450000	0.176297  	0.450000	0.715644  	0.450000	0.855405  	0.450000	0.641831  	
0.500000	18.1232   	0.500000	17.7461   	0.500000	17.3797   	0.500000	17.3797   	0.500000	17.3799   	0.500000	0.200215  	0.500000	0.203162  	0.500000	0.796735  	0.500000	0.944824  	0.500000	0.71715   	
0.600000	23.3293   	0.600000	22.8432   	0.600000	22.5091   	0.600000	22.5091   	0.600000	22.5092   	0.600000	0.265668  	0.600000	0.260186  	0.600000	0.968459  	0.600000	1.13241   	0.600000	0.877095  	
0.700000	29.0656   	0.700000	28.4593   	0.700000	28.1562   	0.700000	28.1562   	0.700000	28.1563   	0.700000	0.338012  	0.700000	0.321228  	0.700000	1.15184   	0.700000	1.33103   	0.700000	1.04878   	
0.800000	35.3117   	0.800000	34.5747   	0.800000	34.2969   	0.800000	34.2969   	0.800000	34.297    	0.800000	0.416909  	0.800000	0.386029  	0.800000	1.34548   	0.800000	1.54008   	0.800000	1.23176   	
0.900000	42.0517   	0.900000	41.1735   	0.900000	40.913    	0.900000	40.913    	0.900000	40.9132   	0.900000	0.502139  	0.900000	0.45443   	0.900000	1.55024   	0.900000	1.75941   	0.900000	1.42564   	
1.000000	49.2718   	1.000000	48.2424   	1.000000	47.9901   	1.000000	47.9901   	1.000000	47.9902   	1.000000	0.593541  	1.000000	0.526322  	1.000000	1.76582   	1.000000	1.98867   	1.000000	1.63008   	
1.250000	69.35     	1.250000	67.9001   	1.250000	67.6251   	1.250000	67.6251   	1.250000	67.6252   	1.250000	0.848267  	1.250000	0.722965  	1.250000	2.35054   	1.250000	2.60368   	1.250000	2.18583   	
1.500000	92.2117   	1.500000	90.2831   	1.500000	89.9252   	1.500000	89.9252   	1.500000	89.9253   	1.500000	1.1393    	1.500000	0.952734  	1.500000	2.99833   	1.500000	3.27571   	1.500000	2.8029    	
1.750000	117.743   	1.750000	115.279   	1.750000	114.783   	1.750000	114.783   	1.750000	114.783   	1.750000	1.46549   	1.750000	1.21015   	1.750000	3.70692   	1.750000	4.00215   	1.750000	3.47187   	
2.000000	145.85    	2.000000	142.798   	2.000000	142.112   	2.000000	142.112   	2.000000	142.112   	2.000000	1.82588   	2.000000	1.49074   	2.000000	4.46958   	2.000000	4.78073   	2.000000	4.18071   	
2.250000	176.456   	2.250000	172.763   	2.250000	171.844   	2.250000	171.844   	2.250000	171.844   	2.250000	2.21966   	2.250000	1.79204   	2.250000	5.27567   	2.250000	5.60944   	2.250000	4.94571   	
2.500000	209.495   	2.500000	205.11    	2.500000	203.918   	2.500000	203.918   	2.500000	203.918   	2.500000	2.64611   	2.500000	2.11254   	2.500000	6.13847   	2.500000	6.48657   	2.500000	5.7652    	
3.000000	281.209   	3.000000	276.73    	3.000000	274.891   	3.000000	274.891   	3.000000	274.891   	3.000000	3.59459   	3.000000	2.80726   	3.000000	8.02849   	3.000000	8.35936   	3.000000	7.56216   	
3.500000	361.767   	3.500000	357.281   	3.500000	354.683   	3.500000	354.683   	3.500000	354.683   	3.500000	4.667     	3.500000	3.56922   	3.500000	10.13     	3.500000	10.401    	3.500000	9.56231   	
4.000000	450.944   	4.000000	446.456   	4.000000	443.014   	4.000000	443.014   	4.000000	443.014   	4.000000	5.85977   	4.000000	4.39465   	4.000000	12.4353   	4.000000	12.6153   	4.000000	11.7583   	
4.500000	548.551   	4.500000	544.002   	4.500000	539.65    	4.500000	539.65    	4.500000	539.65    	4.500000	7.1699    	4.500000	5.28076   	4.500000	14.9384   	4.500000	14.9954   	4.500000	14.1443   	
5.000000	654.424   	5.000000	649.701   	5.000000	644.389   	5.000000	644.389   	5.000000	644.389   	5.000000	8.59478   	5.000000	6.22533   	5.000000	17.634    	5.000000	17.5355   	5.000000	16.715    	
5.500000	768.42    	5.500000	763.364   	5.500000	757.057   	5.500000	757.057   	5.500000	757.057   	5.500000	10.1321   	5.500000	7.22648   	5.500000	20.5175   	5.500000	20.2308   	5.500000	19.4663   	
6.000000	890.409   	6.000000	884.826   	6.000000	877.502   	6.000000	877.502   	6.000000	877.502   	6.000000	11.78     	6.000000	8.28266   	6.000000	23.5851   	6.000000	23.0769   	6.000000	22.3942   	
6.500000	1020.28   	6.500000	1013.94   	6.500000	1005.59   	6.500000	1005.59   	6.500000	1005.59   	6.500000	13.5364   	6.500000	9.39249   	6.500000	26.8332   	6.500000	26.0701   	6.500000	25.4955   	
7.000000	1157.92   	7.000000	1150.57   	7.000000	1141.19   	7.000000	1141.19   	7.000000	1141.18   	7.000000	15.3999   	7.000000	10.5547   	7.000000	30.2588   	7.000000	29.207    	7.000000	28.7671   	
7.500000	1303.23   	7.500000	1294.6    	7.500000	1284.19   	7.500000	1284.19   	7.500000	1284.19   	7.500000	17.369    	7.500000	11.7683   	7.500000	33.859    	7.500000	32.4846   	7.500000	32.2062   	
8.000000	1456.13   	8.000000	1445.92   	8.000000	1434.49   	8.000000	1434.49   	8.000000	1434.49   	8.000000	19.4422   	8.000000	13.0323   	8.000000	37.6313   	8.000000	35.9002   	8.000000	35.8104   	
8.500000	1616.54   	8.500000	1604.43   	8.500000	1592.01   	8.500000	1592.01   	8.500000	1592.01   	8.500000	21.6183   	8.500000	14.3458   	8.500000	41.5733   	8.500000	39.4514   	8.500000	39.5775   	
9.000000	1784.36   	9.000000	1770.02   	9.000000	1756.64   	9.000000	1756.64   	9.000000	1756.64   	9.000000	23.8962   	9.000000	15.7081   	9.000000	45.6829   	9.000000	43.1358   	9.000000	43.5054   	
9.500000	1959.54   	9.500000	1942.63   	9.500000	1928.31   	9.500000	1928.31   	9.500000	1928.31   	9.500000	26.2748   	9.500000	17.1181   	9.500000	49.958    	9.500000	46.9512   	9.500000	47.5921   	
10.000000	2141.99   	10.000000	2122.14   	10.000000	2106.95   	10.000000	2106.95   	10.000000	2106.95   	10.000000	28.7531   	10.000000	18.575    	10.000000	54.3968   	10.000000	50.8959   	10.000000	51.8359   	
11.000000	2528.48   	11.000000	2500.08   	11.000000	2485.18   	11.000000	2485.17   	11.000000	2485.19   	11.000000	34.019    	11.000000	21.635    	11.000000	63.7695   	11.000000	59.1748   	11.000000	60.7985   	
12.000000	2943.33   	12.000000	2905.11   	12.000000	2891.24   	12.000000	2891.23   	12.000000	2891.28   	12.000000	39.7015   	12.000000	24.8933   	12.000000	73.8016   	12.000000	67.9701   	12.000000	70.3937   	
13.000000	3386.09   	13.000000	3336.94   	13.000000	3324.81   	13.000000	3324.79   	13.000000	3324.88   	13.000000	45.7958   	13.000000	28.3459   	13.000000	84.4859   	13.000000	77.2736   	13.000000	80.6148   	
14.000000	3856.37   	14.000000	3795.29   	14.000000	3785.6    	14.000000	3785.58   	14.000000	3785.68   	14.000000	52.2988   	14.000000	31.9891   	14.000000	95.8168   	14.000000	87.0786   	14.000000	91.4565   	
15.000000	4353.76   	15.000000	4279.91   	15.000000	4273.36   	15.000000	4273.34   	15.000000	4273.45   	15.000000	59.2086   	15.000000	35.8227   	15.000000	107.79    	15.000000	97.3794   	15.000000	102.915   	
16.000000	4877.92   	16.000000	4790.54   	16.000000	4787.89   	16.000000	4787.87   	16.000000	4787.98   	16.000000	66.5234   	16.000000	39.8458   	16.000000	120.401   	16.000000	108.171   	16.000000	114.985   	
17.000000	5428.5    	17.000000	5326.93   	17.000000	5328.98   	17.000000	5328.98   	17.000000	5329.08   	17.000000	74.2423   	17.000000	44.0555   	17.000000	133.647   	17.000000	119.449   	17.000000	127.666   	
18.000000	6005.19   	18.000000	5888.84   	18.000000	5896.45   	18.000000	5896.5    	18.000000	5896.57   	18.000000	82.3644   	18.000000	48.4501   	18.000000	147.526   	18.000000	131.21    	18.000000	140.955   	
19.000000	6607.7    	19.000000	6476.05   	19.000000	6490.19   	19.000000	6490.28   	19.000000	6490.32   	19.000000	90.8892   	19.000000	53.0294   	19.000000	162.034   	19.000000	143.451   	19.000000	154.849   	
20.000000	7235.73   	20.000000	7088.34   	20.000000	7110.05   	20.000000	7110.19   	20.000000	7110.19   	20.000000	99.8162   	20.000000	57.7927   	20.000000	177.171   	20.000000	156.169   	20.000000	169.347   	
21.000000	7889.01   	21.000000	7725.49   	21.000000	7755.91   	21.000000	7756.12   	21.000000	7756.06   	21.000000	109.145   	21.000000	62.7395   	21.000000	192.935   	21.000000	169.36    	21.000000	184.448   	
22.000000	8567.3    	22.000000	8387.29   	22.000000	8427.68   	22.000000	8427.95   	22.000000	8427.82   	22.000000	118.876   	22.000000	67.8697   	22.000000	209.323   	22.000000	183.024   	22.000000	200.15    	
23.000000	9270.33   	23.000000	9073.56   	23.000000	9125.25   	23.000000	9125.59   	23.000000	9125.37   	23.000000	129.009   	23.000000	73.1829   	23.000000	226.335   	23.000000	197.157   	23.000000	216.453   	
24.000000	9997.87   	24.000000	9784.08   	24.000000	9848.52   	24.000000	9848.95   	24.000000	9848.61   	24.000000	139.544   	24.000000	78.6779   	24.000000	243.971   	24.000000	211.758   	24.000000	233.356   	
25.000000	10749.7   	25.000000	10518.7   	25.000000	10597.4   	25.000000	10597.9   	25.000000	10597.5   	25.000000	150.481   	25.000000	84.3529   	25.000000	262.228   	25.000000	226.826   	25.000000	250.858   	
27.000000	12325.3   	27.000000	12059.4   	27.000000	12171.5   	27.000000	12172.5   	27.000000	12171.7   	27.000000	173.561   	27.000000	96.2428   	27.000000	300.605   	27.000000	258.353   	27.000000	287.659   	
29.000000	13995.5   	29.000000	13694.3   	29.000000	13847.2   	29.000000	13848.7   	29.000000	13847.5   	29.000000	198.249   	29.000000	108.859   	29.000000	341.461   	29.000000	291.729   	29.000000	326.851   	
31.000000	15758.8   	31.000000	15422     	31.000000	15622.9   	31.000000	15625     	31.000000	15623.2   	31.000000	224.501   	31.000000	122.18    	31.000000	384.762   	31.000000	326.919   	31.000000	368.406   	
33.000000	17613.6   	33.000000	17241.2   	33.000000	17491.9   	33.000000	17494.7   	33.000000	17492.2   	33.000000	252.061   	33.000000	136.063   	33.000000	430.315   	33.000000	363.772   	33.000000	412.142   	
35.000000	19558.6   	35.000000	19150.8   	35.000000	19452.1   	35.000000	19455.5   	35.000000	19452.3   	35.000000	280.883   	35.000000	150.488   	35.000000	478.06    	35.000000	402.238   	35.000000	458.005   	
38.000000	22642.3   	38.000000	22182     	38.000000	22560.2   	38.000000	22564.8   	38.000000	22560.4   	38.000000	326.465   	38.000000	173.144   	38.000000	553.713   	38.000000	462.896   	38.000000	530.72    	
41.000000	25921.8   	41.000000	25410     	41.000000	25866.2   	41.000000	25872.4   	41.000000	25866.6   	41.000000	374.834   	41.000000	196.988   	41.000000	634.115   	41.000000	527.022   	41.000000	608.058   	
44.000000	29393.3   	44.000000	28831.4   	44.000000	29366.8   	44.000000	29374.6   	44.000000	29367.3   	44.000000	425.947   	44.000000	222.002   	44.000000	719.162   	44.000000	594.53    	44.000000	689.928   	
47.000000	33053     	47.000000	32442.6   	47.000000	33058.4   	47.000000	33068.1   	47.000000	33059.1   	47.000000	479.754   	47.000000	248.165   	47.000000	808.759   	47.000000	665.343   	47.000000	776.25    	
50.000000	36897.6   	50.000000	36240.4   	50.000000	36938     	50.000000	36949.4   	50.000000	36938.6   	50.000000	536.209   	50.000000	275.459   	50.000000	902.815   	50.000000	739.387   	50.000000	866.945   	
55.000000	43707.5   	55.000000	42976.6   	55.000000	43812.9   	55.000000	43827.5   	55.000000	43813.3   	55.000000	636.044   	55.000000	323.401   	55.000000	1069.25   	55.000000	869.792   	55.000000	1027.62   	
60.000000	51008.3   	60.000000	50209     	60.000000	51187.5   	60.000000	51205.6   	60.000000	51187.5   	60.000000	742.86    	60.000000	374.334   	60.000000	1247.47   	60.000000	1008.69   	60.000000	1199.93   	
65.000000	58787     	65.000000	57924.9   	65.000000	59048.2   	65.000000	59070.9   	65.000000	59048.5   	65.000000	856.432   	65.000000	428.121   	65.000000	1437.1    	65.000000	1155.83   	65.000000	1383.56   	
70.000000	67031.8   	70.000000	66112.2   	70.000000	67383.9   	70.000000	67411.6   	70.000000	67384.5   	70.000000	976.54    	70.000000	484.705   	70.000000	1637.83   	70.000000	1310.95   	70.000000	1578.25   	
75.000000	75731.8   	75.000000	74759.6   	75.000000	76183.8   	75.000000	76216.7   	75.000000	76184.5   	75.000000	1102.97   	75.000000	543.952   	75.000000	1849.35   	75.000000	1473.82   	75.000000	1783.73   	
80.000000	84876.6   	80.000000	83856.2   	80.000000	85437.2   	80.000000	85475.6   	80.000000	85437.7   	80.000000	1235.53   	80.000000	605.825   	80.000000	2071.35   	80.000000	1644.24   	80.000000	1999.76   	
85.000000	94456.4   	85.000000	93391.7   	85.000000	95134.1   	85.000000	95178.2   	85.000000	95134.3   	85.000000	1374.01   	85.000000	670.255   	85.000000	2303.56   	85.000000	1822      	85.000000	2226.1    	
90.000000	104462    	90.000000	103356    	90.000000	105265    	90.000000	105315    	90.000000	105265    	90.000000	1518.23   	90.000000	737.135   	90.000000	2545.7    	90.000000	2006.92   	90.000000	2462.54   	
95.000000	114885    	95.000000	113740    	95.000000	115820    	95.000000	115877    	95.000000	115819    	95.000000	1668      	95.000000	806.36    	95.000000	2797.52   	95.000000	2198.81   	95.000000	2708.84   	
100.000000	125717    	100.000000	124535    	100.000000	126790    	100.000000	126854    	100.000000	126790    	100.000000	1823.15   	100.000000	877.873   	100.000000	3058.76   	100.000000	2397.49   	100.000000	2964.81   	
105.000000	136950    	105.000000	135731    	105.000000	138167    	105.000000	138240    	105.000000	138168    	105.000000	1983.52   	105.000000	951.659   	105.000000	3329.19   	105.000000	2602.82   	105.000000	3230.25   	
110.000000	148577    	110.000000	147321    	110.000000	149944    	110.000000	150025    	110.000000	149945    	110.000000	2148.93   	110.000000	1027.66   	110.000000	3608.57   	110.000000	2814.62   	110.000000	3504.96   	
115.000000	160591    	115.000000	159296    	115.000000	162113    	115.000000	162202    	115.000000	162114    	115.000000	2319.24   	115.000000	1105.8    	115.000000	3896.68   	115.000000	3032.75   	115.000000	3788.77   	
120.000000	172985    	120.000000	171649    	120.000000	174665    	120.000000	174764    	120.000000	174666    	120.000000	2494.29   	120.000000	1185.98   	120.000000	4193.31   	120.000000	3257.07   	120.000000	4081.48   	
125.000000	185752    	125.000000	184372    	125.000000	187594    	125.000000	187702    	125.000000	187595    	125.000000	2673.93   	125.000000	1268.13   	125.000000	4498.24   	125.000000	3487.43   	125.000000	4382.93   	
130.000000	198886    	130.000000	197458    	130.000000	200893    	130.000000	201009    	130.000000	200893    	130.000000	2858.02   	130.000000	1352.29   	130.000000	4811.28   	130.000000	3723.71   	130.000000	4692.96   	
135.000000	212381    	135.000000	210899    	135.000000	214554    	135.000000	214680    	135.000000	214553    	135.000000	3046.42   	135.000000	1438.39   	135.000000	5132.23   	135.000000	3965.77   	135.000000	5011.38   	
140.000000	226232    	140.000000	224690    	140.000000	228571    	140.000000	228707    	140.000000	228570    	140.000000	3239.01   	140.000000	1526.32   	140.000000	5460.89   	140.000000	4213.49   	140.000000	5338.06   	
145.000000	240432    	145.000000	238823    	145.000000	242936    	145.000000	243084    	145.000000	242935    	145.000000	3435.66   	145.000000	1616.07   	145.000000	5797.09   	145.000000	4466.74   	145.000000	5672.82   	
150.000000	254977    	150.000000	253292    	150.000000	257644    	150.000000	257804    	150.000000	257644    	150.000000	3636.23   	150.000000	1707.58   	150.000000	6140.64   	150.000000	4725.42   	150.000000	6015.53   	
155.000000	270066    	155.000000	268091    	155.000000	272689    	155.000000	272861    	155.000000	272690    	155.000000	3840.61   	155.000000	1800.83   	155.000000	6491.37   	155.000000	4989.4    	155.000000	6366.03   	
160.000000	285483    	160.000000	283214    	160.000000	288066    	160.000000	288250    	160.000000	288067    	160.000000	4048.68   	160.000000	1895.76   	160.000000	6849.1    	160.000000	5258.58   	160.000000	6724.18   	
165.000000	301214    	165.000000	298655    	165.000000	303768    	165.000000	303964    	165.000000	303769    	165.000000	4260.33   	165.000000	1992.36   	165.000000	7213.69   	165.000000	5532.85   	165.000000	7089.85   	
170.000000	317253    	170.000000	314408    	170.000000	319789    	170.000000	319999    	170.000000	319790    	170.000000	4475.44   	170.000000	2090.56   	170.000000	7584.95   	170.000000	5812.11   	170.000000	7462.89   	
175.000000	333597    	175.000000	330468    	175.000000	336125    	175.000000	336348    	175.000000	336126    	175.000000	4693.92   	175.000000	2190.28   	175.000000	7962.74   	175.000000	6096.25   	175.000000	7843.17   	
180.000000	350238    	180.000000	346830    	180.000000	352770    	180.000000	353006    	180.000000	352771    	180.000000	4915.66   	180.000000	2291.52   	180.000000	8346.92   	180.000000	6385.18   	180.000000	8230.56   	
185.000000	367173    	185.000000	363487    	185.000000	369718    	185.000000	369968    	185.000000	369719    	185.000000	5140.56   	185.000000	2394.28   	185.000000	8737.32   	185.000000	6678.8    	185.000000	8624.95   	
190.000000	384397    	190.000000	380436    	190.000000	386965    	190.000000	387228    	190.000000	386965    	190.000000	5368.52   	190.000000	2498.49   	190.000000	9133.8    	190.000000	6977.03   	190.000000	9026.19   	
195.000000	401905    	195.000000	397671    	195.000000	404505    	195.000000	404783    	195.000000	404505    	195.000000	5599.44   	195.000000	2604.09   	195.000000	9536.23   	195.000000	7279.76   	195.000000	9434.18   	
200.000000	419691    	200.000000	415187    	200.000000	422335    	200.000000	422626    	200.000000	422333    	200.000000	5833.24   	200.000000	2711.11   	200.000000	9944.47   	200.000000	7586.92   	200.000000	9848.8    	
210.000000	456084    	210.000000	451045    	210.000000	458840    	210.000000	459161    	210.000000	458837    	210.000000	6309.11   	210.000000	2929.29   	210.000000	10777.8   	210.000000	8214.15   	210.000000	10697.4   	
220.000000	493542    	220.000000	487973    	220.000000	496440    	220.000000	496796    	220.000000	496440    	220.000000	6795.44   	220.000000	3152.6    	220.000000	11632.9   	220.000000	8858.05   	220.000000	11571.2   	
230.000000	532031    	230.000000	525937    	230.000000	535105    	230.000000	535496    	230.000000	535106    	230.000000	7291.58   	230.000000	3380.86   	230.000000	12508.6   	230.000000	9518.02   	230.000000	12469.2   	
240.000000	571520    	240.000000	564903    	240.000000	574801    	240.000000	575228    	240.000000	574803    	240.000000	7796.93   	240.000000	3613.87   	240.000000	13404.1   	240.000000	10193.4   	240.000000	13390.7   	
250.000000	611980    	250.000000	604841    	250.000000	615495    	250.000000	615959    	250.000000	615498    	250.000000	8310.92   	250.000000	3851.47   	250.000000	14318.4   	250.000000	10883.7   	250.000000	14334.9   	
260.000000	653382    	260.000000	645720    	260.000000	657158    	260.000000	657659    	260.000000	657160    	260.000000	8832.99   	260.000000	4093.47   	260.000000	15250.8   	260.000000	11588.3   	260.000000	15301     	
270.000000	695699    	270.000000	687511    	270.000000	699758    	270.000000	700297    	270.000000	699760    	270.000000	9362.63   	270.000000	4339.72   	270.000000	16200.3   	270.000000	12306.7   	270.000000	16288.2   	
280.000000	738905    	280.000000	730186    	280.000000	743269    	280.000000	743847    	280.000000	743269    	280.000000	9899.36   	280.000000	4590.09   	280.000000	17166.3   	280.000000	13038.4   	280.000000	17295.8   	
290.000000	782976    	290.000000	773720    	290.000000	787663    	290.000000	788279    	290.000000	787661    	290.000000	10442.7   	290.000000	4844.29   	290.000000	18148     	290.000000	13782.9   	290.000000	18323.3   	
300.000000	827886    	300.000000	818086    	300.000000	832912    	300.000000	833569    	300.000000	832908    	300.000000	10992.2   	300.000000	5102.1    	300.000000	19144.7   	300.000000	14539.7   	300.000000	19369.9   	
310.000000	873614    	310.000000	863262    	310.000000	878988    	310.000000	879690    	310.000000	878986    	310.000000	11547.6   	310.000000	5363.58   	310.000000	20155.7   	310.000000	15308.5   	310.000000	20434.9   	
320.000000	920138    	320.000000	909222    	320.000000	925870    	320.000000	926619    	320.000000	925871    	320.000000	12108.2   	320.000000	5628.52   	320.000000	21180.4   	320.000000	16088.7   	320.000000	21517.9   	
330.000000	967436    	330.000000	955945    	330.000000	973536    	330.000000	974333    	330.000000	973538    	330.000000	12673.9   	330.000000	5896.63   	330.000000	22218.1   	330.000000	16880     	330.000000	22618.2   	
340.000000	1.01549e+06	340.000000	1.00341e+06	340.000000	1.02196e+06	340.000000	1.02281e+06	340.000000	1.02197e+06	340.000000	13244.3   	340.000000	6167.84   	340.000000	23268.2   	340.000000	17681.9   	340.000000	23735.2   	
350.000000	1.06427e+06	350.000000	1.05159e+06	350.000000	1.07113e+06	350.000000	1.07202e+06	350.000000	1.07113e+06	350.000000	13818.9   	350.000000	6442.22   	350.000000	24330.3   	350.000000	18494.1   	350.000000	24868.4   	
360.000000	1.11377e+06	360.000000	1.10048e+06	360.000000	1.12101e+06	360.000000	1.12196e+06	360.000000	1.12102e+06	360.000000	14397.6   	360.000000	6719.72   	360.000000	25403.7   	360.000000	19316.3   	360.000000	26017.2   	
370.000000	1.16397e+06	370.000000	1.15004e+06	370.000000	1.1716e+06	370.000000	1.17259e+06	370.000000	1.1716e+06	370.000000	14980     	370.000000	7000.08   	370.000000	26487.9   	370.000000	20148     	370.000000	27181.2   	
380.000000	1.21485e+06	380.000000	1.20027e+06	380.000000	1.22286e+06	380.000000	1.2239e+06	380.000000	1.22286e+06	380.000000	15565.7   	380.000000	7283.13   	380.000000	27582.5   	380.000000	20988.9   	380.000000	28359.9   	
390.000000	1.26638e+06	390.000000	1.25114e+06	390.000000	1.27478e+06	390.000000	1.27587e+06	390.000000	1.27478e+06	390.000000	16154.7   	390.000000	7568.81   	390.000000	28686.9   	390.000000	21838.8   	390.000000	29552.7   	
400.000000	1.31857e+06	400.000000	1.30264e+06	400.000000	1.32734e+06	400.000000	1.32849e+06	400.000000	1.32735e+06	400.000000	16746.5   	400.000000	7857.08   	400.000000	29800.7   	400.000000	22697.2   	400.000000	30759.3   	
410.000000	1.37138e+06	410.000000	1.35475e+06	410.000000	1.38053e+06	410.000000	1.38173e+06	410.000000	1.38053e+06	410.000000	17340.9   	410.000000	8147.84   	410.000000	30923.5   	410.000000	23563.9   	410.000000	31979.2   	
420.000000	1.42481e+06	420.000000	1.40746e+06	420.000000	1.43432e+06	420.000000	1.43557e+06	420.000000	1.43433e+06	420.000000	17937.8   	420.000000	8440.9    	420.000000	32054.8   	420.000000	24438.6   	420.000000	33211.9   	
430.000000	1.47883e+06	430.000000	1.46074e+06	430.000000	1.48871e+06	430.000000	1.49001e+06	430.000000	1.48871e+06	430.000000	18536.9   	430.000000	8736.09   	430.000000	33194.2   	430.000000	25321     	430.000000	34457.1   	
440.000000	1.53345e+06	440.000000	1.51459e+06	440.000000	1.54367e+06	440.000000	1.54503e+06	440.000000	1.54367e+06	440.000000	19137.9   	440.000000	9033.41   	440.000000	34341.3   	440.000000	26210.9   	440.000000	35714.3   	
450.000000	1.58863e+06	450.000000	1.56898e+06	450.000000	1.59919e+06	450.000000	1.6006e+06	450.000000	1.59919e+06	450.000000	19740.7   	450.000000	9332.92   	450.000000	35495.8   	450.000000	27107.9   	450.000000	36983.1   	
460.000000	1.64436e+06	460.000000	1.62391e+06	460.000000	1.65526e+06	460.000000	1.65672e+06	460.000000	1.65525e+06	460.000000	20345.2   	460.000000	9634.62   	460.000000	36657.3   	460.000000	28011.8   	460.000000	38263.2   	
470.000000	1.70064e+06	470.000000	1.67936e+06	470.000000	1.71185e+06	470.000000	1.71337e+06	470.000000	1.71184e+06	470.000000	20951     	470.000000	9938.43   	470.000000	37825.5   	470.000000	28922.4   	470.000000	39554.3   	
480.000000	1.75745e+06	480.000000	1.73532e+06	480.000000	1.76895e+06	480.000000	1.77054e+06	480.000000	1.76895e+06	480.000000	21558.1   	480.000000	10244.2   	480.000000	39000     	480.000000	29839.4   	480.000000	40855.8   	
490.000000	1.81478e+06	490.000000	1.79177e+06	490.000000	1.82656e+06	490.000000	1.82821e+06	490.000000	1.82656e+06	490.000000	22166.2   	490.000000	10551.8   	490.000000	40180.6   	490.000000	30762.7   	490.000000	42167.6   	
500.000000	1.87262e+06	500.000000	1.84871e+06	500.000000	1.88466e+06	500.000000	1.88637e+06	500.000000	1.88466e+06	500.000000	22775.3   	500.000000	10861.2   	500.000000	41366.8   	500.000000	31691.9   	500.000000	43489.2   	
520.000000	1.98976e+06	520.000000	1.96398e+06	520.000000	2.00228e+06	520.000000	2.00411e+06	520.000000	2.00228e+06	520.000000	23995.7   	520.000000	11485.1   	520.000000	43755.2   	520.000000	33567.4   	520.000000	46160.9   	
540.000000	2.10878e+06	540.000000	2.08104e+06	540.000000	2.12171e+06	540.000000	2.12367e+06	540.000000	2.12172e+06	540.000000	25218.2   	540.000000	12116.1   	540.000000	46163.1   	540.000000	35464.4   	540.000000	48868.3   	
560.000000	2.22961e+06	560.000000	2.1998e+06	560.000000	2.24286e+06	560.000000	2.24495e+06	560.000000	2.24287e+06	560.000000	26441.8   	560.000000	12753.2   	560.000000	48588.5   	560.000000	37381.2   	560.000000	51609.2   	
580.000000	2.35215e+06	580.000000	2.32018e+06	580.000000	2.36566e+06	580.000000	2.36788e+06	580.000000	2.36566e+06	580.000000	27665.6   	580.000000	13396     	580.000000	51029.3   	580.000000	39316.5   	580.000000	54381.4   	
600.000000	2.47633e+06	600.000000	2.44211e+06	600.000000	2.49001e+06	600.000000	2.49236e+06	600.000000	2.49001e+06	600.000000	28888.8   	600.000000	14044.3   	600.000000	53483.9   	600.000000	41269     	600.000000	57182.8   	
620.000000	2.60208e+06	620.000000	2.56551e+06	620.000000	2.61584e+06	620.000000	2.61832e+06	620.000000	2.61584e+06	620.000000	30110.8   	620.000000	14697.8   	620.000000	55950.7   	620.000000	43237.3   	620.000000	60011.6   	
640.000000	2.72933e+06	640.000000	2.69031e+06	640.000000	2.74308e+06	640.000000	2.7457e+06	640.000000	2.74308e+06	640.000000	31330.8   	640.000000	15356.2   	640.000000	58428.1   	640.000000	45220.3   	640.000000	62865.9   	
660.000000	2.858e+06 	660.000000	2.81644e+06	660.000000	2.87166e+06	660.000000	2.87442e+06	660.000000	2.87166e+06	660.000000	32548.3   	660.000000	16019.4   	660.000000	60914.8   	660.000000	47216.9   	660.000000	65744     	
680.000000	2.98805e+06	680.000000	2.94385e+06	680.000000	3.00153e+06	680.000000	3.00442e+06	680.000000	3.00152e+06	680.000000	33762.9   	680.000000	16687.2   	680.000000	63409.5   	680.000000	49226     	680.000000	68644.4   	
700.000000	3.1194e+06	700.000000	3.07248e+06	700.000000	3.13262e+06	700.000000	3.13564e+06	700.000000	3.1326e+06	700.000000	34973.9   	700.000000	17359.2   	700.000000	65910.9   	700.000000	51246.6   	700.000000	71565.4   	
720.000000	3.252e+06 	720.000000	3.20226e+06	720.000000	3.26486e+06	720.000000	3.26802e+06	720.000000	3.26484e+06	720.000000	36181     	720.000000	18035.5   	720.000000	68418.1   	720.000000	53277.9   	720.000000	74505.7   	
740.000000	3.38579e+06	740.000000	3.33315e+06	740.000000	3.3982e+06	740.000000	3.40152e+06	740.000000	3.39819e+06	740.000000	37383.9   	740.000000	18715.8   	740.000000	70929.8   	740.000000	55319     	740.000000	77463.9   	
760.000000	3.52073e+06	760.000000	3.4651e+06	760.000000	3.5326e+06	760.000000	3.53607e+06	760.000000	3.5326e+06	760.000000	38582.2   	760.000000	19399.6   	760.000000	73445.3   	760.000000	57369     	760.000000	80438.8   	
780.000000	3.65675e+06	780.000000	3.59806e+06	780.000000	3.66801e+06	780.000000	3.67164e+06	780.000000	3.66802e+06	780.000000	39775.5   	780.000000	20086.6   	780.000000	75963.6   	780.000000	59427.1   	780.000000	83429     	
800.000000	3.79382e+06	800.000000	3.73198e+06	800.000000	3.80439e+06	800.000000	3.80817e+06	800.000000	3.8044e+06	800.000000	40963.7   	800.000000	20776.8   	800.000000	78483.9   	800.000000	61492.7   	800.000000	86433.6   	
820.000000	3.93188e+06	820.000000	3.86682e+06	820.000000	3.94168e+06	820.000000	3.94562e+06	820.000000	3.9417e+06	820.000000	42146.6   	820.000000	21470.4   	820.000000	81005.4   	820.000000	63565.1   	820.000000	89451.4   	
840.000000	4.0709e+06	840.000000	4.00254e+06	840.000000	4.07984e+06	840.000000	4.08393e+06	840.000000	4.07986e+06	840.000000	43323.3   	840.000000	22167     	840.000000	83527     	840.000000	65643.3   	840.000000	92480.9   	
860.000000	4.21082e+06	860.000000	4.13909e+06	860.000000	4.21881e+06	860.000000	4.22306e+06	860.000000	4.21884e+06	860.000000	44493.7   	860.000000	22866.6   	860.000000	86047.9   	860.000000	67726.5   	860.000000	95521     	
880.000000	4.35161e+06	880.000000	4.27645e+06	880.000000	4.35856e+06	880.000000	4.36297e+06	880.000000	4.35859e+06	880.000000	45657.6   	880.000000	23569     	880.000000	88567.6   	880.000000	69814.3   	880.000000	98570.8   	
900.000000	4.49323e+06	900.000000	4.41457e+06	900.000000	4.49906e+06	900.000000	4.50362e+06	900.000000	4.49909e+06	900.000000	46814.9   	900.000000	24273.9   	900.000000	91085.4   	900.000000	71906.1   	900.000000	101629    	
920.000000	4.63565e+06	920.000000	4.55342e+06	920.000000	4.64027e+06	920.000000	4.64499e+06	920.000000	4.6403e+06	920.000000	47965.4   	920.000000	24981.2   	920.000000	93600.8   	920.000000	74001.3   	920.000000	104696    	
940.000000	4.77881e+06	940.000000	4.69296e+06	940.000000	4.78215e+06	940.000000	4.78703e+06	940.000000	4.78219e+06	940.000000	49109.3   	940.000000	25690.6   	940.000000	96113.5   	940.000000	76099.6   	940.000000	107770    	
960.000000	4.9227e+06	960.000000	4.83317e+06	960.000000	4.92469e+06	960.000000	4.92973e+06	960.000000	4.92472e+06	960.000000	50246.3   	960.000000	26402.1   	960.000000	98622.9   	960.000000	78200.4   	960.000000	110850    	
980.000000	5.06728e+06	980.000000	4.97402e+06	980.000000	5.06785e+06	980.000000	5.07305e+06	980.000000	5.06788e+06	980.000000	51376.4   	980.000000	27115.5   	980.000000	101129    	980.000000	80303.3   	980.000000	113936    	
1000.000000	5.2125e+06	1000.000000	5.11548e+06	1000.000000	5.2116e+06	1000.000000	5.21696e+06	1000.000000	5.21164e+06	1000.000000	52499.6   	1000.000000	27831     	1000.000000	103630    	1000.000000	82408     	1000.000000	117028    	
1020.000000	5.35836e+06	1020.000000	5.25751e+06	1020.000000	5.35592e+06	1020.000000	5.36144e+06	1020.000000	5.35596e+06	1020.000000	53615.9   	1020.000000	28548.4   	1020.000000	106128    	1020.000000	84514.1   	1020.000000	120124    	
1040.000000	5.50481e+06	1040.000000	5.40009e+06	1040.000000	5.50079e+06	1040.000000	5.50647e+06	1040.000000	5.50082e+06	1040.000000	54725.2   	1040.000000	29267.7   	1040.000000	108620    	1040.000000	86621.1   	1040.000000	123224    	
1060.000000	5.65182e+06	1060.000000	5.5432e+06	1060.000000	5.64618e+06	1060.000000	5.65201e+06	1060.000000	5.6462e+06	1060.000000	55827.6   	1060.000000	29989     	1060.000000	111108    	1060.000000	88728.8   	1060.000000	126327    	
1080.000000	5.79937e+06	1080.000000	5.68681e+06	1080.000000	5.79206e+06	1080.000000	5.79805e+06	1080.000000	5.79208e+06	1080.000000	56923.1   	1080.000000	30712     	1080.000000	113590    	1080.000000	90836.9   	1080.000000	129434    	
1100.000000	5.94743e+06	1100.000000	5.83091e+06	1100.000000	5.93842e+06	1100.000000	5.94458e+06	1100.000000	5.93844e+06	1100.000000	58011.6   	1100.000000	31436.8   	1100.000000	116067    	1100.000000	92945     	1100.000000	132543    	
1120.000000	6.09598e+06	1120.000000	5.97545e+06	1120.000000	6.08523e+06	1120.000000	6.09155e+06	1120.000000	6.08525e+06	1120.000000	59093.1   	1120.000000	32163.4   	1120.000000	118538    	1120.000000	95052.8   	1120.000000	135653    	
1140.000000	6.24499e+06	1140.000000	6.12043e+06	1140.000000	6.23249e+06	1140.000000	6.23896e+06	1140.000000	6.2325e+06	1140.000000	60167.8   	1140.000000	32891.7   	1140.000000	121003    	1140.000000	97160.1   	1140.000000	138766    	
1160.000000	6.39443e+06	1160.000000	6.26583e+06	1160.000000	6.38016e+06	1160.000000	6.38679e+06	1160.000000	6.38017e+06	1160.000000	61235.5   	1160.000000	33621.6   	1160.000000	123461    	1160.000000	99266.7   	1160.000000	141879    	
1180.000000	6.54429e+06	1180.000000	6.41162e+06	1180.000000	6.52822e+06	1180.000000	6.53502e+06	1180.000000	6.52823e+06	1180.000000	62296.4   	1180.000000	34353.2   	1180.000000	125914    	1180.000000	101372    	1180.000000	144993    	
1200.000000	6.69454e+06	1200.000000	6.55778e+06	1200.000000	6.67668e+06	1200.000000	6.68364e+06	1200.000000	6.67668e+06	1200.000000	63350.4   	1200.000000	35086.5   	1200.000000	128360    	1200.000000	103477    	1200.000000	148107    	
1220.000000	6.84516e+06	1220.000000	6.7043e+06	1220.000000	6.82549e+06	1220.000000	6.83262e+06	1220.000000	6.82549e+06	1220.000000	64397.6   	1220.000000	35821.3   	1220.000000	130799    	1220.000000	105580    	1220.000000	151222    	
1240.000000	6.99613e+06	1240.000000	6.85116e+06	1240.000000	6.97466e+06	1240.000000	6.98195e+06	1240.000000	6.97465e+06	1240.000000	65438     	1240.000000	36557.7   	1240.000000	133231    	1240.000000	107681    	1240.000000	154335    	
1260.000000	7.14742e+06	1260.000000	6.99834e+06	1260.000000	7.12417e+06	1260.000000	7.13161e+06	1260.000000	7.12415e+06	1260.000000	66471.7   	1260.000000	37295.7   	1260.000000	135656    	1260.000000	109780    	1260.000000	157448    	
1280.000000	7.29903e+06	1280.000000	7.14582e+06	1280.000000	7.27399e+06	1280.000000	7.2816e+06	1280.000000	7.27397e+06	1280.000000	67498.7   	1280.000000	38035.2   	1280.000000	138075    	1280.000000	111878    	1280.000000	160560    	
1300.000000	7.45093e+06	1300.000000	7.29359e+06	1300.000000	7.42413e+06	1300.000000	7.43189e+06	1300.000000	7.4241e+06	1300.000000	68519.1   	1300.000000	38776.1   	1300.000000	140486    	1300.000000	113973    	1300.000000	163671    	
1320.000000	7.6031e+06	1320.000000	7.44163e+06	1320.000000	7.57455e+06	1320.000000	7.58248e+06	1320.000000	7.57452e+06	1320.000000	69532.9   	1320.000000	39518.6   	1320.000000	142889    	1320.000000	116066    	1320.000000	166780    	
1340.000000	7.75553e+06	1340.000000	7.58994e+06	1340.000000	7.72526e+06	1340.000000	7.73334e+06	1340.000000	7.72522e+06	1340.000000	70540.1   	1340.000000	40262.5   	1340.000000	145286    	1340.000000	118156    	1340.000000	169887    	
1360.000000	7.90819e+06	1360.000000	7.73848e+06	1360.000000	7.87623e+06	1360.000000	7.88448e+06	1360.000000	7.87618e+06	1360.000000	71540.8   	1360.000000	41007.8   	1360.000000	147675    	1360.000000	120244    	1360.000000	172992    	
1380.000000	8.06108e+06	1380.000000	7.88726e+06	1380.000000	8.02746e+06	1380.000000	8.03588e+06	1380.000000	8.02741e+06	1380.000000	72535.1   	1380.000000	41754.6   	1380.000000	150056    	1380.000000	122328    	1380.000000	176095    	
1400.000000	8.21417e+06	1400.000000	8.03626e+06	1400.000000	8.17893e+06	1400.000000	8.18752e+06	1400.000000	8.17888e+06	1400.000000	73523     	1400.000000	42502.8   	1400.000000	152430    	1400.000000	124410    	1400.000000	179195    	
1420.000000	8.36745e+06	1420.000000	8.18546e+06	1420.000000	8.33063e+06	1420.000000	8.3394e+06	1420.000000	8.33059e+06	1420.000000	74504.6   	1420.000000	43252.3   	1420.000000	154796    	1420.000000	126489    	1420.000000	182292    	
1440.000000	8.52091e+06	1440.000000	8.33485e+06	1440.000000	8.48256e+06	1440.000000	8.4915e+06	1440.000000	8.48252e+06	1440.000000	75479.8   	1440.000000	44003.2   	1440.000000	157155    	1440.000000	128565    	1440.000000	185386    	
1460.000000	8.67454e+06	1460.000000	8.48442e+06	1460.000000	8.6347e+06	1460.000000	8.64381e+06	1460.000000	8.63467e+06	1460.000000	76448.9   	1460.000000	44755.5   	1460.000000	159506    	1460.000000	130638    	1460.000000	188477    	
1480.000000	8.82831e+06	1480.000000	8.63416e+06	1480.000000	8.78704e+06	1480.000000	8.79634e+06	1480.000000	8.78702e+06	1480.000000	77411.8   	1480.000000	45509     	1480.000000	161849    	1480.000000	132707    	1480.000000	191565    	
1500.000000	8.98221e+06	1500.000000	8.78406e+06	1500.000000	8.93958e+06	1500.000000	8.94906e+06	1500.000000	8.93957e+06	1500.000000	78368.5   	1500.000000	46263.9   	1500.000000	164184    	1500.000000	134773    	1500.000000	194648    	
1520.000000	9.13624e+06	1520.000000	8.93411e+06	1520.000000	9.09231e+06	1520.000000	9.10197e+06	1520.000000	9.09231e+06	1520.000000	79319.3   	1520.000000	47020.1   	1520.000000	166511    	1520.000000	136835    	1520.000000	197729    	
1540.000000	9.29037e+06	1540.000000	9.08429e+06	1540.000000	9.24522e+06	1540.000000	9.25505e+06	1540.000000	9.24522e+06	1540.000000	80264     	1540.000000	47777.6   	1540.000000	168831    	1540.000000	138893    	1540.000000	200805    	
1560.000000	9.4446e+06	1560.000000	9.2346e+06	1560.000000	9.3983e+06	1560.000000	9.40831e+06	1560.000000	9.39831e+06	1560.000000	81202.8   	1560.000000	48536.3   	1560.000000	171143    	1560.000000	140948    	1560.000000	203877    	
1580.000000	9.59892e+06	1580.000000	9.38503e+06	1580.000000	9.55154e+06	1580.000000	9.56173e+06	1580.000000	9.55156e+06	1580.000000	82135.7   	1580.000000	49296.4   	1580.000000	173447    	1580.000000	142999    	1580.000000	206945    	
1600.000000	9.75331e+06	1600.000000	9.53557e+06	1600.000000	9.70495e+06	1600.000000	9.71531e+06	1600.000000	9.70497e+06	1600.000000	83062.8   	1600.000000	50057.7   	1600.000000	175743    	1600.000000	145046    	1600.000000	210009    	
1620.000000	9.90776e+06	1620.000000	9.6862e+06	1620.000000	9.8585e+06	1620.000000	9.86904e+06	1620.000000	9.85853e+06	1620.000000	83984.2   	1620.000000	50820.3   	1620.000000	178031    	1620.000000	147089    	1620.000000	213068    	
1640.000000	1.00623e+07	1640.000000	9.83693e+06	1640.000000	1.00122e+07	1640.000000	1.00229e+07	1640.000000	1.00122e+07	1640.000000	84899.9   	1640.000000	51584.1   	1640.000000	180311    	1640.000000	149129    	1640.000000	216123    	
1660.000000	1.02168e+07	1660.000000	9.98773e+06	1660.000000	1.0166e+07	1660.000000	1.01769e+07	1660.000000	1.01661e+07	1660.000000	85809.9   	1660.000000	52349.3   	1660.000000	182583    	1660.000000	151164    	1660.000000	219173    	
1680.000000	1.03714e+07	1680.000000	1.01386e+07	1680.000000	1.032e+07 	1680.000000	1.0331e+07	1680.000000	1.032e+07 	1680.000000	86714.3   	1680.000000	53115.6   	1680.000000	184848    	1680.000000	153195    	1680.000000	222218    	
1700.000000	1.0526e+07	1700.000000	1.02896e+07	1700.000000	1.04741e+07	1700.000000	1.04853e+07	1700.000000	1.04741e+07	1700.000000	87613.2   	1700.000000	53883.2   	1700.000000	187104    	1700.000000	155222    	1700.000000	225258    	
1750.000000	1.09125e+07	1750.000000	1.06672e+07	1750.000000	1.08597e+07	1750.000000	1.08714e+07	1750.000000	1.08598e+07	1750.000000	89836.8   	1750.000000	55807.5   	1750.000000	192712    	1750.000000	160271    	1750.000000	232837    	
1800.000000	1.1299e+07	1800.000000	1.1045e+07	1800.000000	1.12461e+07	1800.000000	1.12582e+07	1800.000000	1.12462e+07	1800.000000	92027.1   	1800.000000	57739     	1800.000000	198270    	1800.000000	165293    	1800.000000	240383    	
1850.000000	1.16853e+07	1850.000000	1.1423e+07	1850.000000	1.1633e+07	1850.000000	1.16455e+07	1850.000000	1.16331e+07	1850.000000	94185     	1850.000000	59677.2   	1850.000000	203780    	1850.000000	170288    	1850.000000	247896    	
1900.000000	1.20712e+07	1900.000000	1.18011e+07	1900.000000	1.20204e+07	1900.000000	1.20334e+07	1900.000000	1.20205e+07	1900.000000	96311.4   	1900.000000	61621.9   	1900.000000	209242    	1900.000000	175254    	1900.000000	255374    	
1950.000000	1.24568e+07	1950.000000	1.21791e+07	1950.000000	1.24082e+07	1950.000000	1.24216e+07	1950.000000	1.24083e+07	1950.000000	98407.3   	1950.000000	63572.8   	1950.000000	214656    	1950.000000	180193    	1950.000000	262816    	
2000.000000	1.28418e+07	2000.000000	1.2557e+07	2000.000000	1.27964e+07	2000.000000	1.28102e+07	2000.000000	1.27965e+07	2000.000000	100473    	2000.000000	65529.9   	2000.000000	220023    	2000.000000	185103    	2000.000000	270223    	
2100.000000	1.36098e+07	2100.000000	1.33121e+07	2100.000000	1.35736e+07	2100.000000	1.35883e+07	2100.000000	1.35737e+07	2100.000000	104519    	2100.000000	69463.7   	2100.000000	230618    	2100.000000	194837    	2100.000000	284925    	
2200.000000	1.43747e+07	2200.000000	1.40659e+07	2200.000000	1.43516e+07	2200.000000	1.43672e+07	2200.000000	1.43518e+07	2200.000000	108455    	2200.000000	73424.6   	2200.000000	241031    	2200.000000	204456    	2200.000000	299476    	
2300.000000	1.51359e+07	2300.000000	1.48179e+07	2300.000000	1.51302e+07	2300.000000	1.51467e+07	2300.000000	1.51303e+07	2300.000000	112287    	2300.000000	77412.6   	2300.000000	251267    	2300.000000	213958    	2300.000000	313875    	
2400.000000	1.58928e+07	2400.000000	1.55678e+07	2400.000000	1.5909e+07	2400.000000	1.59264e+07	2400.000000	1.59092e+07	2400.000000	116021    	2400.000000	81427.1   	2400.000000	261331    	2400.000000	223345    	2400.000000	328120    	
2500.000000	1.66451e+07	2500.000000	1.63152e+07	2500.000000	1.66879e+07	2500.000000	1.6706e+07	2500.000000	1.6688e+07	2500.000000	119661    	2500.000000	85466.7   	2500.000000	271228    	2500.000000	232618    	2500.000000	342212    	
2600.000000	1.73923e+07	2600.000000	1.70597e+07	2600.000000	1.74665e+07	2600.000000	1.74855e+07	2600.000000	1.74666e+07	2600.000000	123212    	2600.000000	89530.2   	2600.000000	280964    	2600.000000	241776    	2600.000000	356150    	
2700.000000	1.81342e+07	2700.000000	1.78012e+07	2700.000000	1.82448e+07	2700.000000	1.82646e+07	2700.000000	1.82449e+07	2700.000000	126680    	2700.000000	93617.4   	2700.000000	290543    	2700.000000	250823    	2700.000000	369935    	
2800.000000	1.88705e+07	2800.000000	1.85394e+07	2800.000000	1.90225e+07	2800.000000	1.90432e+07	2800.000000	1.90227e+07	2800.000000	130067    	2800.000000	97728.1   	2800.000000	299970    	2800.000000	259760    	2800.000000	383569    	
2900.000000	1.9601e+07	2900.000000	1.92742e+07	2900.000000	1.97997e+07	2900.000000	1.98212e+07	2900.000000	1.97998e+07	2900.000000	133379    	2900.000000	101863    	2900.000000	309251    	2900.000000	268588    	2900.000000	397054    	
3000.000000	2.03254e+07	3000.000000	2.00054e+07	3000.000000	2.05761e+07	3000.000000	2.05985e+07	3000.000000	2.05762e+07	3000.000000	136618    	3000.000000	106021    	3000.000000	318390    	3000.000000	277309    	3000.000000	410391    	
3200.000000	2.17558e+07	3200.000000	2.14564e+07	3200.000000	2.21266e+07	3200.000000	2.21506e+07	3200.000000	2.21266e+07	3200.000000	142892    	3200.000000	114412    	3200.000000	336261    	3200.000000	294441    	3200.000000	436632    	
3400.000000	2.31607e+07	3400.000000	2.28916e+07	3400.000000	2.36732e+07	3400.000000	2.36989e+07	3400.000000	2.36733e+07	3400.000000	148916    	3400.000000	122899    	3400.000000	353617    	3400.000000	311171    	3400.000000	462312    	
3600.000000	2.45396e+07	3600.000000	2.43106e+07	3600.000000	2.52158e+07	3600.000000	2.52431e+07	3600.000000	2.52159e+07	3600.000000	154711    	3600.000000	131483    	3600.000000	370490    	3600.000000	327518    	3600.000000	487450    	
3800.000000	2.58923e+07	3800.000000	2.57128e+07	3800.000000	2.67541e+07	3800.000000	2.67829e+07	3800.000000	2.67541e+07	3800.000000	160295    	3800.000000	140159    	3800.000000	386912    	3800.000000	343497    	3800.000000	512068    	
4000.000000	2.72185e+07	4000.000000	2.70982e+07	4000.000000	2.82878e+07	4000.000000	2.83183e+07	4000.000000	2.82878e+07	4000.000000	165687    	4000.000000	148927    	4000.000000	402908    	4000.000000	359125    	4000.000000	536187    	
4200.000000	2.85186e+07	4200.000000	2.84665e+07	4200.000000	2.98169e+07	4200.000000	2.9849e+07	4200.000000	2.98169e+07	4200.000000	170900    	4200.000000	157783    	4200.000000	418505    	4200.000000	374418    	4200.000000	559826    	
4400.000000	2.97925e+07	4400.000000	2.98179e+07	4400.000000	3.13414e+07	4400.000000	3.1375e+07	4400.000000	3.13414e+07	4400.000000	175948    	4400.000000	166728    	4400.000000	433725    	4400.000000	389391    	4400.000000	583005    	
4600.000000	3.10408e+07	4600.000000	3.11523e+07	4600.000000	3.28613e+07	4600.000000	3.28964e+07	4600.000000	3.28612e+07	4600.000000	180844    	4600.000000	175759    	4600.000000	448589    	4600.000000	404058    	4600.000000	605744    	
4800.000000	3.22637e+07	4800.000000	3.247e+07 	4800.000000	3.43765e+07	4800.000000	3.44131e+07	4800.000000	3.43764e+07	4800.000000	185598    	4800.000000	184876    	4800.000000	463118    	4800.000000	418432    	4800.000000	628060    	
5000.000000	3.34618e+07	5000.000000	3.3771e+07	5000.000000	3.58871e+07	5000.000000	3.59253e+07	5000.000000	3.5887e+07	5000.000000	190219    	5000.000000	194077    	5000.000000	477329    	5000.000000	432527    	5000.000000	649971    	
5250.000000	3.49251e+07	5250.000000	3.53742e+07	5250.000000	3.7769e+07	5250.000000	3.7809e+07	5250.000000	3.77688e+07	5250.000000	195822    	5250.000000	205697    	5250.000000	494672    	5250.000000	449771    	5250.000000	676816    	
5500.000000	3.63512e+07	5500.000000	3.69523e+07	5500.000000	3.96439e+07	5500.000000	3.96858e+07	5500.000000	3.96437e+07	5500.000000	201248    	5500.000000	217447    	5500.000000	511575    	5500.000000	466619    	5500.000000	703083    	
6000.000000	3.90964e+07	6000.000000	4.00348e+07	6000.000000	4.33735e+07	6000.000000	4.34191e+07	6000.000000	4.33733e+07	6000.000000	211615    	6000.000000	241330    	6000.000000	544163    	6000.000000	499208    	6000.000000	754001    	
6500.000000	4.17056e+07	6500.000000	4.3023e+07	6500.000000	4.70772e+07	6500.000000	4.71264e+07	6500.000000	4.70769e+07	6500.000000	221412    	6500.000000	265714    	6500.000000	575284    	6500.000000	530441    	6500.000000	802928    	
7000.000000	4.41876e+07	7000.000000	4.59212e+07	7000.000000	5.07563e+07	7000.000000	5.08091e+07	7000.000000	5.0756e+07	7000.000000	230713    	7000.000000	290585    	7000.000000	605095    	7000.000000	560446    	7000.000000	850046    	
7500.000000	4.65503e+07	7500.000000	4.87339e+07	7500.000000	5.44122e+07	7500.000000	5.44685e+07	7500.000000	5.44119e+07	7500.000000	239576    	7500.000000	315932    	7500.000000	633729    	7500.000000	589334    	7500.000000	895511    	
8000.000000	4.88016e+07	8000.000000	5.14654e+07	8000.000000	5.80462e+07	8000.000000	5.81059e+07	8000.000000	5.80458e+07	8000.000000	248051    	8000.000000	341745    	8000.000000	661300    	8000.000000	617200    	8000.000000	939461    	
8500.000000	5.09488e+07	8500.000000	5.41199e+07	8500.000000	6.16594e+07	8500.000000	6.17226e+07	8500.000000	6.1659e+07	8500.000000	256179    	8500.000000	368011    	8500.000000	687904    	8500.000000	644128    	8500.000000	982016    	
9000.000000	5.29986e+07	9000.000000	5.67013e+07	9000.000000	6.5253e+07	9000.000000	6.53196e+07	9000.000000	6.52527e+07	9000.000000	263995    	9000.000000	394707    	9000.000000	713625    	9000.000000	670194    	9000.000000	1.02328e+06	
9500.000000	5.49573e+07	9500.000000	5.92134e+07	9500.000000	6.88281e+07	9500.000000	6.8898e+07	9500.000000	6.88278e+07	9500.000000	271528    	9500.000000	421819    	9500.000000	738536    	9500.000000	695463    	9500.000000	1.06336e+06	
10000.000000	5.68306e+07	10000.000000	6.16595e+07	10000.000000	7.23856e+07	10000.000000	7.24588e+07	10000.000000	7.23853e+07	10000.000000	278805    	10000.000000	449346    	10000.000000	762701    	10000.000000	719992    	10000.000000	1.10233e+06	
11000.000000	6.03426e+07	11000.000000	6.63669e+07	11000.000000	7.94513e+07	11000.000000	7.95311e+07	11000.000000	7.94512e+07	11000.000000	292672    	11000.000000	505638    	11000.000000	809013    	11000.000000	767033    	11000.000000	1.17724e+06	
12000.000000	6.35726e+07	12000.000000	7.08472e+07	12000.000000	8.64566e+07	12000.000000	8.65427e+07	12000.000000	8.64566e+07	12000.000000	305742    	12000.000000	563540    	12000.000000	852937    	12000.000000	811672    	12000.000000	1.24853e+06	
13000.000000	6.65533e+07	13000.000000	7.51212e+07	13000.000000	9.3407e+07	13000.000000	9.34992e+07	13000.000000	9.34071e+07	13000.000000	318127    	13000.000000	622986    	13000.000000	894776    	13000.000000	854197    	13000.000000	1.31662e+06	
14000.000000	6.93125e+07	14000.000000	7.92071e+07	14000.000000	1.00307e+08	14000.000000	1.00405e+08	14000.000000	1.00307e+08	14000.000000	329916    	14000.000000	683897    	14000.000000	934776    	14000.000000	894844    	14000.000000	1.38187e+06	
15000.000000	7.1874e+07	15000.000000	8.31208e+07	15000.000000	1.07161e+08	15000.000000	1.07265e+08	15000.000000	1.07161e+08	15000.000000	341182    	15000.000000	746205    	15000.000000	973139    	15000.000000	933811    	15000.000000	1.44457e+06	
16000.000000	7.42585e+07	16000.000000	8.68765e+07	16000.000000	1.13972e+08	16000.000000	1.14082e+08	16000.000000	1.13972e+08	16000.000000	351984    	16000.000000	809860    	16000.000000	1.01003e+06	16000.000000	971264    	16000.000000	1.50496e+06	
17000.000000	7.64837e+07	17000.000000	9.04865e+07	17000.000000	1.20744e+08	17000.000000	1.20859e+08	17000.000000	1.20744e+08	17000.000000	362371    	17000.000000	874826    	17000.000000	1.0456e+06	17000.000000	1.00735e+06	17000.000000	1.56326e+06	
18000.000000	7.85652e+07	18000.000000	9.39619e+07	18000.000000	1.27479e+08	18000.000000	1.27599e+08	18000.000000	1.27479e+08	18000.000000	372385    	18000.000000	941075    	18000.000000	1.07996e+06	18000.000000	1.04218e+06	18000.000000	1.61965e+06	
19000.000000	8.05165e+07	19000.000000	9.73127e+07	19000.000000	1.34179e+08	19000.000000	1.34304e+08	19000.000000	1.34179e+08	19000.000000	382060    	19000.000000	1.00858e+06	19000.000000	1.11322e+06	19000.000000	1.07586e+06	19000.000000	1.67428e+06	
20000.000000	8.23495e+07	20000.000000	1.00547e+08	20000.000000	1.40847e+08	20000.000000	1.40977e+08	20000.000000	1.40847e+08	20000.000000	391426    	20000.000000	1.07732e+06	20000.000000	1.14547e+06	20000.000000	1.1085e+06	20000.000000	1.72731e+06	
21000.000000	8.40746e+07	21000.000000	1.03674e+08	21000.000000	1.47484e+08	21000.000000	1.4762e+08	21000.000000	1.47485e+08	21000.000000	400511    	21000.000000	1.14726e+06	21000.000000	1.17678e+06	21000.000000	1.14016e+06	21000.000000	1.77884e+06	
22000.000000	8.5701e+07	22000.000000	1.067e+08 	22000.000000	1.54093e+08	22000.000000	1.54234e+08	22000.000000	1.54094e+08	22000.000000	409335    	22000.000000	1.21839e+06	22000.000000	1.20724e+06	22000.000000	1.17092e+06	22000.000000	1.82898e+06	
23000.000000	8.72371e+07	23000.000000	1.09632e+08	23000.000000	1.60676e+08	23000.000000	1.6082e+08	23000.000000	1.60676e+08	23000.000000	417920    	23000.000000	1.29066e+06	23000.000000	1.23689e+06	23000.000000	1.20085e+06	23000.000000	1.87784e+06	
24000.000000	8.86901e+07	24000.000000	1.12475e+08	24000.000000	1.67232e+08	24000.000000	1.67381e+08	24000.000000	1.67233e+08	24000.000000	426282    	24000.000000	1.364e+06 	24000.000000	1.2658e+06	24000.000000	1.22999e+06	24000.000000	1.92549e+06	
25000.000000	9.00665e+07	25000.000000	1.15235e+08	25000.000000	1.73764e+08	25000.000000	1.73917e+08	25000.000000	1.73765e+08	25000.000000	434437    	25000.000000	1.4384e+06	25000.000000	1.29401e+06	25000.000000	1.25841e+06	25000.000000	1.97202e+06	
26000.000000	9.13723e+07	26000.000000	1.17916e+08	26000.000000	1.80273e+08	26000.000000	1.8043e+08	26000.000000	1.80274e+08	26000.000000	442400    	26000.000000	1.51385e+06	26000.000000	1.32156e+06	26000.000000	1.28614e+06	26000.000000	2.01748e+06	
27000.000000	9.26126e+07	27000.000000	1.20524e+08	27000.000000	1.8676e+08	27000.000000	1.86921e+08	27000.000000	1.86762e+08	27000.000000	450182    	27000.000000	1.59033e+06	27000.000000	1.3485e+06	27000.000000	1.31323e+06	27000.000000	2.06195e+06	
28000.000000	9.37922e+07	28000.000000	1.23062e+08	28000.000000	1.93226e+08	28000.000000	1.93391e+08	28000.000000	1.93228e+08	28000.000000	457794    	28000.000000	1.66781e+06	28000.000000	1.37487e+06	28000.000000	1.33971e+06	28000.000000	2.10548e+06	
29000.000000	9.49155e+07	29000.000000	1.25533e+08	29000.000000	1.99672e+08	29000.000000	1.99841e+08	29000.000000	1.99674e+08	29000.000000	465247    	29000.000000	1.74627e+06	29000.000000	1.40068e+06	29000.000000	1.36562e+06	29000.000000	2.14812e+06	
30000.000000	9.59863e+07	30000.000000	1.27942e+08	30000.000000	2.06098e+08	30000.000000	2.06271e+08	30000.000000	2.06101e+08	30000.000000	472550    	30000.000000	1.82568e+06	30000.000000	1.42598e+06	30000.000000	1.39098e+06	30000.000000	2.18993e+06	
32000.000000	9.79844e+07	32000.000000	1.32585e+08	32000.000000	2.18897e+08	32000.000000	2.19076e+08	32000.000000	2.189e+08 	32000.000000	486739    	32000.000000	1.98736e+06	32000.000000	1.47513e+06	32000.000000	1.44021e+06	32000.000000	2.27117e+06	
34000.000000	9.98114e+07	34000.000000	1.37012e+08	34000.000000	2.31628e+08	34000.000000	2.31813e+08	34000.000000	2.31631e+08	34000.000000	500418    	34000.000000	2.15272e+06	34000.000000	1.52251e+06	34000.000000	1.48757e+06	34000.000000	2.34954e+06	
36000.000000	1.01488e+08	36000.000000	1.41244e+08	36000.000000	2.44295e+08	36000.000000	2.44486e+08	36000.000000	2.44299e+08	36000.000000	513636    	36000.000000	2.32164e+06	36000.000000	1.56829e+06	36000.000000	1.53326e+06	36000.000000	2.42527e+06	
38000.000000	1.03032e+08	38000.000000	1.45296e+08	38000.000000	2.56904e+08	38000.000000	2.57099e+08	38000.000000	2.56909e+08	38000.000000	526436    	38000.000000	2.49396e+06	38000.000000	1.6126e+06	38000.000000	1.57741e+06	38000.000000	2.49861e+06	
40000.000000	1.04457e+08	40000.000000	1.49185e+08	40000.000000	2.69458e+08	40000.000000	2.69657e+08	40000.000000	2.69463e+08	40000.000000	538854    	40000.000000	2.66954e+06	40000.000000	1.65555e+06	40000.000000	1.62015e+06	40000.000000	2.56974e+06	
42000.000000	1.05777e+08	42000.000000	1.52924e+08	42000.000000	2.81961e+08	42000.000000	2.82162e+08	42000.000000	2.81967e+08	42000.000000	550921    	42000.000000	2.84827e+06	42000.000000	1.69727e+06	42000.000000	1.6616e+06	42000.000000	2.63883e+06	
44000.000000	1.07003e+08	44000.000000	1.56523e+08	44000.000000	2.94414e+08	44000.000000	2.94618e+08	44000.000000	2.94421e+08	44000.000000	562664    	44000.000000	3.0301e+06	44000.000000	1.73783e+06	44000.000000	1.70184e+06	44000.000000	2.70603e+06	
46000.000000	1.08144e+08	46000.000000	1.59993e+08	46000.000000	3.06822e+08	46000.000000	3.07028e+08	46000.000000	3.06831e+08	46000.000000	574107    	46000.000000	3.21497e+06	46000.000000	1.77732e+06	46000.000000	1.74096e+06	46000.000000	2.77148e+06	
48000.000000	1.09209e+08	48000.000000	1.63343e+08	48000.000000	3.19186e+08	48000.000000	3.19395e+08	48000.000000	3.19197e+08	48000.000000	585271    	48000.000000	3.40284e+06	48000.000000	1.81582e+06	48000.000000	1.77905e+06	48000.000000	2.83529e+06	
50000.000000	1.10204e+08	50000.000000	1.66582e+08	50000.000000	3.31509e+08	50000.000000	3.31719e+08	50000.000000	3.31523e+08	50000.000000	596176    	50000.000000	3.59365e+06	50000.000000	1.85338e+06	50000.000000	1.81617e+06	50000.000000	2.89757e+06	
