! 3He range in H190C5F20
! apply ZOOM for details
Energy (MeV/u)1	0 - [He-base] F.Hubert et al, AD&ND Tables 46(1990)1	Energy (MeV/u)2	1 - [H -base] J.F.Ziegler et al,Pergamon Press,NY(low energy)	Energy (MeV/u)3	2 - ATIMA 1.2 LS-theory (recommended for high energy)	Energy (MeV/u)4	3 - ATIMA 1.2 without LS-correction	Energy (MeV/u)5	4 - ATIMA 1.4 H.Weick, improved mean charge formula for HI	Energy (MeV/u)6	5 - Range straggling - method [0] - LISE	Energy (MeV/u)7	6 - Range straggling - method [1] - Atima	Energy (MeV/u)8	7 - Lateral range - method [0] - LISE	Energy (MeV/u)9	8 - Lateral range - method [1] - Atima	Energy (MeV/u)10	9 - Lateral range - method [2] - PDG	
0.001000	320.646   	0.001000	320.646   	0.001000	242.323   	0.001000	242.323   	0.001000	242.399   	0.001000	0         	0.001000	0         	0.001000	2.68641   	0.001000	6.22417   	0.001000	2.7469    	
0.002000	641.293   	0.002000	641.293   	0.002000	484.646   	0.002000	484.646   	0.002000	484.797   	0.002000	25.0837   	0.002000	25.0837   	0.002000	7.86672   	0.002000	17.6095   	0.002000	8.4804    	
0.005000	1331.28   	0.005000	1331.28   	0.005000	1007.28   	0.005000	1007.28   	0.005000	1007.5    	0.005000	28.3441   	0.005000	28.3441   	0.005000	24.006    	0.005000	52.4279   	0.005000	26.7715   	
0.008000	1832.06   	0.008000	1832.06   	0.008000	1397.71   	0.008000	1397.71   	0.008000	1397.94   	0.008000	28.4182   	0.008000	28.4182   	0.008000	39.6804   	0.008000	85.6022   	0.008000	44.9556   	
0.010000	2114.01   	0.010000	2114.01   	0.010000	1622.11   	0.010000	1622.11   	0.010000	1622.34   	0.010000	28.6519   	0.010000	28.6519   	0.010000	49.8875   	0.010000	106.998   	0.010000	56.9309   	
0.015000	2691.12   	0.015000	2691.12   	0.015000	2111.15   	0.015000	2111.15   	0.015000	2111.4    	0.015000	29.7582   	0.015000	29.7582   	0.015000	74.8318   	0.015000	158.819   	0.015000	86.4944   	
0.020000	3148.74   	0.020000	3148.74   	0.020000	2535.74   	0.020000	2535.74   	0.020000	2535.99   	0.020000	31.2078   	0.020000	31.2078   	0.020000	99.2669   	0.020000	209.085   	0.020000	115.769   	
0.025000	3537.19   	0.025000	3537.19   	0.025000	2918.74   	0.025000	2918.74   	0.025000	2918.99   	0.025000	32.74     	0.025000	32.74     	0.025000	122.559   	0.025000	256.152   	0.025000	144.854   	
0.030000	3881.07   	0.030000	3881.07   	0.030000	3269.67   	0.030000	3269.67   	0.030000	3269.92   	0.030000	34.2236   	0.030000	34.2236   	0.030000	142.724   	0.030000	294.963   	0.030000	173.236   	
0.035000	4194.05   	0.035000	4194.05   	0.035000	3594.71   	0.035000	3594.71   	0.035000	3594.97   	0.035000	35.6099   	0.035000	35.6099   	0.035000	160.849   	0.035000	328.541   	0.035000	196.066   	
0.040000	4484.36   	0.040000	4484.36   	0.040000	3899.73   	0.040000	3899.73   	0.040000	3899.98   	0.040000	36.9036   	0.040000	36.9036   	0.040000	177.651   	0.040000	358.745   	0.040000	214.381   	
0.045000	4757.2    	0.045000	4757.2    	0.045000	4188.74   	0.045000	4188.74   	0.045000	4189      	0.045000	38.1145   	0.045000	38.1145   	0.045000	193.468   	0.045000	386.427   	0.045000	229.771   	
0.050000	5016.09   	0.050000	5016.09   	0.050000	4464.68   	0.050000	4464.68   	0.050000	4464.93   	0.050000	39.2533   	0.050000	39.408    	0.050000	208.646   	0.050000	412.475   	0.050000	243.108   	
0.055000	5263.52   	0.055000	5263.52   	0.055000	4729.73   	0.055000	4729.73   	0.055000	4729.99   	0.055000	40.3298   	0.055000	40.7004   	0.055000	223.088   	0.055000	436.798   	0.055000	254.966   	
0.060000	5501.39   	0.060000	5501.39   	0.060000	4985.63   	0.060000	4985.63   	0.060000	4985.89   	0.060000	41.353    	0.060000	41.9139   	0.060000	236.746   	0.060000	459.551   	0.060000	265.617   	
0.070000	5954      	0.070000	5954      	0.070000	5475.21   	0.070000	5475.21   	0.070000	5475.46   	0.070000	43.2689   	0.070000	44.1612   	0.070000	259.816   	0.070000	498.135   	0.070000	284.138   	
0.080000	6382.77   	0.080000	6382.77   	0.080000	5941.72   	0.080000	5941.72   	0.080000	5941.97   	0.080000	45.0507   	0.080000	46.2363   	0.080000	278.987   	0.080000	530.257   	0.080000	300.056   	
0.090000	6793.9    	0.090000	6793.9    	0.090000	6391.03   	0.090000	6391.03   	0.090000	6391.29   	0.090000	46.7358   	0.090000	48.1957   	0.090000	295.575   	0.090000	557.987   	0.090000	314.378   	
0.100000	7192      	0.100000	7192      	0.100000	6827.48   	0.100000	6827.48   	0.100000	6827.74   	0.100000	48.3526   	0.100000	50.0794   	0.100000	310.347   	0.100000	582.655   	0.100000	327.106   	
0.120000	7962.49   	0.120000	7962.49   	0.120000	7674.4    	0.120000	7674.4    	0.120000	7674.66   	0.120000	51.4647   	0.120000	53.7296   	0.120000	336.263   	0.120000	625.757   	0.120000	350.009   	
0.140000	8714.54   	0.140000	8714.54   	0.140000	8501.57   	0.140000	8501.57   	0.140000	8501.83   	0.140000	54.5151   	0.140000	57.3382   	0.140000	358.758   	0.140000	662.919   	0.140000	370.427   	
0.160000	9461.44   	0.160000	9461.44   	0.160000	9321.6    	0.160000	9321.6    	0.160000	9321.85   	0.160000	57.5894   	0.160000	60.8661   	0.160000	379.11    	0.160000	696.31    	0.160000	389.286   	
0.180000	10212.3   	0.180000	10212.3   	0.180000	10143.2   	0.180000	10143.2   	0.180000	10143.5   	0.180000	60.7486   	0.180000	64.3631   	0.180000	398.25    	0.180000	727.536   	0.180000	407.059   	
0.200000	10973.7   	0.200000	10973.7   	0.200000	10972.8   	0.200000	10972.8   	0.200000	10973     	0.200000	64.0384   	0.200000	67.8954   	0.200000	416.212   	0.200000	756.655   	0.200000	424.158   	
0.250000	12951.3   	0.250000	12951.3   	0.250000	13109.6   	0.250000	13109.6   	0.250000	13109.8   	0.250000	73.0482   	0.250000	77.1591   	0.250000	459.156   	0.250000	825.608   	0.250000	465.209   	
0.300000	15068.6   	0.300000	15068.6   	0.300000	15370.8   	0.300000	15370.8   	0.300000	15371.1   	0.300000	83.4588   	0.300000	87.3688   	0.300000	500.845   	0.300000	891.645   	0.300000	505.91    	
0.350000	17349.7   	0.350000	17349.7   	0.350000	17783.2   	0.350000	17783.2   	0.350000	17783.5   	0.350000	95.49     	0.350000	98.7675   	0.350000	542.556   	0.350000	956.987   	0.350000	547.005   	
0.400000	19807.2   	0.400000	19807.2   	0.400000	20362     	0.400000	20362     	0.400000	20362.3   	0.400000	109.259   	0.400000	111.468   	0.400000	585.196   	0.400000	1023.12   	0.400000	589.275   	
0.450000	22447.3   	0.450000	22447.3   	0.450000	23115.9   	0.450000	23115.9   	0.450000	23116.2   	0.450000	124.817   	0.450000	125.511   	0.450000	628.93    	0.450000	1090.32   	0.450000	633.093   	
0.500000	25272.3   	0.500000	25272.3   	0.500000	26049.8   	0.500000	26049.8   	0.500000	26050     	0.500000	142.168   	0.500000	140.892   	0.500000	674.374   	0.500000	1159.61   	0.500000	678.725   	
0.600000	31477.5   	0.600000	31477.5   	0.600000	32464.5   	0.600000	32464.5   	0.600000	32464.8   	0.600000	182.154   	0.600000	175.743   	0.600000	770.195   	0.600000	1304.08   	0.600000	775.779   	
0.700000	38412.9   	0.700000	38412.9   	0.700000	39607.7   	0.700000	39607.7   	0.700000	39607.9   	0.700000	228.909   	0.700000	216.629   	0.700000	873.295   	0.700000	1457.64   	0.700000	880.569   	
0.800000	46061.3   	0.800000	46061.3   	0.800000	47468.6   	0.800000	47468.6   	0.800000	47468.8   	0.800000	282.07    	0.800000	262.857   	0.800000	984.001   	0.800000	1620.79   	0.800000	993.63    	
0.900000	54403.9   	0.900000	54403.9   	0.900000	56032.1   	0.900000	56032.1   	0.900000	56032.3   	0.900000	341.301   	0.900000	313.749   	0.900000	1102.17   	0.900000	1793.27   	0.900000	1114.78   	
1.000000	63422.9   	1.000000	63422.9   	1.000000	65282.4   	1.000000	65282.4   	1.000000	65282.7   	1.000000	406.321   	1.000000	368.81    	1.000000	1227.92   	1.000000	1975.34   	1.000000	1243.89   	
1.250000	88828.5   	1.250000	88828.5   	1.250000	91318     	1.250000	91318     	1.250000	91318.2   	1.250000	592.831   	1.250000	522.579   	1.250000	1559.59   	1.250000	2436.75   	1.250000	1600.97   	
1.500000	118165    	1.500000	118165    	1.500000	121363    	1.500000	121363    	1.500000	121363    	1.500000	811.881   	1.500000	696.965   	1.500000	1934.4    	1.500000	2951.68   	1.500000	1969.83   	
1.750000	151293    	1.750000	151293    	1.750000	155278    	1.750000	155278    	1.750000	155278    	1.750000	1062.25   	1.750000	890.238   	1.750000	2352.51   	1.750000	3520.91   	1.750000	2366.85   	
2.000000	188108    	2.000000	188108    	2.000000	192965    	2.000000	192965    	2.000000	192965    	2.000000	1343.34   	2.000000	1101.42   	2.000000	2812.92   	2.000000	4142.29   	2.000000	2809.96   	
2.250000	228535    	2.250000	228535    	2.250000	234349    	2.250000	234349    	2.250000	234349    	2.250000	1654.8    	2.250000	1329.92   	2.250000	3314.89   	2.250000	4814.24   	2.250000	3297.99   	
2.500000	272593    	2.500000	272511    	2.500000	279371    	2.500000	279371    	2.500000	279372    	2.500000	1996.45   	2.500000	1575.43   	2.500000	3855.7    	2.500000	5532.89   	2.500000	3830.07   	
3.000000	376301    	3.000000	370906    	3.000000	380146    	3.000000	380146    	3.000000	380147    	3.000000	2769.79   	3.000000	2116.55   	3.000000	5036.65   	3.000000	7088.57   	3.000000	5023.89   	
3.500000	494344    	3.500000	482945    	3.500000	494971    	3.500000	494971    	3.500000	494971    	3.500000	3662.38   	3.500000	2722.84   	3.500000	6367.71   	3.500000	8821.71   	3.500000	6387.3    	
4.000000	626421    	4.000000	608335    	4.000000	623581    	4.000000	623581    	4.000000	623581    	4.000000	4673.22   	4.000000	3392.51   	4.000000	7857.64   	4.000000	10740.2   	4.000000	7917.27   	
4.500000	772278    	4.500000	746820    	4.500000	765748    	4.500000	765748    	4.500000	765747    	4.500000	5801.27   	4.500000	4124.18   	4.500000	9503.77   	4.500000	12838.7   	4.500000	9611.3    	
5.000000	931692    	5.000000	898173    	5.000000	921267    	5.000000	921267    	5.000000	921267    	5.000000	7045.44   	5.000000	4916.58   	5.000000	11303.8   	5.000000	15112.6   	5.000000	11467.2   	
5.500000	1.10447e+06	5.500000	1.06219e+06	5.500000	1.08996e+06	5.500000	1.08996e+06	5.500000	1.08996e+06	5.500000	8404.7    	5.500000	5768.51   	5.500000	13255.7   	5.500000	17558.2   	5.500000	13483     	
6.000000	1.29043e+06	6.000000	1.23868e+06	6.000000	1.27165e+06	6.000000	1.27165e+06	6.000000	1.27165e+06	6.000000	9878.06   	6.000000	6678.9    	6.000000	15357.7   	6.000000	20172     	6.000000	15657     	
6.500000	1.48942e+06	6.500000	1.42748e+06	6.500000	1.46619e+06	6.500000	1.46619e+06	6.500000	1.46619e+06	6.500000	11464.6   	6.500000	7646.79   	6.500000	17608.2   	6.500000	22951     	6.500000	17987.7   	
7.000000	1.70129e+06	7.000000	1.62844e+06	7.000000	1.67344e+06	7.000000	1.67344e+06	7.000000	1.67344e+06	7.000000	13163.5   	7.000000	8671.3    	7.000000	20005.8   	7.000000	25892.6   	7.000000	20473.6   	
7.500000	1.9259e+06	7.500000	1.84142e+06	7.500000	1.89328e+06	7.500000	1.89328e+06	7.500000	1.89328e+06	7.500000	14974     	7.500000	9751.64   	7.500000	22549.2   	7.500000	28994.3   	7.500000	23113.6   	
8.000000	2.16314e+06	8.000000	2.06628e+06	8.000000	2.1256e+06	8.000000	2.1256e+06	8.000000	2.1256e+06	8.000000	16895.4   	8.000000	10887.1   	8.000000	25237.1   	8.000000	32254     	8.000000	25906.3   	
8.500000	2.41287e+06	8.500000	2.30291e+06	8.500000	2.37027e+06	8.500000	2.37027e+06	8.500000	2.37027e+06	8.500000	18927     	8.500000	12077.2   	8.500000	28068.5   	8.500000	35669.7   	8.500000	28850.9   	
9.000000	2.67498e+06	9.000000	2.55119e+06	9.000000	2.62722e+06	9.000000	2.62722e+06	9.000000	2.62722e+06	9.000000	21068.4   	9.000000	13321.3   	9.000000	31042.6   	9.000000	39239.6   	9.000000	31946.4   	
9.500000	2.94938e+06	9.500000	2.81104e+06	9.500000	2.89634e+06	9.500000	2.89634e+06	9.500000	2.89634e+06	9.500000	23318.9   	9.500000	14618.7   	9.500000	34158.2   	9.500000	42962     	9.500000	35191.8   	
10.000000	3.23596e+06	10.000000	3.08292e+06	10.000000	3.17755e+06	10.000000	3.17755e+06	10.000000	3.17754e+06	10.000000	25678.2   	10.000000	15968.5   	10.000000	37414.7   	10.000000	46835.4   	10.000000	38586.4   	
11.000000	3.84529e+06	11.000000	3.695e+06 	11.000000	3.77628e+06	11.000000	3.77626e+06	11.000000	3.77629e+06	11.000000	30729.8   	11.000000	18829.1   	11.000000	44352.3   	11.000000	55035.6   	11.000000	45825.7   	
12.000000	4.50225e+06	12.000000	4.35387e+06	12.000000	4.4232e+06	12.000000	4.42313e+06	12.000000	4.42324e+06	12.000000	36227.3   	12.000000	21905.3   	12.000000	51855.2   	12.000000	63836     	12.000000	53664.7   	
13.000000	5.2062e+06	13.000000	5.05896e+06	13.000000	5.11777e+06	13.000000	5.11763e+06	13.000000	5.11785e+06	13.000000	42165.7   	13.000000	25193.1   	13.000000	59918.9   	13.000000	73227.7   	13.000000	62099     	
14.000000	5.9565e+06	14.000000	5.80975e+06	14.000000	5.85948e+06	14.000000	5.85925e+06	14.000000	5.85963e+06	14.000000	48540.5   	14.000000	28687.1   	14.000000	68538.5   	14.000000	83202.4   	14.000000	71124     	
15.000000	6.75261e+06	15.000000	6.60574e+06	15.000000	6.64784e+06	15.000000	6.64752e+06	15.000000	6.64809e+06	15.000000	55347.2   	15.000000	32383.5   	15.000000	77709.8   	15.000000	93752.4   	15.000000	80735.6   	
16.000000	7.59397e+06	16.000000	7.44644e+06	16.000000	7.48239e+06	16.000000	7.48197e+06	16.000000	7.48276e+06	16.000000	62581.3   	16.000000	36280     	16.000000	87428     	16.000000	104870    	16.000000	90929.5   	
17.000000	8.48009e+06	17.000000	8.33143e+06	17.000000	8.36267e+06	17.000000	8.36214e+06	17.000000	8.36317e+06	17.000000	70238.4   	17.000000	40375     	17.000000	97688.6   	17.000000	116548    	17.000000	101701    	
18.000000	9.41049e+06	18.000000	9.26027e+06	18.000000	9.28821e+06	18.000000	9.28758e+06	18.000000	9.28888e+06	18.000000	78313.6   	18.000000	44664.8   	18.000000	108487    	18.000000	128779    	18.000000	113046    	
19.000000	1.03847e+07	19.000000	1.02326e+07	19.000000	1.02585e+07	19.000000	1.02578e+07	19.000000	1.02594e+07	19.000000	86801.9   	19.000000	49144.5   	19.000000	119818    	19.000000	141555    	19.000000	124959    	
20.000000	1.14023e+07	20.000000	1.12479e+07	20.000000	1.12732e+07	20.000000	1.12724e+07	20.000000	1.12743e+07	20.000000	95698.1   	20.000000	53810.3   	20.000000	131676    	20.000000	154870    	20.000000	137436    	
21.000000	1.24629e+07	21.000000	1.2306e+07	21.000000	1.23318e+07	21.000000	1.2331e+07	21.000000	1.23332e+07	21.000000	104997    	21.000000	58659.3   	21.000000	144057    	21.000000	168716    	21.000000	150471    	
22.000000	1.3566e+07	22.000000	1.34064e+07	22.000000	1.34339e+07	22.000000	1.34329e+07	22.000000	1.34354e+07	22.000000	114692    	22.000000	63688.2   	22.000000	156955    	22.000000	183086    	22.000000	164060    	
23.000000	1.47113e+07	23.000000	1.45488e+07	23.000000	1.45788e+07	23.000000	1.45778e+07	23.000000	1.45807e+07	23.000000	124778    	23.000000	68893.3   	23.000000	170364    	23.000000	197972    	23.000000	178195    	
24.000000	1.58984e+07	24.000000	1.57329e+07	24.000000	1.57662e+07	24.000000	1.57653e+07	24.000000	1.57684e+07	24.000000	135248    	24.000000	74271.4   	24.000000	184279    	24.000000	213368    	24.000000	192873    	
25.000000	1.7127e+07	25.000000	1.69584e+07	25.000000	1.69956e+07	25.000000	1.69947e+07	25.000000	1.69981e+07	25.000000	146095    	25.000000	79819.1   	25.000000	198693    	25.000000	229265    	25.000000	208086    	
27.000000	1.97072e+07	27.000000	1.95321e+07	27.000000	1.95782e+07	27.000000	1.95776e+07	27.000000	1.95816e+07	27.000000	168895    	27.000000	91404.3   	27.000000	228993    	27.000000	262532    	27.000000	240095    	
29.000000	2.24492e+07	29.000000	2.22677e+07	29.000000	2.23225e+07	29.000000	2.23226e+07	29.000000	2.23271e+07	29.000000	193120    	29.000000	103612    	29.000000	261212    	29.000000	297711    	29.000000	274168    	
31.000000	2.53505e+07	31.000000	2.51629e+07	31.000000	2.52249e+07	31.000000	2.52258e+07	31.000000	2.52307e+07	31.000000	218717    	31.000000	116424    	31.000000	295299    	31.000000	334742    	31.000000	310256    	
33.000000	2.8409e+07	33.000000	2.82155e+07	33.000000	2.82842e+07	33.000000	2.82862e+07	33.000000	2.82913e+07	33.000000	245699    	33.000000	129840    	33.000000	331240    	33.000000	373606    	33.000000	348347    	
35.000000	3.16222e+07	35.000000	3.14236e+07	35.000000	3.14985e+07	35.000000	3.15018e+07	35.000000	3.1507e+07	35.000000	274056    	35.000000	143856    	35.000000	369014    	35.000000	414276    	35.000000	388420    	
38.000000	3.67278e+07	38.000000	3.65229e+07	38.000000	3.66068e+07	38.000000	3.66123e+07	38.000000	3.66173e+07	38.000000	319131    	38.000000	165994    	38.000000	429055    	38.000000	478599    	38.000000	452195    	
41.000000	4.21703e+07	41.000000	4.19613e+07	41.000000	4.20532e+07	41.000000	4.20617e+07	41.000000	4.20661e+07	41.000000	367200    	41.000000	189424    	41.000000	493082    	41.000000	546822    	41.000000	520304    	
44.000000	4.79436e+07	44.000000	4.77329e+07	44.000000	4.78325e+07	44.000000	4.78441e+07	44.000000	4.78475e+07	44.000000	418202    	44.000000	214126    	44.000000	561019    	44.000000	618859    	44.000000	592675    	
47.000000	5.40417e+07	47.000000	5.3832e+07	47.000000	5.39389e+07	47.000000	5.39538e+07	47.000000	5.39559e+07	47.000000	472081    	47.000000	240088    	47.000000	632795    	47.000000	694629    	47.000000	669243    	
50.000000	6.0459e+07	50.000000	6.02534e+07	50.000000	6.03666e+07	50.000000	6.03857e+07	50.000000	6.03861e+07	50.000000	528778    	50.000000	267264    	50.000000	708341    	50.000000	774058    	50.000000	749945    	
55.000000	7.18499e+07	55.000000	7.1658e+07	55.000000	7.17809e+07	55.000000	7.18078e+07	55.000000	7.18045e+07	55.000000	629385    	55.000000	315175    	55.000000	842452    	55.000000	914377    	55.000000	893471    	
60.000000	8.40903e+07	60.000000	8.3921e+07	60.000000	8.40523e+07	60.000000	8.40887e+07	60.000000	8.40807e+07	60.000000	737417    	60.000000	366252    	60.000000	986564    	60.000000	1.06435e+06	60.000000	1.04805e+06	
65.000000	9.71591e+07	65.000000	9.70214e+07	65.000000	9.71614e+07	65.000000	9.7208e+07	65.000000	9.71941e+07	65.000000	852637    	65.000000	420437    	65.000000	1.1404e+06	65.000000	1.22371e+06	65.000000	1.21342e+06	
70.000000	1.11037e+08	70.000000	1.10939e+08	70.000000	1.11087e+08	70.000000	1.11146e+08	70.000000	1.11125e+08	70.000000	974814    	70.000000	477588    	70.000000	1.30371e+06	70.000000	1.39218e+06	70.000000	1.38936e+06	
75.000000	1.25705e+08	75.000000	1.25656e+08	75.000000	1.25813e+08	75.000000	1.25885e+08	75.000000	1.25856e+08	75.000000	1.10373e+06	75.000000	537651    	75.000000	1.47623e+06	75.000000	1.56951e+06	75.000000	1.57564e+06	
80.000000	1.41147e+08	80.000000	1.41153e+08	80.000000	1.4132e+08	80.000000	1.41406e+08	80.000000	1.41369e+08	80.000000	1.23917e+06	80.000000	600492    	80.000000	1.65774e+06	80.000000	1.75549e+06	80.000000	1.77205e+06	
85.000000	1.57345e+08	85.000000	1.57414e+08	85.000000	1.57592e+08	85.000000	1.57694e+08	85.000000	1.57647e+08	85.000000	1.38094e+06	85.000000	666041    	85.000000	1.848e+06 	85.000000	1.94988e+06	85.000000	1.97837e+06	
90.000000	1.74286e+08	90.000000	1.74423e+08	90.000000	1.74614e+08	90.000000	1.74732e+08	90.000000	1.74674e+08	90.000000	1.52884e+06	90.000000	734226    	90.000000	2.0468e+06	90.000000	2.15249e+06	90.000000	2.19442e+06	
95.000000	1.91954e+08	95.000000	1.92163e+08	95.000000	1.92369e+08	95.000000	1.92506e+08	95.000000	1.92435e+08	95.000000	1.68269e+06	95.000000	804978    	95.000000	2.25392e+06	95.000000	2.36311e+06	95.000000	2.41999e+06	
100.000000	2.10335e+08	100.000000	2.1062e+08	100.000000	2.10843e+08	100.000000	2.11e+08  	100.000000	2.10916e+08	100.000000	1.84229e+06	100.000000	878232    	100.000000	2.46916e+06	100.000000	2.58155e+06	100.000000	2.6549e+06	
105.000000	2.29417e+08	105.000000	2.29779e+08	105.000000	2.30022e+08	105.000000	2.302e+08 	105.000000	2.30102e+08	105.000000	2.00749e+06	105.000000	953934    	105.000000	2.69233e+06	105.000000	2.80764e+06	105.000000	2.89899e+06	
110.000000	2.49187e+08	110.000000	2.49627e+08	110.000000	2.49894e+08	110.000000	2.50093e+08	110.000000	2.4998e+08	110.000000	2.1781e+06	110.000000	1.03199e+06	110.000000	2.92322e+06	110.000000	3.0412e+06	110.000000	3.15206e+06	
115.000000	2.69633e+08	115.000000	2.70149e+08	115.000000	2.70444e+08	115.000000	2.70666e+08	115.000000	2.70536e+08	115.000000	2.35396e+06	115.000000	1.11231e+06	115.000000	3.16167e+06	115.000000	3.28207e+06	115.000000	3.41396e+06	
120.000000	2.90743e+08	120.000000	2.91334e+08	120.000000	2.91658e+08	120.000000	2.91905e+08	120.000000	2.91758e+08	120.000000	2.53492e+06	120.000000	1.19489e+06	120.000000	3.40749e+06	120.000000	3.53009e+06	120.000000	3.68452e+06	
125.000000	3.12507e+08	125.000000	3.13167e+08	125.000000	3.13526e+08	125.000000	3.13798e+08	125.000000	3.13633e+08	125.000000	2.72083e+06	125.000000	1.27963e+06	125.000000	3.66051e+06	125.000000	3.78509e+06	125.000000	3.96359e+06	
130.000000	3.34914e+08	130.000000	3.35639e+08	130.000000	3.36035e+08	130.000000	3.36334e+08	130.000000	3.36149e+08	130.000000	2.91153e+06	130.000000	1.36653e+06	130.000000	3.92056e+06	130.000000	4.04694e+06	130.000000	4.251e+06 	
135.000000	3.57954e+08	135.000000	3.58736e+08	135.000000	3.59174e+08	135.000000	3.59501e+08	135.000000	3.59295e+08	135.000000	3.10688e+06	135.000000	1.45552e+06	135.000000	4.18747e+06	135.000000	4.31548e+06	135.000000	4.54661e+06	
140.000000	3.81616e+08	140.000000	3.82447e+08	140.000000	3.8293e+08	140.000000	3.83287e+08	140.000000	3.8306e+08	140.000000	3.30675e+06	140.000000	1.54651e+06	140.000000	4.46109e+06	140.000000	4.59058e+06	140.000000	4.85027e+06	
145.000000	4.05893e+08	145.000000	4.06761e+08	145.000000	4.07293e+08	145.000000	4.07681e+08	145.000000	4.07432e+08	145.000000	3.511e+06 	145.000000	1.63945e+06	145.000000	4.74126e+06	145.000000	4.8721e+06	145.000000	5.16184e+06	
150.000000	4.30773e+08	150.000000	4.31668e+08	150.000000	4.32254e+08	150.000000	4.32674e+08	150.000000	4.32401e+08	150.000000	3.71949e+06	150.000000	1.73432e+06	150.000000	5.02783e+06	150.000000	5.15992e+06	150.000000	5.48117e+06	
155.000000	4.72513e+08	155.000000	4.57157e+08	155.000000	4.57801e+08	155.000000	4.58253e+08	155.000000	4.57956e+08	155.000000	3.93211e+06	155.000000	1.83106e+06	155.000000	5.32066e+06	155.000000	5.4539e+06	155.000000	5.80814e+06	
160.000000	5.1572e+08	160.000000	4.83218e+08	160.000000	4.83925e+08	160.000000	4.84411e+08	160.000000	4.84087e+08	160.000000	4.14873e+06	160.000000	1.92964e+06	160.000000	5.6196e+06	160.000000	5.75392e+06	160.000000	6.14261e+06	
165.000000	5.59824e+08	165.000000	5.09841e+08	165.000000	5.10615e+08	165.000000	5.11135e+08	165.000000	5.10785e+08	165.000000	4.36922e+06	165.000000	2.03001e+06	165.000000	5.92451e+06	165.000000	6.05986e+06	165.000000	6.48445e+06	
170.000000	6.0481e+08	170.000000	5.37017e+08	170.000000	5.3786e+08	170.000000	5.38417e+08	170.000000	5.3804e+08	170.000000	4.59348e+06	170.000000	2.13215e+06	170.000000	6.23527e+06	170.000000	6.3716e+06	170.000000	6.83353e+06	
175.000000	6.50662e+08	175.000000	5.64736e+08	175.000000	5.65653e+08	175.000000	5.66248e+08	175.000000	5.65843e+08	175.000000	4.82139e+06	175.000000	2.23603e+06	175.000000	6.55173e+06	175.000000	6.68903e+06	175.000000	7.18972e+06	
180.000000	6.97366e+08	180.000000	5.92989e+08	180.000000	5.93984e+08	180.000000	5.94619e+08	180.000000	5.94183e+08	180.000000	5.05285e+06	180.000000	2.34155e+06	180.000000	6.87377e+06	180.000000	7.01204e+06	180.000000	7.55291e+06	
185.000000	7.44907e+08	185.000000	6.21768e+08	185.000000	6.22846e+08	185.000000	6.23519e+08	185.000000	6.23053e+08	185.000000	5.28774e+06	185.000000	2.44865e+06	185.000000	7.20126e+06	185.000000	7.34053e+06	185.000000	7.92298e+06	
190.000000	7.93273e+08	190.000000	6.51063e+08	190.000000	6.52228e+08	190.000000	6.52941e+08	190.000000	6.52444e+08	190.000000	5.52596e+06	190.000000	2.55736e+06	190.000000	7.53408e+06	190.000000	7.67437e+06	190.000000	8.29981e+06	
195.000000	8.4245e+08	195.000000	6.80867e+08	195.000000	6.82123e+08	195.000000	6.82877e+08	195.000000	6.82347e+08	195.000000	5.76742e+06	195.000000	2.66766e+06	195.000000	7.87211e+06	195.000000	8.01349e+06	195.000000	8.68328e+06	
200.000000	8.92424e+08	200.000000	7.1117e+08	200.000000	7.12521e+08	200.000000	7.13317e+08	200.000000	7.12754e+08	200.000000	6.01201e+06	200.000000	2.77948e+06	200.000000	8.21524e+06	200.000000	8.35776e+06	200.000000	9.07329e+06	
210.000000	9.94715e+08	210.000000	7.73247e+08	210.000000	7.74793e+08	210.000000	7.7568e+08	210.000000	7.75048e+08	210.000000	6.51023e+06	210.000000	3.00743e+06	210.000000	8.91634e+06	210.000000	9.06141e+06	210.000000	9.87247e+06	
220.000000	1.10005e+09	220.000000	8.3723e+08	220.000000	8.38987e+08	220.000000	8.39967e+08	220.000000	8.39262e+08	220.000000	7.01989e+06	220.000000	3.2411e+06	220.000000	9.63648e+06	220.000000	9.78457e+06	220.000000	1.06965e+07	
230.000000	1.20834e+09	230.000000	9.0306e+08	230.000000	9.05042e+08	230.000000	9.06118e+08	230.000000	9.05336e+08	230.000000	7.54031e+06	230.000000	3.4804e+06	230.000000	1.03748e+07	230.000000	1.05265e+07	230.000000	1.15446e+07	
240.000000	1.31949e+09	240.000000	9.70683e+08	240.000000	9.729e+08 	240.000000	9.74075e+08	240.000000	9.73212e+08	240.000000	8.07083e+06	240.000000	3.72489e+06	240.000000	1.11306e+07	240.000000	1.12866e+07	240.000000	1.24159e+07	
250.000000	1.43342e+09	250.000000	1.04004e+09	250.000000	1.0425e+09	250.000000	1.04378e+09	250.000000	1.04284e+09	250.000000	8.61085e+06	250.000000	3.9744e+06	250.000000	1.19031e+07	250.000000	1.20641e+07	250.000000	1.33096e+07	
260.000000	1.55004e+09	260.000000	1.11109e+09	260.000000	1.1138e+09	260.000000	1.11519e+09	260.000000	1.11416e+09	260.000000	9.15978e+06	260.000000	4.22875e+06	260.000000	1.26914e+07	260.000000	1.28584e+07	260.000000	1.42252e+07	
270.000000	1.66929e+09	270.000000	1.18377e+09	270.000000	1.18674e+09	270.000000	1.18824e+09	270.000000	1.18712e+09	270.000000	9.71708e+06	270.000000	4.48779e+06	270.000000	1.3495e+07	270.000000	1.3669e+07	270.000000	1.51618e+07	
280.000000	1.7911e+09	280.000000	1.25804e+09	280.000000	1.26127e+09	280.000000	1.26289e+09	280.000000	1.26167e+09	280.000000	1.02822e+07	280.000000	4.75112e+06	280.000000	1.43132e+07	280.000000	1.44952e+07	280.000000	1.61188e+07	
290.000000	1.91537e+09	290.000000	1.33385e+09	290.000000	1.33736e+09	290.000000	1.33909e+09	290.000000	1.33778e+09	290.000000	1.08547e+07	290.000000	5.01867e+06	290.000000	1.51453e+07	290.000000	1.53364e+07	290.000000	1.70955e+07	
300.000000	2.04207e+09	300.000000	1.41117e+09	300.000000	1.41494e+09	300.000000	1.4168e+09	300.000000	1.41538e+09	300.000000	1.1434e+07	300.000000	5.2904e+06	300.000000	1.59907e+07	300.000000	1.61923e+07	300.000000	1.80913e+07	
310.000000	2.1711e+09	310.000000	1.48994e+09	310.000000	1.49398e+09	310.000000	1.49597e+09	310.000000	1.49445e+09	310.000000	1.20198e+07	310.000000	5.56596e+06	310.000000	1.68488e+07	310.000000	1.70621e+07	310.000000	1.91056e+07	
320.000000	2.30242e+09	320.000000	1.57013e+09	320.000000	1.57444e+09	320.000000	1.57655e+09	320.000000	1.57493e+09	320.000000	1.26116e+07	320.000000	5.84536e+06	320.000000	1.77192e+07	320.000000	1.79455e+07	320.000000	2.01377e+07	
330.000000	2.43597e+09	330.000000	1.65169e+09	330.000000	1.65627e+09	330.000000	1.65852e+09	330.000000	1.65679e+09	330.000000	1.3209e+07	330.000000	6.12856e+06	330.000000	1.86012e+07	330.000000	1.8842e+07	330.000000	2.11873e+07	
340.000000	2.57168e+09	340.000000	1.7346e+09	340.000000	1.73945e+09	340.000000	1.74183e+09	340.000000	1.73998e+09	340.000000	1.38116e+07	340.000000	6.41521e+06	340.000000	1.94943e+07	340.000000	1.97511e+07	340.000000	2.22536e+07	
350.000000	2.70951e+09	350.000000	1.8188e+09	350.000000	1.82392e+09	350.000000	1.82644e+09	350.000000	1.82448e+09	350.000000	1.44191e+07	350.000000	6.70515e+06	350.000000	2.0398e+07	350.000000	2.06724e+07	350.000000	2.33361e+07	
360.000000	2.84939e+09	360.000000	1.90428e+09	360.000000	1.90965e+09	360.000000	1.91231e+09	360.000000	1.91024e+09	360.000000	1.50311e+07	360.000000	6.99835e+06	360.000000	2.13119e+07	360.000000	2.16054e+07	360.000000	2.44344e+07	
370.000000	2.99127e+09	370.000000	1.99099e+09	370.000000	1.99661e+09	370.000000	1.99942e+09	370.000000	1.99723e+09	370.000000	1.56473e+07	370.000000	7.29491e+06	370.000000	2.22356e+07	370.000000	2.25498e+07	370.000000	2.5548e+07	
380.000000	3.13511e+09	380.000000	2.07891e+09	380.000000	2.08476e+09	380.000000	2.08773e+09	380.000000	2.08541e+09	380.000000	1.62675e+07	380.000000	7.59468e+06	380.000000	2.31685e+07	380.000000	2.35052e+07	380.000000	2.66763e+07	
390.000000	3.28086e+09	390.000000	2.16799e+09	390.000000	2.17408e+09	390.000000	2.1772e+09	390.000000	2.17475e+09	390.000000	1.68912e+07	390.000000	7.8974e+06	390.000000	2.41103e+07	390.000000	2.44711e+07	390.000000	2.78189e+07	
400.000000	3.42846e+09	400.000000	2.25822e+09	400.000000	2.26453e+09	400.000000	2.2678e+09	400.000000	2.26523e+09	400.000000	1.75182e+07	400.000000	8.20295e+06	400.000000	2.50606e+07	400.000000	2.54473e+07	400.000000	2.89754e+07	
410.000000	3.57788e+09	410.000000	2.34956e+09	410.000000	2.35609e+09	410.000000	2.35951e+09	410.000000	2.35681e+09	410.000000	1.81483e+07	410.000000	8.51129e+06	410.000000	2.6019e+07	410.000000	2.64333e+07	410.000000	3.01453e+07	
420.000000	3.72907e+09	420.000000	2.44198e+09	420.000000	2.44871e+09	420.000000	2.45229e+09	420.000000	2.44946e+09	420.000000	1.87813e+07	420.000000	8.82221e+06	420.000000	2.6985e+07	420.000000	2.74289e+07	420.000000	3.13283e+07	
430.000000	3.88199e+09	430.000000	2.53545e+09	430.000000	2.54238e+09	430.000000	2.54612e+09	430.000000	2.54315e+09	430.000000	1.94168e+07	430.000000	9.13552e+06	430.000000	2.79585e+07	430.000000	2.84337e+07	430.000000	3.25238e+07	
440.000000	4.03659e+09	440.000000	2.62995e+09	440.000000	2.63705e+09	440.000000	2.64096e+09	440.000000	2.63785e+09	440.000000	2.00546e+07	440.000000	9.45121e+06	440.000000	2.8939e+07	440.000000	2.94473e+07	440.000000	3.37316e+07	
450.000000	4.19284e+09	450.000000	2.72546e+09	450.000000	2.73271e+09	450.000000	2.73679e+09	450.000000	2.73355e+09	450.000000	2.06945e+07	450.000000	9.76935e+06	450.000000	2.99262e+07	450.000000	3.04695e+07	450.000000	3.49512e+07	
460.000000	4.3507e+09	460.000000	2.82194e+09	460.000000	2.82934e+09	460.000000	2.83359e+09	460.000000	2.83021e+09	460.000000	2.13364e+07	460.000000	1.00899e+07	460.000000	3.09198e+07	460.000000	3.15e+07  	460.000000	3.61822e+07	
470.000000	4.51013e+09	470.000000	2.91937e+09	470.000000	2.92691e+09	470.000000	2.93133e+09	470.000000	2.9278e+09	470.000000	2.198e+07 	470.000000	1.04129e+07	470.000000	3.19195e+07	470.000000	3.25385e+07	470.000000	3.74243e+07	
480.000000	4.67109e+09	480.000000	3.01774e+09	480.000000	3.02539e+09	480.000000	3.02998e+09	480.000000	3.02631e+09	480.000000	2.26251e+07	480.000000	1.07381e+07	480.000000	3.29249e+07	480.000000	3.35847e+07	480.000000	3.86772e+07	
490.000000	4.83354e+09	490.000000	3.11701e+09	490.000000	3.12476e+09	490.000000	3.12953e+09	490.000000	3.1257e+09	490.000000	2.32716e+07	490.000000	1.10653e+07	490.000000	3.39359e+07	490.000000	3.46384e+07	490.000000	3.99405e+07	
500.000000	4.99746e+09	500.000000	3.21716e+09	500.000000	3.225e+09 	500.000000	3.22994e+09	500.000000	3.22597e+09	500.000000	2.39193e+07	500.000000	1.13944e+07	500.000000	3.49521e+07	500.000000	3.56992e+07	500.000000	4.12139e+07	
520.000000	5.32956e+09	520.000000	3.42004e+09	520.000000	3.42798e+09	520.000000	3.43329e+09	520.000000	3.42901e+09	520.000000	2.52175e+07	520.000000	1.20587e+07	520.000000	3.69993e+07	520.000000	3.78414e+07	520.000000	4.37896e+07	
540.000000	5.66711e+09	540.000000	3.62621e+09	540.000000	3.63417e+09	540.000000	3.63985e+09	540.000000	3.63526e+09	540.000000	2.65187e+07	540.000000	1.27308e+07	540.000000	3.90645e+07	540.000000	4.00095e+07	540.000000	4.64019e+07	
560.000000	6.00988e+09	560.000000	3.83551e+09	560.000000	3.8434e+09	560.000000	3.84948e+09	560.000000	3.84456e+09	560.000000	2.78218e+07	560.000000	1.34098e+07	560.000000	4.11459e+07	560.000000	4.22016e+07	560.000000	4.90486e+07	
580.000000	6.35763e+09	580.000000	4.04779e+09	580.000000	4.05555e+09	580.000000	4.06201e+09	580.000000	4.05677e+09	580.000000	2.91256e+07	580.000000	1.40953e+07	580.000000	4.32419e+07	580.000000	4.44161e+07	580.000000	5.17275e+07	
600.000000	6.71014e+09	600.000000	4.26292e+09	600.000000	4.27045e+09	600.000000	4.27731e+09	600.000000	4.27173e+09	600.000000	3.04295e+07	600.000000	1.47869e+07	600.000000	4.53508e+07	600.000000	4.66513e+07	600.000000	5.44365e+07	
620.000000	7.0672e+09	620.000000	4.48077e+09	620.000000	4.48799e+09	620.000000	4.49524e+09	620.000000	4.48933e+09	620.000000	3.17326e+07	620.000000	1.54845e+07	620.000000	4.74712e+07	620.000000	4.89058e+07	620.000000	5.71738e+07	
640.000000	7.42862e+09	640.000000	4.7012e+09	640.000000	4.70803e+09	640.000000	4.71569e+09	640.000000	4.70942e+09	640.000000	3.30341e+07	640.000000	1.61876e+07	640.000000	4.96019e+07	640.000000	5.11782e+07	640.000000	5.99375e+07	
660.000000	7.79419e+09	660.000000	4.92411e+09	660.000000	4.93044e+09	660.000000	4.93852e+09	660.000000	4.93191e+09	660.000000	3.43335e+07	660.000000	1.68961e+07	660.000000	5.17415e+07	660.000000	5.34672e+07	660.000000	6.2726e+07	
680.000000	8.16376e+09	680.000000	5.14938e+09	680.000000	5.15512e+09	680.000000	5.16363e+09	680.000000	5.15666e+09	680.000000	3.56301e+07	680.000000	1.76098e+07	680.000000	5.38889e+07	680.000000	5.57715e+07	680.000000	6.55375e+07	
700.000000	8.53713e+09	700.000000	5.3769e+09	700.000000	5.38197e+09	700.000000	5.39091e+09	700.000000	5.38358e+09	700.000000	3.69233e+07	700.000000	1.83283e+07	700.000000	5.60431e+07	700.000000	5.809e+07 	700.000000	6.83706e+07	
720.000000	8.91414e+09	720.000000	5.60657e+09	720.000000	5.61089e+09	720.000000	5.62026e+09	720.000000	5.61256e+09	720.000000	3.82129e+07	720.000000	1.90514e+07	720.000000	5.8203e+07	720.000000	6.04215e+07	720.000000	7.12239e+07	
740.000000	9.29464e+09	740.000000	5.8383e+09	740.000000	5.84178e+09	740.000000	5.85159e+09	740.000000	5.84352e+09	740.000000	3.94982e+07	740.000000	1.97791e+07	740.000000	6.03677e+07	740.000000	6.27651e+07	740.000000	7.40959e+07	
760.000000	9.67848e+09	760.000000	6.072e+09 	760.000000	6.07456e+09	760.000000	6.0848e+09	760.000000	6.07635e+09	760.000000	4.07789e+07	760.000000	2.05111e+07	760.000000	6.25363e+07	760.000000	6.51198e+07	760.000000	7.69855e+07	
780.000000	1.00655e+10	780.000000	6.30757e+09	780.000000	6.30913e+09	780.000000	6.31981e+09	780.000000	6.31098e+09	780.000000	4.20547e+07	780.000000	2.12473e+07	780.000000	6.47081e+07	780.000000	6.74846e+07	780.000000	7.98913e+07	
800.000000	1.04556e+10	800.000000	6.54493e+09	800.000000	6.54541e+09	800.000000	6.55654e+09	800.000000	6.54733e+09	800.000000	4.33253e+07	800.000000	2.19873e+07	800.000000	6.68823e+07	800.000000	6.98587e+07	800.000000	8.28122e+07	
820.000000	1.08486e+10	820.000000	6.78401e+09	820.000000	6.78332e+09	820.000000	6.79491e+09	820.000000	6.78531e+09	820.000000	4.45904e+07	820.000000	2.27306e+07	820.000000	6.90582e+07	820.000000	7.22413e+07	820.000000	8.57471e+07	
840.000000	1.12444e+10	840.000000	7.02473e+09	840.000000	7.02279e+09	840.000000	7.03484e+09	840.000000	7.02485e+09	840.000000	4.58497e+07	840.000000	2.34771e+07	840.000000	7.12352e+07	840.000000	7.46316e+07	840.000000	8.86951e+07	
860.000000	1.16429e+10	860.000000	7.26701e+09	860.000000	7.26375e+09	860.000000	7.27628e+09	860.000000	7.26589e+09	860.000000	4.7103e+07	860.000000	2.42271e+07	860.000000	7.34126e+07	860.000000	7.70288e+07	860.000000	9.1655e+07	
880.000000	1.20439e+10	880.000000	7.51079e+09	880.000000	7.50614e+09	880.000000	7.51914e+09	880.000000	7.50835e+09	880.000000	4.83502e+07	880.000000	2.49806e+07	880.000000	7.559e+07 	880.000000	7.94323e+07	880.000000	9.4626e+07	
900.000000	1.24474e+10	900.000000	7.75599e+09	900.000000	7.7499e+09	900.000000	7.76337e+09	900.000000	7.75218e+09	900.000000	4.95911e+07	900.000000	2.57373e+07	900.000000	7.77667e+07	900.000000	8.18414e+07	900.000000	9.76071e+07	
920.000000	1.28532e+10	920.000000	8.00257e+09	920.000000	7.99496e+09	920.000000	8.00891e+09	920.000000	7.99732e+09	920.000000	5.08254e+07	920.000000	2.6497e+07	920.000000	7.99424e+07	920.000000	8.42556e+07	920.000000	1.00598e+08	
940.000000	1.32612e+10	940.000000	8.25044e+09	940.000000	8.24127e+09	940.000000	8.2557e+09	940.000000	8.2437e+09	940.000000	5.20532e+07	940.000000	2.72594e+07	940.000000	8.21165e+07	940.000000	8.66741e+07	940.000000	1.03597e+08	
960.000000	1.36713e+10	960.000000	8.49957e+09	960.000000	8.48878e+09	960.000000	8.50369e+09	960.000000	8.49127e+09	960.000000	5.32743e+07	960.000000	2.80244e+07	960.000000	8.42887e+07	960.000000	8.90965e+07	960.000000	1.06604e+08	
980.000000	1.40835e+10	980.000000	8.74988e+09	980.000000	8.73743e+09	980.000000	8.75282e+09	980.000000	8.73999e+09	980.000000	5.44885e+07	980.000000	2.87921e+07	980.000000	8.64585e+07	980.000000	9.15223e+07	980.000000	1.09618e+08	
1000.000000	1.44977e+10	1000.000000	9.00134e+09	1000.000000	8.98718e+09	1000.000000	9.00305e+09	1000.000000	8.9898e+09	1000.000000	5.56959e+07	1000.000000	2.95627e+07	1000.000000	8.86256e+07	1000.000000	9.39509e+07	1000.000000	1.12638e+08	
1020.000000	1.49137e+10	1020.000000	9.25388e+09	1020.000000	9.23797e+09	1020.000000	9.25432e+09	1020.000000	9.24066e+09	1020.000000	5.68963e+07	1020.000000	3.03361e+07	1020.000000	9.07897e+07	1020.000000	9.63819e+07	1020.000000	1.15664e+08	
1040.000000	1.53315e+10	1040.000000	9.50746e+09	1040.000000	9.48976e+09	1040.000000	9.5066e+09	1040.000000	9.49251e+09	1040.000000	5.80897e+07	1040.000000	3.11121e+07	1040.000000	9.29504e+07	1040.000000	9.88149e+07	1040.000000	1.18695e+08	
1060.000000	1.57509e+10	1060.000000	9.76203e+09	1060.000000	9.74251e+09	1060.000000	9.75984e+09	1060.000000	9.74532e+09	1060.000000	5.92761e+07	1060.000000	3.18906e+07	1060.000000	9.51074e+07	1060.000000	1.01249e+08	1060.000000	1.21731e+08	
1080.000000	1.6172e+10	1080.000000	1.00175e+10	1080.000000	9.99618e+09	1080.000000	1.0014e+10	1080.000000	9.99905e+09	1080.000000	6.04553e+07	1080.000000	3.26713e+07	1080.000000	9.72606e+07	1080.000000	1.03685e+08	1080.000000	1.24771e+08	
1100.000000	1.65946e+10	1100.000000	1.0274e+10	1100.000000	1.02507e+10	1100.000000	1.0269e+10	1100.000000	1.02537e+10	1100.000000	6.16275e+07	1100.000000	3.3454e+07	1100.000000	9.94096e+07	1100.000000	1.06121e+08	1100.000000	1.27814e+08	
1120.000000	1.70186e+10	1120.000000	1.05312e+10	1120.000000	1.05061e+10	1120.000000	1.05249e+10	1120.000000	1.05091e+10	1120.000000	6.27925e+07	1120.000000	3.42388e+07	1120.000000	1.01554e+08	1120.000000	1.08558e+08	1120.000000	1.30861e+08	
1140.000000	1.7444e+10	1140.000000	1.07893e+10	1140.000000	1.07623e+10	1140.000000	1.07816e+10	1140.000000	1.07654e+10	1140.000000	6.39504e+07	1140.000000	3.50257e+07	1140.000000	1.03694e+08	1140.000000	1.10995e+08	1140.000000	1.33909e+08	
1160.000000	1.78708e+10	1160.000000	1.10482e+10	1160.000000	1.10193e+10	1160.000000	1.1039e+10	1160.000000	1.10224e+10	1160.000000	6.51012e+07	1160.000000	3.58145e+07	1160.000000	1.05829e+08	1160.000000	1.13432e+08	1160.000000	1.3696e+08	
1180.000000	1.82988e+10	1180.000000	1.13078e+10	1180.000000	1.1277e+10	1180.000000	1.12972e+10	1180.000000	1.12801e+10	1180.000000	6.62448e+07	1180.000000	3.66053e+07	1180.000000	1.0796e+08	1180.000000	1.15868e+08	1180.000000	1.40013e+08	
1200.000000	1.87279e+10	1200.000000	1.15681e+10	1200.000000	1.15353e+10	1200.000000	1.15561e+10	1200.000000	1.15386e+10	1200.000000	6.73814e+07	1200.000000	3.73981e+07	1200.000000	1.10085e+08	1200.000000	1.18303e+08	1200.000000	1.43066e+08	
1220.000000	1.91582e+10	1220.000000	1.18291e+10	1220.000000	1.17944e+10	1220.000000	1.18157e+10	1220.000000	1.17977e+10	1220.000000	6.85108e+07	1220.000000	3.81927e+07	1220.000000	1.12204e+08	1220.000000	1.20737e+08	1220.000000	1.46121e+08	
1240.000000	1.95896e+10	1240.000000	1.20908e+10	1240.000000	1.20541e+10	1240.000000	1.20759e+10	1240.000000	1.20575e+10	1240.000000	6.96331e+07	1240.000000	3.89892e+07	1240.000000	1.14319e+08	1240.000000	1.23169e+08	1240.000000	1.49176e+08	
1260.000000	2.0022e+10	1260.000000	1.2353e+10	1260.000000	1.23144e+10	1260.000000	1.23368e+10	1260.000000	1.23179e+10	1260.000000	7.07484e+07	1260.000000	3.97875e+07	1260.000000	1.16427e+08	1260.000000	1.25601e+08	1260.000000	1.52231e+08	
1280.000000	2.04553e+10	1280.000000	1.26159e+10	1280.000000	1.25754e+10	1280.000000	1.25982e+10	1280.000000	1.25789e+10	1280.000000	7.18567e+07	1280.000000	4.05876e+07	1280.000000	1.1853e+08	1280.000000	1.2803e+08	1280.000000	1.55286e+08	
1300.000000	2.08895e+10	1300.000000	1.28792e+10	1300.000000	1.28368e+10	1300.000000	1.28602e+10	1300.000000	1.28405e+10	1300.000000	7.2958e+07	1300.000000	4.13894e+07	1300.000000	1.20628e+08	1300.000000	1.30457e+08	1300.000000	1.5834e+08	
1320.000000	2.13246e+10	1320.000000	1.31431e+10	1320.000000	1.30989e+10	1320.000000	1.31228e+10	1320.000000	1.31026e+10	1320.000000	7.40523e+07	1320.000000	4.2193e+07	1320.000000	1.22719e+08	1320.000000	1.32882e+08	1320.000000	1.61394e+08	
1340.000000	2.17604e+10	1340.000000	1.34075e+10	1340.000000	1.33614e+10	1340.000000	1.33858e+10	1340.000000	1.33652e+10	1340.000000	7.51397e+07	1340.000000	4.29982e+07	1340.000000	1.24804e+08	1340.000000	1.35304e+08	1340.000000	1.64446e+08	
1360.000000	2.2197e+10	1360.000000	1.36724e+10	1360.000000	1.36245e+10	1360.000000	1.36494e+10	1360.000000	1.36283e+10	1360.000000	7.62203e+07	1360.000000	4.38051e+07	1360.000000	1.26883e+08	1360.000000	1.37724e+08	1360.000000	1.67497e+08	
1380.000000	2.26343e+10	1380.000000	1.39376e+10	1380.000000	1.3888e+10	1380.000000	1.39134e+10	1380.000000	1.38919e+10	1380.000000	7.7294e+07	1380.000000	4.46136e+07	1380.000000	1.28956e+08	1380.000000	1.40141e+08	1380.000000	1.70547e+08	
1400.000000	2.30723e+10	1400.000000	1.42033e+10	1400.000000	1.4152e+10	1400.000000	1.41779e+10	1400.000000	1.4156e+10	1400.000000	7.8361e+07	1400.000000	4.54237e+07	1400.000000	1.31023e+08	1400.000000	1.42555e+08	1400.000000	1.73594e+08	
1420.000000	2.35108e+10	1420.000000	1.44694e+10	1420.000000	1.44164e+10	1420.000000	1.44429e+10	1420.000000	1.44205e+10	1420.000000	7.94212e+07	1420.000000	4.62353e+07	1420.000000	1.33083e+08	1420.000000	1.44966e+08	1420.000000	1.7664e+08	
1440.000000	2.39499e+10	1440.000000	1.47359e+10	1440.000000	1.46813e+10	1440.000000	1.47082e+10	1440.000000	1.46854e+10	1440.000000	8.04747e+07	1440.000000	4.70486e+07	1440.000000	1.35137e+08	1440.000000	1.47374e+08	1440.000000	1.79682e+08	
1460.000000	2.43896e+10	1460.000000	1.50027e+10	1460.000000	1.49465e+10	1460.000000	1.4974e+10	1460.000000	1.49507e+10	1460.000000	8.15216e+07	1460.000000	4.78633e+07	1460.000000	1.37185e+08	1460.000000	1.49778e+08	1460.000000	1.82723e+08	
1480.000000	2.48297e+10	1480.000000	1.52698e+10	1480.000000	1.52121e+10	1480.000000	1.52401e+10	1480.000000	1.52164e+10	1480.000000	8.2562e+07	1480.000000	4.86795e+07	1480.000000	1.39226e+08	1480.000000	1.52179e+08	1480.000000	1.8576e+08	
1500.000000	2.52702e+10	1500.000000	1.55373e+10	1500.000000	1.54781e+10	1500.000000	1.55066e+10	1500.000000	1.54824e+10	1500.000000	8.35958e+07	1500.000000	4.94973e+07	1500.000000	1.41261e+08	1500.000000	1.54575e+08	1500.000000	1.88795e+08	
1520.000000	2.57112e+10	1520.000000	1.5805e+10	1520.000000	1.57444e+10	1520.000000	1.57735e+10	1520.000000	1.57488e+10	1520.000000	8.46231e+07	1520.000000	5.03164e+07	1520.000000	1.43289e+08	1520.000000	1.56969e+08	1520.000000	1.91827e+08	
1540.000000	2.61525e+10	1540.000000	1.6073e+10	1540.000000	1.60111e+10	1540.000000	1.60406e+10	1540.000000	1.60155e+10	1540.000000	8.56441e+07	1540.000000	5.1137e+07	1540.000000	1.4531e+08	1540.000000	1.59358e+08	1540.000000	1.94855e+08	
1560.000000	2.65942e+10	1560.000000	1.63412e+10	1560.000000	1.62781e+10	1560.000000	1.63081e+10	1560.000000	1.62826e+10	1560.000000	8.66586e+07	1560.000000	5.19591e+07	1560.000000	1.47325e+08	1560.000000	1.61743e+08	1560.000000	1.97879e+08	
1580.000000	2.70362e+10	1580.000000	1.66096e+10	1580.000000	1.65454e+10	1580.000000	1.65759e+10	1580.000000	1.65499e+10	1580.000000	8.76669e+07	1580.000000	5.27825e+07	1580.000000	1.49333e+08	1580.000000	1.64124e+08	1580.000000	2.009e+08 	
1600.000000	2.74784e+10	1600.000000	1.68783e+10	1600.000000	1.6813e+10	1600.000000	1.6844e+10	1600.000000	1.68175e+10	1600.000000	8.8669e+07	1600.000000	5.36074e+07	1600.000000	1.51335e+08	1600.000000	1.66501e+08	1600.000000	2.03918e+08	
1620.000000	2.79208e+10	1620.000000	1.71471e+10	1620.000000	1.70808e+10	1620.000000	1.71124e+10	1620.000000	1.70855e+10	1620.000000	8.96648e+07	1620.000000	5.44337e+07	1620.000000	1.5333e+08	1620.000000	1.68873e+08	1620.000000	2.06931e+08	
1640.000000	2.83635e+10	1640.000000	1.74162e+10	1640.000000	1.73489e+10	1640.000000	1.7381e+10	1640.000000	1.73536e+10	1640.000000	9.06545e+07	1640.000000	5.52614e+07	1640.000000	1.55318e+08	1640.000000	1.71242e+08	1640.000000	2.0994e+08	
1660.000000	2.88064e+10	1660.000000	1.76853e+10	1660.000000	1.76173e+10	1660.000000	1.76499e+10	1660.000000	1.7622e+10	1660.000000	9.16382e+07	1660.000000	5.60904e+07	1660.000000	1.573e+08 	1660.000000	1.73605e+08	1660.000000	2.12945e+08	
1680.000000	2.92493e+10	1680.000000	1.79547e+10	1680.000000	1.78859e+10	1680.000000	1.7919e+10	1680.000000	1.78907e+10	1680.000000	9.26158e+07	1680.000000	5.69208e+07	1680.000000	1.59275e+08	1680.000000	1.75964e+08	1680.000000	2.15946e+08	
1700.000000	2.96924e+10	1700.000000	1.82241e+10	1700.000000	1.81547e+10	1700.000000	1.81884e+10	1700.000000	1.81596e+10	1700.000000	9.35875e+07	1700.000000	5.77526e+07	1700.000000	1.61243e+08	1700.000000	1.78319e+08	1700.000000	2.18942e+08	
1750.000000	3.08005e+10	1750.000000	1.88983e+10	1750.000000	1.88276e+10	1750.000000	1.88626e+10	1750.000000	1.88327e+10	1750.000000	9.59911e+07	1750.000000	5.98378e+07	1750.000000	1.66135e+08	1750.000000	1.84185e+08	1750.000000	2.26413e+08	
1800.000000	3.19087e+10	1800.000000	1.95729e+10	1800.000000	1.95018e+10	1800.000000	1.95381e+10	1800.000000	1.9507e+10	1800.000000	9.83587e+07	1800.000000	6.19307e+07	1800.000000	1.70985e+08	1800.000000	1.90021e+08	1800.000000	2.33854e+08	
1850.000000	3.30167e+10	1850.000000	2.02478e+10	1850.000000	2.01769e+10	1850.000000	2.02146e+10	1850.000000	2.01824e+10	1850.000000	1.00691e+08	1850.000000	6.40309e+07	1850.000000	1.75794e+08	1850.000000	1.95826e+08	1850.000000	2.41264e+08	
1900.000000	3.4124e+10	1900.000000	2.09229e+10	1900.000000	2.0853e+10	1900.000000	2.0892e+10	1900.000000	2.08586e+10	1900.000000	1.0299e+08	1900.000000	6.61379e+07	1900.000000	1.80561e+08	1900.000000	2.01599e+08	1900.000000	2.48641e+08	
1950.000000	3.52305e+10	1950.000000	2.1598e+10	1950.000000	2.15298e+10	1950.000000	2.15701e+10	1950.000000	2.15357e+10	1950.000000	1.05255e+08	1950.000000	6.82516e+07	1950.000000	1.85287e+08	1950.000000	2.0734e+08	1950.000000	2.55985e+08	
2000.000000	3.63357e+10	2000.000000	2.22728e+10	2000.000000	2.22073e+10	2000.000000	2.2249e+10	2000.000000	2.22133e+10	2000.000000	1.07488e+08	2000.000000	7.03719e+07	2000.000000	1.89973e+08	2000.000000	2.1305e+08	2000.000000	2.63295e+08	
2100.000000	3.85414e+10	2100.000000	2.36214e+10	2100.000000	2.35639e+10	2100.000000	2.36082e+10	2100.000000	2.35703e+10	2100.000000	1.11859e+08	2100.000000	7.46328e+07	2100.000000	1.99224e+08	2100.000000	2.24369e+08	2100.000000	2.77808e+08	
2200.000000	4.07392e+10	2200.000000	2.49677e+10	2200.000000	2.4922e+10	2200.000000	2.4969e+10	2200.000000	2.49287e+10	2200.000000	1.16111e+08	2200.000000	7.89217e+07	2200.000000	2.08318e+08	2200.000000	2.35556e+08	2200.000000	2.92178e+08	
2300.000000	4.29273e+10	2300.000000	2.63107e+10	2300.000000	2.6281e+10	2300.000000	2.63306e+10	2300.000000	2.62881e+10	2300.000000	1.20249e+08	2300.000000	8.32385e+07	2300.000000	2.17258e+08	2300.000000	2.46609e+08	2300.000000	3.06401e+08	
2400.000000	4.51042e+10	2400.000000	2.76498e+10	2400.000000	2.76404e+10	2400.000000	2.76926e+10	2400.000000	2.76478e+10	2400.000000	1.2428e+08	2400.000000	8.75826e+07	2400.000000	2.26049e+08	2400.000000	2.57528e+08	2400.000000	3.20474e+08	
2500.000000	4.72688e+10	2500.000000	2.89843e+10	2500.000000	2.89997e+10	2500.000000	2.90545e+10	2500.000000	2.90074e+10	2500.000000	1.28207e+08	2500.000000	9.19524e+07	2500.000000	2.34693e+08	2500.000000	2.68314e+08	2500.000000	3.34397e+08	
2600.000000	4.94198e+10	2600.000000	3.03137e+10	2600.000000	3.03586e+10	2600.000000	3.04159e+10	2600.000000	3.03666e+10	2600.000000	1.32038e+08	2600.000000	9.6347e+07	2600.000000	2.43197e+08	2600.000000	2.78968e+08	2600.000000	3.48169e+08	
2700.000000	5.15564e+10	2700.000000	3.16374e+10	2700.000000	3.17167e+10	2700.000000	3.17766e+10	2700.000000	3.1725e+10	2700.000000	1.35776e+08	2700.000000	1.00765e+08	2700.000000	2.51563e+08	2700.000000	2.89491e+08	2700.000000	3.61792e+08	
2800.000000	5.36777e+10	2800.000000	3.29552e+10	2800.000000	3.30738e+10	2800.000000	3.31363e+10	2800.000000	3.30824e+10	2800.000000	1.39425e+08	2800.000000	1.05207e+08	2800.000000	2.59795e+08	2800.000000	2.99884e+08	2800.000000	3.75265e+08	
2900.000000	5.57832e+10	2900.000000	3.42665e+10	2900.000000	3.44296e+10	2900.000000	3.44946e+10	2900.000000	3.44385e+10	2900.000000	1.42991e+08	2900.000000	1.09671e+08	2900.000000	2.67899e+08	2900.000000	3.10151e+08	2900.000000	3.88591e+08	
3000.000000	5.78723e+10	3000.000000	3.55713e+10	3000.000000	3.5784e+10	3000.000000	3.58515e+10	3000.000000	3.57932e+10	3000.000000	1.46478e+08	3000.000000	1.14159e+08	3000.000000	2.75878e+08	3000.000000	3.20293e+08	3000.000000	4.01771e+08	
3200.000000	6.19992e+10	3200.000000	3.81598e+10	3200.000000	3.84877e+10	3200.000000	3.85603e+10	3200.000000	3.84975e+10	3200.000000	1.53225e+08	3200.000000	1.232e+08 	3200.000000	2.91476e+08	3200.000000	3.40209e+08	3200.000000	4.277e+08 	
3400.000000	6.60558e+10	3400.000000	4.07192e+10	3400.000000	4.11839e+10	3400.000000	4.12616e+10	3400.000000	4.11943e+10	3400.000000	1.59695e+08	3400.000000	1.32332e+08	3400.000000	3.06619e+08	3400.000000	3.59652e+08	3400.000000	4.53069e+08	
3600.000000	7.00402e+10	3600.000000	4.32485e+10	3600.000000	4.38718e+10	3600.000000	4.39546e+10	3600.000000	4.3883e+10	3600.000000	1.65912e+08	3600.000000	1.41553e+08	3600.000000	3.21335e+08	3600.000000	3.78641e+08	3600.000000	4.77897e+08	
3800.000000	7.39514e+10	3800.000000	4.5747e+10	3800.000000	4.6551e+10	3800.000000	4.66389e+10	3800.000000	4.65629e+10	3800.000000	1.71895e+08	3800.000000	1.50863e+08	3800.000000	3.35649e+08	3800.000000	3.97195e+08	3800.000000	5.02203e+08	
4000.000000	7.7789e+10	4000.000000	4.82143e+10	4000.000000	4.92212e+10	4000.000000	4.93141e+10	4000.000000	4.92338e+10	4000.000000	1.77664e+08	4000.000000	1.60262e+08	4000.000000	3.49586e+08	4000.000000	4.15332e+08	4000.000000	5.26006e+08	
4200.000000	8.15531e+10	4200.000000	5.06502e+10	4200.000000	5.18821e+10	4200.000000	5.198e+10 	4200.000000	5.18955e+10	4200.000000	1.83235e+08	4200.000000	1.69748e+08	4200.000000	3.63166e+08	4200.000000	4.33071e+08	4200.000000	5.49328e+08	
4400.000000	8.52441e+10	4400.000000	5.30547e+10	4400.000000	5.45337e+10	4400.000000	5.46366e+10	4400.000000	5.45478e+10	4400.000000	1.88623e+08	4400.000000	1.79322e+08	4400.000000	3.76411e+08	4400.000000	4.50429e+08	4400.000000	5.72185e+08	
4600.000000	8.88629e+10	4600.000000	5.5428e+10	4600.000000	5.7176e+10	4600.000000	5.72837e+10	4600.000000	5.71907e+10	4600.000000	1.93842e+08	4600.000000	1.88979e+08	4600.000000	3.89339e+08	4600.000000	4.67423e+08	4600.000000	5.94598e+08	
4800.000000	9.24104e+10	4800.000000	5.77704e+10	4800.000000	5.98089e+10	4800.000000	5.99215e+10	4800.000000	5.98243e+10	4800.000000	1.98902e+08	4800.000000	1.98721e+08	4800.000000	4.01967e+08	4800.000000	4.84068e+08	4800.000000	6.16584e+08	
5000.000000	9.58877e+10	5000.000000	6.00822e+10	5000.000000	6.24325e+10	5000.000000	6.255e+10 	5000.000000	6.24487e+10	5000.000000	2.03815e+08	5000.000000	2.08544e+08	5000.000000	4.14311e+08	5000.000000	5.0038e+08	5000.000000	6.3816e+08	
5250.000000	1.00138e+11	5250.000000	6.29295e+10	5250.000000	6.56992e+10	5250.000000	6.58226e+10	5250.000000	6.57162e+10	5250.000000	2.09764e+08	5250.000000	2.20935e+08	5250.000000	4.29364e+08	5250.000000	5.20322e+08	5250.000000	6.64578e+08	
5500.000000	1.04282e+11	5500.000000	6.57305e+10	5500.000000	6.89518e+10	5500.000000	6.9081e+10	5500.000000	6.89695e+10	5500.000000	2.15514e+08	5500.000000	2.33449e+08	5500.000000	4.44023e+08	5500.000000	5.39791e+08	5500.000000	6.90412e+08	
6000.000000	1.12268e+11	6000.000000	7.11975e+10	6000.000000	7.54157e+10	6000.000000	7.55565e+10	6000.000000	7.54351e+10	6000.000000	2.26476e+08	6000.000000	2.58835e+08	6000.000000	4.72251e+08	6000.000000	5.77407e+08	6000.000000	7.40436e+08	
6500.000000	1.19869e+11	6500.000000	7.64914e+10	6500.000000	8.18268e+10	6500.000000	8.19789e+10	6500.000000	8.18477e+10	6500.000000	2.36804e+08	6500.000000	2.84683e+08	6500.000000	4.99163e+08	6500.000000	6.13401e+08	6500.000000	7.88438e+08	
7000.000000	1.27107e+11	7000.000000	8.16207e+10	7000.000000	8.81875e+10	7000.000000	8.83508e+10	7000.000000	8.821e+10 	7000.000000	2.46578e+08	7000.000000	3.10982e+08	7000.000000	5.249e+08 	7000.000000	6.47925e+08	7000.000000	8.34599e+08	
7500.000000	1.34005e+11	7500.000000	8.65938e+10	7500.000000	9.45004e+10	7500.000000	9.46747e+10	7500.000000	9.45245e+10	7500.000000	2.55866e+08	7500.000000	3.37716e+08	7500.000000	5.49581e+08	7500.000000	6.81111e+08	7500.000000	8.79078e+08	
8000.000000	1.40586e+11	8000.000000	9.14189e+10	8000.000000	1.00768e+11	8000.000000	1.00953e+11	8000.000000	1.00794e+11	8000.000000	2.64721e+08	8000.000000	3.64879e+08	8000.000000	5.73306e+08	8000.000000	7.13074e+08	8000.000000	9.22013e+08	
8500.000000	1.46868e+11	8500.000000	9.61038e+10	8500.000000	1.06993e+11	8500.000000	1.07188e+11	8500.000000	1.0702e+11	8500.000000	2.73191e+08	8500.000000	3.92455e+08	8500.000000	5.96162e+08	8500.000000	7.43915e+08	8500.000000	9.63528e+08	
9000.000000	1.52872e+11	9000.000000	1.00656e+11	9000.000000	1.13177e+11	9000.000000	1.13383e+11	9000.000000	1.13205e+11	9000.000000	2.81314e+08	9000.000000	4.20414e+08	9000.000000	6.18226e+08	9000.000000	7.73722e+08	9000.000000	1.00373e+09	
9500.000000	1.58614e+11	9500.000000	1.05082e+11	9500.000000	1.19322e+11	9500.000000	1.19538e+11	9500.000000	1.19352e+11	9500.000000	2.89123e+08	9500.000000	4.48741e+08	9500.000000	6.39562e+08	9500.000000	8.02575e+08	9500.000000	1.04272e+09	
10000.000000	1.64111e+11	10000.000000	1.09389e+11	10000.000000	1.25431e+11	10000.000000	1.25657e+11	10000.000000	1.25461e+11	10000.000000	2.96646e+08	10000.000000	4.77439e+08	10000.000000	6.60228e+08	10000.000000	8.30543e+08	10000.000000	1.08058e+09	
11000.000000	1.7443e+11	11000.000000	1.17668e+11	11000.000000	1.37545e+11	11000.000000	1.37789e+11	11000.000000	1.37577e+11	11000.000000	3.10934e+08	11000.000000	5.35953e+08	11000.000000	6.99746e+08	11000.000000	8.84067e+08	11000.000000	1.15321e+09	
12000.000000	1.83937e+11	12000.000000	1.25538e+11	12000.000000	1.4953e+11	12000.000000	1.49794e+11	12000.000000	1.49565e+11	12000.000000	3.24337e+08	12000.000000	5.95927e+08	12000.000000	7.37121e+08	12000.000000	9.34719e+08	12000.000000	1.22216e+09	
13000.000000	1.92724e+11	13000.000000	1.33036e+11	13000.000000	1.61399e+11	13000.000000	1.61681e+11	13000.000000	1.61436e+11	13000.000000	3.36984e+08	13000.000000	6.57289e+08	13000.000000	7.72626e+08	13000.000000	9.82844e+08	13000.000000	1.28785e+09	
14000.000000	2.00871e+11	14000.000000	1.40196e+11	14000.000000	1.7316e+11	14000.000000	1.7346e+11	14000.000000	1.73199e+11	14000.000000	3.48974e+08	14000.000000	7.19956e+08	14000.000000	8.06481e+08	14000.000000	1.02873e+09	14000.000000	1.35066e+09	
15000.000000	2.08445e+11	15000.000000	1.47048e+11	15000.000000	1.84821e+11	15000.000000	1.85139e+11	15000.000000	1.84863e+11	15000.000000	3.60387e+08	15000.000000	7.83856e+08	15000.000000	8.3887e+08	15000.000000	1.07261e+09	15000.000000	1.41086e+09	
16000.000000	2.15505e+11	16000.000000	1.53617e+11	16000.000000	1.96391e+11	16000.000000	1.96726e+11	16000.000000	1.96435e+11	16000.000000	3.7129e+08	16000.000000	8.48939e+08	16000.000000	8.69944e+08	16000.000000	1.11469e+09	16000.000000	1.46873e+09	
17000.000000	2.22102e+11	17000.000000	1.59926e+11	17000.000000	2.07875e+11	17000.000000	2.08227e+11	17000.000000	2.07921e+11	17000.000000	3.81737e+08	17000.000000	9.15177e+08	17000.000000	8.99832e+08	17000.000000	1.15514e+09	17000.000000	1.52448e+09	
18000.000000	2.28281e+11	18000.000000	1.65995e+11	18000.000000	2.19279e+11	18000.000000	2.19647e+11	18000.000000	2.19327e+11	18000.000000	3.91775e+08	18000.000000	9.82546e+08	18000.000000	9.28642e+08	18000.000000	1.1941e+09	18000.000000	1.57829e+09	
19000.000000	2.3408e+11	19000.000000	1.71842e+11	19000.000000	2.30607e+11	19000.000000	2.30991e+11	19000.000000	2.30657e+11	19000.000000	4.01444e+08	19000.000000	1.05103e+09	19000.000000	9.56471e+08	19000.000000	1.23171e+09	19000.000000	1.63032e+09	
20000.000000	2.39534e+11	20000.000000	1.77483e+11	20000.000000	2.41865e+11	20000.000000	2.42265e+11	20000.000000	2.41917e+11	20000.000000	4.10775e+08	20000.000000	1.12059e+09	20000.000000	9.83398e+08	20000.000000	1.26807e+09	20000.000000	1.68073e+09	
21000.000000	2.44673e+11	21000.000000	1.82933e+11	21000.000000	2.53056e+11	21000.000000	2.53472e+11	21000.000000	2.53111e+11	21000.000000	4.198e+08 	21000.000000	1.19122e+09	21000.000000	1.0095e+09	21000.000000	1.30327e+09	21000.000000	1.72962e+09	
22000.000000	2.49524e+11	22000.000000	1.88203e+11	22000.000000	2.64184e+11	22000.000000	2.64615e+11	22000.000000	2.64241e+11	22000.000000	4.28541e+08	22000.000000	1.26289e+09	22000.000000	1.03483e+09	22000.000000	1.33742e+09	22000.000000	1.77712e+09	
23000.000000	2.5411e+11	23000.000000	1.93306e+11	23000.000000	2.75252e+11	23000.000000	2.75699e+11	23000.000000	2.75312e+11	23000.000000	4.37023e+08	23000.000000	1.33556e+09	23000.000000	1.05944e+09	23000.000000	1.37057e+09	23000.000000	1.82332e+09	
24000.000000	2.58452e+11	24000.000000	1.98253e+11	24000.000000	2.86264e+11	24000.000000	2.86725e+11	24000.000000	2.86325e+11	24000.000000	4.45263e+08	24000.000000	1.40922e+09	24000.000000	1.0834e+09	24000.000000	1.4028e+09	24000.000000	1.8683e+09	
25000.000000	2.62569e+11	25000.000000	2.03052e+11	25000.000000	2.97222e+11	25000.000000	2.97697e+11	25000.000000	2.97286e+11	25000.000000	4.5328e+08	25000.000000	1.48379e+09	25000.000000	1.10674e+09	25000.000000	1.43417e+09	25000.000000	1.91215e+09	
26000.000000	2.66479e+11	26000.000000	2.07713e+11	26000.000000	3.08129e+11	26000.000000	3.08618e+11	26000.000000	3.08194e+11	26000.000000	4.61089e+08	26000.000000	1.55921e+09	26000.000000	1.1295e+09	26000.000000	1.46474e+09	26000.000000	1.95494e+09	
27000.000000	2.70196e+11	27000.000000	2.12244e+11	27000.000000	3.18986e+11	27000.000000	3.19489e+11	27000.000000	3.19054e+11	27000.000000	4.68703e+08	27000.000000	1.63552e+09	27000.000000	1.15171e+09	27000.000000	1.49455e+09	27000.000000	1.99672e+09	
28000.000000	2.73735e+11	28000.000000	2.16652e+11	28000.000000	3.29797e+11	28000.000000	3.30313e+11	28000.000000	3.29866e+11	28000.000000	4.76134e+08	28000.000000	1.71273e+09	28000.000000	1.17341e+09	28000.000000	1.52364e+09	28000.000000	2.03756e+09	
29000.000000	2.77108e+11	29000.000000	2.20943e+11	29000.000000	3.40562e+11	29000.000000	3.41091e+11	29000.000000	3.40634e+11	29000.000000	4.83395e+08	29000.000000	1.79081e+09	29000.000000	1.19463e+09	29000.000000	1.55207e+09	29000.000000	2.07751e+09	
30000.000000	2.80326e+11	30000.000000	2.25123e+11	30000.000000	3.51285e+11	30000.000000	3.51827e+11	30000.000000	3.51358e+11	30000.000000	4.90494e+08	30000.000000	1.86972e+09	30000.000000	1.21539e+09	30000.000000	1.57986e+09	30000.000000	2.11662e+09	
32000.000000	2.86338e+11	32000.000000	2.33176e+11	32000.000000	3.72607e+11	32000.000000	3.73173e+11	32000.000000	3.72684e+11	32000.000000	5.04246e+08	32000.000000	2.02989e+09	32000.000000	1.25565e+09	32000.000000	1.63367e+09	32000.000000	2.19249e+09	
34000.000000	2.91845e+11	34000.000000	2.40851e+11	34000.000000	3.93776e+11	34000.000000	3.94366e+11	34000.000000	3.93857e+11	34000.000000	5.17454e+08	34000.000000	2.19318e+09	34000.000000	1.29434e+09	34000.000000	1.68531e+09	34000.000000	2.26547e+09	
36000.000000	2.96905e+11	36000.000000	2.48182e+11	36000.000000	4.14802e+11	36000.000000	4.15414e+11	36000.000000	4.14887e+11	36000.000000	5.30171e+08	36000.000000	2.35953e+09	36000.000000	1.33163e+09	36000.000000	1.73499e+09	36000.000000	2.33584e+09	
38000.000000	3.01572e+11	38000.000000	2.552e+11 	38000.000000	4.35695e+11	38000.000000	4.36327e+11	38000.000000	4.35783e+11	38000.000000	5.42445e+08	38000.000000	2.52873e+09	38000.000000	1.36762e+09	38000.000000	1.78287e+09	38000.000000	2.40382e+09	
40000.000000	3.05888e+11	40000.000000	2.61931e+11	40000.000000	4.56463e+11	40000.000000	4.57115e+11	40000.000000	4.56555e+11	40000.000000	5.54313e+08	40000.000000	2.70059e+09	40000.000000	1.40243e+09	40000.000000	1.82912e+09	40000.000000	2.4696e+09	
42000.000000	3.0989e+11	42000.000000	2.68398e+11	42000.000000	4.77114e+11	42000.000000	4.77784e+11	42000.000000	4.77209e+11	42000.000000	5.65811e+08	42000.000000	2.87503e+09	42000.000000	1.43616e+09	42000.000000	1.87387e+09	42000.000000	2.53336e+09	
44000.000000	3.13612e+11	44000.000000	2.74622e+11	44000.000000	4.97654e+11	44000.000000	4.98341e+11	44000.000000	4.97752e+11	44000.000000	5.76967e+08	44000.000000	3.05201e+09	44000.000000	1.46889e+09	44000.000000	1.91722e+09	44000.000000	2.59526e+09	
46000.000000	3.1708e+11	46000.000000	2.80621e+11	46000.000000	5.18089e+11	46000.000000	5.18793e+11	46000.000000	5.18191e+11	46000.000000	5.87809e+08	46000.000000	3.23157e+09	46000.000000	1.50068e+09	46000.000000	1.95928e+09	46000.000000	2.65542e+09	
48000.000000	3.2032e+11	48000.000000	2.86411e+11	48000.000000	5.38425e+11	48000.000000	5.39144e+11	48000.000000	5.38531e+11	48000.000000	5.98358e+08	48000.000000	3.41369e+09	48000.000000	1.5316e+09	48000.000000	2.00015e+09	48000.000000	2.71396e+09	
50000.000000	3.23352e+11	50000.000000	2.92006e+11	50000.000000	5.58666e+11	50000.000000	5.594e+11 	50000.000000	5.58776e+11	50000.000000	6.08636e+08	50000.000000	3.59834e+09	50000.000000	1.56172e+09	50000.000000	2.03989e+09	50000.000000	2.771e+09 	
