! 3He range in Si
! apply ZOOM for details
Energy (MeV/u)1	0 - [He-base] F.Hubert et al, AD&ND Tables 46(1990)1	Energy (MeV/u)2	1 - [H -base] J.F.Ziegler et al,Pergamon Press,NY(low energy)	Energy (MeV/u)3	2 - ATIMA 1.2 LS-theory (recommended for high energy)	Energy (MeV/u)4	3 - ATIMA 1.2 without LS-correction	Energy (MeV/u)5	4 - ATIMA 1.4 H.Weick, improved mean charge formula for HI	Energy (MeV/u)6	5 - Range straggling - method [0] - LISE	Energy (MeV/u)7	6 - Range straggling - method [1] - Atima	Energy (MeV/u)8	7 - Lateral range - method [0] - LISE	Energy (MeV/u)9	8 - Lateral range - method [1] - Atima	Energy (MeV/u)10	9 - Lateral range - method [2] - PDG	
0.001000	0.0854502 	0.001000	0.0854502 	0.001000	0.0689849 	0.001000	0.0689849 	0.001000	0.0690396 	0.001000	0         	0.001000	0         	0.001000	0.00115241	0.001000	0.00181889	0.001000	0.00086952	
0.002000	0.17414   	0.002000	0.1709    	0.002000	0.13797   	0.002000	0.13797   	0.002000	0.138079  	0.002000	0.0166488 	0.002000	0.0166488 	0.002000	0.00337491	0.002000	0.00514612	0.002000	0.00264422	
0.005000	0.348664  	0.005000	0.339049  	0.005000	0.268101  	0.005000	0.268101  	0.005000	0.268249  	0.005000	0.018247  	0.005000	0.018247  	0.005000	0.00922144	0.005000	0.013818  	0.005000	0.00735161	
0.008000	0.468785  	0.008000	0.454781  	0.008000	0.355788  	0.008000	0.355788  	0.008000	0.355946  	0.008000	0.0182698 	0.008000	0.0182698 	0.008000	0.0142038 	0.008000	0.0210932 	0.008000	0.0114201 	
0.010000	0.534733  	0.010000	0.51832   	0.010000	0.403626  	0.010000	0.403626  	0.010000	0.403788  	0.010000	0.0183344 	0.010000	0.0183344 	0.010000	0.0172273 	0.010000	0.0254758 	0.010000	0.0139047 	
0.015000	0.666693  	0.015000	0.645459  	0.015000	0.502899  	0.015000	0.502899  	0.015000	0.503064  	0.015000	0.0186012 	0.015000	0.0186012 	0.015000	0.0241249 	0.015000	0.0354059 	0.015000	0.0196053 	
0.020000	0.768754  	0.020000	0.743792  	0.020000	0.584676  	0.020000	0.584676  	0.020000	0.584843  	0.020000	0.0189104 	0.020000	0.0189104 	0.020000	0.0304048 	0.020000	0.044377  	0.020000	0.0248285 	
0.025000	0.853686  	0.025000	0.825622  	0.025000	0.655647  	0.025000	0.655647  	0.025000	0.655816  	0.025000	0.0192113 	0.025000	0.0192113 	0.025000	0.0362676 	0.025000	0.0527014 	0.025000	0.0297282 	
0.030000	0.927591  	0.030000	0.896827  	0.030000	0.719505  	0.030000	0.719505  	0.030000	0.719675  	0.030000	0.0194962 	0.030000	0.0194962 	0.030000	0.041858  	0.030000	0.0605976 	0.030000	0.0344194 	
0.035000	0.993885  	0.035000	0.960699  	0.035000	0.778566  	0.035000	0.778566  	0.035000	0.778736  	0.035000	0.0197686 	0.035000	0.0197686 	0.035000	0.0472902 	0.035000	0.0682311 	0.035000	0.0389955 	
0.040000	1.05468   	0.040000	1.01927   	0.040000	0.834019  	0.040000	0.834019  	0.040000	0.83419   	0.040000	0.0200295 	0.040000	0.0200295 	0.040000	0.0526129 	0.040000	0.0756769 	0.040000	0.0434946 	
0.045000	1.11139   	0.045000	1.07391   	0.045000	0.886684  	0.045000	0.886684  	0.045000	0.886854  	0.045000	0.0202806 	0.045000	0.0202806 	0.045000	0.0578625 	0.045000	0.0829905 	0.045000	0.0479453 	
0.050000	1.16499   	0.050000	1.12555   	0.050000	0.937147  	0.050000	0.937147  	0.050000	0.937319  	0.050000	0.0205238 	0.050000	0.0205698 	0.050000	0.0630684 	0.050000	0.0902145 	0.050000	0.0523716 	
0.055000	1.2162    	0.055000	1.1749    	0.055000	0.985852  	0.055000	0.985852  	0.055000	0.986023  	0.055000	0.020761  	0.055000	0.0208703 	0.055000	0.0682517 	0.055000	0.0973818 	0.055000	0.0567896 	
0.060000	1.26557   	0.060000	1.22246   	0.060000	1.03314   	0.060000	1.03314   	0.060000	1.03331   	0.060000	0.0209936 	0.060000	0.0211572 	0.060000	0.0734321 	0.060000	0.10452   	0.060000	0.0612159 	
0.070000	1.36031   	0.070000	1.31374   	0.070000	1.12447   	0.070000	1.12447   	0.070000	1.12464   	0.070000	0.0214504 	0.070000	0.0217027 	0.070000	0.0838439 	0.070000	0.118797  	0.070000	0.0701419 	
0.080000	1.45155   	0.080000	1.40165   	0.080000	1.21275   	0.080000	1.21275   	0.080000	1.21292   	0.080000	0.0219034 	0.080000	0.022225  	0.080000	0.0936258 	0.080000	0.132126  	0.080000	0.0785634 	
0.090000	1.54077   	0.090000	1.48761   	0.090000	1.29905   	0.090000	1.29905   	0.090000	1.29922   	0.090000	0.0223596 	0.090000	0.0227364 	0.090000	0.10173   	0.090000	0.143093  	0.090000	0.085572  	
0.100000	1.62894   	0.100000	1.57256   	0.100000	1.38416   	0.100000	1.38416   	0.100000	1.38434   	0.100000	0.0228243 	0.100000	0.0232457 	0.100000	0.108932  	0.100000	0.152779  	0.100000	0.0918228 	
0.120000	1.80457   	0.120000	1.74177   	0.120000	1.55292   	0.120000	1.55292   	0.120000	1.55309   	0.120000	0.0237958 	0.120000	0.0242804 	0.120000	0.121469  	0.120000	0.169495  	0.120000	0.102763  	
0.140000	1.98154   	0.140000	1.91227   	0.140000	1.72205   	0.140000	1.72205   	0.140000	1.72222   	0.140000	0.0248427 	0.140000	0.0253619 	0.140000	0.13245   	0.140000	0.183905  	0.140000	0.112405  	
0.160000	2.16133   	0.160000	2.0855    	0.160000	1.89329   	0.160000	1.89329   	0.160000	1.89346   	0.160000	0.0259805 	0.160000	0.0265086 	0.160000	0.142427  	0.160000	0.196411  	0.160000	0.121214  	
0.180000	2.34467   	0.180000	2.26214   	0.180000	2.06768   	0.180000	2.06768   	0.180000	2.06785   	0.180000	0.0272186 	0.180000	0.0277306 	0.180000	0.151881  	0.180000	0.208167  	0.180000	0.129595  	
0.200000	2.53191   	0.200000	2.44254   	0.200000	2.24585   	0.200000	2.24585   	0.200000	2.24602   	0.200000	0.0285618 	0.200000	0.0290328 	0.200000	0.160864  	0.200000	0.219277  	0.200000	0.137587  	
0.250000	3.01817   	0.250000	2.91104   	0.250000	2.70988   	0.250000	2.70988   	0.250000	2.71006   	0.250000	0.0323865 	0.250000	0.0326453 	0.250000	0.182385  	0.250000	0.245647  	0.250000	0.156839  	
0.300000	3.53146   	0.300000	3.40557   	0.300000	3.20228   	0.300000	3.20228   	0.300000	3.20246   	0.300000	0.03686   	0.300000	0.0367493 	0.300000	0.203248  	0.300000	0.270869  	0.300000	0.175635  	
0.350000	4.07271   	0.350000	3.92705   	0.350000	3.72387   	0.350000	3.72387   	0.350000	3.72404   	0.350000	0.041943  	0.350000	0.041307  	0.350000	0.223838  	0.350000	0.295587  	0.350000	0.194271  	
0.400000	4.6427    	0.400000	4.47622   	0.400000	4.27485   	0.400000	4.27485   	0.400000	4.27503   	0.400000	0.047596  	0.400000	0.0462812 	0.400000	0.244506  	0.400000	0.320197  	0.400000	0.213055  	
0.450000	5.24203   	0.450000	5.05365   	0.450000	4.85528   	0.450000	4.85528   	0.450000	4.85546   	0.450000	0.0537861 	0.450000	0.051641  	0.450000	0.265351  	0.450000	0.344856  	0.450000	0.232069  	
0.500000	5.87111   	0.500000	5.65975   	0.500000	5.4651    	0.500000	5.4651    	0.500000	5.46527   	0.500000	0.0604874 	0.500000	0.0573618 	0.500000	0.28657   	0.500000	0.36979   	0.500000	0.251478  	
0.600000	7.21944   	0.600000	6.95883   	0.600000	6.7724    	0.600000	6.7724    	0.600000	6.77257   	0.600000	0.0753445 	0.600000	0.069808  	0.600000	0.330045  	0.600000	0.420512  	0.600000	0.291404  	
0.700000	8.68821   	0.700000	8.37395   	0.700000	8.19533   	0.700000	8.19533   	0.700000	8.1955    	0.700000	0.0920391 	0.700000	0.0834904 	0.700000	0.37536   	0.700000	0.472921  	0.700000	0.333182  	
0.800000	10.2765   	0.800000	9.90422   	0.800000	9.73195   	0.800000	9.73195   	0.800000	9.73212   	0.800000	0.110474  	0.800000	0.0983083 	0.800000	0.422728  	0.800000	0.527233  	0.800000	0.377     	
0.900000	11.9827   	0.900000	11.5481   	0.900000	11.3801   	0.900000	11.3801   	0.900000	11.3803   	0.900000	0.130573  	0.900000	0.114181  	0.900000	0.472068  	0.900000	0.583446  	0.900000	0.422772  	
1.000000	13.8047   	1.000000	13.3035   	1.000000	13.1376   	1.000000	13.1376   	1.000000	13.1378   	1.000000	0.15227   	1.000000	0.131042  	1.000000	0.5236    	1.000000	0.641737  	1.000000	0.47069   	
1.250000	18.8537   	1.250000	18.1681   	1.250000	17.9966   	1.250000	17.9966   	1.250000	17.9967   	1.250000	0.213189  	1.250000	0.177731  	1.250000	0.661667  	1.250000	0.796339  	1.250000	0.599517  	
1.500000	24.5857   	1.500000	23.6907   	1.500000	23.4987   	1.500000	23.4987   	1.500000	23.4988   	1.500000	0.283213  	1.500000	0.232863  	1.500000	0.81301   	1.500000	0.963622  	1.500000	0.741275  	
1.750000	30.9769   	1.750000	29.8484   	1.750000	29.6223   	1.750000	29.6223   	1.750000	29.6224   	1.750000	0.36199   	1.750000	0.295014  	1.750000	0.977409  	1.750000	1.14332   	1.750000	0.895732  	
2.000000	38.0087   	2.000000	36.6233   	2.000000	36.3507   	2.000000	36.3507   	2.000000	36.3508   	2.000000	0.449291  	2.000000	0.363048  	2.000000	1.15471   	2.000000	1.33522   	2.000000	1.06272   	
2.250000	45.6654   	2.250000	44.0003   	2.250000	43.6702   	2.250000	43.6702   	2.250000	43.6703   	2.250000	0.544956  	2.250000	0.436353  	2.250000	1.34481   	2.250000	1.53912   	2.250000	1.24212   	
2.500000	53.9355   	2.500000	51.9667   	2.500000	51.5693   	2.500000	51.5693   	2.500000	51.5695   	2.500000	0.648854  	2.500000	0.51458   	2.500000	1.54742   	2.500000	1.75474   	2.500000	1.43367   	
3.000000	71.8599   	3.000000	69.6239   	3.000000	69.0668   	3.000000	69.0668   	3.000000	69.067    	3.000000	0.880898  	3.000000	0.68493   	3.000000	1.98989   	3.000000	2.22048   	3.000000	1.85286   	
3.500000	91.9952   	3.500000	89.5169   	3.500000	88.7725   	3.500000	88.7725   	3.500000	88.7727   	3.500000	1.14457   	3.500000	0.872719  	3.500000	2.47566   	3.500000	2.73094   	3.500000	2.31425   	
4.000000	114.285   	4.000000	111.579   	4.000000	110.626   	4.000000	110.626   	4.000000	110.626   	4.000000	1.43907   	4.000000	1.07694   	4.000000	2.99646   	4.000000	3.28463   	4.000000	2.81001   	
4.500000	138.682   	4.500000	135.751   	4.500000	134.572   	4.500000	134.572   	4.500000	134.572   	4.500000	1.76364   	4.500000	1.29688   	4.500000	3.56468   	4.500000	3.87086   	4.500000	3.35158   	
5.000000	165.145   	5.000000	161.981   	5.000000	160.564   	5.000000	160.564   	5.000000	160.564   	5.000000	2.11758   	5.000000	1.53191   	5.000000	4.17892   	5.000000	4.49243   	5.000000	3.93767   	
5.500000	193.639   	5.500000	190.221   	5.500000	188.557   	5.500000	188.557   	5.500000	188.557   	5.500000	2.50024   	5.500000	1.7815    	5.500000	4.83799   	5.500000	5.1542    	5.500000	4.56715   	
6.000000	224.13    	6.000000	220.43    	6.000000	218.513   	6.000000	218.513   	6.000000	218.513   	6.000000	2.91102   	6.000000	2.04519   	6.000000	5.54087   	6.000000	5.85494   	6.000000	5.23906   	
6.500000	256.591   	6.500000	252.569   	6.500000	250.396   	6.500000	250.396   	6.500000	250.396   	6.500000	3.3494    	6.500000	2.32257   	6.500000	6.28661   	6.500000	6.59352   	6.500000	5.95248   	
7.000000	290.995   	7.000000	286.603   	7.000000	284.172   	7.000000	284.172   	7.000000	284.172   	7.000000	3.81489   	7.000000	2.61328   	7.000000	7.07438   	7.000000	7.36898   	7.000000	6.70666   	
7.500000	327.317   	7.500000	322.5     	7.500000	319.814   	7.500000	319.814   	7.500000	319.814   	7.500000	4.30705   	7.500000	2.917     	7.500000	7.90343   	7.500000	8.18043   	7.500000	7.50086   	
8.000000	365.535   	8.000000	360.232   	8.000000	357.292   	8.000000	357.292   	8.000000	357.292   	8.000000	4.8255    	8.000000	3.23345   	8.000000	8.77309   	8.000000	9.0271    	8.000000	8.33444   	
8.500000	405.628   	8.500000	399.771   	8.500000	396.584   	8.500000	396.584   	8.500000	396.584   	8.500000	5.36985   	8.500000	3.56241   	8.500000	9.68274   	8.500000	9.90829   	8.500000	9.20683   	
9.000000	447.576   	9.000000	441.093   	9.000000	437.664   	9.000000	437.664   	9.000000	437.664   	9.000000	5.93979   	9.000000	3.90363   	9.000000	10.6318   	9.000000	10.8233   	9.000000	10.1175   	
9.500000	491.361   	9.500000	484.175   	9.500000	480.513   	9.500000	480.513   	9.500000	480.513   	9.500000	6.53501   	9.500000	4.25686   	9.500000	11.6198   	9.500000	11.7716   	9.500000	11.0659   	
10.000000	536.966   	10.000000	528.989   	10.000000	525.11    	10.000000	525.11    	10.000000	525.11    	10.000000	7.15522   	10.000000	4.62184   	10.000000	12.6461   	10.000000	12.7527   	10.000000	12.0516   	
11.000000	633.569   	11.000000	623.367   	11.000000	619.557   	11.000000	619.554   	11.000000	619.559   	11.000000	8.47296   	11.000000	5.38831   	11.000000	14.8147   	11.000000	14.8131   	11.000000	14.1356   	
12.000000	737.263   	12.000000	724.536   	12.000000	720.976   	12.000000	720.963   	12.000000	720.98    	12.000000	9.89466   	12.000000	6.20421   	12.000000	17.1373   	12.000000	17.0037   	12.000000	16.3692   	
13.000000	847.934   	13.000000	832.42    	13.000000	829.279   	13.000000	829.251   	13.000000	829.284   	13.000000	11.4192   	13.000000	7.06868   	13.000000	19.6122   	13.000000	19.3221   	13.000000	18.7508   	
14.000000	965.48    	14.000000	946.946   	14.000000	944.389   	14.000000	944.345   	14.000000	944.395   	14.000000	13.0457   	14.000000	7.98068   	14.000000	22.2377   	14.000000	21.7665   	14.000000	21.2791   	
15.000000	1089.8    	15.000000	1068.05   	15.000000	1066.24   	15.000000	1066.18   	15.000000	1066.25   	15.000000	14.7736   	15.000000	8.93963   	15.000000	25.0128   	15.000000	24.3353   	15.000000	23.9529   	
16.000000	1220.82   	16.000000	1195.65   	16.000000	1194.78   	16.000000	1194.7    	16.000000	1194.79   	16.000000	16.6025   	16.000000	9.94542   	16.000000	27.9363   	16.000000	27.0271   	16.000000	26.7712   	
17.000000	1358.44   	17.000000	1329.71   	17.000000	1329.96   	17.000000	1329.86   	17.000000	1329.97   	17.000000	18.532    	17.000000	10.9981   	17.000000	31.0076   	17.000000	29.8409   	17.000000	29.7335   	
18.000000	1502.58   	18.000000	1470.14   	18.000000	1471.73   	18.000000	1471.61   	18.000000	1471.75   	18.000000	20.562    	18.000000	12.0974   	18.000000	34.2258   	18.000000	32.7755   	18.000000	32.8391   	
19.000000	1653.18   	19.000000	1616.91   	19.000000	1620.06   	19.000000	1619.92   	19.000000	1620.08   	19.000000	22.6924   	19.000000	13.2427   	19.000000	37.5903   	19.000000	35.83     	19.000000	36.0874   	
20.000000	1810.16   	20.000000	1769.94   	20.000000	1774.91   	20.000000	1774.76   	20.000000	1774.93   	20.000000	24.9229   	20.000000	14.4337   	20.000000	41.1007   	20.000000	39.0038   	20.000000	39.478    	
21.000000	1973.45   	21.000000	1929.19   	21.000000	1936.25   	21.000000	1936.09   	21.000000	1936.28   	21.000000	27.2536   	21.000000	15.6704   	21.000000	44.7565   	21.000000	42.2961   	21.000000	43.0107   	
22.000000	2142.99   	22.000000	2094.61   	22.000000	2104.07   	22.000000	2103.89   	22.000000	2104.08   	22.000000	29.6844   	22.000000	16.9527   	22.000000	48.5574   	22.000000	45.7063   	22.000000	46.6852   	
23.000000	2318.71   	23.000000	2266.14   	23.000000	2278.32   	23.000000	2278.13   	23.000000	2278.33   	23.000000	32.2153   	23.000000	18.2805   	23.000000	52.503    	23.000000	49.2338   	23.000000	50.5012   	
24.000000	2500.57   	24.000000	2443.74   	24.000000	2458.98   	24.000000	2458.8    	24.000000	2458.98   	24.000000	34.8463   	24.000000	19.6538   	24.000000	56.5931   	24.000000	52.8782   	24.000000	54.4586   	
25.000000	2688.49   	25.000000	2627.36   	25.000000	2646.03   	25.000000	2645.86   	25.000000	2646.03   	25.000000	37.5775   	25.000000	21.0726   	25.000000	60.8275   	25.000000	56.6391   	25.000000	58.5572   	
27.000000	3082.32   	27.000000	3012.47   	27.000000	3039.22   	27.000000	3039.11   	27.000000	3039.23   	27.000000	43.3402   	27.000000	24.0452   	27.000000	69.7281   	27.000000	64.5084   	27.000000	67.1776   	
29.000000	3499.8    	29.000000	3421.11   	29.000000	3457.71   	29.000000	3457.73   	29.000000	3457.75   	29.000000	49.5033   	29.000000	27.1965   	29.000000	79.2033   	29.000000	72.8387   	29.000000	76.3617   	
31.000000	3940.53   	31.000000	3852.97   	31.000000	3901.18   	31.000000	3901.35   	31.000000	3901.22   	31.000000	56.0563   	31.000000	30.5227   	31.000000	89.2451   	31.000000	81.6219   	31.000000	86.1025   	
33.000000	4404.14   	33.000000	4307.71   	33.000000	4367.94   	33.000000	4368.31   	33.000000	4368      	33.000000	62.936    	33.000000	33.99     	33.000000	99.8096   	33.000000	90.8205   	33.000000	96.3583   	
35.000000	4890.3    	35.000000	4785.03   	35.000000	4857.44   	35.000000	4858.05   	35.000000	4857.51   	35.000000	70.1314   	35.000000	37.5931   	35.000000	110.883   	35.000000	100.422   	35.000000	107.116   	
38.000000	5661.08   	38.000000	5542.7    	38.000000	5633.69   	38.000000	5634.71   	38.000000	5633.76   	38.000000	81.5118   	38.000000	43.2524   	38.000000	128.43    	38.000000	115.564   	38.000000	124.18    	
41.000000	6480.8    	41.000000	6349.59   	41.000000	6459.39   	41.000000	6460.96   	41.000000	6459.52   	41.000000	93.5887   	41.000000	49.2083   	41.000000	147.079   	41.000000	131.572   	41.000000	142.336   	
44.000000	7348.5    	44.000000	7204.78   	44.000000	7333.76   	44.000000	7335.89   	44.000000	7333.85   	44.000000	106.351   	44.000000	55.4586   	44.000000	166.806   	44.000000	148.426   	44.000000	161.564   	
47.000000	8263.26   	47.000000	8107.44   	47.000000	8255.87   	47.000000	8258.61   	47.000000	8255.91   	47.000000	119.787   	47.000000	62.001    	47.000000	187.589   	47.000000	166.105   	47.000000	181.844   	
50.000000	9224.24   	50.000000	9056.75   	50.000000	9224.83   	50.000000	9228.32   	50.000000	9224.87   	50.000000	133.884   	50.000000	68.8255   	50.000000	209.407   	50.000000	184.591   	50.000000	203.158   	
55.000000	10926.4   	55.000000	10740.5   	55.000000	10941.9   	55.000000	10946.8   	55.000000	10941.9   	55.000000	158.813   	55.000000	80.8093   	55.000000	248.016   	55.000000	217.149   	55.000000	240.933   	
60.000000	12751.2   	60.000000	12548.3   	60.000000	12783.7   	60.000000	12790.3   	60.000000	12783.8   	60.000000	185.486   	60.000000	93.5304   	60.000000	289.357   	60.000000	251.83    	60.000000	281.46    	
65.000000	14695.5   	65.000000	14477     	65.000000	14747.2   	65.000000	14755.6   	65.000000	14747.2   	65.000000	213.845   	65.000000	106.976   	65.000000	333.35    	65.000000	288.566   	65.000000	324.668   	
70.000000	16756.4   	70.000000	16523.5   	70.000000	16829.2   	70.000000	16839.8   	70.000000	16829.3   	70.000000	243.836   	70.000000	121.113   	70.000000	379.916   	70.000000	327.297   	70.000000	370.494   	
75.000000	18931     	75.000000	18685     	75.000000	19027.2   	75.000000	19040.1   	75.000000	19027.2   	75.000000	275.407   	75.000000	135.929   	75.000000	428.984   	75.000000	367.964   	75.000000	418.875   	
80.000000	21216.7   	80.000000	20958.8   	80.000000	21338.4   	80.000000	21353.8   	80.000000	21338.4   	80.000000	308.506   	80.000000	151.391   	80.000000	480.484   	80.000000	410.515   	80.000000	469.754   	
85.000000	23611.2   	85.000000	23342.3   	85.000000	23760.2   	85.000000	23778.5   	85.000000	23760.2   	85.000000	343.084   	85.000000	167.482   	85.000000	534.352   	85.000000	454.9     	85.000000	523.077   	
90.000000	26112.2   	90.000000	25833     	90.000000	26290.5   	90.000000	26311.7   	90.000000	26290.4   	90.000000	379.094   	90.000000	184.187   	90.000000	590.526   	90.000000	501.071   	90.000000	578.79    	
95.000000	28717.4   	95.000000	28428.6   	95.000000	28926.7   	95.000000	28951.1   	95.000000	28926.7   	95.000000	416.491   	95.000000	201.488   	95.000000	648.943   	95.000000	548.982   	95.000000	636.842   	
100.000000	31424.9   	100.000000	31126.8   	100.000000	31666.6   	100.000000	31694.6   	100.000000	31666.7   	100.000000	455.23    	100.000000	219.369   	100.000000	709.545   	100.000000	598.591   	100.000000	697.186   	
105.000000	34232.7   	105.000000	33925.4   	105.000000	34508.4   	105.000000	34540.1   	105.000000	34508.5   	105.000000	495.271   	105.000000	237.819   	105.000000	772.28    	105.000000	649.857   	105.000000	759.775   	
110.000000	37138.9   	110.000000	36822.4   	110.000000	37450     	110.000000	37485.4   	110.000000	37449.9   	110.000000	536.572   	110.000000	256.812   	110.000000	837.091   	110.000000	702.741   	110.000000	824.561   	
115.000000	40141.8   	115.000000	39815.7   	115.000000	40489.3   	115.000000	40528.6   	115.000000	40489.1   	115.000000	579.093   	115.000000	276.331   	115.000000	903.927   	115.000000	757.205   	115.000000	891.505   	
120.000000	43239.6   	120.000000	42903.4   	120.000000	43624.3   	120.000000	43667.9   	120.000000	43624.1   	120.000000	622.798   	120.000000	296.374   	120.000000	972.738   	120.000000	813.212   	120.000000	960.561   	
125.000000	46430.8   	125.000000	46083.6   	125.000000	46853.2   	125.000000	46901.4   	125.000000	46853.1   	125.000000	667.649   	125.000000	316.915   	125.000000	1043.47   	125.000000	870.729   	125.000000	1031.69   	
130.000000	49713.7   	130.000000	49354.5   	130.000000	50174.6   	130.000000	50227.4   	130.000000	50174.4   	130.000000	713.61    	130.000000	337.953   	130.000000	1116.09   	130.000000	929.722   	130.000000	1104.85   	
135.000000	53086.9   	135.000000	52714.4   	135.000000	53586.4   	135.000000	53644     	135.000000	53586.1   	135.000000	760.649   	135.000000	359.476   	135.000000	1190.54   	135.000000	990.158   	135.000000	1180.01   	
140.000000	56548.9   	140.000000	56161.4   	140.000000	57086.8   	140.000000	57149.7   	140.000000	57086.7   	140.000000	808.731   	140.000000	381.459   	140.000000	1266.78   	140.000000	1052.01   	140.000000	1257.12   	
145.000000	60098.4   	145.000000	59694.1   	145.000000	60674.6   	145.000000	60742.9   	145.000000	60674.5   	145.000000	857.824   	145.000000	403.893   	145.000000	1344.77   	145.000000	1115.24   	145.000000	1336.15   	
150.000000	63733.9   	150.000000	63310.8   	150.000000	64348.1   	150.000000	64421.9   	150.000000	64348     	150.000000	907.898   	150.000000	426.769   	150.000000	1424.46   	150.000000	1179.82   	150.000000	1417.07   	
155.000000	67505.4   	155.000000	67009.9   	155.000000	68105.8   	155.000000	68185.2   	155.000000	68105.7   	155.000000	958.922   	155.000000	450.077   	155.000000	1505.82   	155.000000	1245.73   	155.000000	1499.84   	
160.000000	71358.8   	160.000000	70790     	160.000000	71946.3   	160.000000	72031.4   	160.000000	71945.9   	160.000000	1010.87   	160.000000	473.808   	160.000000	1588.8    	160.000000	1312.93   	160.000000	1584.42   	
165.000000	75290.7   	165.000000	74649.6   	165.000000	75867.8   	165.000000	75958.9   	165.000000	75867.4   	165.000000	1063.7    	165.000000	497.951   	165.000000	1673.37   	165.000000	1381.41   	165.000000	1670.79   	
170.000000	79299.9   	170.000000	78587.2   	170.000000	79868.9   	170.000000	79966.5   	170.000000	79868.7   	170.000000	1117.41   	170.000000	522.501   	170.000000	1759.49   	170.000000	1451.13   	170.000000	1758.91   	
175.000000	83385     	175.000000	82601.6   	175.000000	83948.5   	175.000000	84052.6   	175.000000	83948.4   	175.000000	1171.95   	175.000000	547.448   	175.000000	1847.12   	175.000000	1522.07   	175.000000	1848.75   	
180.000000	87544.6   	180.000000	86691.2   	180.000000	88105.3   	180.000000	88216.1   	180.000000	88105.2   	180.000000	1227.3    	180.000000	572.773   	180.000000	1936.23   	180.000000	1594.21   	180.000000	1940.28   	
185.000000	91777.6   	185.000000	90855     	185.000000	92337.9   	185.000000	92455.5   	185.000000	92337.7   	185.000000	1283.45   	185.000000	598.46    	185.000000	2026.79   	185.000000	1667.51   	185.000000	2033.47   	
190.000000	96082.7   	190.000000	95091.4   	190.000000	96645.2   	190.000000	96769.6   	190.000000	96644.8   	190.000000	1340.35   	190.000000	624.515   	190.000000	2118.75   	190.000000	1741.96   	190.000000	2128.28   	
195.000000	100459    	195.000000	99399.5   	195.000000	101026    	195.000000	101157    	195.000000	101025    	195.000000	1398      	195.000000	650.936   	195.000000	2212.1    	195.000000	1817.54   	195.000000	2224.7    	
200.000000	104905    	200.000000	103778    	200.000000	105478    	200.000000	105617    	200.000000	105478    	200.000000	1456.36   	200.000000	677.703   	200.000000	2306.79   	200.000000	1894.23   	200.000000	2322.7    	
210.000000	114001    	210.000000	112741    	210.000000	114594    	210.000000	114748    	210.000000	114594    	210.000000	1575.15   	210.000000	732.222   	210.000000	2500.09   	210.000000	2050.82   	210.000000	2523.29   	
220.000000	123364    	220.000000	121971    	220.000000	123985    	220.000000	124155    	220.000000	123984    	220.000000	1696.55   	220.000000	788.051   	220.000000	2698.41   	220.000000	2211.57   	220.000000	2729.87   	
230.000000	132984    	230.000000	131461    	230.000000	133641    	230.000000	133828    	230.000000	133640    	230.000000	1820.4    	230.000000	845.163   	230.000000	2901.53   	230.000000	2376.32   	230.000000	2942.21   	
240.000000	142855    	240.000000	141200    	240.000000	143555    	240.000000	143758    	240.000000	143554    	240.000000	1946.55   	240.000000	903.459   	240.000000	3109.22   	240.000000	2544.94   	240.000000	3160.12   	
250.000000	152968    	250.000000	151183    	250.000000	153717    	250.000000	153939    	250.000000	153716    	250.000000	2074.85   	250.000000	962.897   	250.000000	3321.3    	250.000000	2717.26   	250.000000	3383.42   	
260.000000	163316    	260.000000	161401    	260.000000	164121    	260.000000	164361    	260.000000	164120    	260.000000	2205.16   	260.000000	1023.44   	260.000000	3537.54   	260.000000	2893.15   	260.000000	3611.93   	
270.000000	173893    	270.000000	171847    	270.000000	174759    	270.000000	175019    	270.000000	174758    	270.000000	2337.36   	270.000000	1085.04   	270.000000	3757.78   	270.000000	3072.49   	270.000000	3845.47   	
280.000000	184693    	280.000000	182514    	280.000000	185625    	280.000000	185904    	280.000000	185623    	280.000000	2471.33   	280.000000	1147.62   	280.000000	3981.82   	280.000000	3255.14   	280.000000	4083.88   	
290.000000	195709    	290.000000	193396    	290.000000	196711    	290.000000	197009    	290.000000	196709    	290.000000	2606.95   	290.000000	1211.16   	290.000000	4209.51   	290.000000	3440.99   	290.000000	4326.99   	
300.000000	206934    	300.000000	204485    	300.000000	208009    	300.000000	208329    	300.000000	208008    	300.000000	2744.12   	300.000000	1275.64   	300.000000	4440.66   	300.000000	3629.92   	300.000000	4574.65   	
310.000000	218364    	310.000000	215777    	310.000000	219516    	310.000000	219857    	310.000000	219514    	310.000000	2882.72   	310.000000	1340.99   	310.000000	4675.14   	310.000000	3821.82   	310.000000	4826.72   	
320.000000	229993    	320.000000	227265    	320.000000	231223    	320.000000	231587    	320.000000	231222    	320.000000	3022.66   	320.000000	1407.21   	320.000000	4912.78   	320.000000	4016.58   	320.000000	5083.04   	
330.000000	241815    	330.000000	238944    	330.000000	243127    	330.000000	243513    	330.000000	243125    	330.000000	3163.85   	330.000000	1474.29   	330.000000	5153.45   	330.000000	4214.1    	330.000000	5343.47   	
340.000000	253825    	340.000000	250808    	340.000000	255221    	340.000000	255629    	340.000000	255218    	340.000000	3306.21   	340.000000	1542.15   	340.000000	5397      	340.000000	4414.28   	340.000000	5607.9    	
350.000000	266020    	350.000000	262852    	350.000000	267498    	350.000000	267930    	350.000000	267495    	350.000000	3449.64   	350.000000	1610.74   	350.000000	5643.31   	350.000000	4617.02   	350.000000	5876.17   	
360.000000	278392    	360.000000	275071    	360.000000	279955    	360.000000	280411    	360.000000	279952    	360.000000	3594.06   	360.000000	1680.08   	360.000000	5892.25   	360.000000	4822.24   	360.000000	6148.18   	
370.000000	290939    	370.000000	287460    	370.000000	292585    	370.000000	293067    	370.000000	292583    	370.000000	3739.41   	370.000000	1750.17   	370.000000	6143.7    	370.000000	5029.85   	370.000000	6423.8    	
380.000000	303656    	380.000000	300015    	380.000000	305385    	380.000000	305892    	380.000000	305383    	380.000000	3885.61   	380.000000	1820.98   	380.000000	6397.54   	380.000000	5239.76   	380.000000	6702.9    	
390.000000	316538    	390.000000	312731    	390.000000	318350    	390.000000	318882    	390.000000	318348    	390.000000	4032.59   	390.000000	1892.45   	390.000000	6653.66   	390.000000	5451.89   	390.000000	6985.39   	
400.000000	329582    	400.000000	325604    	400.000000	331476    	400.000000	332033    	400.000000	331473    	400.000000	4180.3    	400.000000	1964.56   	400.000000	6911.96   	400.000000	5666.16   	400.000000	7271.15   	
410.000000	342782    	410.000000	338629    	410.000000	344757    	410.000000	345340    	410.000000	344753    	410.000000	4328.66   	410.000000	2037.29   	410.000000	7172.34   	410.000000	5882.5    	410.000000	7560.07   	
420.000000	356137    	420.000000	351803    	420.000000	358190    	420.000000	358800    	420.000000	358186    	420.000000	4477.62   	420.000000	2110.6    	420.000000	7434.69   	420.000000	6100.83   	420.000000	7852.05   	
430.000000	369641    	430.000000	365121    	430.000000	371769    	430.000000	372406    	430.000000	371765    	430.000000	4627.13   	430.000000	2184.45   	430.000000	7698.92   	430.000000	6321.08   	430.000000	8147      	
440.000000	383291    	440.000000	378580    	440.000000	385491    	440.000000	386157    	440.000000	385488    	440.000000	4777.13   	440.000000	2258.82   	440.000000	7964.95   	440.000000	6543.19   	440.000000	8444.82   	
450.000000	397083    	450.000000	392176    	450.000000	399354    	450.000000	400048    	450.000000	399351    	450.000000	4927.58   	450.000000	2333.74   	450.000000	8232.68   	450.000000	6767.09   	450.000000	8745.41   	
460.000000	411015    	460.000000	405906    	460.000000	413352    	460.000000	414075    	460.000000	413349    	460.000000	5078.42   	460.000000	2409.21   	460.000000	8502.04   	460.000000	6992.71   	460.000000	9048.69   	
470.000000	425082    	470.000000	419766    	470.000000	427483    	470.000000	428235    	470.000000	427480    	470.000000	5229.62   	470.000000	2485.21   	470.000000	8772.94   	470.000000	7219.99   	470.000000	9354.58   	
480.000000	439282    	480.000000	433753    	480.000000	441743    	480.000000	442524    	480.000000	441740    	480.000000	5381.13   	480.000000	2561.7    	480.000000	9045.3    	480.000000	7448.88   	480.000000	9662.97   	
490.000000	453612    	490.000000	447864    	490.000000	456128    	490.000000	456938    	490.000000	456125    	490.000000	5532.9    	490.000000	2638.64   	490.000000	9319.06   	490.000000	7679.32   	490.000000	9973.81   	
500.000000	468068    	500.000000	462095    	500.000000	470636    	500.000000	471476    	500.000000	470632    	500.000000	5684.91   	500.000000	2716.02   	500.000000	9594.15   	500.000000	7911.24   	500.000000	10287     	
520.000000	497347    	520.000000	490908    	520.000000	500006    	520.000000	500906    	520.000000	500001    	520.000000	5989.48   	520.000000	2872.1    	520.000000	10148     	520.000000	8379.36   	520.000000	10920.1   	
540.000000	527098    	540.000000	520168    	540.000000	529826    	540.000000	530790    	540.000000	529823    	540.000000	6294.56   	540.000000	3029.94   	540.000000	10706.4   	540.000000	8852.82   	540.000000	11561.8   	
560.000000	557298    	560.000000	549853    	560.000000	560077    	560.000000	561105    	560.000000	560074    	560.000000	6599.92   	560.000000	3189.3    	560.000000	11268.8   	560.000000	9331.24   	560.000000	12211.5   	
580.000000	587928    	580.000000	579944    	580.000000	590736    	580.000000	591830    	580.000000	590734    	580.000000	6905.32   	580.000000	3350.09   	580.000000	11834.8   	580.000000	9814.27   	580.000000	12868.6   	
600.000000	618968    	600.000000	610420    	600.000000	621785    	600.000000	622944    	600.000000	621782    	600.000000	7210.59   	600.000000	3512.26   	600.000000	12404     	600.000000	10301.6   	600.000000	13532.8   	
620.000000	650399    	620.000000	641264    	620.000000	653204    	620.000000	654429    	620.000000	653200    	620.000000	7515.53   	620.000000	3675.73   	620.000000	12976     	620.000000	10792.8   	620.000000	14203.4   	
640.000000	682205    	640.000000	672458    	640.000000	684975    	640.000000	686267    	640.000000	684969    	640.000000	7819.99   	640.000000	3840.44   	640.000000	13550.5   	640.000000	11287.8   	640.000000	14880.2   	
660.000000	714368    	660.000000	703987    	660.000000	717078    	660.000000	718441    	660.000000	717074    	660.000000	8123.82   	660.000000	4006.35   	660.000000	14127.1   	660.000000	11786.1   	660.000000	15562.7   	
680.000000	746873    	680.000000	735833    	680.000000	749501    	680.000000	750934    	680.000000	749498    	680.000000	8426.9    	680.000000	4173.39   	680.000000	14705.5   	680.000000	12287.5   	680.000000	16250.4   	
700.000000	779704    	700.000000	767984    	700.000000	782228    	700.000000	783734    	700.000000	782226    	700.000000	8729.12   	700.000000	4341.51   	700.000000	15285.6   	700.000000	12791.8   	700.000000	16943.2   	
720.000000	812848    	720.000000	800425    	720.000000	815246    	720.000000	816823    	720.000000	815244    	720.000000	9030.35   	720.000000	4510.67   	720.000000	15866.9   	720.000000	13298.8   	720.000000	17640.5   	
740.000000	846290    	740.000000	833142    	740.000000	848540    	740.000000	850191    	740.000000	848539    	740.000000	9330.52   	740.000000	4680.83   	740.000000	16449.4   	740.000000	13808.2   	740.000000	18342.2   	
760.000000	880018    	760.000000	866123    	760.000000	882100    	760.000000	883823    	760.000000	882097    	760.000000	9629.55   	760.000000	4851.96   	760.000000	17032.6   	760.000000	14319.8   	760.000000	19047.8   	
780.000000	914017    	780.000000	899356    	780.000000	915911    	780.000000	917707    	780.000000	915908    	780.000000	9927.35   	780.000000	5024.03   	780.000000	17616.6   	780.000000	14833.4   	780.000000	19757.1   	
800.000000	948278    	800.000000	932830    	800.000000	949963    	800.000000	951833    	800.000000	949959    	800.000000	10223.9   	800.000000	5196.93   	800.000000	18200.9   	800.000000	15349     	800.000000	20469.9   	
820.000000	982787    	820.000000	966534    	820.000000	984244    	820.000000	986189    	820.000000	984240    	820.000000	10519     	820.000000	5370.58   	820.000000	18785.6   	820.000000	15866.2   	820.000000	21185.8   	
840.000000	1.01753e+06	840.000000	1.00046e+06	840.000000	1.01874e+06	840.000000	1.02076e+06	840.000000	1.01874e+06	840.000000	10812.7   	840.000000	5544.88   	840.000000	19370.3   	840.000000	16384.8   	840.000000	21904.6   	
860.000000	1.05251e+06	860.000000	1.03459e+06	860.000000	1.05344e+06	860.000000	1.05554e+06	860.000000	1.05343e+06	860.000000	11104.7   	860.000000	5719.86   	860.000000	19954.8   	860.000000	16904.7   	860.000000	22625.9   	
880.000000	1.0877e+06	880.000000	1.06892e+06	880.000000	1.08833e+06	880.000000	1.09051e+06	880.000000	1.08833e+06	880.000000	11395.2   	880.000000	5895.54   	880.000000	20539.1   	880.000000	17425.8   	880.000000	23349.5   	
900.000000	1.1231e+06	900.000000	1.10345e+06	900.000000	1.12341e+06	900.000000	1.12566e+06	900.000000	1.12341e+06	900.000000	11684     	900.000000	6071.88   	900.000000	21122.9   	900.000000	17947.8   	900.000000	24075.3   	
920.000000	1.15869e+06	920.000000	1.13815e+06	920.000000	1.15866e+06	920.000000	1.161e+06 	920.000000	1.15866e+06	920.000000	11971.1   	920.000000	6248.8    	920.000000	21706.1   	920.000000	18470.7   	920.000000	24803     	
940.000000	1.19448e+06	940.000000	1.17303e+06	940.000000	1.19409e+06	940.000000	1.1965e+06	940.000000	1.19409e+06	940.000000	12256.5   	940.000000	6426.25   	940.000000	22288.7   	940.000000	18994.4   	940.000000	25532.4   	
960.000000	1.23044e+06	960.000000	1.20808e+06	960.000000	1.22968e+06	960.000000	1.23217e+06	960.000000	1.22968e+06	960.000000	12540.2   	960.000000	6604.22   	960.000000	22870.6   	960.000000	19518.7   	960.000000	26263.4   	
980.000000	1.26658e+06	980.000000	1.24329e+06	980.000000	1.26542e+06	980.000000	1.26799e+06	980.000000	1.26542e+06	980.000000	12822.3   	980.000000	6782.75   	980.000000	23451.6   	980.000000	20043.5   	980.000000	26995.9   	
1000.000000	1.30288e+06	1000.000000	1.27864e+06	1000.000000	1.30131e+06	1000.000000	1.30397e+06	1000.000000	1.30131e+06	1000.000000	13102.6   	1000.000000	6961.86   	1000.000000	24031.6   	1000.000000	20568.7   	1000.000000	27729.6   	
1020.000000	1.33934e+06	1020.000000	1.31414e+06	1020.000000	1.33734e+06	1020.000000	1.34008e+06	1020.000000	1.33735e+06	1020.000000	13381.1   	1020.000000	7141.56   	1020.000000	24610.7   	1020.000000	21094.3   	1020.000000	28464.4   	
1040.000000	1.37594e+06	1040.000000	1.34978e+06	1040.000000	1.37351e+06	1040.000000	1.37633e+06	1040.000000	1.37351e+06	1040.000000	13657.9   	1040.000000	7321.8    	1040.000000	25188.6   	1040.000000	21620.2   	1040.000000	29200.3   	
1060.000000	1.41269e+06	1060.000000	1.38555e+06	1060.000000	1.40981e+06	1060.000000	1.41271e+06	1060.000000	1.40981e+06	1060.000000	13933     	1060.000000	7502.54   	1060.000000	25765.4   	1060.000000	22146.2   	1060.000000	29936.9   	
1080.000000	1.44957e+06	1080.000000	1.42145e+06	1080.000000	1.44624e+06	1080.000000	1.44921e+06	1080.000000	1.44623e+06	1080.000000	14206.4   	1080.000000	7683.73   	1080.000000	26341     	1080.000000	22672.3   	1080.000000	30674.3   	
1100.000000	1.48658e+06	1100.000000	1.45747e+06	1100.000000	1.48278e+06	1100.000000	1.48584e+06	1100.000000	1.48278e+06	1100.000000	14478     	1100.000000	7865.35   	1100.000000	26915.2   	1100.000000	23198.4   	1100.000000	31412.3   	
1120.000000	1.52371e+06	1120.000000	1.4936e+06	1120.000000	1.51944e+06	1120.000000	1.52257e+06	1120.000000	1.51943e+06	1120.000000	14747.9   	1120.000000	8047.39   	1120.000000	27488.2   	1120.000000	23724.4   	1120.000000	32150.8   	
1140.000000	1.56095e+06	1140.000000	1.52984e+06	1140.000000	1.5562e+06	1140.000000	1.55942e+06	1140.000000	1.5562e+06	1140.000000	15016.1   	1140.000000	8229.85   	1140.000000	28059.7   	1140.000000	24250.3   	1140.000000	32889.6   	
1160.000000	1.59831e+06	1160.000000	1.56618e+06	1160.000000	1.59307e+06	1160.000000	1.59637e+06	1160.000000	1.59306e+06	1160.000000	15282.5   	1160.000000	8412.74   	1160.000000	28629.8   	1160.000000	24776     	1160.000000	33628.8   	
1180.000000	1.63577e+06	1180.000000	1.60262e+06	1180.000000	1.63004e+06	1180.000000	1.63342e+06	1180.000000	1.63003e+06	1180.000000	15547.3   	1180.000000	8596.03   	1180.000000	29198.4   	1180.000000	25301.5   	1180.000000	34368.1   	
1200.000000	1.67332e+06	1200.000000	1.63915e+06	1200.000000	1.6671e+06	1200.000000	1.67057e+06	1200.000000	1.66709e+06	1200.000000	15810.3   	1200.000000	8779.74   	1200.000000	29765.5   	1200.000000	25826.7   	1200.000000	35107.5   	
1220.000000	1.71097e+06	1220.000000	1.67578e+06	1220.000000	1.70426e+06	1220.000000	1.7078e+06	1220.000000	1.70425e+06	1220.000000	16071.6   	1220.000000	8963.85   	1220.000000	30331.1   	1220.000000	26351.5   	1220.000000	35846.9   	
1240.000000	1.7487e+06	1240.000000	1.71248e+06	1240.000000	1.7415e+06	1240.000000	1.74513e+06	1240.000000	1.74149e+06	1240.000000	16331.2   	1240.000000	9148.35   	1240.000000	30895.1   	1240.000000	26875.9   	1240.000000	36586.3   	
1260.000000	1.78652e+06	1260.000000	1.74927e+06	1260.000000	1.77882e+06	1260.000000	1.78254e+06	1260.000000	1.77882e+06	1260.000000	16589.2   	1260.000000	9333.23   	1260.000000	31457.4   	1260.000000	27399.8   	1260.000000	37325.5   	
1280.000000	1.82442e+06	1280.000000	1.78614e+06	1280.000000	1.81623e+06	1280.000000	1.82003e+06	1280.000000	1.81622e+06	1280.000000	16845.5   	1280.000000	9518.5    	1280.000000	32018.1   	1280.000000	27923.2   	1280.000000	38064.5   	
1300.000000	1.86238e+06	1300.000000	1.82307e+06	1300.000000	1.85371e+06	1300.000000	1.85759e+06	1300.000000	1.8537e+06	1300.000000	17100.1   	1300.000000	9704.14   	1300.000000	32577.2   	1300.000000	28446.1   	1300.000000	38803.1   	
1320.000000	1.90042e+06	1320.000000	1.86008e+06	1320.000000	1.89126e+06	1320.000000	1.89523e+06	1320.000000	1.89126e+06	1320.000000	17353.1   	1320.000000	9890.15   	1320.000000	33134.5   	1320.000000	28968.4   	1320.000000	39541.4   	
1340.000000	1.93852e+06	1340.000000	1.89715e+06	1340.000000	1.92889e+06	1340.000000	1.93294e+06	1340.000000	1.92888e+06	1340.000000	17604.4   	1340.000000	10076.5   	1340.000000	33690.2   	1340.000000	29490     	1340.000000	40279.3   	
1360.000000	1.97668e+06	1360.000000	1.93428e+06	1360.000000	1.96658e+06	1360.000000	1.97072e+06	1360.000000	1.96658e+06	1360.000000	17854.2   	1360.000000	10263.3   	1360.000000	34244.1   	1360.000000	30011     	1360.000000	41016.7   	
1380.000000	2.01489e+06	1380.000000	1.97146e+06	1380.000000	2.00434e+06	1380.000000	2.00856e+06	1380.000000	2.00433e+06	1380.000000	18102.3   	1380.000000	10450.3   	1380.000000	34796.3   	1380.000000	30531.3   	1380.000000	41753.6   	
1400.000000	2.05316e+06	1400.000000	2.00871e+06	1400.000000	2.04216e+06	1400.000000	2.04647e+06	1400.000000	2.04215e+06	1400.000000	18348.8   	1400.000000	10637.8   	1400.000000	35346.7   	1400.000000	31050.9   	1400.000000	42489.8   	
1420.000000	2.09147e+06	1420.000000	2.046e+06 	1420.000000	2.08003e+06	1420.000000	2.08443e+06	1420.000000	2.08003e+06	1420.000000	18593.7   	1420.000000	10825.6   	1420.000000	35895.3   	1420.000000	31569.7   	1420.000000	43225.4   	
1440.000000	2.12983e+06	1440.000000	2.08334e+06	1440.000000	2.11797e+06	1440.000000	2.12245e+06	1440.000000	2.11796e+06	1440.000000	18837.1   	1440.000000	11013.7   	1440.000000	36442.2   	1440.000000	32087.8   	1440.000000	43960.3   	
1460.000000	2.16823e+06	1460.000000	2.12073e+06	1460.000000	2.15596e+06	1460.000000	2.16052e+06	1460.000000	2.15595e+06	1460.000000	19078.9   	1460.000000	11202.2   	1460.000000	36987.2   	1460.000000	32605     	1460.000000	44694.4   	
1480.000000	2.20666e+06	1480.000000	2.15815e+06	1480.000000	2.19399e+06	1480.000000	2.19864e+06	1480.000000	2.19399e+06	1480.000000	19319.2   	1480.000000	11390.9   	1480.000000	37530.5   	1480.000000	33121.3   	1480.000000	45427.8   	
1500.000000	2.24513e+06	1500.000000	2.19562e+06	1500.000000	2.23208e+06	1500.000000	2.23682e+06	1500.000000	2.23208e+06	1500.000000	19558     	1500.000000	11580.1   	1500.000000	38072     	1500.000000	33636.9   	1500.000000	46160.3   	
1520.000000	2.28363e+06	1520.000000	2.23313e+06	1520.000000	2.27022e+06	1520.000000	2.27504e+06	1520.000000	2.27021e+06	1520.000000	19795.2   	1520.000000	11769.5   	1520.000000	38611.6   	1520.000000	34151.5   	1520.000000	46892     	
1540.000000	2.32216e+06	1540.000000	2.27067e+06	1540.000000	2.3084e+06	1540.000000	2.3133e+06	1540.000000	2.30839e+06	1540.000000	20031     	1540.000000	11959.3   	1540.000000	39149.4   	1540.000000	34665.2   	1540.000000	47622.7   	
1560.000000	2.36071e+06	1560.000000	2.30824e+06	1560.000000	2.34662e+06	1560.000000	2.35161e+06	1560.000000	2.34661e+06	1560.000000	20265.3   	1560.000000	12149.4   	1560.000000	39685.5   	1560.000000	35178     	1560.000000	48352.5   	
1580.000000	2.39928e+06	1580.000000	2.34584e+06	1580.000000	2.38489e+06	1580.000000	2.38996e+06	1580.000000	2.38487e+06	1580.000000	20498.1   	1580.000000	12339.8   	1580.000000	40219.6   	1580.000000	35689.9   	1580.000000	49081.3   	
1600.000000	2.43787e+06	1600.000000	2.38346e+06	1600.000000	2.42319e+06	1600.000000	2.42834e+06	1600.000000	2.42317e+06	1600.000000	20729.4   	1600.000000	12530.5   	1600.000000	40752     	1600.000000	36200.7   	1600.000000	49809.1   	
1620.000000	2.47648e+06	1620.000000	2.42112e+06	1620.000000	2.46153e+06	1620.000000	2.46677e+06	1620.000000	2.46151e+06	1620.000000	20959.4   	1620.000000	12721.6   	1620.000000	41282.5   	1620.000000	36710.6   	1620.000000	50535.9   	
1640.000000	2.51509e+06	1640.000000	2.45879e+06	1640.000000	2.49991e+06	1640.000000	2.50523e+06	1640.000000	2.49989e+06	1640.000000	21187.9   	1640.000000	12913     	1640.000000	41811.2   	1640.000000	37219.6   	1640.000000	51261.6   	
1660.000000	2.55372e+06	1660.000000	2.49648e+06	1660.000000	2.53831e+06	1660.000000	2.54372e+06	1660.000000	2.5383e+06	1660.000000	21415     	1660.000000	13104.6   	1660.000000	42338.1   	1660.000000	37727.5   	1660.000000	51986.2   	
1680.000000	2.59236e+06	1680.000000	2.5342e+06	1680.000000	2.57676e+06	1680.000000	2.58225e+06	1680.000000	2.57673e+06	1680.000000	21640.7   	1680.000000	13296.6   	1680.000000	42863.2   	1680.000000	38234.3   	1680.000000	52709.7   	
1700.000000	2.631e+06 	1700.000000	2.57193e+06	1700.000000	2.61523e+06	1700.000000	2.6208e+06	1700.000000	2.61521e+06	1700.000000	21865     	1700.000000	13489     	1700.000000	43386.4   	1700.000000	38740.2   	1700.000000	53432     	
1750.000000	2.72762e+06	1750.000000	2.66631e+06	1750.000000	2.71152e+06	1750.000000	2.71732e+06	1750.000000	2.71151e+06	1750.000000	22419.9   	1750.000000	13971.1   	1750.000000	44686.5   	1750.000000	40000.2   	1750.000000	55232.7   	
1800.000000	2.82421e+06	1800.000000	2.76076e+06	1800.000000	2.80798e+06	1800.000000	2.814e+06 	1800.000000	2.80797e+06	1800.000000	22966.5   	1800.000000	14455     	1800.000000	45975.4   	1800.000000	41253.5   	1800.000000	57025.8   	
1850.000000	2.92076e+06	1850.000000	2.85524e+06	1850.000000	2.90458e+06	1850.000000	2.91081e+06	1850.000000	2.90457e+06	1850.000000	23505     	1850.000000	14940.6   	1850.000000	47252.9   	1850.000000	42500     	1850.000000	58810.9   	
1900.000000	3.01724e+06	1900.000000	2.94973e+06	1900.000000	3.0013e+06	1900.000000	3.00775e+06	1900.000000	3.00129e+06	1900.000000	24035.7   	1900.000000	15427.8   	1900.000000	48519.3   	1900.000000	43739.5   	1900.000000	60588     	
1950.000000	3.1136e+06	1950.000000	3.04422e+06	1950.000000	3.09812e+06	1950.000000	3.1048e+06	1950.000000	3.09812e+06	1950.000000	24558.7   	1950.000000	15916.5   	1950.000000	49774.7   	1950.000000	44972     	1950.000000	62356.6   	
2000.000000	3.20984e+06	2000.000000	3.13867e+06	2000.000000	3.19504e+06	2000.000000	3.20193e+06	2000.000000	3.19504e+06	2000.000000	25074.3   	2000.000000	16406.9   	2000.000000	51019.2   	2000.000000	46197.4   	2000.000000	64116.8   	
2100.000000	3.40182e+06	2100.000000	3.32742e+06	2100.000000	3.38909e+06	2100.000000	3.39642e+06	2100.000000	3.38909e+06	2100.000000	26083.9   	2100.000000	17392.5   	2100.000000	53475.7   	2100.000000	48626.6   	2100.000000	67611.1   	
2200.000000	3.59301e+06	2200.000000	3.51584e+06	2200.000000	3.58336e+06	2200.000000	3.59111e+06	2200.000000	3.58336e+06	2200.000000	27066.2   	2200.000000	18384.8   	2200.000000	55890.2   	2200.000000	51027     	2200.000000	71069.9   	
2300.000000	3.78326e+06	2300.000000	3.70381e+06	2300.000000	3.77775e+06	2300.000000	3.78594e+06	2300.000000	3.77775e+06	2300.000000	28022.5   	2300.000000	19384     	2300.000000	58263.6   	2300.000000	53398.5   	2300.000000	74492.7   	
2400.000000	3.97246e+06	2400.000000	3.89124e+06	2400.000000	3.9722e+06	2400.000000	3.98082e+06	2400.000000	3.9722e+06	2400.000000	28954.2   	2400.000000	20389.8   	2400.000000	60597.1   	2400.000000	55741.1   	2400.000000	77879.2   	
2500.000000	4.16048e+06	2500.000000	4.07805e+06	2500.000000	4.16666e+06	2500.000000	4.1757e+06	2500.000000	4.16666e+06	2500.000000	29862.7   	2500.000000	21402     	2500.000000	62892     	2500.000000	58055.1   	2500.000000	81229.4   	
2600.000000	4.34726e+06	2600.000000	4.26415e+06	2600.000000	4.36107e+06	2600.000000	4.37053e+06	2600.000000	4.36107e+06	2600.000000	30749     	2600.000000	22420.3   	2600.000000	65149.4   	2600.000000	60340.8   	2600.000000	84543.3   	
2700.000000	4.53269e+06	2700.000000	4.44949e+06	2700.000000	4.5554e+06	2700.000000	4.56528e+06	2700.000000	4.55538e+06	2700.000000	31614.4   	2700.000000	23444.6   	2700.000000	67370.5   	2700.000000	62598.6   	2700.000000	87821.2   	
2800.000000	4.71673e+06	2800.000000	4.63401e+06	2800.000000	4.7496e+06	2800.000000	4.75989e+06	2800.000000	4.74958e+06	2800.000000	32459.8   	2800.000000	24474.9   	2800.000000	69556.5   	2800.000000	64828.9   	2800.000000	91063.4   	
2900.000000	4.89932e+06	2900.000000	4.81767e+06	2900.000000	4.94365e+06	2900.000000	4.95436e+06	2900.000000	4.94362e+06	2900.000000	33286.3   	2900.000000	25510.9   	2900.000000	71708.4   	2900.000000	67032     	2900.000000	94270.2   	
3000.000000	5.0804e+06	3000.000000	5.00043e+06	3000.000000	5.13751e+06	3000.000000	5.14864e+06	3000.000000	5.13748e+06	3000.000000	34094.7   	3000.000000	26552.8   	3000.000000	73827.5   	3000.000000	69208.6   	3000.000000	97442.1   	
3200.000000	5.43793e+06	3200.000000	5.36311e+06	3200.000000	5.52462e+06	3200.000000	5.53658e+06	3200.000000	5.52458e+06	3200.000000	35660.7   	3200.000000	28653.8   	3200.000000	77971.3   	3200.000000	73484.1   	3200.000000	103684    	
3400.000000	5.78909e+06	3400.000000	5.72186e+06	3400.000000	5.91079e+06	3400.000000	5.92358e+06	3400.000000	5.91076e+06	3400.000000	37164.1   	3400.000000	30778     	3400.000000	81995.7   	3400.000000	77659.6   	3400.000000	109792    	
3600.000000	6.13375e+06	3600.000000	6.07653e+06	3600.000000	6.29593e+06	3600.000000	6.30956e+06	3600.000000	6.29591e+06	3600.000000	38610.3   	3600.000000	32925.4   	3600.000000	85908.4   	3600.000000	81739.2   	3600.000000	115772    	
3800.000000	6.47185e+06	3800.000000	6.42702e+06	3800.000000	6.67999e+06	3800.000000	6.69445e+06	3800.000000	6.67999e+06	3800.000000	40004.1   	3800.000000	35096     	3800.000000	89716.2   	3800.000000	85727.2   	3800.000000	121629    	
4000.000000	6.80335e+06	4000.000000	6.7733e+06	4000.000000	7.06292e+06	4000.000000	7.07821e+06	4000.000000	7.06293e+06	4000.000000	41349.8   	4000.000000	37289.8   	4000.000000	93425.5   	4000.000000	89627.6   	4000.000000	127368    	
4200.000000	7.1283e+06	4200.000000	7.11532e+06	4200.000000	7.4447e+06	4200.000000	7.46082e+06	4200.000000	7.44474e+06	4200.000000	42651     	4200.000000	39506.6   	4200.000000	97042     	4200.000000	93444.4   	4200.000000	132993    	
4400.000000	7.44673e+06	4400.000000	7.4531e+06	4400.000000	7.82533e+06	4400.000000	7.84226e+06	4400.000000	7.82538e+06	4400.000000	43911     	4400.000000	41746.2   	4400.000000	100571    	4400.000000	97181.2   	4400.000000	138509    	
4600.000000	7.75874e+06	4600.000000	7.78665e+06	4600.000000	8.2048e+06	4600.000000	8.22254e+06	4600.000000	8.20486e+06	4600.000000	45133     	4600.000000	44008.2   	4600.000000	104018    	4600.000000	100842    	4600.000000	143921    	
4800.000000	8.06442e+06	4800.000000	8.116e+06 	4800.000000	8.58311e+06	4800.000000	8.60165e+06	4800.000000	8.58319e+06	4800.000000	46319.5   	4800.000000	46292.3   	4800.000000	107387    	4800.000000	104429    	4800.000000	149233    	
5000.000000	8.36387e+06	5000.000000	8.4412e+06	5000.000000	8.96028e+06	5000.000000	8.97961e+06	5000.000000	8.96037e+06	5000.000000	47473     	5000.000000	48598.2   	5000.000000	110683    	5000.000000	107947    	5000.000000	154448    	
5250.000000	8.72963e+06	5250.000000	8.84193e+06	5250.000000	9.43015e+06	5250.000000	9.45047e+06	5250.000000	9.43026e+06	5250.000000	48871.6   	5250.000000	51510.6   	5250.000000	114704    	5250.000000	112251    	5250.000000	160839    	
5500.000000	9.0861e+06	5500.000000	9.23637e+06	5500.000000	9.89828e+06	5500.000000	9.91958e+06	5500.000000	9.89841e+06	5500.000000	50225.8   	5500.000000	54455.9   	5500.000000	118624    	5500.000000	116456    	5500.000000	167092    	
6000.000000	9.77225e+06	6000.000000	1.00069e+07	6000.000000	1.08295e+07	6000.000000	1.08527e+07	6000.000000	1.08297e+07	6000.000000	52813.6   	6000.000000	60442.8   	6000.000000	126181    	6000.000000	124590    	6000.000000	179216    	
6500.000000	1.04244e+07	6500.000000	1.07538e+07	6500.000000	1.17543e+07	6500.000000	1.17794e+07	6500.000000	1.17545e+07	6500.000000	55259.1   	6500.000000	66554.9   	6500.000000	133398    	6500.000000	132385    	6500.000000	190867    	
7000.000000	1.10448e+07	7000.000000	1.14782e+07	7000.000000	1.26729e+07	7000.000000	1.26999e+07	7000.000000	1.26731e+07	7000.000000	57580.7   	7000.000000	72789.1   	7000.000000	140311    	7000.000000	139874    	7000.000000	202088    	
7500.000000	1.16354e+07	7500.000000	1.21812e+07	7500.000000	1.35858e+07	7500.000000	1.36145e+07	7500.000000	1.3586e+07	7500.000000	59793.1   	7500.000000	79142.2   	7500.000000	146952    	7500.000000	147084    	7500.000000	212917    	
8000.000000	1.21981e+07	8000.000000	1.2864e+07	8000.000000	1.44931e+07	8000.000000	1.45237e+07	8000.000000	1.44934e+07	8000.000000	61908.6   	8000.000000	85612.3   	8000.000000	153345    	8000.000000	154040    	8000.000000	223387    	
8500.000000	1.27348e+07	8500.000000	1.35275e+07	8500.000000	1.53953e+07	8500.000000	1.54277e+07	8500.000000	1.53957e+07	8500.000000	63937.6   	8500.000000	92196     	8500.000000	159515    	8500.000000	160761    	8500.000000	233525    	
9000.000000	1.32471e+07	9000.000000	1.41727e+07	9000.000000	1.62927e+07	9000.000000	1.63268e+07	9000.000000	1.6293e+07	9000.000000	65888.7   	9000.000000	98885.7   	9000.000000	165480    	9000.000000	167267    	9000.000000	243358    	
9500.000000	1.37367e+07	9500.000000	1.48006e+07	9500.000000	1.71854e+07	9500.000000	1.72213e+07	9500.000000	1.71857e+07	9500.000000	67769.3   	9500.000000	105678    	9500.000000	171257    	9500.000000	173574    	9500.000000	252907    	
10000.000000	1.4205e+07	10000.000000	1.5412e+07	10000.000000	1.80738e+07	10000.000000	1.81113e+07	10000.000000	1.80741e+07	10000.000000	69585.8   	10000.000000	112573    	10000.000000	176861    	10000.000000	179697    	10000.000000	262194    	
11000.000000	1.50828e+07	11000.000000	1.65886e+07	11000.000000	1.98383e+07	11000.000000	1.9879e+07	11000.000000	1.98385e+07	11000.000000	73047.6   	11000.000000	126674    	11000.000000	187602    	11000.000000	191439    	11000.000000	280047    	
12000.000000	1.58902e+07	12000.000000	1.77085e+07	12000.000000	2.15877e+07	12000.000000	2.16316e+07	12000.000000	2.15878e+07	12000.000000	76310.4   	12000.000000	141180    	12000.000000	197789    	12000.000000	202581    	12000.000000	297040    	
13000.000000	1.66352e+07	13000.000000	1.87768e+07	13000.000000	2.33233e+07	13000.000000	2.33704e+07	13000.000000	2.33235e+07	13000.000000	79402.3   	13000.000000	156073    	13000.000000	207492    	13000.000000	213196    	13000.000000	313274    	
14000.000000	1.73249e+07	14000.000000	1.97981e+07	14000.000000	2.50464e+07	14000.000000	2.50966e+07	14000.000000	2.50466e+07	14000.000000	82345.5   	14000.000000	171334    	14000.000000	216769    	14000.000000	223342    	14000.000000	328831    	
15000.000000	1.79651e+07	15000.000000	2.07763e+07	15000.000000	2.6758e+07	15000.000000	2.68112e+07	15000.000000	2.67581e+07	15000.000000	85158     	15000.000000	186942    	15000.000000	225666    	15000.000000	233069    	15000.000000	343782    	
16000.000000	1.85611e+07	16000.000000	2.17151e+07	16000.000000	2.84589e+07	16000.000000	2.85151e+07	16000.000000	2.8459e+07	16000.000000	87854.8   	16000.000000	202887    	16000.000000	234223    	16000.000000	242418    	16000.000000	358185    	
17000.000000	1.91173e+07	17000.000000	2.26174e+07	17000.000000	3.01499e+07	17000.000000	3.0209e+07	17000.000000	3.015e+07 	17000.000000	90448     	17000.000000	219160    	17000.000000	242472    	17000.000000	251424    	17000.000000	372090    	
18000.000000	1.96376e+07	18000.000000	2.34861e+07	18000.000000	3.18317e+07	18000.000000	3.18937e+07	18000.000000	3.18318e+07	18000.000000	92947.9   	18000.000000	235755    	18000.000000	250441    	18000.000000	260119    	18000.000000	385540    	
19000.000000	2.01253e+07	19000.000000	2.43236e+07	19000.000000	3.3505e+07	19000.000000	3.35697e+07	19000.000000	3.35051e+07	19000.000000	95363.3   	19000.000000	252667    	19000.000000	258155    	19000.000000	268528    	19000.000000	398575    	
20000.000000	2.05835e+07	20000.000000	2.51322e+07	20000.000000	3.51702e+07	20000.000000	3.52377e+07	20000.000000	3.51702e+07	20000.000000	97701.7   	20000.000000	269888    	20000.000000	265634    	20000.000000	276675    	20000.000000	411225    	
21000.000000	2.10147e+07	21000.000000	2.59137e+07	21000.000000	3.68277e+07	21000.000000	3.6898e+07	21000.000000	3.68278e+07	21000.000000	99969.7   	21000.000000	287414    	21000.000000	272898    	21000.000000	284578    	21000.000000	423520    	
22000.000000	2.14212e+07	22000.000000	2.66701e+07	22000.000000	3.84782e+07	22000.000000	3.85511e+07	22000.000000	3.84783e+07	22000.000000	102173    	22000.000000	305235    	22000.000000	279961    	22000.000000	292258    	22000.000000	435485    	
23000.000000	2.18052e+07	23000.000000	2.74029e+07	23000.000000	4.01218e+07	23000.000000	4.01975e+07	23000.000000	4.0122e+07	23000.000000	104316    	23000.000000	323346    	23000.000000	286839    	23000.000000	299728    	23000.000000	447144    	
24000.000000	2.21683e+07	24000.000000	2.81135e+07	24000.000000	4.17592e+07	24000.000000	4.18374e+07	24000.000000	4.17594e+07	24000.000000	106404    	24000.000000	341742    	24000.000000	293544    	24000.000000	307004    	24000.000000	458516    	
25000.000000	2.25124e+07	25000.000000	2.88033e+07	25000.000000	4.33905e+07	25000.000000	4.34711e+07	25000.000000	4.33907e+07	25000.000000	108440    	25000.000000	360399    	25000.000000	300086    	25000.000000	314097    	25000.000000	469620    	
26000.000000	2.28388e+07	26000.000000	2.94736e+07	26000.000000	4.50159e+07	26000.000000	4.50991e+07	26000.000000	4.50162e+07	26000.000000	110428    	26000.000000	379307    	26000.000000	306477    	26000.000000	321019    	26000.000000	480472    	
27000.000000	2.31488e+07	27000.000000	3.01254e+07	27000.000000	4.66359e+07	27000.000000	4.67216e+07	27000.000000	4.66362e+07	27000.000000	112371    	27000.000000	398472    	27000.000000	312726    	27000.000000	327781    	27000.000000	491086    	
28000.000000	2.34436e+07	28000.000000	3.07597e+07	28000.000000	4.82507e+07	28000.000000	4.83387e+07	28000.000000	4.8251e+07	28000.000000	114271    	28000.000000	417899    	28000.000000	318840    	28000.000000	334391    	28000.000000	501478    	
29000.000000	2.37244e+07	29000.000000	3.13775e+07	29000.000000	4.98604e+07	29000.000000	4.99508e+07	29000.000000	4.98607e+07	29000.000000	116132    	29000.000000	437579    	29000.000000	324828    	29000.000000	340859    	29000.000000	511657    	
30000.000000	2.39921e+07	30000.000000	3.19796e+07	30000.000000	5.14654e+07	30000.000000	5.1558e+07	30000.000000	5.14657e+07	30000.000000	117955    	30000.000000	457499    	30000.000000	330696    	30000.000000	347192    	30000.000000	521637    	
32000.000000	2.44915e+07	32000.000000	3.31401e+07	32000.000000	5.46617e+07	32000.000000	5.47587e+07	32000.000000	5.4662e+07	32000.000000	121498    	32000.000000	498034    	32000.000000	342097    	32000.000000	359479    	32000.000000	541036    	
34000.000000	2.49481e+07	34000.000000	3.42467e+07	34000.000000	5.7841e+07	34000.000000	5.79423e+07	34000.000000	5.78413e+07	34000.000000	124913    	34000.000000	539486    	34000.000000	353087    	34000.000000	371304    	34000.000000	559748    	
36000.000000	2.53672e+07	36000.000000	3.53043e+07	36000.000000	6.10046e+07	36000.000000	6.11099e+07	36000.000000	6.10049e+07	36000.000000	128213    	36000.000000	581834    	36000.000000	363704    	36000.000000	382709    	36000.000000	577834    	
38000.000000	2.5753e+07	38000.000000	3.63173e+07	38000.000000	6.41536e+07	38000.000000	6.42626e+07	38000.000000	6.41539e+07	38000.000000	131409    	38000.000000	625028    	38000.000000	373980    	38000.000000	393731    	38000.000000	595349    	
40000.000000	2.61093e+07	40000.000000	3.72894e+07	40000.000000	6.72889e+07	40000.000000	6.74014e+07	40000.000000	6.72891e+07	40000.000000	134509    	40000.000000	669015    	40000.000000	383944    	40000.000000	404400    	40000.000000	612338    	
42000.000000	2.64393e+07	42000.000000	3.82237e+07	42000.000000	7.04113e+07	42000.000000	7.05272e+07	42000.000000	7.04115e+07	42000.000000	137521    	42000.000000	713772    	42000.000000	393619    	42000.000000	414746    	42000.000000	628841    	
44000.000000	2.67458e+07	44000.000000	3.91233e+07	44000.000000	7.35216e+07	44000.000000	7.36407e+07	44000.000000	7.35218e+07	44000.000000	140453    	44000.000000	759293    	44000.000000	403027    	44000.000000	424792    	44000.000000	644895    	
46000.000000	2.7031e+07	46000.000000	3.99907e+07	46000.000000	7.66205e+07	46000.000000	7.67427e+07	46000.000000	7.66208e+07	46000.000000	143310    	46000.000000	805577    	46000.000000	412187    	46000.000000	434559    	46000.000000	660531    	
48000.000000	2.72971e+07	48000.000000	4.08281e+07	48000.000000	7.97087e+07	48000.000000	7.98336e+07	48000.000000	7.9709e+07	48000.000000	146097    	48000.000000	852628    	48000.000000	421116    	48000.000000	444068    	48000.000000	675778    	
50000.000000	2.75458e+07	50000.000000	4.16377e+07	50000.000000	8.27866e+07	50000.000000	8.29141e+07	50000.000000	8.2787e+07	50000.000000	148819    	50000.000000	900431    	50000.000000	429829    	50000.000000	453334    	50000.000000	690659    	
