! 4He range in Si
! apply ZOOM for details
Energy (MeV/u)1	0 - [He-base] F.Hubert et al, AD&ND Tables 46(1990)1	Energy (MeV/u)2	1 - [H -base] J.F.Ziegler et al,Pergamon Press,NY(low energy)	Energy (MeV/u)3	2 - ATIMA 1.2 LS-theory (recommended for high energy)	Energy (MeV/u)4	3 - ATIMA 1.2 without LS-correction	Energy (MeV/u)5	4 - ATIMA 1.4 H.Weick, improved mean charge formula for HI	Energy (MeV/u)6	5 - Range straggling - method [0] - LISE	Energy (MeV/u)7	6 - Range straggling - method [1] - Atima	Energy (MeV/u)8	7 - Lateral range - method [0] - LISE	Energy (MeV/u)9	8 - Lateral range - method [1] - Atima	Energy (MeV/u)10	9 - Lateral range - method [2] - PDG	
0.001000	0.113412  	0.001000	0.113412  	0.001000	0.0915587 	0.001000	0.0915587 	0.001000	0.0916314 	0.001000	0         	0.001000	0         	0.001000	0.00178728	0.001000	0.0027814 	0.001000	0.00137032	
0.002000	0.231124  	0.002000	0.226824  	0.002000	0.183117  	0.002000	0.183117  	0.002000	0.183263  	0.002000	0.0191804 	0.002000	0.0191804 	0.002000	0.00523441	0.002000	0.00787006	0.002000	0.00415865	
0.005000	0.462758  	0.005000	0.449996  	0.005000	0.355831  	0.005000	0.355831  	0.005000	0.356028  	0.005000	0.0210215 	0.005000	0.0210215 	0.005000	0.0143036 	0.005000	0.021136  	0.005000	0.0115519 	
0.008000	0.622185  	0.008000	0.603599  	0.008000	0.472212  	0.008000	0.472212  	0.008000	0.472422  	0.008000	0.0210478 	0.008000	0.0210478 	0.008000	0.0220333 	0.008000	0.0322682 	0.008000	0.0179374 	
0.010000	0.709713  	0.010000	0.68793   	0.010000	0.535705  	0.010000	0.535705  	0.010000	0.535919  	0.010000	0.0211222 	0.010000	0.0211222 	0.010000	0.0267244 	0.010000	0.0389752 	0.010000	0.0218358 	
0.015000	0.884854  	0.015000	0.856672  	0.015000	0.667462  	0.015000	0.667462  	0.015000	0.667682  	0.015000	0.0214296 	0.015000	0.0214296 	0.015000	0.0374273 	0.015000	0.0541748 	0.015000	0.030778  	
0.020000	1.02031   	0.020000	0.987182  	0.020000	0.775999  	0.020000	0.775999  	0.020000	0.776221  	0.020000	0.0217858 	0.020000	0.0217858 	0.020000	0.0471731 	0.020000	0.0679094 	0.020000	0.0389689 	
0.025000	1.13304   	0.025000	1.09579   	0.025000	0.870194  	0.025000	0.870194  	0.025000	0.870418  	0.025000	0.0221325 	0.025000	0.0221325 	0.025000	0.0562723 	0.025000	0.0806561 	0.025000	0.0466512 	
0.030000	1.23113   	0.030000	1.19029   	0.030000	0.954948  	0.030000	0.954948  	0.030000	0.955173  	0.030000	0.0224607 	0.030000	0.0224607 	0.030000	0.0649497 	0.030000	0.0927493 	0.030000	0.0540054 	
0.035000	1.31911   	0.035000	1.27507   	0.035000	1.03334   	0.035000	1.03334   	0.035000	1.03356   	0.035000	0.0227745 	0.035000	0.0227745 	0.035000	0.0733821 	0.035000	0.104442  	0.035000	0.0611779 	
0.040000	1.3998    	0.040000	1.35281   	0.040000	1.10693   	0.040000	1.10693   	0.040000	1.10716   	0.040000	0.023075  	0.040000	0.023075  	0.040000	0.0816453 	0.040000	0.115848  	0.040000	0.068229  	
0.045000	1.47506   	0.045000	1.42532   	0.045000	1.17683   	0.045000	1.17683   	0.045000	1.17706   	0.045000	0.0233643 	0.045000	0.0233643 	0.045000	0.0897957 	0.045000	0.127054  	0.045000	0.0752034 	
0.050000	1.54621   	0.050000	1.49387   	0.050000	1.24381   	0.050000	1.24381   	0.050000	1.24404   	0.050000	0.0236446 	0.050000	0.0236976 	0.050000	0.0978789 	0.050000	0.138123  	0.050000	0.0821387 	
0.055000	1.61418   	0.055000	1.55936   	0.055000	1.30845   	0.055000	1.30845   	0.055000	1.30868   	0.055000	0.0239178 	0.055000	0.0240437 	0.055000	0.105927  	0.055000	0.149107  	0.055000	0.0890605 	
0.060000	1.6797    	0.060000	1.62249   	0.060000	1.37121   	0.060000	1.37121   	0.060000	1.37144   	0.060000	0.0241857 	0.060000	0.0243743 	0.060000	0.113129  	0.060000	0.158899  	0.060000	0.0952696 	
0.070000	1.80545   	0.070000	1.74364   	0.070000	1.49243   	0.070000	1.49243   	0.070000	1.49266   	0.070000	0.024712  	0.070000	0.0250026 	0.070000	0.125099  	0.070000	0.174938  	0.070000	0.105627  	
0.080000	1.92654   	0.080000	1.86031   	0.080000	1.60959   	0.080000	1.60959   	0.080000	1.60982   	0.080000	0.0252339 	0.080000	0.0256044 	0.080000	0.135043  	0.080000	0.187652  	0.080000	0.114274  	
0.090000	2.04496   	0.090000	1.97439   	0.090000	1.72414   	0.090000	1.72414   	0.090000	1.72437   	0.090000	0.0257595 	0.090000	0.0261936 	0.090000	0.143837  	0.090000	0.198746  	0.090000	0.121955  	
0.100000	2.16198   	0.100000	2.08715   	0.100000	1.8371    	0.100000	1.8371    	0.100000	1.83733   	0.100000	0.0262949 	0.100000	0.0267803 	0.100000	0.151575  	0.100000	0.20841   	0.100000	0.128742  	
0.120000	2.39507   	0.120000	2.31172   	0.120000	2.06108   	0.120000	2.06108   	0.120000	2.06131   	0.120000	0.0274141 	0.120000	0.0279724 	0.120000	0.16545   	0.120000	0.22551   	0.120000	0.140975  	
0.140000	2.62995   	0.140000	2.53802   	0.140000	2.28555   	0.140000	2.28555   	0.140000	2.28578   	0.140000	0.0286202 	0.140000	0.0292183 	0.140000	0.177844  	0.140000	0.240574  	0.140000	0.151969  	
0.160000	2.86858   	0.160000	2.76794   	0.160000	2.51283   	0.160000	2.51283   	0.160000	2.51306   	0.160000	0.029931  	0.160000	0.0305394 	0.160000	0.189337  	0.160000	0.25441   	0.160000	0.162214  	
0.180000	3.11192   	0.180000	3.00238   	0.180000	2.74429   	0.180000	2.74429   	0.180000	2.74452   	0.180000	0.0313573 	0.180000	0.0319471 	0.180000	0.200188  	0.180000	0.267399  	0.180000	0.171928  	
0.200000	3.36043   	0.200000	3.24181   	0.200000	2.98076   	0.200000	2.98076   	0.200000	2.98099   	0.200000	0.0329047 	0.200000	0.0334473 	0.200000	0.210654  	0.200000	0.279888  	0.200000	0.181322  	
0.250000	4.0058    	0.250000	3.86361   	0.250000	3.59664   	0.250000	3.59664   	0.250000	3.59687   	0.250000	0.037311  	0.250000	0.0376092 	0.250000	0.235664  	0.250000	0.309489  	0.250000	0.203897  	
0.300000	4.68705   	0.300000	4.51997   	0.300000	4.25017   	0.300000	4.25017   	0.300000	4.2504    	0.300000	0.0424647 	0.300000	0.0423372 	0.300000	0.260131  	0.300000	0.33802   	0.300000	0.226131  	
0.350000	5.40542   	0.350000	5.2121    	0.350000	4.94243   	0.350000	4.94243   	0.350000	4.94266   	0.350000	0.0483207 	0.350000	0.0475879 	0.350000	0.284341  	0.350000	0.366143  	0.350000	0.248221  	
0.400000	6.16193   	0.400000	5.94097   	0.400000	5.67371   	0.400000	5.67371   	0.400000	5.67394   	0.400000	0.0548332 	0.400000	0.0533184 	0.400000	0.308644  	0.400000	0.394173  	0.400000	0.270485  	
0.450000	6.95737   	0.450000	6.70735   	0.450000	6.44407   	0.450000	6.44407   	0.450000	6.4443    	0.450000	0.0619645 	0.450000	0.0594933 	0.450000	0.333246  	0.450000	0.422385  	0.450000	0.293093  	
0.500000	7.79231   	0.500000	7.51179   	0.500000	7.25344   	0.500000	7.25344   	0.500000	7.25367   	0.500000	0.0696848 	0.500000	0.0660839 	0.500000	0.358247  	0.500000	0.450894  	0.500000	0.316133  	
0.600000	9.58185   	0.600000	9.23596   	0.600000	8.98853   	0.600000	8.98853   	0.600000	8.98876   	0.600000	0.0868009 	0.600000	0.0804226 	0.600000	0.409732  	0.600000	0.50923   	0.600000	0.36373   	
0.700000	11.5312   	0.700000	11.1141   	0.700000	10.8771   	0.700000	10.8771   	0.700000	10.8773   	0.700000	0.106034  	0.700000	0.0961854 	0.700000	0.463289  	0.700000	0.569523  	0.700000	0.41342   	
0.800000	13.6393   	0.800000	13.1452   	0.800000	12.9165   	0.800000	12.9165   	0.800000	12.9168   	0.800000	0.127273  	0.800000	0.113257  	0.800000	0.519254  	0.800000	0.632058  	0.800000	0.465504  	
0.900000	15.9037   	0.900000	15.3269   	0.900000	15.104    	0.900000	15.104    	0.900000	15.1042   	0.900000	0.150427  	0.900000	0.131542  	0.900000	0.577701  	0.900000	0.696984  	0.900000	0.520015  	
1.000000	18.322    	1.000000	17.6569   	1.000000	17.4366   	1.000000	17.4366   	1.000000	17.4368   	1.000000	0.175423  	1.000000	0.150968  	1.000000	0.638565  	1.000000	0.764221  	1.000000	0.576914  	
1.250000	25.0232   	1.250000	24.1133   	1.250000	23.8856   	1.250000	23.8856   	1.250000	23.8858   	1.250000	0.245605  	1.250000	0.204756  	1.250000	0.801774  	1.250000	0.942858  	1.250000	0.729925  	
1.500000	32.6308   	1.500000	31.4429   	1.500000	31.1881   	1.500000	31.1881   	1.500000	31.1883   	1.500000	0.326277  	1.500000	0.26827   	1.500000	0.980478  	1.500000	1.13624   	1.500000	0.898032  	
1.750000	41.1135   	1.750000	39.6157   	1.750000	39.3156   	1.750000	39.3156   	1.750000	39.3158   	1.750000	0.417032  	1.750000	0.339872  	1.750000	1.17459   	1.750000	1.34413   	1.750000	1.08111   	
2.000000	50.4462   	2.000000	48.6075   	2.000000	48.2457   	2.000000	48.2457   	2.000000	48.2459   	2.000000	0.517608  	2.000000	0.418251  	2.000000	1.38391   	2.000000	1.56622   	2.000000	1.27893   	
2.250000	60.6084   	2.250000	58.3985   	2.250000	57.9603   	2.250000	57.9603   	2.250000	57.9606   	2.250000	0.627819  	2.250000	0.502703  	2.250000	1.60812   	2.250000	1.80222   	2.250000	1.49121   	
2.500000	71.5848   	2.500000	68.9717   	2.500000	68.4443   	2.500000	68.4443   	2.500000	68.4445   	2.500000	0.747515  	2.500000	0.592824  	2.500000	1.84719   	2.500000	2.05191   	2.500000	1.71788   	
3.000000	95.3746   	3.000000	92.4068   	3.000000	91.6675   	3.000000	91.6675   	3.000000	91.6677   	3.000000	1.01484   	3.000000	0.789076  	3.000000	2.34075   	3.000000	2.59133   	3.000000	2.18714   	
3.500000	122.099   	3.500000	118.809   	3.500000	117.822   	3.500000	117.822   	3.500000	117.822   	3.500000	1.31861   	3.500000	1.00542   	3.500000	2.89205   	3.500000	3.17201   	3.500000	2.7121    	
4.000000	151.682   	4.000000	148.091   	4.000000	146.826   	4.000000	146.826   	4.000000	146.826   	4.000000	1.65789   	4.000000	1.2407    	4.000000	3.50061   	4.000000	3.79015   	4.000000	3.29231   	
4.500000	184.063   	4.500000	180.173   	4.500000	178.608   	4.500000	178.608   	4.500000	178.608   	4.500000	2.03181   	4.500000	1.49407   	4.500000	4.16454   	4.500000	4.45825   	4.500000	3.92602   	
5.000000	219.186   	5.000000	214.986   	5.000000	213.105   	5.000000	213.105   	5.000000	213.105   	5.000000	2.43957   	5.000000	1.76484   	5.000000	4.88225   	5.000000	5.17434   	5.000000	4.61171   	
5.500000	257.003   	5.500000	252.467   	5.500000	250.259   	5.500000	250.259   	5.500000	250.259   	5.500000	2.88041   	5.500000	2.05239   	5.500000	5.65233   	5.500000	5.93673   	5.500000	5.34805   	
6.000000	297.472   	6.000000	292.562   	6.000000	290.017   	6.000000	290.017   	6.000000	290.017   	6.000000	3.35365   	6.000000	2.35617   	6.000000	6.47358   	6.000000	6.74398   	6.000000	6.13392   	
6.500000	340.555   	6.500000	335.217   	6.500000	332.332   	6.500000	332.332   	6.500000	332.332   	6.500000	3.85869   	6.500000	2.67573   	6.500000	7.34491   	6.500000	7.59483   	6.500000	6.96826   	
7.000000	386.216   	7.000000	380.388   	7.000000	377.162   	7.000000	377.162   	7.000000	377.162   	7.000000	4.39496   	7.000000	3.01064   	7.000000	8.26535   	7.000000	8.48815   	7.000000	7.85016   	
7.500000	434.424   	7.500000	428.032   	7.500000	424.466   	7.500000	424.466   	7.500000	424.466   	7.500000	4.96196   	7.500000	3.36054   	7.500000	9.23402   	7.500000	9.42294   	7.500000	8.77878   	
8.000000	485.148   	8.000000	478.11    	8.000000	474.209   	8.000000	474.209   	8.000000	474.209   	8.000000	5.55923   	8.000000	3.72512   	8.000000	10.2501   	8.000000	10.3983   	8.000000	9.75336   	
8.500000	538.361   	8.500000	530.587   	8.500000	526.357   	8.500000	526.357   	8.500000	526.357   	8.500000	6.18636   	8.500000	4.10409   	8.500000	11.313    	8.500000	11.4134   	8.500000	10.7732   	
9.000000	594.036   	9.000000	585.431   	9.000000	580.881   	9.000000	580.881   	9.000000	580.881   	9.000000	6.84296   	9.000000	4.49719   	9.000000	12.4219   	9.000000	12.4675   	9.000000	11.8377   	
9.500000	652.149   	9.500000	642.611   	9.500000	637.751   	9.500000	637.751   	9.500000	637.751   	9.500000	7.52868   	9.500000	4.90413   	9.500000	13.5762   	9.500000	13.56     	9.500000	12.9463   	
10.000000	712.677   	10.000000	702.089   	10.000000	696.941   	10.000000	696.941   	10.000000	696.941   	10.000000	8.24321   	10.000000	5.32461   	10.000000	14.7754   	10.000000	14.6901   	10.000000	14.0984   	
11.000000	840.892   	11.000000	827.351   	11.000000	822.295   	11.000000	822.29    	11.000000	822.297   	11.000000	9.76132   	11.000000	6.20762   	11.000000	17.3092   	11.000000	17.0636   	11.000000	16.5339   	
12.000000	978.517   	12.000000	961.626   	12.000000	956.901   	12.000000	956.884   	12.000000	956.905   	12.000000	11.3992   	12.000000	7.14759   	12.000000	20.0229   	12.000000	19.5871   	12.000000	19.144    	
13.000000	1125.4    	13.000000	1104.81   	13.000000	1100.64   	13.000000	1100.61   	13.000000	1100.65   	13.000000	13.1555   	13.000000	8.14351   	13.000000	22.9145   	13.000000	22.2579   	13.000000	21.9268   	
14.000000	1281.41   	14.000000	1256.81   	14.000000	1253.42   	14.000000	1253.36   	14.000000	1253.43   	14.000000	15.0293   	14.000000	9.19418   	14.000000	25.9822   	14.000000	25.0738   	14.000000	24.8806   	
15.000000	1446.42   	15.000000	1417.54   	15.000000	1415.15   	15.000000	1415.06   	15.000000	1415.16   	15.000000	17.02     	15.000000	10.2989   	15.000000	29.2246   	15.000000	28.033    	15.000000	28.0041   	
16.000000	1620.31   	16.000000	1586.91   	16.000000	1585.75   	16.000000	1585.64   	16.000000	1585.76   	16.000000	19.127    	16.000000	11.4577   	16.000000	32.6404   	16.000000	31.1339   	16.000000	31.2963   	
17.000000	1802.96   	17.000000	1764.82   	17.000000	1765.16   	17.000000	1765.03   	17.000000	1765.18   	17.000000	21.3499   	17.000000	12.6705   	17.000000	36.2289   	17.000000	34.3753   	17.000000	34.7564   	
18.000000	1994.27   	18.000000	1951.22   	18.000000	1953.32   	18.000000	1953.17   	18.000000	1953.35   	18.000000	23.6886   	18.000000	13.9369   	18.000000	39.989    	18.000000	37.7559   	18.000000	38.3835   	
19.000000	2194.15   	19.000000	2146.01   	19.000000	2150.19   	19.000000	2150.01   	19.000000	2150.22   	19.000000	26.1428   	19.000000	15.2563   	19.000000	43.9201   	19.000000	41.2747   	19.000000	42.1771   	
20.000000	2402.5    	20.000000	2349.12   	20.000000	2355.71   	20.000000	2355.51   	20.000000	2355.74   	20.000000	28.7125   	20.000000	16.6284   	20.000000	48.0216   	20.000000	44.9308   	20.000000	46.1367   	
21.000000	2619.22   	21.000000	2560.48   	21.000000	2569.85   	21.000000	2569.64   	21.000000	2569.88   	21.000000	31.3976   	21.000000	18.0532   	21.000000	52.2931   	21.000000	48.7235   	21.000000	50.2619   	
22.000000	2844.24   	22.000000	2780.03   	22.000000	2792.58   	22.000000	2792.35   	22.000000	2792.6    	22.000000	34.198    	22.000000	19.5305   	22.000000	56.734    	22.000000	52.652    	22.000000	54.5525   	
23.000000	3077.47   	23.000000	3007.69   	23.000000	3023.85   	23.000000	3023.61   	23.000000	3023.86   	23.000000	37.1138   	23.000000	21.0602   	23.000000	61.3441   	23.000000	56.7156   	23.000000	59.0081   	
24.000000	3318.82   	24.000000	3243.4    	24.000000	3263.63   	24.000000	3263.39   	24.000000	3263.64   	24.000000	40.1449   	24.000000	22.6422   	24.000000	66.123    	24.000000	60.9139   	24.000000	63.6284   	
25.000000	3568.24   	25.000000	3487.11   	25.000000	3511.89   	25.000000	3511.66   	25.000000	3511.89   	25.000000	43.2913   	25.000000	24.2767   	25.000000	71.0704   	25.000000	65.2464   	25.000000	68.4135   	
27.000000	4090.95   	27.000000	3998.23   	27.000000	4033.74   	27.000000	4033.59   	27.000000	4033.75   	27.000000	49.9303   	27.000000	27.7014   	27.000000	81.4699   	27.000000	74.3117   	27.000000	78.4771   	
29.000000	4645.03   	29.000000	4540.6    	29.000000	4589.17   	29.000000	4589.2    	29.000000	4589.23   	29.000000	57.0305   	29.000000	31.3319   	29.000000	92.5407   	29.000000	83.9081   	29.000000	89.1978   	
31.000000	5229.98   	31.000000	5113.77   	31.000000	5177.76   	31.000000	5177.98   	31.000000	5177.82   	31.000000	64.5799   	31.000000	35.1639   	31.000000	104.274   	31.000000	94.0262   	31.000000	100.567   	
33.000000	5845.31   	33.000000	5717.31   	33.000000	5797.26   	33.000000	5797.74   	33.000000	5797.33   	33.000000	72.5057   	33.000000	39.1584   	33.000000	116.617   	33.000000	104.623   	33.000000	112.537   	
35.000000	6490.54   	35.000000	6350.83   	35.000000	6446.93   	35.000000	6447.74   	35.000000	6447.03   	35.000000	80.7952   	35.000000	43.3093   	35.000000	129.555   	35.000000	115.684   	35.000000	125.092   	
38.000000	7513.55   	38.000000	7356.44   	38.000000	7477.19   	38.000000	7478.55   	38.000000	7477.29   	38.000000	93.9061   	38.000000	49.8291   	38.000000	150.057   	38.000000	133.127   	38.000000	145.005   	
41.000000	8601.51   	41.000000	8427.36   	41.000000	8573.1    	41.000000	8575.18   	41.000000	8573.26   	41.000000	107.819   	41.000000	56.6906   	41.000000	171.847   	41.000000	151.569   	41.000000	166.191   	
44.000000	9753.14   	44.000000	9562.4    	44.000000	9733.58   	44.000000	9736.4    	44.000000	9733.71   	44.000000	122.522   	44.000000	63.8913   	44.000000	194.896   	44.000000	170.984   	44.000000	188.626   	
47.000000	10967.2   	47.000000	10760.4   	47.000000	10957.4   	47.000000	10961.1   	47.000000	10957.5   	47.000000	138.001   	47.000000	71.4285   	47.000000	219.179   	47.000000	191.349   	47.000000	212.287   	
50.000000	12242.7   	50.000000	12020.4   	50.000000	12243.5   	50.000000	12248.1   	50.000000	12243.5   	50.000000	154.241   	50.000000	79.2908   	50.000000	244.671   	50.000000	212.645   	50.000000	237.153   	
55.000000	14501.8   	55.000000	14255.1   	55.000000	14522.4   	55.000000	14529     	55.000000	14522.5   	55.000000	182.961   	55.000000	93.0967   	55.000000	289.782   	55.000000	250.152   	55.000000	281.22    	
60.000000	16923.8   	60.000000	16654.5   	60.000000	16966.9   	60.000000	16975.7   	60.000000	16967     	60.000000	213.689   	60.000000	107.752   	60.000000	338.085   	60.000000	290.104   	60.000000	328.492   	
65.000000	19504.4   	65.000000	19214.3   	65.000000	19572.9   	65.000000	19584.1   	65.000000	19572.9   	65.000000	246.361   	65.000000	123.242   	65.000000	389.485   	65.000000	332.424   	65.000000	378.888   	
70.000000	22239.5   	70.000000	21930.5   	70.000000	22336.2   	70.000000	22350.3   	70.000000	22336.3   	70.000000	280.913   	70.000000	139.529   	70.000000	443.893   	70.000000	377.041   	70.000000	432.333   	
75.000000	25125.7   	75.000000	24799.3   	75.000000	25253.5   	75.000000	25270.6   	75.000000	25253.5   	75.000000	317.284   	75.000000	156.597   	75.000000	501.224   	75.000000	423.89    	75.000000	488.754   	
80.000000	28159.4   	80.000000	27817.1   	80.000000	28321     	80.000000	28341.4   	80.000000	28320.9   	80.000000	355.415   	80.000000	174.41    	80.000000	561.397   	80.000000	472.909   	80.000000	548.085   	
85.000000	31337.5   	85.000000	30980.5   	85.000000	31535.2   	85.000000	31559.5   	85.000000	31535.3   	85.000000	395.251   	85.000000	192.949   	85.000000	624.337   	85.000000	524.04    	85.000000	610.262   	
90.000000	34656.8   	90.000000	34286.3   	90.000000	34893.5   	90.000000	34921.7   	90.000000	34893.4   	90.000000	436.737   	90.000000	212.193   	90.000000	689.97    	90.000000	577.229   	90.000000	675.222   	
95.000000	38114.6   	95.000000	37731.2   	95.000000	38392.3   	95.000000	38424.8   	95.000000	38392.3   	95.000000	479.82    	95.000000	232.125   	95.000000	758.225   	95.000000	632.422   	95.000000	742.907   	
100.000000	41708.1   	100.000000	41312.4   	100.000000	42028.9   	100.000000	42066     	100.000000	42029     	100.000000	524.45    	100.000000	252.725   	100.000000	829.033   	100.000000	689.571   	100.000000	813.26    	
105.000000	45434.6   	105.000000	45026.8   	105.000000	45800.5   	105.000000	45842.6   	105.000000	45800.6   	105.000000	570.579   	105.000000	273.98    	105.000000	902.333   	105.000000	748.631   	105.000000	886.228   	
110.000000	49291.9   	110.000000	48871.8   	110.000000	49704.7   	110.000000	49751.7   	110.000000	49704.6   	110.000000	618.16    	110.000000	295.862   	110.000000	978.057   	110.000000	809.552   	110.000000	961.755   	
115.000000	53277.3   	115.000000	52844.6   	115.000000	53738.6   	115.000000	53790.8   	115.000000	53738.3   	115.000000	667.147   	115.000000	318.349   	115.000000	1056.15   	115.000000	872.294   	115.000000	1039.79   	
120.000000	57388.9   	120.000000	56942.7   	120.000000	57899.4   	120.000000	57957.3   	120.000000	57899.2   	120.000000	717.497   	120.000000	341.439   	120.000000	1136.55   	120.000000	936.815   	120.000000	1120.29   	
125.000000	61624.3   	125.000000	61163.5   	125.000000	62185     	125.000000	62248.9   	125.000000	62184.8   	125.000000	769.167   	125.000000	365.104   	125.000000	1219.2    	125.000000	1003.07   	125.000000	1203.2    	
130.000000	65981.5   	130.000000	65504.7   	130.000000	66593.2   	130.000000	66663.2   	130.000000	66592.9   	130.000000	822.118   	130.000000	389.34    	130.000000	1304.04   	130.000000	1071.03   	130.000000	1288.48   	
135.000000	70458.5   	135.000000	69964     	135.000000	71121.5   	135.000000	71197.9   	135.000000	71121.1   	135.000000	876.309   	135.000000	414.136   	135.000000	1391.03   	135.000000	1140.66   	135.000000	1376.08   	
140.000000	75053.4   	140.000000	74539.1   	140.000000	75767.3   	140.000000	75850.8   	140.000000	75767.2   	140.000000	931.702   	140.000000	439.461   	140.000000	1480.11   	140.000000	1211.91   	140.000000	1465.96   	
145.000000	79764.3   	145.000000	79227.8   	145.000000	80529.1   	145.000000	80619.7   	145.000000	80529     	145.000000	988.26    	145.000000	465.307   	145.000000	1571.23   	145.000000	1284.75   	145.000000	1558.07   	
150.000000	84589.5   	150.000000	84027.9   	150.000000	85404.6   	150.000000	85502.6   	150.000000	85404.6   	150.000000	1045.95   	150.000000	491.661   	150.000000	1664.34   	150.000000	1359.15   	150.000000	1652.38   	
155.000000	89595.2   	155.000000	88937.5   	155.000000	90392     	155.000000	90497.4   	155.000000	90391.8   	155.000000	1104.73   	155.000000	518.514   	155.000000	1759.4    	155.000000	1435.08   	155.000000	1748.84   	
160.000000	94709.5   	160.000000	93954.6   	160.000000	95489.2   	160.000000	95602.1   	160.000000	95488.8   	160.000000	1164.57   	160.000000	545.853   	160.000000	1856.36   	160.000000	1512.5    	160.000000	1847.41   	
165.000000	99928.1   	165.000000	99077.1   	165.000000	100694    	165.000000	100815    	165.000000	100693    	165.000000	1225.45   	165.000000	573.667   	165.000000	1955.17   	165.000000	1591.38   	165.000000	1948.06   	
170.000000	105249    	170.000000	104303    	170.000000	106004    	170.000000	106134    	170.000000	106004    	170.000000	1287.31   	170.000000	601.949   	170.000000	2055.79   	170.000000	1671.7    	170.000000	2050.75   	
175.000000	110671    	175.000000	109631    	175.000000	111419    	175.000000	111557    	175.000000	111419    	175.000000	1350.15   	175.000000	630.69    	175.000000	2158.18   	175.000000	1753.42   	175.000000	2155.45   	
180.000000	116192    	180.000000	115059    	180.000000	116936    	180.000000	117083    	180.000000	116936    	180.000000	1413.92   	180.000000	659.866   	180.000000	2262.3    	180.000000	1836.52   	180.000000	2262.1    	
185.000000	121810    	185.000000	120585    	185.000000	122554    	185.000000	122710    	185.000000	122553    	185.000000	1478.6    	185.000000	689.459   	185.000000	2368.11   	185.000000	1920.97   	185.000000	2370.69   	
190.000000	127524    	190.000000	126208    	190.000000	128270    	190.000000	128435    	190.000000	128270    	190.000000	1544.16   	190.000000	719.476   	190.000000	2475.56   	190.000000	2006.74   	190.000000	2481.18   	
195.000000	133332    	195.000000	131926    	195.000000	134084    	195.000000	134259    	195.000000	134084    	195.000000	1610.57   	195.000000	749.914   	195.000000	2584.62   	195.000000	2093.81   	195.000000	2593.53   	
200.000000	139232    	200.000000	137737    	200.000000	139994    	200.000000	140178    	200.000000	139993    	200.000000	1677.81   	200.000000	780.751   	200.000000	2695.26   	200.000000	2182.15   	200.000000	2707.71   	
210.000000	151306    	210.000000	149633    	210.000000	152093    	210.000000	152297    	210.000000	152092    	210.000000	1814.66   	210.000000	843.559   	210.000000	2921.11   	210.000000	2362.54   	210.000000	2941.45   	
220.000000	163732    	220.000000	161884    	220.000000	164556    	220.000000	164782    	220.000000	164556    	220.000000	1954.52   	220.000000	907.877   	220.000000	3152.83   	220.000000	2547.72   	220.000000	3182.13   	
230.000000	176500    	230.000000	174478    	230.000000	177373    	230.000000	177620    	230.000000	177371    	230.000000	2097.2    	230.000000	973.673   	230.000000	3390.16   	230.000000	2737.52   	230.000000	3429.52   	
240.000000	189601    	240.000000	187405    	240.000000	190530    	240.000000	190800    	240.000000	190529    	240.000000	2242.53   	240.000000	1040.83   	240.000000	3632.83   	240.000000	2931.76   	240.000000	3683.41   	
250.000000	203023    	250.000000	200655    	250.000000	204018    	250.000000	204312    	250.000000	204017    	250.000000	2390.33   	250.000000	1109.31   	250.000000	3880.61   	250.000000	3130.28   	250.000000	3943.56   	
260.000000	216758    	260.000000	214216    	260.000000	217826    	260.000000	218145    	260.000000	217825    	260.000000	2540.46   	260.000000	1179.06   	260.000000	4133.28   	260.000000	3332.91   	260.000000	4209.77   	
270.000000	230797    	270.000000	228080    	270.000000	231946    	270.000000	232290    	270.000000	231944    	270.000000	2692.77   	270.000000	1250.03   	270.000000	4390.61   	270.000000	3539.51   	270.000000	4481.84   	
280.000000	245130    	280.000000	242238    	280.000000	246367    	280.000000	246737    	280.000000	246365    	280.000000	2847.11   	280.000000	1322.12   	280.000000	4652.38   	280.000000	3749.93   	280.000000	4759.56   	
290.000000	259750    	290.000000	256680    	290.000000	261080    	290.000000	261477    	290.000000	261078    	290.000000	3003.35   	290.000000	1395.32   	290.000000	4918.41   	290.000000	3964.03   	290.000000	5042.76   	
300.000000	274649    	300.000000	271399    	300.000000	276076    	300.000000	276501    	300.000000	276074    	300.000000	3161.37   	300.000000	1469.61   	300.000000	5188.49   	300.000000	4181.67   	300.000000	5331.26   	
310.000000	289819    	310.000000	286386    	310.000000	291348    	310.000000	291801    	310.000000	291346    	310.000000	3321.05   	310.000000	1544.89   	310.000000	5462.46   	310.000000	4402.74   	310.000000	5624.87   	
320.000000	305253    	320.000000	301633    	320.000000	306886    	320.000000	307369    	320.000000	306884    	320.000000	3482.27   	320.000000	1621.18   	320.000000	5740.12   	320.000000	4627.1    	320.000000	5923.44   	
330.000000	320944    	330.000000	317134    	330.000000	322685    	330.000000	323197    	330.000000	322683    	330.000000	3644.93   	330.000000	1698.46   	330.000000	6021.32   	330.000000	4854.65   	330.000000	6226.8    	
340.000000	336885    	340.000000	332880    	340.000000	338736    	340.000000	339278    	340.000000	338733    	340.000000	3808.93   	340.000000	1776.64   	340.000000	6305.89   	340.000000	5085.26   	340.000000	6534.79   	
350.000000	353069    	350.000000	348865    	350.000000	355032    	350.000000	355605    	350.000000	355028    	350.000000	3974.17   	350.000000	1855.66   	350.000000	6593.68   	350.000000	5318.82   	350.000000	6847.27   	
360.000000	369490    	360.000000	365083    	360.000000	371564    	360.000000	372170    	360.000000	371561    	360.000000	4140.55   	360.000000	1935.54   	360.000000	6884.54   	360.000000	5555.24   	360.000000	7164.08   	
370.000000	386143    	370.000000	381526    	370.000000	388328    	370.000000	388967    	370.000000	388325    	370.000000	4308      	370.000000	2016.29   	370.000000	7178.34   	370.000000	5794.4    	370.000000	7485.09   	
380.000000	403021    	380.000000	398189    	380.000000	405316    	380.000000	405989    	380.000000	405313    	380.000000	4476.43   	380.000000	2097.87   	380.000000	7474.93   	380.000000	6036.22   	380.000000	7810.17   	
390.000000	420119    	390.000000	415066    	390.000000	422524    	390.000000	423230    	390.000000	422521    	390.000000	4645.77   	390.000000	2180.21   	390.000000	7774.19   	390.000000	6280.59   	390.000000	8139.17   	
400.000000	437430    	400.000000	432151    	400.000000	439944    	400.000000	440684    	400.000000	439940    	400.000000	4815.93   	400.000000	2263.28   	400.000000	8075.99   	400.000000	6527.44   	400.000000	8471.98   	
410.000000	454951    	410.000000	449438    	410.000000	457572    	410.000000	458346    	410.000000	457567    	410.000000	4986.85   	410.000000	2347.07   	410.000000	8380.21   	410.000000	6776.66   	410.000000	8808.47   	
420.000000	472675    	420.000000	466923    	420.000000	475400    	420.000000	476209    	420.000000	475394    	420.000000	5158.46   	420.000000	2431.53   	420.000000	8686.75   	420.000000	7028.18   	420.000000	9148.52   	
430.000000	490598    	430.000000	484599    	430.000000	493423    	430.000000	494269    	430.000000	493418    	430.000000	5330.71   	430.000000	2516.6    	430.000000	8995.48   	430.000000	7281.91   	430.000000	9492.02   	
440.000000	508714    	440.000000	502462    	440.000000	511635    	440.000000	512519    	440.000000	511631    	440.000000	5503.52   	440.000000	2602.28   	440.000000	9306.31   	440.000000	7537.78   	440.000000	9838.85   	
450.000000	527020    	450.000000	520508    	450.000000	530034    	450.000000	530955    	450.000000	530030    	450.000000	5676.84   	450.000000	2688.59   	450.000000	9619.13   	450.000000	7795.71   	450.000000	10188.9   	
460.000000	545511    	460.000000	538730    	460.000000	548613    	460.000000	549572    	460.000000	548609    	460.000000	5850.62   	460.000000	2775.54   	460.000000	9933.85   	460.000000	8055.63   	460.000000	10542.1   	
470.000000	564182    	470.000000	557126    	470.000000	567368    	470.000000	568366    	470.000000	567364    	470.000000	6024.81   	470.000000	2863.09   	470.000000	10250.4   	470.000000	8317.46   	470.000000	10898.3   	
480.000000	583028    	480.000000	575690    	480.000000	586294    	480.000000	587330    	480.000000	586290    	480.000000	6199.35   	480.000000	2951.22   	480.000000	10568.6   	480.000000	8581.14   	480.000000	11257.4   	
490.000000	602047    	490.000000	594418    	490.000000	605387    	490.000000	606462    	490.000000	605382    	490.000000	6374.2    	490.000000	3039.86   	490.000000	10888.5   	490.000000	8846.61   	490.000000	11619.4   	
500.000000	621233    	500.000000	613306    	500.000000	624642    	500.000000	625757    	500.000000	624637    	500.000000	6549.33   	500.000000	3129      	500.000000	11209.9   	500.000000	9113.79   	500.000000	11984.1   	
520.000000	660094    	520.000000	651547    	520.000000	663623    	520.000000	664817    	520.000000	663616    	520.000000	6900.21   	520.000000	3308.82   	520.000000	11857     	520.000000	9653.06   	520.000000	12721.4   	
540.000000	699580    	540.000000	690382    	540.000000	703201    	540.000000	704480    	540.000000	703196    	540.000000	7251.68   	540.000000	3490.65   	540.000000	12509.4   	540.000000	10198.5   	540.000000	13468.6   	
560.000000	739662    	560.000000	729781    	560.000000	743350    	560.000000	744715    	560.000000	743346    	560.000000	7603.46   	560.000000	3674.25   	560.000000	13166.6   	560.000000	10749.6   	560.000000	14225.1   	
580.000000	780315    	580.000000	769718    	580.000000	784043    	580.000000	785493    	580.000000	784039    	580.000000	7955.31   	580.000000	3859.49   	580.000000	13827.9   	580.000000	11306.1   	580.000000	14990.3   	
600.000000	821512    	600.000000	810167    	600.000000	825252    	600.000000	826789    	600.000000	825247    	600.000000	8306.99   	600.000000	4046.31   	600.000000	14492.9   	600.000000	11867.5   	600.000000	15763.6   	
620.000000	863229    	620.000000	851104    	620.000000	866952    	620.000000	868577    	620.000000	866946    	620.000000	8658.3    	620.000000	4234.64   	620.000000	15161.3   	620.000000	12433.4   	620.000000	16544.5   	
640.000000	905442    	640.000000	892506    	640.000000	909119    	640.000000	910833    	640.000000	909111    	640.000000	9009.05   	640.000000	4424.4    	640.000000	15832.5   	640.000000	13003.6   	640.000000	17332.5   	
660.000000	948130    	660.000000	934352    	660.000000	951727    	660.000000	953535    	660.000000	951722    	660.000000	9359.09   	660.000000	4615.53   	660.000000	16506.3   	660.000000	13577.6   	660.000000	18127.1   	
680.000000	991272    	680.000000	976620    	680.000000	994759    	680.000000	996662    	680.000000	994756    	680.000000	9708.25   	680.000000	4807.97   	680.000000	17182.1   	680.000000	14155.3   	680.000000	18927.9   	
700.000000	1.03485e+06	700.000000	1.01929e+06	700.000000	1.0382e+06	700.000000	1.04019e+06	700.000000	1.03819e+06	700.000000	10056.4   	700.000000	5001.66   	700.000000	17859.9   	700.000000	14736.2   	700.000000	19734.4   	
720.000000	1.07884e+06	720.000000	1.06235e+06	720.000000	1.08202e+06	720.000000	1.08411e+06	720.000000	1.08202e+06	720.000000	10403.5   	720.000000	5196.54   	720.000000	18539.1   	720.000000	15320.3   	720.000000	20546.3   	
740.000000	1.12322e+06	740.000000	1.10577e+06	740.000000	1.12621e+06	740.000000	1.1284e+06	740.000000	1.12621e+06	740.000000	10749.3   	740.000000	5392.57   	740.000000	19219.6   	740.000000	15907.1   	740.000000	21363.2   	
760.000000	1.16798e+06	760.000000	1.14954e+06	760.000000	1.17075e+06	760.000000	1.17304e+06	760.000000	1.17075e+06	760.000000	11093.8   	760.000000	5589.73   	760.000000	19901.2   	760.000000	16496.5   	760.000000	22184.7   	
780.000000	1.21311e+06	780.000000	1.19365e+06	780.000000	1.21562e+06	780.000000	1.21801e+06	780.000000	1.21562e+06	780.000000	11436.8   	780.000000	5787.96   	780.000000	20583.4   	780.000000	17088.2   	780.000000	23010.5   	
800.000000	1.25858e+06	800.000000	1.23808e+06	800.000000	1.26082e+06	800.000000	1.2633e+06	800.000000	1.26081e+06	800.000000	11778.4   	800.000000	5987.15   	800.000000	21266.2   	800.000000	17682.1   	800.000000	23840.3   	
820.000000	1.30438e+06	820.000000	1.28281e+06	820.000000	1.30632e+06	820.000000	1.3089e+06	820.000000	1.30631e+06	820.000000	12118.5   	820.000000	6187.2    	820.000000	21949.4   	820.000000	18277.9   	820.000000	24673.8   	
840.000000	1.3505e+06	840.000000	1.32784e+06	840.000000	1.3521e+06	840.000000	1.35478e+06	840.000000	1.3521e+06	840.000000	12456.8   	840.000000	6388      	840.000000	22632.6   	840.000000	18875.4   	840.000000	25510.6   	
860.000000	1.39692e+06	860.000000	1.37314e+06	860.000000	1.39815e+06	860.000000	1.40094e+06	860.000000	1.39815e+06	860.000000	12793.3   	860.000000	6589.59   	860.000000	23315.5   	860.000000	19474.4   	860.000000	26350.3   	
880.000000	1.44363e+06	880.000000	1.41871e+06	880.000000	1.44446e+06	880.000000	1.44735e+06	880.000000	1.44446e+06	880.000000	13127.9   	880.000000	6791.98   	880.000000	23998.2   	880.000000	20074.6   	880.000000	27192.7   	
900.000000	1.49061e+06	900.000000	1.46453e+06	900.000000	1.49102e+06	900.000000	1.49402e+06	900.000000	1.49102e+06	900.000000	13460.6   	900.000000	6995.13   	900.000000	24680.3   	900.000000	20676     	900.000000	28037.6   	
920.000000	1.53785e+06	920.000000	1.51059e+06	920.000000	1.53781e+06	920.000000	1.54091e+06	920.000000	1.53781e+06	920.000000	13791.3   	920.000000	7198.96   	920.000000	25361.8   	920.000000	21278.4   	920.000000	28884.7   	
940.000000	1.58535e+06	940.000000	1.55688e+06	940.000000	1.58483e+06	940.000000	1.58804e+06	940.000000	1.58483e+06	940.000000	14120.2   	940.000000	7403.39   	940.000000	26042.5   	940.000000	21881.7   	940.000000	29733.9   	
960.000000	1.63308e+06	960.000000	1.6034e+06	960.000000	1.63206e+06	960.000000	1.63537e+06	960.000000	1.63206e+06	960.000000	14447     	960.000000	7608.42   	960.000000	26722.4   	960.000000	22485.7   	960.000000	30584.9   	
980.000000	1.68104e+06	980.000000	1.65012e+06	980.000000	1.6795e+06	980.000000	1.68292e+06	980.000000	1.6795e+06	980.000000	14771.9   	980.000000	7814.09   	980.000000	27401.2   	980.000000	23090.3   	980.000000	31437.6   	
1000.000000	1.72922e+06	1000.000000	1.69705e+06	1000.000000	1.72714e+06	1000.000000	1.73066e+06	1000.000000	1.72714e+06	1000.000000	15094.9   	1000.000000	8020.44   	1000.000000	28079     	1000.000000	23695.4   	1000.000000	32291.7   	
1020.000000	1.77761e+06	1020.000000	1.74417e+06	1020.000000	1.77496e+06	1020.000000	1.77859e+06	1020.000000	1.77496e+06	1020.000000	15415.8   	1020.000000	8227.46   	1020.000000	28755.6   	1020.000000	24300.9   	1020.000000	33147.1   	
1040.000000	1.82619e+06	1040.000000	1.79147e+06	1040.000000	1.82297e+06	1040.000000	1.8267e+06	1040.000000	1.82297e+06	1040.000000	15734.7   	1040.000000	8435.11   	1040.000000	29430.8   	1040.000000	24906.6   	1040.000000	34003.6   	
1060.000000	1.87496e+06	1060.000000	1.83895e+06	1060.000000	1.87115e+06	1060.000000	1.87499e+06	1060.000000	1.87114e+06	1060.000000	16051.6   	1060.000000	8643.33   	1060.000000	30104.8   	1060.000000	25512.6   	1060.000000	34861.1   	
1080.000000	1.92391e+06	1080.000000	1.88659e+06	1080.000000	1.91949e+06	1080.000000	1.92344e+06	1080.000000	1.91949e+06	1080.000000	16366.5   	1080.000000	8852.07   	1080.000000	30777.3   	1080.000000	26118.7   	1080.000000	35719.5   	
1100.000000	1.97303e+06	1100.000000	1.93439e+06	1100.000000	1.96799e+06	1100.000000	1.97204e+06	1100.000000	1.96798e+06	1100.000000	16679.5   	1100.000000	9061.31   	1100.000000	31448.3   	1100.000000	26724.7   	1100.000000	36578.5   	
1120.000000	2.02231e+06	1120.000000	1.98235e+06	1120.000000	2.01664e+06	1120.000000	2.0208e+06	1120.000000	2.01663e+06	1120.000000	16990.4   	1120.000000	9271.03   	1120.000000	32117.7   	1120.000000	27330.7   	1120.000000	37438.1   	
1140.000000	2.07174e+06	1140.000000	2.03044e+06	1140.000000	2.06544e+06	1140.000000	2.06971e+06	1140.000000	2.06543e+06	1140.000000	17299.3   	1140.000000	9481.24   	1140.000000	32785.5   	1140.000000	27936.6   	1140.000000	38298.1   	
1160.000000	2.12132e+06	1160.000000	2.07868e+06	1160.000000	2.11437e+06	1160.000000	2.11875e+06	1160.000000	2.11436e+06	1160.000000	17606.3   	1160.000000	9691.93   	1160.000000	33451.6   	1160.000000	28542.2   	1160.000000	39158.5   	
1180.000000	2.17104e+06	1180.000000	2.12704e+06	1180.000000	2.16344e+06	1180.000000	2.16792e+06	1180.000000	2.16343e+06	1180.000000	17911.3   	1180.000000	9903.1    	1180.000000	34116     	1180.000000	29147.6   	1180.000000	40019.1   	
1200.000000	2.22088e+06	1200.000000	2.17553e+06	1200.000000	2.21263e+06	1200.000000	2.21722e+06	1200.000000	2.21262e+06	1200.000000	18214.3   	1200.000000	10114.7   	1200.000000	34778.6   	1200.000000	29752.6   	1200.000000	40879.8   	
1220.000000	2.27085e+06	1220.000000	2.22414e+06	1220.000000	2.26194e+06	1220.000000	2.26665e+06	1220.000000	2.26193e+06	1220.000000	18515.4   	1220.000000	10326.8   	1220.000000	35439.5   	1220.000000	30357.2   	1220.000000	41740.4   	
1240.000000	2.32093e+06	1240.000000	2.27286e+06	1240.000000	2.31136e+06	1240.000000	2.31619e+06	1240.000000	2.31136e+06	1240.000000	18814.5   	1240.000000	10539.4   	1240.000000	36098.4   	1240.000000	30961.3   	1240.000000	42601     	
1260.000000	2.37112e+06	1260.000000	2.32168e+06	1260.000000	2.3609e+06	1260.000000	2.36584e+06	1260.000000	2.3609e+06	1260.000000	19111.7   	1260.000000	10752.4   	1260.000000	36755.5   	1260.000000	31564.8   	1260.000000	43461.4   	
1280.000000	2.42142e+06	1280.000000	2.37061e+06	1280.000000	2.41055e+06	1280.000000	2.4156e+06	1280.000000	2.41054e+06	1280.000000	19406.9   	1280.000000	10965.8   	1280.000000	37410.6   	1280.000000	32167.8   	1280.000000	44321.6   	
1300.000000	2.47181e+06	1300.000000	2.41963e+06	1300.000000	2.46029e+06	1300.000000	2.46545e+06	1300.000000	2.46029e+06	1300.000000	19700.3   	1300.000000	11179.7   	1300.000000	38063.8   	1300.000000	32770.2   	1300.000000	45181.3   	
1320.000000	2.52229e+06	1320.000000	2.46875e+06	1320.000000	2.51014e+06	1320.000000	2.51541e+06	1320.000000	2.51013e+06	1320.000000	19991.7   	1320.000000	11394     	1320.000000	38715.1   	1320.000000	33371.9   	1320.000000	46040.7   	
1340.000000	2.57286e+06	1340.000000	2.51795e+06	1340.000000	2.56008e+06	1340.000000	2.56546e+06	1340.000000	2.56007e+06	1340.000000	20281.3   	1340.000000	11608.7   	1340.000000	39364.3   	1340.000000	33972.8   	1340.000000	46899.5   	
1360.000000	2.6235e+06	1360.000000	2.56723e+06	1360.000000	2.6101e+06	1360.000000	2.6156e+06	1360.000000	2.6101e+06	1360.000000	20569     	1360.000000	11823.8   	1360.000000	40011.5   	1360.000000	34573     	1360.000000	47757.8   	
1380.000000	2.67422e+06	1380.000000	2.61658e+06	1380.000000	2.66021e+06	1380.000000	2.66582e+06	1380.000000	2.66021e+06	1380.000000	20854.8   	1380.000000	12039.4   	1380.000000	40656.7   	1380.000000	35172.4   	1380.000000	48615.4   	
1400.000000	2.72501e+06	1400.000000	2.66601e+06	1400.000000	2.71041e+06	1400.000000	2.71613e+06	1400.000000	2.7104e+06	1400.000000	21138.8   	1400.000000	12255.3   	1400.000000	41299.8   	1400.000000	35771     	1400.000000	49472.4   	
1420.000000	2.77586e+06	1420.000000	2.71551e+06	1420.000000	2.76068e+06	1420.000000	2.76652e+06	1420.000000	2.76068e+06	1420.000000	21421     	1420.000000	12471.6   	1420.000000	41940.9   	1420.000000	36368.7   	1420.000000	50328.5   	
1440.000000	2.82677e+06	1440.000000	2.76507e+06	1440.000000	2.81103e+06	1440.000000	2.81697e+06	1440.000000	2.81102e+06	1440.000000	21701.4   	1440.000000	12688.4   	1440.000000	42579.8   	1440.000000	36965.5   	1440.000000	51183.9   	
1460.000000	2.87773e+06	1460.000000	2.81469e+06	1460.000000	2.86145e+06	1460.000000	2.8675e+06	1460.000000	2.86144e+06	1460.000000	21980     	1460.000000	12905.5   	1460.000000	43216.7   	1460.000000	37561.3   	1460.000000	52038.4   	
1480.000000	2.92875e+06	1480.000000	2.86437e+06	1480.000000	2.91193e+06	1480.000000	2.9181e+06	1480.000000	2.91193e+06	1480.000000	22256.8   	1480.000000	13123     	1480.000000	43851.5   	1480.000000	38156.2   	1480.000000	52891.9   	
1500.000000	2.9798e+06	1500.000000	2.91409e+06	1500.000000	2.96249e+06	1500.000000	2.96877e+06	1500.000000	2.96248e+06	1500.000000	22531.9   	1500.000000	13340.9   	1500.000000	44484.2   	1500.000000	38750.1   	1500.000000	53744.5   	
1520.000000	3.0309e+06	1520.000000	2.96387e+06	1520.000000	3.0131e+06	1520.000000	3.01949e+06	1520.000000	3.01309e+06	1520.000000	22805.2   	1520.000000	13559.1   	1520.000000	45114.7   	1520.000000	39342.9   	1520.000000	54596     	
1540.000000	3.08203e+06	1540.000000	3.01369e+06	1540.000000	3.06378e+06	1540.000000	3.07028e+06	1540.000000	3.06376e+06	1540.000000	23076.8   	1540.000000	13777.8   	1540.000000	45743.1   	1540.000000	39934.7   	1540.000000	55446.5   	
1560.000000	3.1332e+06	1560.000000	3.06356e+06	1560.000000	3.11451e+06	1560.000000	3.12112e+06	1560.000000	3.11449e+06	1560.000000	23346.7   	1560.000000	13996.7   	1560.000000	46369.4   	1560.000000	40525.5   	1560.000000	56295.9   	
1580.000000	3.18439e+06	1580.000000	3.11346e+06	1580.000000	3.16529e+06	1580.000000	3.17202e+06	1580.000000	3.16527e+06	1580.000000	23614.9   	1580.000000	14216.1   	1580.000000	46993.6   	1580.000000	41115.2   	1580.000000	57144.2   	
1600.000000	3.23561e+06	1600.000000	3.1634e+06	1600.000000	3.21613e+06	1600.000000	3.22297e+06	1600.000000	3.21611e+06	1600.000000	23881.4   	1600.000000	14435.9   	1600.000000	47615.6   	1600.000000	41703.7   	1600.000000	57991.2   	
1620.000000	3.28685e+06	1620.000000	3.21338e+06	1620.000000	3.26702e+06	1620.000000	3.27397e+06	1620.000000	3.26699e+06	1620.000000	24146.3   	1620.000000	14656     	1620.000000	48235.5   	1620.000000	42291.1   	1620.000000	58837.1   	
1640.000000	3.33811e+06	1640.000000	3.26338e+06	1640.000000	3.31795e+06	1640.000000	3.32501e+06	1640.000000	3.31792e+06	1640.000000	24409.6   	1640.000000	14876.4   	1640.000000	48853.3   	1640.000000	42877.4   	1640.000000	59681.7   	
1660.000000	3.38938e+06	1660.000000	3.31341e+06	1660.000000	3.36893e+06	1660.000000	3.3761e+06	1660.000000	3.3689e+06	1660.000000	24671.2   	1660.000000	15097.3   	1660.000000	49468.9   	1660.000000	43462.5   	1660.000000	60525     	
1680.000000	3.44066e+06	1680.000000	3.36346e+06	1680.000000	3.41994e+06	1680.000000	3.42724e+06	1680.000000	3.41992e+06	1680.000000	24931.2   	1680.000000	15318.5   	1680.000000	50082.4   	1680.000000	44046.5   	1680.000000	61367     	
1700.000000	3.49194e+06	1700.000000	3.41354e+06	1700.000000	3.471e+06 	1700.000000	3.47841e+06	1700.000000	3.47098e+06	1700.000000	25189.7   	1700.000000	15540     	1700.000000	50693.7   	1700.000000	44629.2   	1700.000000	62207.7   	
1750.000000	3.62017e+06	1750.000000	3.5388e+06	1750.000000	3.59882e+06	1750.000000	3.60651e+06	1750.000000	3.59879e+06	1750.000000	25828.9   	1750.000000	16095.4   	1750.000000	52212.9   	1750.000000	46080.8   	1750.000000	64303.4   	
1800.000000	3.74838e+06	1800.000000	3.66415e+06	1800.000000	3.72684e+06	1800.000000	3.73482e+06	1800.000000	3.72681e+06	1800.000000	26458.6   	1800.000000	16652.9   	1800.000000	53718.8   	1800.000000	47524.6   	1800.000000	66390.1   	
1850.000000	3.87652e+06	1850.000000	3.78955e+06	1850.000000	3.85504e+06	1850.000000	3.86332e+06	1850.000000	3.85503e+06	1850.000000	27079     	1850.000000	17212.3   	1850.000000	55211.5   	1850.000000	48960.6   	1850.000000	68467.7   	
1900.000000	4.00456e+06	1900.000000	3.91497e+06	1900.000000	3.98341e+06	1900.000000	3.99198e+06	1900.000000	3.9834e+06	1900.000000	27690.4   	1900.000000	17773.6   	1900.000000	56691.3   	1900.000000	50388.5   	1900.000000	70535.8   	
1950.000000	4.13246e+06	1950.000000	4.04037e+06	1950.000000	4.11192e+06	1950.000000	4.12078e+06	1950.000000	4.11191e+06	1950.000000	28292.9   	1950.000000	18336.7   	1950.000000	58158.1   	1950.000000	51808.4   	1950.000000	72594.1   	
2000.000000	4.26019e+06	2000.000000	4.16574e+06	2000.000000	4.24055e+06	2000.000000	4.24969e+06	2000.000000	4.24055e+06	2000.000000	28886.9   	2000.000000	18901.6   	2000.000000	59612.2   	2000.000000	53220     	2000.000000	74642.5   	
2100.000000	4.51499e+06	2100.000000	4.41625e+06	2100.000000	4.4981e+06	2100.000000	4.50782e+06	2100.000000	4.4981e+06	2100.000000	30050.1   	2100.000000	20037.1   	2100.000000	62482.5   	2100.000000	56018.6   	2100.000000	78708.9   	
2200.000000	4.76874e+06	2200.000000	4.66632e+06	2200.000000	4.75593e+06	2200.000000	4.76623e+06	2200.000000	4.75594e+06	2200.000000	31181.7   	2200.000000	21180.3   	2200.000000	65303.7   	2200.000000	58783.9   	2200.000000	82734     	
2300.000000	5.02125e+06	2300.000000	4.91581e+06	2300.000000	5.01394e+06	2300.000000	5.0248e+06	2300.000000	5.01394e+06	2300.000000	32283.4   	2300.000000	22331.4   	2300.000000	68076.8   	2300.000000	61515.9   	2300.000000	86717.2   	
2400.000000	5.27236e+06	2400.000000	5.16457e+06	2400.000000	5.27203e+06	2400.000000	5.28346e+06	2400.000000	5.27202e+06	2400.000000	33356.9   	2400.000000	23490.1   	2400.000000	70803.4   	2400.000000	64214.6   	2400.000000	90658     	
2500.000000	5.52192e+06	2500.000000	5.4125e+06	2500.000000	5.53012e+06	2500.000000	5.54211e+06	2500.000000	5.53011e+06	2500.000000	34403.4   	2500.000000	24656.2   	2500.000000	73484.9   	2500.000000	66880.4   	2500.000000	94556.6   	
2600.000000	5.76981e+06	2600.000000	5.6595e+06	2600.000000	5.78814e+06	2600.000000	5.8007e+06	2600.000000	5.78813e+06	2600.000000	35424.5   	2600.000000	25829.4   	2600.000000	76122.5   	2600.000000	69513.6   	2600.000000	98412.8   	
2700.000000	6.01592e+06	2700.000000	5.90549e+06	2700.000000	6.04606e+06	2700.000000	6.05917e+06	2700.000000	6.04604e+06	2700.000000	36421.5   	2700.000000	27009.5   	2700.000000	78717.8   	2700.000000	72114.6   	2700.000000	102227    	
2800.000000	6.26019e+06	2800.000000	6.15039e+06	2800.000000	6.30381e+06	2800.000000	6.31747e+06	2800.000000	6.30378e+06	2800.000000	37395.5   	2800.000000	28196.4   	2800.000000	81272     	2800.000000	74683.9   	2800.000000	106000    	
2900.000000	6.50252e+06	2900.000000	6.39415e+06	2900.000000	6.56135e+06	2900.000000	6.57557e+06	2900.000000	6.56131e+06	2900.000000	38347.6   	2900.000000	29390     	2900.000000	83786.5   	2900.000000	77222.1   	2900.000000	109731    	
3000.000000	6.74286e+06	3000.000000	6.63671e+06	3000.000000	6.81866e+06	3000.000000	6.83342e+06	3000.000000	6.81861e+06	3000.000000	39278.9   	3000.000000	30590.2   	3000.000000	86262.5   	3000.000000	79729.5   	3000.000000	113422    	
3200.000000	7.21738e+06	3200.000000	7.11808e+06	3200.000000	7.33244e+06	3200.000000	7.34831e+06	3200.000000	7.33239e+06	3200.000000	41083.1   	3200.000000	33010.8   	3200.000000	91104.2   	3200.000000	84655.1   	3200.000000	120685    	
3400.000000	7.68345e+06	3400.000000	7.59422e+06	3400.000000	7.84497e+06	3400.000000	7.86196e+06	3400.000000	7.84493e+06	3400.000000	42815.1   	3400.000000	35457.9   	3400.000000	95806.6   	3400.000000	89465.3   	3400.000000	127792    	
3600.000000	8.1409e+06	3600.000000	8.06494e+06	3600.000000	8.35615e+06	3600.000000	8.37424e+06	3600.000000	8.35612e+06	3600.000000	44481.2   	3600.000000	37931.8   	3600.000000	100378    	3600.000000	94165.1   	3600.000000	134750    	
3800.000000	8.58962e+06	3800.000000	8.53013e+06	3800.000000	8.86588e+06	3800.000000	8.88507e+06	3800.000000	8.86587e+06	3800.000000	46087     	3800.000000	40432.5   	3800.000000	104828    	3800.000000	98759.4   	3800.000000	141565    	
4000.000000	9.02961e+06	4000.000000	8.98972e+06	4000.000000	9.37411e+06	4000.000000	9.39441e+06	4000.000000	9.37413e+06	4000.000000	47637.2   	4000.000000	42959.8   	4000.000000	109162    	4000.000000	103253    	4000.000000	148242    	
4200.000000	9.46088e+06	4200.000000	9.44366e+06	4200.000000	9.88083e+06	4200.000000	9.90222e+06	4200.000000	9.88087e+06	4200.000000	49136.2   	4200.000000	45513.7   	4200.000000	113388    	4200.000000	107650    	4200.000000	154787    	
4400.000000	9.88352e+06	4400.000000	9.89197e+06	4400.000000	1.0386e+07	4400.000000	1.04085e+07	4400.000000	1.03861e+07	4400.000000	50587.9   	4400.000000	48093.9   	4400.000000	117511    	4400.000000	111955    	4400.000000	161205    	
4600.000000	1.02976e+07	4600.000000	1.03347e+07	4600.000000	1.08896e+07	4600.000000	1.09132e+07	4600.000000	1.08897e+07	4600.000000	51995.7   	4600.000000	50699.8   	4600.000000	121539    	4600.000000	116172    	4600.000000	167501    	
4800.000000	1.07033e+07	4800.000000	1.07718e+07	4800.000000	1.13918e+07	4800.000000	1.14164e+07	4800.000000	1.13919e+07	4800.000000	53362.6   	4800.000000	53331.3   	4800.000000	125476    	4800.000000	120305    	4800.000000	173681    	
5000.000000	1.11008e+07	5000.000000	1.12034e+07	5000.000000	1.18923e+07	5000.000000	1.1918e+07	5000.000000	1.18925e+07	5000.000000	54691.5   	5000.000000	55987.8   	5000.000000	129326    	5000.000000	124358    	5000.000000	179749    	
5250.000000	1.15862e+07	5250.000000	1.17353e+07	5250.000000	1.2516e+07	5250.000000	1.25429e+07	5250.000000	1.25161e+07	5250.000000	56302.8   	5250.000000	59343.1   	5250.000000	134025    	5250.000000	129316    	5250.000000	187183    	
5500.000000	1.20593e+07	5500.000000	1.22588e+07	5500.000000	1.31373e+07	5500.000000	1.31656e+07	5500.000000	1.31375e+07	5500.000000	57862.8   	5500.000000	62736.2   	5500.000000	138605    	5500.000000	134160    	5500.000000	194458    	
6000.000000	1.297e+07 	6000.000000	1.32814e+07	6000.000000	1.43732e+07	6000.000000	1.4404e+07	6000.000000	1.43734e+07	6000.000000	60844.1   	6000.000000	69633.4   	6000.000000	147435    	6000.000000	143530    	6000.000000	208562    	
6500.000000	1.38356e+07	6500.000000	1.42727e+07	6500.000000	1.56006e+07	6500.000000	1.56339e+07	6500.000000	1.56009e+07	6500.000000	63661.5   	6500.000000	76674.8   	6500.000000	155868    	6500.000000	152511    	6500.000000	222116    	
7000.000000	1.4659e+07	7000.000000	1.52342e+07	7000.000000	1.68198e+07	7000.000000	1.68556e+07	7000.000000	1.68201e+07	7000.000000	66336.1   	7000.000000	83857     	7000.000000	163946    	7000.000000	161139    	7000.000000	235170    	
7500.000000	1.54428e+07	7500.000000	1.61673e+07	7500.000000	1.80314e+07	7500.000000	1.80696e+07	7500.000000	1.80317e+07	7500.000000	68884.9   	7500.000000	91176.1   	7500.000000	171705    	7500.000000	169445    	7500.000000	247767    	
8000.000000	1.61897e+07	8000.000000	1.70734e+07	8000.000000	1.92357e+07	8000.000000	1.92763e+07	8000.000000	1.92361e+07	8000.000000	71322.1   	8000.000000	98630.1   	8000.000000	179176    	8000.000000	177458    	8000.000000	259946    	
8500.000000	1.6902e+07	8500.000000	1.79541e+07	8500.000000	2.04331e+07	8500.000000	2.04761e+07	8500.000000	2.04336e+07	8500.000000	73659.6   	8500.000000	106215    	8500.000000	186385    	8500.000000	185201    	8500.000000	271739    	
9000.000000	1.7582e+07	9000.000000	1.88104e+07	9000.000000	2.16241e+07	9000.000000	2.16694e+07	9000.000000	2.16246e+07	9000.000000	75907.4   	9000.000000	113922    	9000.000000	193354    	9000.000000	192696    	9000.000000	283177    	
9500.000000	1.82318e+07	9500.000000	1.96438e+07	9500.000000	2.2809e+07	9500.000000	2.28566e+07	9500.000000	2.28094e+07	9500.000000	78074     	9500.000000	121747    	9500.000000	200105    	9500.000000	199962    	9500.000000	294284    	
10000.000000	1.88533e+07	10000.000000	2.04553e+07	10000.000000	2.39881e+07	10000.000000	2.40378e+07	10000.000000	2.39885e+07	10000.000000	80166.6   	10000.000000	129690    	10000.000000	206653    	10000.000000	207016    	10000.000000	305086    	
11000.000000	2.00183e+07	11000.000000	2.20169e+07	11000.000000	2.633e+07 	11000.000000	2.6384e+07	11000.000000	2.63302e+07	11000.000000	84154.9   	11000.000000	145935    	11000.000000	219203    	11000.000000	220543    	11000.000000	325852    	
12000.000000	2.10899e+07	12000.000000	2.35032e+07	12000.000000	2.86518e+07	12000.000000	2.87101e+07	12000.000000	2.8652e+07	12000.000000	87913.8   	12000.000000	162647    	12000.000000	231106    	12000.000000	233380    	12000.000000	345617    	
13000.000000	2.20787e+07	13000.000000	2.49211e+07	13000.000000	3.09554e+07	13000.000000	3.10179e+07	13000.000000	3.09556e+07	13000.000000	91475.7   	13000.000000	179805    	13000.000000	242444    	13000.000000	245608    	13000.000000	364498    	
14000.000000	2.29941e+07	14000.000000	2.62766e+07	14000.000000	3.32423e+07	14000.000000	3.33089e+07	14000.000000	3.32425e+07	14000.000000	94866.4   	14000.000000	197386    	14000.000000	253284    	14000.000000	257297    	14000.000000	382592    	
15000.000000	2.38438e+07	15000.000000	2.7575e+07	15000.000000	3.55139e+07	15000.000000	3.55846e+07	15000.000000	3.55141e+07	15000.000000	98106.7   	15000.000000	215368    	15000.000000	263680    	15000.000000	268503    	15000.000000	399980    	
16000.000000	2.46349e+07	16000.000000	2.88209e+07	16000.000000	3.77714e+07	16000.000000	3.7846e+07	16000.000000	3.77716e+07	16000.000000	101213    	16000.000000	233737    	16000.000000	273678    	16000.000000	279273    	16000.000000	416731    	
17000.000000	2.53731e+07	17000.000000	3.00185e+07	17000.000000	4.00158e+07	17000.000000	4.00943e+07	17000.000000	4.0016e+07	17000.000000	104201    	17000.000000	252485    	17000.000000	283317    	17000.000000	289649    	17000.000000	432902    	
18000.000000	2.60636e+07	18000.000000	3.11714e+07	18000.000000	4.2248e+07	18000.000000	4.23302e+07	18000.000000	4.22481e+07	18000.000000	107081    	18000.000000	271603    	18000.000000	292628    	18000.000000	299666    	18000.000000	448545    	
19000.000000	2.67109e+07	19000.000000	3.2283e+07	19000.000000	4.44688e+07	19000.000000	4.45547e+07	19000.000000	4.44689e+07	19000.000000	109864    	19000.000000	291086    	19000.000000	301642    	19000.000000	309353    	19000.000000	463702    	
20000.000000	2.7319e+07	20000.000000	3.33562e+07	20000.000000	4.66789e+07	20000.000000	4.67685e+07	20000.000000	4.6679e+07	20000.000000	112558    	20000.000000	310926    	20000.000000	310382    	20000.000000	318739    	20000.000000	478414    	
21000.000000	2.78913e+07	21000.000000	3.43935e+07	21000.000000	4.88789e+07	21000.000000	4.89721e+07	21000.000000	4.8879e+07	21000.000000	115171    	21000.000000	331116    	21000.000000	318869    	21000.000000	327844    	21000.000000	492711    	
22000.000000	2.84309e+07	22000.000000	3.53973e+07	22000.000000	5.10693e+07	22000.000000	5.11662e+07	22000.000000	5.10695e+07	22000.000000	117709    	22000.000000	351647    	22000.000000	327122    	22000.000000	336691    	22000.000000	506626    	
23000.000000	2.89405e+07	23000.000000	3.63699e+07	23000.000000	5.32509e+07	23000.000000	5.33512e+07	23000.000000	5.32511e+07	23000.000000	120178    	23000.000000	372512    	23000.000000	335159    	23000.000000	345297    	23000.000000	520183    	
24000.000000	2.94225e+07	24000.000000	3.73131e+07	24000.000000	5.5424e+07	24000.000000	5.55278e+07	24000.000000	5.54243e+07	24000.000000	122583    	24000.000000	393705    	24000.000000	342993    	24000.000000	353679    	24000.000000	533408    	
25000.000000	2.98791e+07	25000.000000	3.82286e+07	25000.000000	5.75891e+07	25000.000000	5.76962e+07	25000.000000	5.75893e+07	25000.000000	124929    	25000.000000	415199    	25000.000000	350638    	25000.000000	361851    	25000.000000	546319    	
26000.000000	3.03123e+07	26000.000000	3.91182e+07	26000.000000	5.97465e+07	26000.000000	5.98569e+07	26000.000000	5.97468e+07	26000.000000	127219    	26000.000000	436982    	26000.000000	358106    	26000.000000	369826    	26000.000000	558938    	
27000.000000	3.07237e+07	27000.000000	3.99833e+07	27000.000000	6.18965e+07	27000.000000	6.20102e+07	27000.000000	6.18969e+07	27000.000000	129457    	27000.000000	459061    	27000.000000	365407    	27000.000000	377615    	27000.000000	571281    	
28000.000000	3.11151e+07	28000.000000	4.08252e+07	28000.000000	6.40397e+07	28000.000000	6.41565e+07	28000.000000	6.40401e+07	28000.000000	131647    	28000.000000	481442    	28000.000000	372552    	28000.000000	385231    	28000.000000	583364    	
29000.000000	3.14877e+07	29000.000000	4.16451e+07	29000.000000	6.61762e+07	29000.000000	6.62961e+07	29000.000000	6.61766e+07	29000.000000	133790    	29000.000000	504114    	29000.000000	379548    	29000.000000	392682    	29000.000000	595201    	
30000.000000	3.1843e+07	30000.000000	4.24443e+07	30000.000000	6.83064e+07	30000.000000	6.84293e+07	30000.000000	6.83068e+07	30000.000000	135891    	30000.000000	527064    	30000.000000	386404    	30000.000000	399978    	30000.000000	606805    	
32000.000000	3.25058e+07	32000.000000	4.39845e+07	32000.000000	7.25486e+07	32000.000000	7.26774e+07	32000.000000	7.2549e+07	32000.000000	139972    	32000.000000	573762    	32000.000000	399726    	32000.000000	414133    	32000.000000	629361    	
34000.000000	3.31119e+07	34000.000000	4.54532e+07	34000.000000	7.67683e+07	34000.000000	7.69027e+07	34000.000000	7.67687e+07	34000.000000	143906    	34000.000000	621517    	34000.000000	412567    	34000.000000	427756    	34000.000000	651118    	
36000.000000	3.36681e+07	36000.000000	4.68569e+07	36000.000000	8.09671e+07	36000.000000	8.11068e+07	36000.000000	8.09675e+07	36000.000000	147708    	36000.000000	670305    	36000.000000	424973    	36000.000000	440895    	36000.000000	672147    	
38000.000000	3.41802e+07	38000.000000	4.82014e+07	38000.000000	8.51466e+07	38000.000000	8.52912e+07	38000.000000	8.51469e+07	38000.000000	151390    	38000.000000	720066    	38000.000000	436981    	38000.000000	453593    	38000.000000	692511    	
40000.000000	3.46531e+07	40000.000000	4.94915e+07	40000.000000	8.93078e+07	40000.000000	8.94572e+07	40000.000000	8.93081e+07	40000.000000	154961    	40000.000000	770742    	40000.000000	448623    	40000.000000	465885    	40000.000000	712263    	
42000.000000	3.50911e+07	42000.000000	5.07317e+07	42000.000000	9.34519e+07	42000.000000	9.36058e+07	42000.000000	9.34522e+07	42000.000000	158432    	42000.000000	822305    	42000.000000	459929    	42000.000000	477804    	42000.000000	731451    	
44000.000000	3.54978e+07	44000.000000	5.19256e+07	44000.000000	9.758e+07 	44000.000000	9.77381e+07	44000.000000	9.75803e+07	44000.000000	161810    	44000.000000	874746    	44000.000000	470922    	44000.000000	489377    	44000.000000	750115    	
46000.000000	3.58763e+07	46000.000000	5.30768e+07	46000.000000	1.01693e+08	46000.000000	1.01855e+08	46000.000000	1.01693e+08	46000.000000	165101    	46000.000000	928069    	46000.000000	481625    	46000.000000	500629    	46000.000000	768294    	
48000.000000	3.62295e+07	48000.000000	5.41883e+07	48000.000000	1.05792e+08	48000.000000	1.05957e+08	48000.000000	1.05792e+08	48000.000000	168312    	48000.000000	982273    	48000.000000	492058    	48000.000000	511584    	48000.000000	786019    	
50000.000000	3.65596e+07	50000.000000	5.52627e+07	50000.000000	1.09877e+08	50000.000000	1.10046e+08	50000.000000	1.09877e+08	50000.000000	171448    	50000.000000	1.03735e+06	50000.000000	502239    	50000.000000	522259    	50000.000000	803319    	
