! 4He range in H190C5F20
! apply ZOOM for details
Energy (MeV/u)1	0 - [He-base] F.Hubert et al, AD&ND Tables 46(1990)1	Energy (MeV/u)2	1 - [H -base] J.F.Ziegler et al,Pergamon Press,NY(low energy)	Energy (MeV/u)3	2 - ATIMA 1.2 LS-theory (recommended for high energy)	Energy (MeV/u)4	3 - ATIMA 1.2 without LS-correction	Energy (MeV/u)5	4 - ATIMA 1.4 H.Weick, improved mean charge formula for HI	Energy (MeV/u)6	5 - Range straggling - method [0] - LISE	Energy (MeV/u)7	6 - Range straggling - method [1] - Atima	Energy (MeV/u)8	7 - Lateral range - method [0] - LISE	Energy (MeV/u)9	8 - Lateral range - method [1] - Atima	Energy (MeV/u)10	9 - Lateral range - method [2] - PDG	
0.001000	425.571   	0.001000	425.571   	0.001000	321.618   	0.001000	321.618   	0.001000	321.718   	0.001000	0         	0.001000	0         	0.001000	4.16626   	0.001000	9.51783   	0.001000	4.35704   	
0.002000	851.143   	0.002000	851.143   	0.002000	643.237   	0.002000	643.237   	0.002000	643.437   	0.002000	28.8978   	0.002000	28.8978   	0.002000	12.2005   	0.002000	26.9305   	0.002000	13.4112   	
0.005000	1766.91   	0.005000	1766.91   	0.005000	1336.9    	0.005000	1336.9    	0.005000	1337.18   	0.005000	32.654    	0.005000	32.654    	0.005000	37.2327   	0.005000	80.1945   	0.005000	42.2609   	
0.008000	2431.56   	0.008000	2431.56   	0.008000	1855.08   	0.008000	1855.08   	0.008000	1855.38   	0.008000	32.7393   	0.008000	32.7393   	0.008000	61.5455   	0.008000	130.958   	0.008000	70.9081   	
0.010000	2805.77   	0.010000	2805.77   	0.010000	2152.91   	0.010000	2152.91   	0.010000	2153.22   	0.010000	33.0086   	0.010000	33.0086   	0.010000	77.3788   	0.010000	163.704   	0.010000	89.7638   	
0.015000	3571.74   	0.015000	3571.74   	0.015000	2801.98   	0.015000	2801.98   	0.015000	2802.31   	0.015000	34.2831   	0.015000	34.2831   	0.015000	116.075   	0.015000	243.033   	0.015000	136.292   	
0.020000	4179.1    	0.020000	4179.1    	0.020000	3365.51   	0.020000	3365.51   	0.020000	3365.83   	0.020000	35.953    	0.020000	35.953    	0.020000	152.096   	0.020000	315.002   	0.020000	182.344   	
0.025000	4694.67   	0.025000	4694.67   	0.025000	3873.84   	0.025000	3873.84   	0.025000	3874.17   	0.025000	37.7182   	0.025000	37.7182   	0.025000	182.581   	0.025000	372.246   	0.025000	224.108   	
0.030000	5151.06   	0.030000	5151.06   	0.030000	4339.6    	0.030000	4339.6    	0.030000	4339.93   	0.030000	39.4275   	0.030000	39.4275   	0.030000	209.894   	0.030000	421.349   	0.030000	255.025   	
0.035000	5566.47   	0.035000	5566.47   	0.035000	4771.01   	0.035000	4771.01   	0.035000	4771.34   	0.035000	41.0246   	0.035000	41.0246   	0.035000	235.036   	0.035000	465.046   	0.035000	279.314   	
0.040000	5951.78   	0.040000	5951.78   	0.040000	5175.83   	0.040000	5175.83   	0.040000	5176.17   	0.040000	42.515    	0.040000	42.515    	0.040000	258.563   	0.040000	504.829   	0.040000	299.425   	
0.045000	6313.9    	0.045000	6313.9    	0.045000	5559.42   	0.045000	5559.42   	0.045000	5559.76   	0.045000	43.91     	0.045000	43.91     	0.045000	280.534   	0.045000	541.351   	0.045000	316.718   	
0.050000	6657.5    	0.050000	6657.5    	0.050000	5925.65   	0.050000	5925.65   	0.050000	5925.99   	0.050000	45.2219   	0.050000	45.4001   	0.050000	299.255   	0.050000	572.524   	0.050000	331.775   	
0.055000	6985.9    	0.055000	6985.9    	0.055000	6277.44   	0.055000	6277.44   	0.055000	6277.78   	0.055000	46.4622   	0.055000	46.8891   	0.055000	315.648   	0.055000	599.873   	0.055000	345.153   	
0.060000	7301.6    	0.060000	7301.6    	0.060000	6617.08   	0.060000	6617.08   	0.060000	6617.42   	0.060000	47.6409   	0.060000	48.2871   	0.060000	330.218   	0.060000	624.19    	0.060000	357.309   	
0.070000	7902.32   	0.070000	7902.32   	0.070000	7266.85   	0.070000	7266.85   	0.070000	7267.2    	0.070000	49.8481   	0.070000	50.8762   	0.070000	355.29    	0.070000	665.994   	0.070000	378.766   	
0.080000	8471.39   	0.080000	8471.39   	0.080000	7886.02   	0.080000	7886.02   	0.080000	7886.36   	0.080000	51.9009   	0.080000	53.2667   	0.080000	376.609   	0.080000	701.445   	0.080000	397.535   	
0.090000	9017.06   	0.090000	9017.06   	0.090000	8482.36   	0.090000	8482.36   	0.090000	8482.7    	0.090000	53.8422   	0.090000	55.5241   	0.090000	395.427   	0.090000	732.665   	0.090000	414.121   	
0.100000	9545.43   	0.100000	9545.43   	0.100000	9061.64   	0.100000	9061.64   	0.100000	9061.98   	0.100000	55.7048   	0.100000	57.6941   	0.100000	412.211   	0.100000	760.37    	0.100000	429.42    	
0.120000	10568.1   	0.120000	10568.1   	0.120000	10185.7   	0.120000	10185.7   	0.120000	10186     	0.120000	59.2901   	0.120000	61.8995   	0.120000	441.806   	0.120000	808.99    	0.120000	456.649   	
0.140000	11566.2   	0.140000	11566.2   	0.140000	11283.5   	0.140000	11283.5   	0.140000	11283.9   	0.140000	62.8043   	0.140000	66.0568   	0.140000	467.94    	0.140000	851.588   	0.140000	481.197   	
0.160000	12557.5   	0.160000	12557.5   	0.160000	12371.9   	0.160000	12371.9   	0.160000	12372.2   	0.160000	66.3461   	0.160000	70.121    	0.160000	491.896   	0.160000	890.352   	0.160000	503.928   	
0.180000	13554.1   	0.180000	13554.1   	0.180000	13462.4   	0.180000	13462.4   	0.180000	13462.7   	0.180000	69.9857   	0.180000	74.1498   	0.180000	514.14    	0.180000	926.092   	0.180000	525.426   	
0.200000	14564.6   	0.200000	14564.6   	0.200000	14563.4   	0.200000	14563.4   	0.200000	14563.7   	0.200000	73.7757   	0.200000	78.2192   	0.200000	535.525   	0.200000	960.262   	0.200000	546.118   	
0.250000	17189.4   	0.250000	17189.4   	0.250000	17399.4   	0.250000	17399.4   	0.250000	17399.7   	0.250000	84.1555   	0.250000	88.8914   	0.250000	586.233   	0.250000	1040.35   	0.250000	596.249   	
0.300000	19999.5   	0.300000	19999.5   	0.300000	20400.6   	0.300000	20400.6   	0.300000	20401     	0.300000	96.1491   	0.300000	100.654   	0.300000	636.073   	0.300000	1118      	0.300000	646.324   	
0.350000	23027     	0.350000	23027     	0.350000	23602.4   	0.350000	23602.4   	0.350000	23602.8   	0.350000	110.01    	0.350000	113.785   	0.350000	685.852   	0.350000	1194.69   	0.350000	696.796   	
0.400000	26288.7   	0.400000	26288.7   	0.400000	27025.1   	0.400000	27025.1   	0.400000	27025.4   	0.400000	125.873   	0.400000	128.418   	0.400000	736.658   	0.400000	1271.93   	0.400000	748.86    	
0.450000	29792.7   	0.450000	29792.7   	0.450000	30680.1   	0.450000	30680.1   	0.450000	30680.5   	0.450000	143.796   	0.450000	144.595   	0.450000	789.215   	0.450000	1350.81   	0.450000	802.92    	
0.500000	33542.2   	0.500000	33542.2   	0.500000	34574     	0.500000	34574     	0.500000	34574.3   	0.500000	163.785   	0.500000	162.315   	0.500000	843.54    	0.500000	1431.79   	0.500000	859.165   	
0.600000	41777.8   	0.600000	41777.8   	0.600000	43087.9   	0.600000	43087.9   	0.600000	43088.2   	0.600000	209.851   	0.600000	202.466   	0.600000	958.558   	0.600000	1601.42   	0.600000	978.529   	
0.700000	50982.7   	0.700000	50982.7   	0.700000	52568.5   	0.700000	52568.5   	0.700000	52568.8   	0.700000	263.716   	0.700000	249.568   	0.700000	1082.16   	0.700000	1781.7    	0.700000	1107.37   	
0.800000	61133.9   	0.800000	61133.9   	0.800000	63001.7   	0.800000	63001.7   	0.800000	63002     	0.800000	324.96    	0.800000	302.826   	0.800000	1212.12   	0.800000	1971.06   	0.800000	1246.4    	
0.900000	72206.5   	0.900000	72206.5   	0.900000	74367.4   	0.900000	74367.4   	0.900000	74367.8   	0.900000	393.198   	0.900000	361.456   	0.900000	1343.45   	0.900000	2151.27   	0.900000	1394.77   	
1.000000	84176.7   	1.000000	84176.7   	1.000000	86644.7   	1.000000	86644.7   	1.000000	86645.1   	1.000000	468.104   	1.000000	424.889   	1.000000	1483.92   	1.000000	2343.58   	1.000000	1553.16   	
1.250000	117896    	1.250000	117896    	1.250000	121200    	1.250000	121200    	1.250000	121200    	1.250000	682.974   	1.250000	602.04    	1.250000	1873.32   	1.250000	2873.73   	1.250000	1906.94   	
1.500000	156833    	1.500000	156833    	1.500000	161076    	1.500000	161076    	1.500000	161077    	1.500000	935.331   	1.500000	802.941   	1.500000	2315.28   	1.500000	3470.14   	1.500000	2316.87   	
1.750000	200800    	1.750000	200800    	1.750000	206090    	1.750000	206090    	1.750000	206090    	1.750000	1223.78   	1.750000	1025.6    	1.750000	2807.81   	1.750000	4128.99   	1.750000	2782.67   	
2.000000	249663    	2.000000	249663    	2.000000	256109    	2.000000	256109    	2.000000	256109    	2.000000	1547.6    	2.000000	1268.89   	2.000000	3346.18   	2.000000	4843.57   	2.000000	3302.41   	
2.250000	303318    	2.250000	303318    	2.250000	311035    	2.250000	311035    	2.250000	311035    	2.250000	1906.42   	2.250000	1532.14   	2.250000	3908.72   	2.250000	5587.83   	2.250000	3874.73   	
2.500000	361794    	2.500000	361684    	2.500000	370790    	2.500000	370790    	2.500000	370790    	2.500000	2300.02   	2.500000	1814.98   	2.500000	4519.03   	2.500000	6389.57   	2.500000	4498.6    	
3.000000	499438    	3.000000	492278    	3.000000	504542    	3.000000	504542    	3.000000	504542    	3.000000	3190.95   	3.000000	2438.38   	3.000000	5884.88   	3.000000	8165.17   	3.000000	5898.01   	
3.500000	656108    	3.500000	640979    	3.500000	656939    	3.500000	656939    	3.500000	656939    	3.500000	4219.26   	3.500000	3136.86   	3.500000	7440.2    	3.500000	10161.9   	3.500000	7495.78   	
4.000000	831404    	4.000000	807400    	4.000000	827634    	4.000000	827634    	4.000000	827634    	4.000000	5383.8    	4.000000	3908.36   	4.000000	9181.13   	4.000000	12372.1   	4.000000	9288.32   	
4.500000	1.02499e+06	4.500000	991202    	4.500000	1.01632e+06	4.500000	1.01632e+06	4.500000	1.01632e+06	4.500000	6683.37   	4.500000	4751.28   	4.500000	11104.6   	4.500000	14789.7   	4.500000	11272.7   	
5.000000	1.23657e+06	5.000000	1.19208e+06	5.000000	1.22273e+06	5.000000	1.22273e+06	5.000000	1.22273e+06	5.000000	8116.73   	5.000000	5664.16   	5.000000	13207.9   	5.000000	17409.4   	5.000000	13446.2   	
5.500000	1.46588e+06	5.500000	1.40977e+06	5.500000	1.44662e+06	5.500000	1.44662e+06	5.500000	1.44662e+06	5.500000	9682.67   	5.500000	6645.64   	5.500000	15488.6   	5.500000	20226.8   	5.500000	15806.6   	
6.000000	1.7127e+06	6.000000	1.64402e+06	6.000000	1.68777e+06	6.000000	1.68777e+06	6.000000	1.68777e+06	6.000000	11380.1   	6.000000	7694.46   	6.000000	17944.7   	6.000000	23238     	6.000000	18352     	
6.500000	1.9768e+06	6.500000	1.8946e+06	6.500000	1.94597e+06	6.500000	1.94597e+06	6.500000	1.94597e+06	6.500000	13207.8   	6.500000	8809.52   	6.500000	20574.3   	6.500000	26439.5   	6.500000	21080.4   	
7.000000	2.258e+06 	7.000000	2.16132e+06	7.000000	2.22104e+06	7.000000	2.22104e+06	7.000000	2.22104e+06	7.000000	15165.1   	7.000000	9989.81   	7.000000	23375.8   	7.000000	29828.3   	7.000000	23990.2   	
7.500000	2.55612e+06	7.500000	2.44398e+06	7.500000	2.51282e+06	7.500000	2.51282e+06	7.500000	2.51282e+06	7.500000	17250.8   	7.500000	11234.4   	7.500000	26347.6   	7.500000	33401.5   	7.500000	27079.9   	
8.000000	2.87098e+06	8.000000	2.74242e+06	8.000000	2.82115e+06	8.000000	2.82115e+06	8.000000	2.82115e+06	8.000000	19464.4   	8.000000	12542.6   	8.000000	29488.3   	8.000000	37156.8   	8.000000	30348.1   	
8.500000	3.20243e+06	8.500000	3.05648e+06	8.500000	3.1459e+06	8.500000	3.1459e+06	8.500000	3.1459e+06	8.500000	21805     	8.500000	13913.6   	8.500000	32796.8   	8.500000	41091.7   	8.500000	33793.6   	
9.000000	3.55032e+06	9.000000	3.38602e+06	9.000000	3.48692e+06	9.000000	3.48692e+06	9.000000	3.48692e+06	9.000000	24271.9   	9.000000	15346.8   	9.000000	36271.8   	9.000000	45204.3   	9.000000	37415.4   	
9.500000	3.91451e+06	9.500000	3.73089e+06	9.500000	3.8441e+06	9.500000	3.8441e+06	9.500000	3.8441e+06	9.500000	26864.7   	9.500000	16841.5   	9.500000	39912.3   	9.500000	49492.6   	9.500000	41212.3   	
10.000000	4.29486e+06	10.000000	4.09175e+06	10.000000	4.21733e+06	10.000000	4.21733e+06	10.000000	4.21733e+06	10.000000	29582.6   	10.000000	18396.6   	10.000000	43717.3   	10.000000	53954.9   	10.000000	45183.5   	
11.000000	5.10358e+06	11.000000	4.90411e+06	11.000000	5.01199e+06	11.000000	5.01197e+06	11.000000	5.012e+06 	11.000000	35402.4   	11.000000	21692.1   	11.000000	51823.6   	11.000000	63401.7   	11.000000	53651.4   	
12.000000	5.97552e+06	12.000000	5.77858e+06	12.000000	5.8706e+06	12.000000	5.87051e+06	12.000000	5.87065e+06	12.000000	41735.8   	12.000000	25236.1   	12.000000	60590.5   	12.000000	73539.9   	12.000000	62819.5   	
13.000000	6.90982e+06	13.000000	6.7144e+06	13.000000	6.79245e+06	13.000000	6.79227e+06	13.000000	6.79256e+06	13.000000	48577.2   	13.000000	29023.9   	13.000000	70012.5   	13.000000	84359.4   	13.000000	72682.6   	
14.000000	7.90565e+06	14.000000	7.71088e+06	14.000000	7.77687e+06	14.000000	7.77657e+06	14.000000	7.77707e+06	14.000000	55921.3   	14.000000	33049.1   	14.000000	80084.3   	14.000000	95850.6   	14.000000	83235.4   	
15.000000	8.96226e+06	15.000000	8.76733e+06	15.000000	8.82321e+06	15.000000	8.82278e+06	15.000000	8.82354e+06	15.000000	63763     	15.000000	37307.5   	15.000000	90800.4   	15.000000	108004    	15.000000	94473     	
16.000000	1.00789e+07	16.000000	9.88314e+06	16.000000	9.93085e+06	16.000000	9.93029e+06	16.000000	9.93134e+06	16.000000	72097.1   	16.000000	41796.5   	16.000000	102156    	16.000000	120812    	16.000000	106390    	
17.000000	1.1255e+07	17.000000	1.10577e+07	17.000000	1.10992e+07	17.000000	1.10985e+07	17.000000	1.10998e+07	17.000000	80918.4   	17.000000	46514.2   	17.000000	114145    	17.000000	134265    	17.000000	118982    	
18.000000	1.24899e+07	18.000000	1.22905e+07	18.000000	1.23276e+07	18.000000	1.23267e+07	18.000000	1.23285e+07	18.000000	90221.5   	18.000000	51456.3   	18.000000	126762    	18.000000	148356    	18.000000	132242    	
19.000000	1.37829e+07	19.000000	1.3581e+07	19.000000	1.36154e+07	19.000000	1.36145e+07	19.000000	1.36166e+07	19.000000	100000    	19.000000	56617.1   	19.000000	140002    	19.000000	163074    	19.000000	146166    	
20.000000	1.51335e+07	20.000000	1.49286e+07	20.000000	1.49621e+07	20.000000	1.49611e+07	20.000000	1.49636e+07	20.000000	110249    	20.000000	61992.4   	20.000000	153858    	20.000000	178413    	20.000000	160747    	
21.000000	1.65411e+07	21.000000	1.63329e+07	21.000000	1.63671e+07	21.000000	1.6366e+07	21.000000	1.63689e+07	21.000000	120962    	21.000000	67578.7   	21.000000	168325    	21.000000	194365    	21.000000	175981    	
22.000000	1.80052e+07	22.000000	1.77934e+07	22.000000	1.78298e+07	22.000000	1.78286e+07	22.000000	1.78319e+07	22.000000	132131    	22.000000	73372.2   	22.000000	183395    	22.000000	210919    	22.000000	191859    	
23.000000	1.95253e+07	23.000000	1.93096e+07	23.000000	1.93494e+07	23.000000	1.93481e+07	23.000000	1.93519e+07	23.000000	143751    	23.000000	79368.8   	23.000000	199063    	23.000000	228069    	23.000000	208376    	
24.000000	2.11008e+07	24.000000	2.08812e+07	24.000000	2.09254e+07	24.000000	2.09241e+07	24.000000	2.09283e+07	24.000000	155812    	24.000000	85564.7   	24.000000	215322    	24.000000	245804    	24.000000	225526    	
25.000000	2.27315e+07	25.000000	2.25077e+07	25.000000	2.25571e+07	25.000000	2.25558e+07	25.000000	2.25604e+07	25.000000	168309    	25.000000	91956     	25.000000	232164    	25.000000	264118    	25.000000	243300    	
27.000000	2.61559e+07	27.000000	2.59236e+07	27.000000	2.59847e+07	27.000000	2.5984e+07	27.000000	2.59893e+07	27.000000	194576    	27.000000	105303    	27.000000	267568    	27.000000	302442    	27.000000	280694    	
29.000000	2.97952e+07	29.000000	2.95544e+07	29.000000	2.96271e+07	29.000000	2.96272e+07	29.000000	2.96332e+07	29.000000	222485    	29.000000	119367    	29.000000	305215    	29.000000	342969    	29.000000	320497    	
31.000000	3.3646e+07	31.000000	3.33969e+07	31.000000	3.34793e+07	31.000000	3.34804e+07	31.000000	3.34869e+07	31.000000	251974    	31.000000	134127    	31.000000	345044    	31.000000	385631    	31.000000	362649    	
33.000000	3.77052e+07	33.000000	3.74485e+07	33.000000	3.75396e+07	33.000000	3.75422e+07	33.000000	3.7549e+07	33.000000	283058    	33.000000	149583    	33.000000	387040    	33.000000	430403    	33.000000	407137    	
35.000000	4.19699e+07	35.000000	4.17063e+07	35.000000	4.18058e+07	35.000000	4.18102e+07	35.000000	4.1817e+07	35.000000	315727    	35.000000	165730    	35.000000	431177    	35.000000	477256    	35.000000	453937    	
38.000000	4.87462e+07	38.000000	4.84743e+07	38.000000	4.85856e+07	38.000000	4.8593e+07	38.000000	4.85996e+07	38.000000	367656    	38.000000	191234    	38.000000	501332    	38.000000	551357    	38.000000	528413    	
41.000000	5.59697e+07	41.000000	5.56923e+07	41.000000	5.58143e+07	41.000000	5.58256e+07	41.000000	5.58314e+07	41.000000	423034    	41.000000	218226    	41.000000	576145    	41.000000	629952    	41.000000	607941    	
44.000000	6.36321e+07	44.000000	6.33525e+07	44.000000	6.34847e+07	44.000000	6.35001e+07	44.000000	6.35046e+07	44.000000	481792    	44.000000	246685    	44.000000	655526    	44.000000	712941    	44.000000	692439    	
47.000000	7.17257e+07	47.000000	7.14475e+07	47.000000	7.15893e+07	47.000000	7.16091e+07	47.000000	7.16119e+07	47.000000	543863    	47.000000	276594    	47.000000	739394    	47.000000	800231    	47.000000	781831    	
50.000000	8.0243e+07	50.000000	7.99701e+07	50.000000	8.01204e+07	50.000000	8.01457e+07	50.000000	8.01462e+07	50.000000	609181    	50.000000	307902    	50.000000	827666    	50.000000	891734    	50.000000	876041    	
55.000000	9.53613e+07	55.000000	9.51066e+07	55.000000	9.52697e+07	55.000000	9.53054e+07	55.000000	9.5301e+07	55.000000	725086    	55.000000	363099    	55.000000	984369    	55.000000	1.05339e+06	55.000000	1.04358e+06	
60.000000	1.11607e+08	60.000000	1.11382e+08	60.000000	1.11557e+08	60.000000	1.11605e+08	60.000000	1.11594e+08	60.000000	849545    	60.000000	421942    	60.000000	1.15276e+06	60.000000	1.22616e+06	60.000000	1.22399e+06	
65.000000	1.28952e+08	65.000000	1.2877e+08	65.000000	1.28956e+08	65.000000	1.29017e+08	65.000000	1.28999e+08	65.000000	982284    	65.000000	484366    	65.000000	1.33251e+06	65.000000	1.40975e+06	65.000000	1.417e+06 	
70.000000	1.47371e+08	70.000000	1.47242e+08	70.000000	1.47438e+08	70.000000	1.47516e+08	70.000000	1.47489e+08	70.000000	1.12304e+06	70.000000	550207    	70.000000	1.52333e+06	70.000000	1.60383e+06	70.000000	1.62232e+06	
75.000000	1.66839e+08	75.000000	1.66774e+08	75.000000	1.66983e+08	75.000000	1.67078e+08	75.000000	1.6704e+08	75.000000	1.27156e+06	75.000000	619404    	75.000000	1.72491e+06	75.000000	1.80812e+06	75.000000	1.83969e+06	
80.000000	1.87334e+08	80.000000	1.87343e+08	80.000000	1.87564e+08	80.000000	1.87678e+08	80.000000	1.87629e+08	80.000000	1.4276e+06	80.000000	691800    	80.000000	1.93699e+06	80.000000	2.02237e+06	80.000000	2.06885e+06	
85.000000	2.08833e+08	85.000000	2.08925e+08	85.000000	2.09161e+08	85.000000	2.09296e+08	85.000000	2.09233e+08	85.000000	1.59092e+06	85.000000	767316    	85.000000	2.15931e+06	85.000000	2.24632e+06	85.000000	2.30958e+06	
90.000000	2.31317e+08	90.000000	2.31499e+08	90.000000	2.31753e+08	90.000000	2.3191e+08	90.000000	2.31832e+08	90.000000	1.76131e+06	90.000000	845868    	90.000000	2.39159e+06	90.000000	2.47973e+06	90.000000	2.56163e+06	
95.000000	2.54767e+08	95.000000	2.55044e+08	95.000000	2.55318e+08	95.000000	2.555e+08 	95.000000	2.55406e+08	95.000000	1.93855e+06	95.000000	927379    	95.000000	2.63361e+06	95.000000	2.72237e+06	95.000000	2.82479e+06	
100.000000	2.79163e+08	100.000000	2.79541e+08	100.000000	2.79837e+08	100.000000	2.80045e+08	100.000000	2.79934e+08	100.000000	2.12242e+06	100.000000	1.01177e+06	100.000000	2.8851e+06	100.000000	2.97402e+06	100.000000	3.09883e+06	
105.000000	3.04489e+08	105.000000	3.0497e+08	105.000000	3.05292e+08	105.000000	3.05529e+08	105.000000	3.05398e+08	105.000000	2.31273e+06	105.000000	1.09898e+06	105.000000	3.14587e+06	105.000000	3.23449e+06	105.000000	3.38355e+06	
110.000000	3.30728e+08	110.000000	3.31312e+08	110.000000	3.31667e+08	110.000000	3.31931e+08	110.000000	3.31781e+08	110.000000	2.50929e+06	110.000000	1.1889e+06	110.000000	3.41566e+06	110.000000	3.50355e+06	110.000000	3.67874e+06	
115.000000	3.57865e+08	115.000000	3.5855e+08	115.000000	3.58941e+08	115.000000	3.59235e+08	115.000000	3.59063e+08	115.000000	2.71189e+06	115.000000	1.28144e+06	115.000000	3.69428e+06	115.000000	3.78104e+06	115.000000	3.98422e+06	
120.000000	3.85883e+08	120.000000	3.86666e+08	120.000000	3.87097e+08	120.000000	3.87425e+08	120.000000	3.87229e+08	120.000000	2.92037e+06	120.000000	1.37658e+06	120.000000	3.98151e+06	120.000000	4.06676e+06	120.000000	4.29979e+06	
125.000000	4.14769e+08	125.000000	4.15645e+08	125.000000	4.16121e+08	125.000000	4.16482e+08	125.000000	4.16262e+08	125.000000	3.13454e+06	125.000000	1.47421e+06	125.000000	4.27715e+06	125.000000	4.36053e+06	125.000000	4.62526e+06	
130.000000	4.44508e+08	130.000000	4.4547e+08	130.000000	4.45996e+08	130.000000	4.46392e+08	130.000000	4.46147e+08	130.000000	3.35424e+06	130.000000	1.57431e+06	130.000000	4.581e+06 	130.000000	4.66219e+06	130.000000	4.96045e+06	
135.000000	4.75086e+08	135.000000	4.76124e+08	135.000000	4.76706e+08	135.000000	4.7714e+08	135.000000	4.76867e+08	135.000000	3.5793e+06	135.000000	1.67684e+06	135.000000	4.89288e+06	135.000000	4.97156e+06	135.000000	5.30519e+06	
140.000000	5.06492e+08	140.000000	5.07595e+08	140.000000	5.08236e+08	140.000000	5.08709e+08	140.000000	5.08408e+08	140.000000	3.80956e+06	140.000000	1.78166e+06	140.000000	5.21259e+06	140.000000	5.28848e+06	140.000000	5.65931e+06	
145.000000	5.38712e+08	145.000000	5.39865e+08	145.000000	5.40571e+08	145.000000	5.41087e+08	145.000000	5.40755e+08	145.000000	4.04486e+06	145.000000	1.88874e+06	145.000000	5.53996e+06	145.000000	5.61281e+06	145.000000	6.02264e+06	
150.000000	5.71735e+08	150.000000	5.72922e+08	150.000000	5.737e+08 	150.000000	5.74257e+08	150.000000	5.73895e+08	150.000000	4.28506e+06	150.000000	1.99803e+06	150.000000	5.8748e+06	150.000000	5.94438e+06	150.000000	6.39502e+06	
155.000000	6.27133e+08	155.000000	6.06752e+08	155.000000	6.07607e+08	155.000000	6.08207e+08	155.000000	6.07812e+08	155.000000	4.53e+06  	155.000000	2.10948e+06	155.000000	6.21696e+06	155.000000	6.28305e+06	155.000000	6.77629e+06	
160.000000	6.84479e+08	160.000000	6.41341e+08	160.000000	6.4228e+08	160.000000	6.42924e+08	160.000000	6.42495e+08	160.000000	4.77956e+06	160.000000	2.22305e+06	160.000000	6.56626e+06	160.000000	6.62868e+06	160.000000	7.16629e+06	
165.000000	7.43015e+08	165.000000	6.76676e+08	165.000000	6.77703e+08	165.000000	6.78393e+08	165.000000	6.77929e+08	165.000000	5.03358e+06	165.000000	2.33868e+06	165.000000	6.92254e+06	165.000000	6.98114e+06	165.000000	7.56487e+06	
170.000000	8.02721e+08	170.000000	7.12745e+08	170.000000	7.13864e+08	170.000000	7.14603e+08	170.000000	7.14103e+08	170.000000	5.29194e+06	170.000000	2.45636e+06	170.000000	7.28564e+06	170.000000	7.34028e+06	170.000000	7.97189e+06	
175.000000	8.63577e+08	175.000000	7.49534e+08	175.000000	7.50751e+08	175.000000	7.51541e+08	175.000000	7.51003e+08	175.000000	5.55451e+06	175.000000	2.57602e+06	175.000000	7.65541e+06	175.000000	7.70596e+06	175.000000	8.38719e+06	
180.000000	9.25564e+08	180.000000	7.87033e+08	180.000000	7.88353e+08	180.000000	7.89195e+08	180.000000	7.88617e+08	180.000000	5.82115e+06	180.000000	2.69759e+06	180.000000	8.0317e+06	180.000000	8.07809e+06	180.000000	8.81064e+06	
185.000000	9.88663e+08	185.000000	8.25228e+08	185.000000	8.26659e+08	185.000000	8.27553e+08	185.000000	8.26935e+08	185.000000	6.09176e+06	185.000000	2.82098e+06	185.000000	8.41436e+06	185.000000	8.45651e+06	185.000000	9.24209e+06	
190.000000	1.05286e+09	190.000000	8.6411e+08	190.000000	8.65656e+08	190.000000	8.66603e+08	190.000000	8.65943e+08	190.000000	6.36621e+06	190.000000	2.94622e+06	190.000000	8.80325e+06	190.000000	8.84111e+06	190.000000	9.68142e+06	
195.000000	1.11812e+09	195.000000	9.03666e+08	195.000000	9.05334e+08	195.000000	9.06334e+08	195.000000	9.05631e+08	195.000000	6.64438e+06	195.000000	3.07329e+06	195.000000	9.19823e+06	195.000000	9.23178e+06	195.000000	1.01285e+07	
200.000000	1.18445e+09	200.000000	9.43886e+08	200.000000	9.45679e+08	200.000000	9.46735e+08	200.000000	9.45988e+08	200.000000	6.92616e+06	200.000000	3.20211e+06	200.000000	9.59916e+06	200.000000	9.6284e+06	200.000000	1.05832e+07	
210.000000	1.32022e+09	210.000000	1.02628e+09	210.000000	1.02833e+09	210.000000	1.02951e+09	210.000000	1.02867e+09	210.000000	7.50013e+06	210.000000	3.46472e+06	210.000000	1.04184e+07	210.000000	1.0439e+07	210.000000	1.15148e+07	
220.000000	1.46002e+09	220.000000	1.1112e+09	220.000000	1.11353e+09	220.000000	1.11483e+09	220.000000	1.11389e+09	220.000000	8.08729e+06	220.000000	3.73393e+06	220.000000	1.12598e+07	220.000000	1.12721e+07	220.000000	1.24754e+07	
230.000000	1.60374e+09	230.000000	1.19857e+09	230.000000	1.2012e+09	230.000000	1.20263e+09	230.000000	1.20159e+09	230.000000	8.68684e+06	230.000000	4.00961e+06	230.000000	1.21226e+07	230.000000	1.21269e+07	230.000000	1.3464e+07	
240.000000	1.75126e+09	240.000000	1.28832e+09	240.000000	1.29126e+09	240.000000	1.29282e+09	240.000000	1.29168e+09	240.000000	9.29804e+06	240.000000	4.29128e+06	240.000000	1.30057e+07	240.000000	1.30025e+07	240.000000	1.44796e+07	
250.000000	1.90247e+09	250.000000	1.38037e+09	250.000000	1.38364e+09	250.000000	1.38534e+09	250.000000	1.38408e+09	250.000000	9.92017e+06	250.000000	4.57872e+06	250.000000	1.39082e+07	250.000000	1.38982e+07	250.000000	1.55214e+07	
260.000000	2.05726e+09	260.000000	1.47467e+09	260.000000	1.47826e+09	260.000000	1.48011e+09	260.000000	1.47874e+09	260.000000	1.05526e+07	260.000000	4.87175e+06	260.000000	1.48294e+07	260.000000	1.48133e+07	260.000000	1.65886e+07	
270.000000	2.21554e+09	270.000000	1.57113e+09	270.000000	1.57507e+09	270.000000	1.57707e+09	270.000000	1.57558e+09	270.000000	1.11946e+07	270.000000	5.17017e+06	270.000000	1.57684e+07	270.000000	1.57471e+07	270.000000	1.76802e+07	
280.000000	2.37719e+09	280.000000	1.66971e+09	280.000000	1.674e+09 	280.000000	1.67615e+09	280.000000	1.67453e+09	280.000000	1.18457e+07	280.000000	5.47355e+06	280.000000	1.67243e+07	280.000000	1.66989e+07	280.000000	1.87956e+07	
290.000000	2.54214e+09	290.000000	1.77033e+09	290.000000	1.77498e+09	290.000000	1.77728e+09	290.000000	1.77554e+09	290.000000	1.25052e+07	290.000000	5.78178e+06	290.000000	1.76966e+07	290.000000	1.76681e+07	290.000000	1.99339e+07	
300.000000	2.71029e+09	300.000000	1.87294e+09	300.000000	1.87795e+09	300.000000	1.88042e+09	300.000000	1.87854e+09	300.000000	1.31726e+07	300.000000	6.09483e+06	300.000000	1.86844e+07	300.000000	1.8654e+07	300.000000	2.10944e+07	
310.000000	2.88155e+09	310.000000	1.97749e+09	310.000000	1.98285e+09	310.000000	1.98549e+09	310.000000	1.98348e+09	310.000000	1.38475e+07	310.000000	6.41229e+06	310.000000	1.96872e+07	310.000000	1.96561e+07	310.000000	2.22765e+07	
320.000000	3.05585e+09	320.000000	2.08392e+09	320.000000	2.08964e+09	320.000000	2.09245e+09	320.000000	2.09029e+09	320.000000	1.45293e+07	320.000000	6.73417e+06	320.000000	2.07041e+07	320.000000	2.06738e+07	320.000000	2.34794e+07	
330.000000	3.23309e+09	330.000000	2.19217e+09	330.000000	2.19825e+09	330.000000	2.20124e+09	330.000000	2.19894e+09	330.000000	1.52175e+07	330.000000	7.06043e+06	330.000000	2.17347e+07	330.000000	2.17066e+07	330.000000	2.47025e+07	
340.000000	3.41321e+09	340.000000	2.30221e+09	340.000000	2.30864e+09	340.000000	2.31181e+09	340.000000	2.30936e+09	340.000000	1.59117e+07	340.000000	7.39067e+06	340.000000	2.27782e+07	340.000000	2.27539e+07	340.000000	2.59451e+07	
350.000000	3.59614e+09	350.000000	2.41397e+09	350.000000	2.42076e+09	350.000000	2.4241e+09	350.000000	2.4215e+09	350.000000	1.66116e+07	350.000000	7.72469e+06	350.000000	2.38342e+07	350.000000	2.38153e+07	350.000000	2.72066e+07	
360.000000	3.78179e+09	360.000000	2.52742e+09	360.000000	2.53454e+09	360.000000	2.53808e+09	360.000000	2.53532e+09	360.000000	1.73167e+07	360.000000	8.06248e+06	360.000000	2.49021e+07	360.000000	2.48902e+07	360.000000	2.84864e+07	
370.000000	3.9701e+09	370.000000	2.64251e+09	370.000000	2.64995e+09	370.000000	2.65369e+09	370.000000	2.65078e+09	370.000000	1.80266e+07	370.000000	8.40414e+06	370.000000	2.59813e+07	370.000000	2.59781e+07	370.000000	2.9784e+07	
380.000000	4.16101e+09	380.000000	2.75919e+09	380.000000	2.76696e+09	380.000000	2.77089e+09	380.000000	2.76782e+09	380.000000	1.8741e+07	380.000000	8.74949e+06	380.000000	2.70714e+07	380.000000	2.70787e+07	380.000000	3.10988e+07	
390.000000	4.35445e+09	390.000000	2.87743e+09	390.000000	2.88551e+09	390.000000	2.88964e+09	390.000000	2.8864e+09	390.000000	1.94596e+07	390.000000	9.09823e+06	390.000000	2.81719e+07	390.000000	2.81915e+07	390.000000	3.24302e+07	
400.000000	4.55036e+09	400.000000	2.99718e+09	400.000000	3.00556e+09	400.000000	3.00989e+09	400.000000	3.00648e+09	400.000000	2.01819e+07	400.000000	9.45025e+06	400.000000	2.92822e+07	400.000000	2.93161e+07	400.000000	3.37778e+07	
410.000000	4.74867e+09	410.000000	3.1184e+09	410.000000	3.12707e+09	410.000000	3.13161e+09	410.000000	3.12802e+09	410.000000	2.09079e+07	410.000000	9.80547e+06	410.000000	3.0402e+07	410.000000	3.0452e+07	410.000000	3.5141e+07	
420.000000	4.94934e+09	420.000000	3.24106e+09	420.000000	3.25e+09  	420.000000	3.25475e+09	420.000000	3.25099e+09	420.000000	2.1637e+07	420.000000	1.01637e+07	420.000000	3.15309e+07	420.000000	3.1599e+07	420.000000	3.65193e+07	
430.000000	5.15229e+09	430.000000	3.36512e+09	430.000000	3.37431e+09	430.000000	3.37928e+09	430.000000	3.37534e+09	430.000000	2.23692e+07	430.000000	1.05246e+07	430.000000	3.26683e+07	430.000000	3.27565e+07	430.000000	3.79123e+07	
440.000000	5.35749e+09	440.000000	3.49055e+09	440.000000	3.49997e+09	440.000000	3.50516e+09	440.000000	3.50104e+09	440.000000	2.3104e+07	440.000000	1.08883e+07	440.000000	3.3814e+07	440.000000	3.39242e+07	440.000000	3.93195e+07	
450.000000	5.56487e+09	450.000000	3.61731e+09	450.000000	3.62694e+09	450.000000	3.63235e+09	450.000000	3.62805e+09	450.000000	2.38412e+07	450.000000	1.12548e+07	450.000000	3.49675e+07	450.000000	3.51019e+07	450.000000	4.07404e+07	
460.000000	5.77438e+09	460.000000	3.74536e+09	460.000000	3.75518e+09	460.000000	3.76083e+09	460.000000	3.75633e+09	460.000000	2.45807e+07	460.000000	1.16242e+07	460.000000	3.61285e+07	460.000000	3.62891e+07	460.000000	4.21747e+07	
470.000000	5.98597e+09	470.000000	3.87468e+09	470.000000	3.88468e+09	470.000000	3.89055e+09	470.000000	3.88586e+09	470.000000	2.53222e+07	470.000000	1.19962e+07	470.000000	3.72966e+07	470.000000	3.74854e+07	470.000000	4.36219e+07	
480.000000	6.1996e+09	480.000000	4.00523e+09	480.000000	4.01538e+09	480.000000	4.02148e+09	480.000000	4.0166e+09	480.000000	2.60654e+07	480.000000	1.23708e+07	480.000000	3.84714e+07	480.000000	3.86907e+07	480.000000	4.50816e+07	
490.000000	6.41522e+09	490.000000	4.13699e+09	490.000000	4.14727e+09	490.000000	4.1536e+09	490.000000	4.14853e+09	490.000000	2.68102e+07	490.000000	1.27478e+07	490.000000	3.96527e+07	490.000000	3.99045e+07	490.000000	4.65533e+07	
500.000000	6.63278e+09	500.000000	4.26991e+09	500.000000	4.28031e+09	500.000000	4.28688e+09	500.000000	4.2816e+09	500.000000	2.75563e+07	500.000000	1.3127e+07	500.000000	4.08401e+07	500.000000	4.11267e+07	500.000000	4.80369e+07	
520.000000	7.07354e+09	520.000000	4.53918e+09	520.000000	4.54972e+09	520.000000	4.55676e+09	520.000000	4.55108e+09	520.000000	2.9052e+07	520.000000	1.38923e+07	520.000000	4.32322e+07	520.000000	4.35946e+07	520.000000	5.10376e+07	
540.000000	7.52155e+09	540.000000	4.81281e+09	540.000000	4.82337e+09	540.000000	4.83092e+09	540.000000	4.82482e+09	540.000000	3.0551e+07	540.000000	1.46666e+07	540.000000	4.56453e+07	540.000000	4.60923e+07	540.000000	5.40809e+07	
560.000000	7.97648e+09	560.000000	5.0906e+09	560.000000	5.10108e+09	560.000000	5.10914e+09	560.000000	5.10261e+09	560.000000	3.20522e+07	560.000000	1.54489e+07	560.000000	4.80773e+07	560.000000	4.86176e+07	560.000000	5.71642e+07	
580.000000	8.43803e+09	580.000000	5.37235e+09	580.000000	5.38264e+09	580.000000	5.39122e+09	580.000000	5.38426e+09	580.000000	3.35543e+07	580.000000	1.62385e+07	580.000000	5.05263e+07	580.000000	5.11688e+07	580.000000	6.0285e+07	
600.000000	8.90589e+09	600.000000	5.65787e+09	600.000000	5.66787e+09	600.000000	5.67697e+09	600.000000	5.66957e+09	600.000000	3.50565e+07	600.000000	1.70354e+07	600.000000	5.29905e+07	600.000000	5.37438e+07	600.000000	6.34407e+07	
620.000000	9.37979e+09	620.000000	5.947e+09 	620.000000	5.9566e+09	620.000000	5.96622e+09	620.000000	5.95837e+09	620.000000	3.65577e+07	620.000000	1.7839e+07	620.000000	5.54682e+07	620.000000	5.63411e+07	620.000000	6.66294e+07	
640.000000	9.85948e+09	640.000000	6.23957e+09	640.000000	6.24864e+09	640.000000	6.2588e+09	640.000000	6.25049e+09	640.000000	3.80571e+07	640.000000	1.8649e+07	640.000000	5.79578e+07	640.000000	5.8959e+07	640.000000	6.98487e+07	
660.000000	1.03447e+10	660.000000	6.53542e+09	660.000000	6.54383e+09	660.000000	6.55455e+09	660.000000	6.54577e+09	660.000000	3.9554e+07	660.000000	1.94653e+07	660.000000	6.04578e+07	660.000000	6.1596e+07	660.000000	7.30968e+07	
680.000000	1.08352e+10	680.000000	6.8344e+09	680.000000	6.84203e+09	680.000000	6.85332e+09	680.000000	6.84407e+09	680.000000	4.10478e+07	680.000000	2.02874e+07	680.000000	6.2967e+07	680.000000	6.42506e+07	680.000000	7.63718e+07	
700.000000	1.13307e+10	700.000000	7.13638e+09	700.000000	7.14311e+09	700.000000	7.15498e+09	700.000000	7.14524e+09	700.000000	4.25377e+07	700.000000	2.11152e+07	700.000000	6.54841e+07	700.000000	6.69216e+07	700.000000	7.96718e+07	
720.000000	1.18311e+10	720.000000	7.44121e+09	720.000000	7.44694e+09	720.000000	7.45938e+09	720.000000	7.44916e+09	720.000000	4.40233e+07	720.000000	2.19483e+07	720.000000	6.80078e+07	720.000000	6.96076e+07	720.000000	8.29952e+07	
740.000000	1.23361e+10	740.000000	7.74877e+09	740.000000	7.75338e+09	740.000000	7.7664e+09	740.000000	7.75569e+09	740.000000	4.5504e+07	740.000000	2.27866e+07	740.000000	7.05372e+07	740.000000	7.23076e+07	740.000000	8.63405e+07	
760.000000	1.28456e+10	760.000000	8.05893e+09	760.000000	8.06233e+09	760.000000	8.07593e+09	760.000000	8.06471e+09	760.000000	4.69795e+07	760.000000	2.36299e+07	760.000000	7.30711e+07	760.000000	7.50202e+07	760.000000	8.97061e+07	
780.000000	1.33592e+10	780.000000	8.37159e+09	780.000000	8.37366e+09	780.000000	8.38784e+09	780.000000	8.37612e+09	780.000000	4.84493e+07	780.000000	2.44781e+07	780.000000	7.56088e+07	780.000000	7.77446e+07	780.000000	9.30906e+07	
800.000000	1.3877e+10	800.000000	8.68663e+09	800.000000	8.68726e+09	800.000000	8.70203e+09	800.000000	8.6898e+09	800.000000	4.99131e+07	800.000000	2.53306e+07	800.000000	7.81493e+07	800.000000	8.04797e+07	800.000000	9.64926e+07	
820.000000	1.43986e+10	820.000000	9.00394e+09	820.000000	9.00303e+09	820.000000	9.0184e+09	820.000000	9.00566e+09	820.000000	5.13705e+07	820.000000	2.61869e+07	820.000000	8.06917e+07	820.000000	8.32245e+07	820.000000	9.9911e+07	
840.000000	1.49239e+10	840.000000	9.32343e+09	840.000000	9.32085e+09	840.000000	9.33685e+09	840.000000	9.32359e+09	840.000000	5.28213e+07	840.000000	2.70469e+07	840.000000	8.32354e+07	840.000000	8.59781e+07	840.000000	1.03344e+08	
860.000000	1.54527e+10	860.000000	9.64499e+09	860.000000	9.64066e+09	860.000000	9.65729e+09	860.000000	9.6435e+09	860.000000	5.42652e+07	860.000000	2.79109e+07	860.000000	8.57797e+07	860.000000	8.87398e+07	860.000000	1.06792e+08	
880.000000	1.5985e+10	880.000000	9.96854e+09	880.000000	9.96237e+09	880.000000	9.97963e+09	880.000000	9.9653e+09	880.000000	5.57021e+07	880.000000	2.8779e+07	880.000000	8.83239e+07	880.000000	9.15088e+07	880.000000	1.10252e+08	
900.000000	1.65205e+10	900.000000	1.0294e+10	900.000000	1.02859e+10	900.000000	1.03038e+10	900.000000	1.02889e+10	900.000000	5.71316e+07	900.000000	2.96508e+07	900.000000	9.08673e+07	900.000000	9.42842e+07	900.000000	1.13724e+08	
920.000000	1.70591e+10	920.000000	1.06212e+10	920.000000	1.06111e+10	920.000000	1.06297e+10	920.000000	1.06143e+10	920.000000	5.85537e+07	920.000000	3.0526e+07	920.000000	9.34095e+07	920.000000	9.70653e+07	920.000000	1.17207e+08	
940.000000	1.76006e+10	940.000000	1.09502e+10	940.000000	1.09381e+10	940.000000	1.09572e+10	940.000000	1.09413e+10	940.000000	5.99681e+07	940.000000	3.14043e+07	940.000000	9.59499e+07	940.000000	9.98516e+07	940.000000	1.207e+08 	
960.000000	1.8145e+10	960.000000	1.12809e+10	960.000000	1.12666e+10	960.000000	1.12863e+10	960.000000	1.12699e+10	960.000000	6.13749e+07	960.000000	3.22856e+07	960.000000	9.8488e+07	960.000000	1.02642e+08	960.000000	1.24201e+08	
980.000000	1.86921e+10	980.000000	1.16131e+10	980.000000	1.15966e+10	980.000000	1.1617e+10	980.000000	1.16e+10  	980.000000	6.27738e+07	980.000000	3.31701e+07	980.000000	1.01023e+08	980.000000	1.05437e+08	980.000000	1.27711e+08	
1000.000000	1.92418e+10	1000.000000	1.19468e+10	1000.000000	1.1928e+10	1000.000000	1.19491e+10	1000.000000	1.19315e+10	1000.000000	6.41647e+07	1000.000000	3.40578e+07	1000.000000	1.03555e+08	1000.000000	1.08235e+08	1000.000000	1.31229e+08	
1020.000000	1.97939e+10	1020.000000	1.2282e+10	1020.000000	1.22609e+10	1020.000000	1.22826e+10	1020.000000	1.22645e+10	1020.000000	6.55477e+07	1020.000000	3.49488e+07	1020.000000	1.06084e+08	1020.000000	1.11035e+08	1020.000000	1.34753e+08	
1040.000000	2.03484e+10	1040.000000	1.26186e+10	1040.000000	1.25951e+10	1040.000000	1.26174e+10	1040.000000	1.25987e+10	1040.000000	6.69225e+07	1040.000000	3.58429e+07	1040.000000	1.08609e+08	1040.000000	1.13838e+08	1040.000000	1.38283e+08	
1060.000000	2.09051e+10	1060.000000	1.29564e+10	1060.000000	1.29305e+10	1060.000000	1.29535e+10	1060.000000	1.29343e+10	1060.000000	6.82893e+07	1060.000000	3.67397e+07	1060.000000	1.11129e+08	1060.000000	1.16643e+08	1060.000000	1.41818e+08	
1080.000000	2.14639e+10	1080.000000	1.32956e+10	1080.000000	1.32672e+10	1080.000000	1.32909e+10	1080.000000	1.3271e+10	1080.000000	6.96478e+07	1080.000000	3.76391e+07	1080.000000	1.13645e+08	1080.000000	1.19449e+08	1080.000000	1.45358e+08	
1100.000000	2.20248e+10	1100.000000	1.36359e+10	1100.000000	1.36051e+10	1100.000000	1.36294e+10	1100.000000	1.3609e+10	1100.000000	7.09982e+07	1100.000000	3.85409e+07	1100.000000	1.16156e+08	1100.000000	1.22255e+08	1100.000000	1.48903e+08	
1120.000000	2.25876e+10	1120.000000	1.39774e+10	1120.000000	1.3944e+10	1120.000000	1.3969e+10	1120.000000	1.3948e+10	1120.000000	7.23404e+07	1120.000000	3.9445e+07	1120.000000	1.18662e+08	1120.000000	1.25063e+08	1120.000000	1.5245e+08	
1140.000000	2.31522e+10	1140.000000	1.43199e+10	1140.000000	1.42841e+10	1140.000000	1.43096e+10	1140.000000	1.42881e+10	1140.000000	7.36744e+07	1140.000000	4.03515e+07	1140.000000	1.21163e+08	1140.000000	1.2787e+08	1140.000000	1.56e+08  	
1160.000000	2.37186e+10	1160.000000	1.46635e+10	1160.000000	1.46251e+10	1160.000000	1.46513e+10	1160.000000	1.46292e+10	1160.000000	7.50001e+07	1160.000000	4.12602e+07	1160.000000	1.23658e+08	1160.000000	1.30677e+08	1160.000000	1.59553e+08	
1180.000000	2.42867e+10	1180.000000	1.50081e+10	1180.000000	1.49671e+10	1180.000000	1.4994e+10	1180.000000	1.49713e+10	1180.000000	7.63176e+07	1180.000000	4.21713e+07	1180.000000	1.26147e+08	1180.000000	1.33483e+08	1180.000000	1.63108e+08	
1200.000000	2.48563e+10	1200.000000	1.53536e+10	1200.000000	1.531e+10 	1200.000000	1.53376e+10	1200.000000	1.53144e+10	1200.000000	7.7627e+07	1200.000000	4.30846e+07	1200.000000	1.2863e+08	1200.000000	1.36289e+08	1200.000000	1.66664e+08	
1220.000000	2.54274e+10	1220.000000	1.57e+10  	1220.000000	1.56539e+10	1220.000000	1.56821e+10	1220.000000	1.56583e+10	1220.000000	7.89281e+07	1220.000000	4.40001e+07	1220.000000	1.31107e+08	1220.000000	1.39093e+08	1220.000000	1.70221e+08	
1240.000000	2.59999e+10	1240.000000	1.60472e+10	1240.000000	1.59986e+10	1240.000000	1.60275e+10	1240.000000	1.60031e+10	1240.000000	8.02211e+07	1240.000000	4.49177e+07	1240.000000	1.33577e+08	1240.000000	1.41896e+08	1240.000000	1.73778e+08	
1260.000000	2.65738e+10	1260.000000	1.63953e+10	1260.000000	1.63441e+10	1260.000000	1.63737e+10	1260.000000	1.63487e+10	1260.000000	8.1506e+07	1260.000000	4.58374e+07	1260.000000	1.36041e+08	1260.000000	1.44696e+08	1260.000000	1.77336e+08	
1280.000000	2.71489e+10	1280.000000	1.67441e+10	1280.000000	1.66904e+10	1280.000000	1.67207e+10	1280.000000	1.66951e+10	1280.000000	8.27828e+07	1280.000000	4.67591e+07	1280.000000	1.38498e+08	1280.000000	1.47495e+08	1280.000000	1.80893e+08	
1300.000000	2.77252e+10	1300.000000	1.70937e+10	1300.000000	1.70374e+10	1300.000000	1.70684e+10	1300.000000	1.70423e+10	1300.000000	8.40516e+07	1300.000000	4.76829e+07	1300.000000	1.40949e+08	1300.000000	1.50291e+08	1300.000000	1.8445e+08	
1320.000000	2.83026e+10	1320.000000	1.74439e+10	1320.000000	1.73852e+10	1320.000000	1.74169e+10	1320.000000	1.73901e+10	1320.000000	8.53123e+07	1320.000000	4.86086e+07	1320.000000	1.43392e+08	1320.000000	1.53085e+08	1320.000000	1.88005e+08	
1340.000000	2.88811e+10	1340.000000	1.77948e+10	1340.000000	1.77337e+10	1340.000000	1.77661e+10	1340.000000	1.77387e+10	1340.000000	8.65651e+07	1340.000000	4.95363e+07	1340.000000	1.45829e+08	1340.000000	1.55876e+08	1340.000000	1.91559e+08	
1360.000000	2.94605e+10	1360.000000	1.81464e+10	1360.000000	1.80828e+10	1360.000000	1.81159e+10	1360.000000	1.80879e+10	1360.000000	8.78099e+07	1360.000000	5.04658e+07	1360.000000	1.48258e+08	1360.000000	1.58663e+08	1360.000000	1.95112e+08	
1380.000000	3.00409e+10	1380.000000	1.84984e+10	1380.000000	1.84326e+10	1380.000000	1.84663e+10	1380.000000	1.84378e+10	1380.000000	8.90469e+07	1380.000000	5.13973e+07	1380.000000	1.5068e+08	1380.000000	1.61448e+08	1380.000000	1.98663e+08	
1400.000000	3.06222e+10	1400.000000	1.88511e+10	1400.000000	1.8783e+10	1400.000000	1.88174e+10	1400.000000	1.87882e+10	1400.000000	9.02761e+07	1400.000000	5.23305e+07	1400.000000	1.53095e+08	1400.000000	1.64229e+08	1400.000000	2.02211e+08	
1420.000000	3.12042e+10	1420.000000	1.92043e+10	1420.000000	1.91339e+10	1420.000000	1.9169e+10	1420.000000	1.91393e+10	1420.000000	9.14975e+07	1420.000000	5.32656e+07	1420.000000	1.55503e+08	1420.000000	1.67006e+08	1420.000000	2.05757e+08	
1440.000000	3.1787e+10	1440.000000	1.95579e+10	1440.000000	1.94854e+10	1440.000000	1.95212e+10	1440.000000	1.94909e+10	1440.000000	9.27113e+07	1440.000000	5.42025e+07	1440.000000	1.57903e+08	1440.000000	1.6978e+08	1440.000000	2.093e+08 	
1460.000000	3.23705e+10	1460.000000	1.9912e+10	1460.000000	1.98374e+10	1460.000000	1.98739e+10	1460.000000	1.9843e+10	1460.000000	9.39174e+07	1460.000000	5.51411e+07	1460.000000	1.60295e+08	1460.000000	1.7255e+08	1460.000000	2.1284e+08	
1480.000000	3.29547e+10	1480.000000	2.02666e+10	1480.000000	2.019e+10 	1480.000000	2.02271e+10	1480.000000	2.01956e+10	1480.000000	9.51159e+07	1480.000000	5.60815e+07	1480.000000	1.6268e+08	1480.000000	1.75315e+08	1480.000000	2.16377e+08	
1500.000000	3.35394e+10	1500.000000	2.06215e+10	1500.000000	2.0543e+10	1500.000000	2.05808e+10	1500.000000	2.05487e+10	1500.000000	9.63069e+07	1500.000000	5.70235e+07	1500.000000	1.65058e+08	1500.000000	1.78076e+08	1500.000000	2.19911e+08	
1520.000000	3.41246e+10	1520.000000	2.09768e+10	1520.000000	2.08965e+10	1520.000000	2.0935e+10	1520.000000	2.09023e+10	1520.000000	9.74905e+07	1520.000000	5.79673e+07	1520.000000	1.67427e+08	1520.000000	1.80833e+08	1520.000000	2.2344e+08	
1540.000000	3.47104e+10	1540.000000	2.13325e+10	1540.000000	2.12504e+10	1540.000000	2.12896e+10	1540.000000	2.12563e+10	1540.000000	9.86666e+07	1540.000000	5.89126e+07	1540.000000	1.69789e+08	1540.000000	1.83586e+08	1540.000000	2.26966e+08	
1560.000000	3.52966e+10	1560.000000	2.16885e+10	1560.000000	2.16048e+10	1560.000000	2.16446e+10	1560.000000	2.16107e+10	1560.000000	9.98355e+07	1560.000000	5.98597e+07	1560.000000	1.72144e+08	1560.000000	1.86334e+08	1560.000000	2.30488e+08	
1580.000000	3.58832e+10	1580.000000	2.20448e+10	1580.000000	2.19595e+10	1580.000000	2.20001e+10	1580.000000	2.19655e+10	1580.000000	1.00997e+08	1580.000000	6.08083e+07	1580.000000	1.7449e+08	1580.000000	1.89077e+08	1580.000000	2.34006e+08	
1600.000000	3.64701e+10	1600.000000	2.24014e+10	1600.000000	2.23146e+10	1600.000000	2.23559e+10	1600.000000	2.23207e+10	1600.000000	1.02151e+08	1600.000000	6.17586e+07	1600.000000	1.76829e+08	1600.000000	1.91815e+08	1600.000000	2.37519e+08	
1620.000000	3.70574e+10	1620.000000	2.27582e+10	1620.000000	2.26701e+10	1620.000000	2.27121e+10	1620.000000	2.26763e+10	1620.000000	1.03299e+08	1620.000000	6.27106e+07	1620.000000	1.7916e+08	1620.000000	1.94548e+08	1620.000000	2.41027e+08	
1640.000000	3.76449e+10	1640.000000	2.31152e+10	1640.000000	2.3026e+10	1640.000000	2.30686e+10	1640.000000	2.30322e+10	1640.000000	1.04439e+08	1640.000000	6.36641e+07	1640.000000	1.81484e+08	1640.000000	1.97276e+08	1640.000000	2.44531e+08	
1660.000000	3.82326e+10	1660.000000	2.34725e+10	1660.000000	2.33822e+10	1660.000000	2.34255e+10	1660.000000	2.33885e+10	1660.000000	1.05572e+08	1660.000000	6.46192e+07	1660.000000	1.83799e+08	1660.000000	2e+08     	1660.000000	2.4803e+08	
1680.000000	3.88206e+10	1680.000000	2.383e+10 	1680.000000	2.37386e+10	1680.000000	2.37826e+10	1680.000000	2.37451e+10	1680.000000	1.06698e+08	1680.000000	6.55759e+07	1680.000000	1.86107e+08	1680.000000	2.02717e+08	1680.000000	2.51523e+08	
1700.000000	3.94087e+10	1700.000000	2.41876e+10	1700.000000	2.40954e+10	1700.000000	2.41401e+10	1700.000000	2.41019e+10	1700.000000	1.07818e+08	1700.000000	6.65342e+07	1700.000000	1.88407e+08	1700.000000	2.0543e+08	1700.000000	2.55012e+08	
1750.000000	4.08793e+10	1750.000000	2.50823e+10	1750.000000	2.49886e+10	1750.000000	2.5035e+10	1750.000000	2.49953e+10	1750.000000	1.10587e+08	1750.000000	6.89364e+07	1750.000000	1.94123e+08	1750.000000	2.12188e+08	1750.000000	2.6371e+08	
1800.000000	4.23501e+10	1800.000000	2.59777e+10	1800.000000	2.58833e+10	1800.000000	2.59315e+10	1800.000000	2.58903e+10	1800.000000	1.13315e+08	1800.000000	7.13476e+07	1800.000000	1.9979e+08	1800.000000	2.18911e+08	1800.000000	2.72373e+08	
1850.000000	4.38207e+10	1850.000000	2.68735e+10	1850.000000	2.67794e+10	1850.000000	2.68294e+10	1850.000000	2.67866e+10	1850.000000	1.16002e+08	1850.000000	7.37671e+07	1850.000000	2.05408e+08	1850.000000	2.25598e+08	1850.000000	2.81e+08  	
1900.000000	4.52904e+10	1900.000000	2.77695e+10	1900.000000	2.76767e+10	1900.000000	2.77284e+10	1900.000000	2.76842e+10	1900.000000	1.1865e+08	1900.000000	7.61945e+07	1900.000000	2.10979e+08	1900.000000	2.32249e+08	1900.000000	2.89589e+08	
1950.000000	4.67589e+10	1950.000000	2.86654e+10	1950.000000	2.8575e+10	1950.000000	2.86285e+10	1950.000000	2.85827e+10	1950.000000	1.21259e+08	1950.000000	7.86296e+07	1950.000000	2.16501e+08	1950.000000	2.38864e+08	1950.000000	2.98139e+08	
2000.000000	4.82258e+10	2000.000000	2.95611e+10	2000.000000	2.94742e+10	2000.000000	2.95295e+10	2000.000000	2.94822e+10	2000.000000	1.23832e+08	2000.000000	8.10723e+07	2000.000000	2.21977e+08	2000.000000	2.45441e+08	2000.000000	3.06649e+08	
2100.000000	5.11533e+10	2100.000000	3.1351e+10	2100.000000	3.12747e+10	2100.000000	3.13335e+10	2100.000000	3.12832e+10	2100.000000	1.28868e+08	2100.000000	8.59811e+07	2100.000000	2.32786e+08	2100.000000	2.58481e+08	2100.000000	3.23547e+08	
2200.000000	5.40703e+10	2200.000000	3.31378e+10	2200.000000	3.30772e+10	2200.000000	3.31395e+10	2200.000000	3.30861e+10	2200.000000	1.33766e+08	2200.000000	9.0922e+07	2200.000000	2.43412e+08	2200.000000	2.71369e+08	2200.000000	3.40276e+08	
2300.000000	5.69744e+10	2300.000000	3.49203e+10	2300.000000	3.48809e+10	2300.000000	3.49467e+10	2300.000000	3.48903e+10	2300.000000	1.38534e+08	2300.000000	9.58953e+07	2300.000000	2.53858e+08	2300.000000	2.84102e+08	2300.000000	3.56833e+08	
2400.000000	5.98637e+10	2400.000000	3.66976e+10	2400.000000	3.66851e+10	2400.000000	3.67544e+10	2400.000000	3.66949e+10	2400.000000	1.43177e+08	2400.000000	1.009e+08 	2400.000000	2.6413e+08	2400.000000	2.96682e+08	2400.000000	3.73216e+08	
2500.000000	6.27365e+10	2500.000000	3.84688e+10	2500.000000	3.84892e+10	2500.000000	3.8562e+10	2500.000000	3.84995e+10	2500.000000	1.47702e+08	2500.000000	1.05934e+08	2500.000000	2.74231e+08	2500.000000	3.09108e+08	2500.000000	3.89424e+08	
2600.000000	6.55914e+10	2600.000000	4.02332e+10	2600.000000	4.02928e+10	2600.000000	4.03689e+10	2600.000000	4.03034e+10	2600.000000	1.52115e+08	2600.000000	1.10997e+08	2600.000000	2.84166e+08	2600.000000	3.21381e+08	2600.000000	4.05457e+08	
2700.000000	6.84271e+10	2700.000000	4.19901e+10	2700.000000	4.20953e+10	2700.000000	4.21749e+10	2700.000000	4.21064e+10	2700.000000	1.56421e+08	2700.000000	1.16087e+08	2700.000000	2.93942e+08	2700.000000	3.33504e+08	2700.000000	4.21315e+08	
2800.000000	7.12427e+10	2800.000000	4.37391e+10	2800.000000	4.38965e+10	2800.000000	4.39794e+10	2800.000000	4.39079e+10	2800.000000	1.60626e+08	2800.000000	1.21204e+08	2800.000000	3.03562e+08	2800.000000	3.45478e+08	2800.000000	4.36999e+08	
2900.000000	7.40371e+10	2900.000000	4.54795e+10	2900.000000	4.5696e+10	2900.000000	4.57823e+10	2900.000000	4.57078e+10	2900.000000	1.64734e+08	2900.000000	1.26347e+08	2900.000000	3.13031e+08	2900.000000	3.57306e+08	2900.000000	4.52512e+08	
3000.000000	7.68098e+10	3000.000000	4.72112e+10	3000.000000	4.74936e+10	3000.000000	4.75832e+10	3000.000000	4.75058e+10	3000.000000	1.6875e+08	3000.000000	1.31517e+08	3000.000000	3.22354e+08	3000.000000	3.68989e+08	3000.000000	4.67853e+08	
3200.000000	8.22872e+10	3200.000000	5.06468e+10	3200.000000	5.1082e+10	3200.000000	5.11784e+10	3200.000000	5.1095e+10	3200.000000	1.76524e+08	3200.000000	1.41934e+08	3200.000000	3.4058e+08	3200.000000	3.91934e+08	3200.000000	4.98035e+08	
3400.000000	8.76712e+10	3400.000000	5.40438e+10	3400.000000	5.46604e+10	3400.000000	5.47636e+10	3400.000000	5.46743e+10	3400.000000	1.83978e+08	3400.000000	1.52454e+08	3400.000000	3.58274e+08	3400.000000	4.14333e+08	3400.000000	5.27565e+08	
3600.000000	9.29594e+10	3600.000000	5.74007e+10	3600.000000	5.82279e+10	3600.000000	5.83378e+10	3600.000000	5.82428e+10	3600.000000	1.91139e+08	3600.000000	1.63077e+08	3600.000000	3.75469e+08	3600.000000	4.36209e+08	3600.000000	5.56464e+08	
3800.000000	9.81504e+10	3800.000000	6.07168e+10	3800.000000	6.17838e+10	3800.000000	6.19005e+10	3800.000000	6.17996e+10	3800.000000	1.98032e+08	3800.000000	1.73802e+08	3800.000000	3.92195e+08	3800.000000	4.57584e+08	3800.000000	5.84755e+08	
4000.000000	1.03244e+11	4000.000000	6.39914e+10	4000.000000	6.53278e+10	4000.000000	6.54511e+10	4000.000000	6.53445e+10	4000.000000	2.04679e+08	4000.000000	1.8463e+08	4000.000000	4.08479e+08	4000.000000	4.78479e+08	4000.000000	6.12461e+08	
4200.000000	1.0824e+11	4200.000000	6.72244e+10	4200.000000	6.88594e+10	4200.000000	6.89894e+10	4200.000000	6.88772e+10	4200.000000	2.11097e+08	4200.000000	1.95559e+08	4200.000000	4.24347e+08	4200.000000	4.98915e+08	4200.000000	6.39605e+08	
4400.000000	1.13138e+11	4400.000000	7.04157e+10	4400.000000	7.23787e+10	4400.000000	7.25153e+10	4400.000000	7.23974e+10	4400.000000	2.17304e+08	4400.000000	2.06588e+08	4400.000000	4.39823e+08	4400.000000	5.18912e+08	4400.000000	6.66209e+08	
4600.000000	1.17941e+11	4600.000000	7.35657e+10	4600.000000	7.58856e+10	4600.000000	7.60286e+10	4600.000000	7.59052e+10	4600.000000	2.23316e+08	4600.000000	2.17715e+08	4600.000000	4.54929e+08	4600.000000	5.3849e+08	4600.000000	6.92295e+08	
4800.000000	1.2265e+11	4800.000000	7.66746e+10	4800.000000	7.93801e+10	4800.000000	7.95296e+10	4800.000000	7.94006e+10	4800.000000	2.29146e+08	4800.000000	2.28937e+08	4800.000000	4.69684e+08	4800.000000	5.57666e+08	4800.000000	7.17883e+08	
5000.000000	1.27265e+11	5000.000000	7.97429e+10	5000.000000	8.28623e+10	5000.000000	8.30181e+10	5000.000000	8.28837e+10	5000.000000	2.34806e+08	5000.000000	2.40254e+08	5000.000000	4.84108e+08	5000.000000	5.76457e+08	5000.000000	7.42994e+08	
5250.000000	1.32905e+11	5250.000000	8.35219e+10	5250.000000	8.71979e+10	5250.000000	8.73616e+10	5250.000000	8.72204e+10	5250.000000	2.41659e+08	5250.000000	2.54529e+08	5250.000000	5.01697e+08	5250.000000	5.99432e+08	5250.000000	7.7374e+08	
5500.000000	1.38407e+11	5500.000000	8.72395e+10	5500.000000	9.15148e+10	5500.000000	9.16864e+10	5500.000000	9.15384e+10	5500.000000	2.48283e+08	5500.000000	2.68946e+08	5500.000000	5.18826e+08	5500.000000	6.21861e+08	5500.000000	8.03806e+08	
6000.000000	1.49006e+11	6000.000000	9.44954e+10	6000.000000	1.00094e+11	6000.000000	1.00281e+11	6000.000000	1.0012e+11	6000.000000	2.60913e+08	6000.000000	2.98192e+08	6000.000000	5.5181e+08	6000.000000	6.65196e+08	6000.000000	8.62022e+08	
6500.000000	1.59093e+11	6500.000000	1.01522e+11	6500.000000	1.08603e+11	6500.000000	1.08805e+11	6500.000000	1.08631e+11	6500.000000	2.72811e+08	6500.000000	3.27971e+08	6500.000000	5.83256e+08	6500.000000	7.06663e+08	6500.000000	9.17885e+08	
7000.000000	1.687e+11 	7000.000000	1.08329e+11	7000.000000	1.17045e+11	7000.000000	1.17262e+11	7000.000000	1.17075e+11	7000.000000	2.84071e+08	7000.000000	3.58268e+08	7000.000000	6.13329e+08	7000.000000	7.46436e+08	7000.000000	9.71603e+08	
7500.000000	1.77856e+11	7500.000000	1.1493e+11	7500.000000	1.25424e+11	7500.000000	1.25655e+11	7500.000000	1.25456e+11	7500.000000	2.94771e+08	7500.000000	3.89067e+08	7500.000000	6.42167e+08	7500.000000	7.84668e+08	7500.000000	1.02336e+09	
8000.000000	1.86589e+11	8000.000000	1.21334e+11	8000.000000	1.33742e+11	8000.000000	1.33988e+11	8000.000000	1.33776e+11	8000.000000	3.04973e+08	8000.000000	4.2036e+08	8000.000000	6.69889e+08	8000.000000	8.21491e+08	8000.000000	1.07332e+09	
8500.000000	1.94928e+11	8500.000000	1.27552e+11	8500.000000	1.42004e+11	8500.000000	1.42264e+11	8500.000000	1.4204e+11	8500.000000	3.14731e+08	8500.000000	4.5213e+08	8500.000000	6.96597e+08	8500.000000	8.57021e+08	8500.000000	1.12163e+09	
9000.000000	2.02896e+11	9000.000000	1.33593e+11	9000.000000	1.50211e+11	9000.000000	1.50485e+11	9000.000000	1.50249e+11	9000.000000	3.24089e+08	9000.000000	4.8434e+08	9000.000000	7.22377e+08	9000.000000	8.91361e+08	9000.000000	1.16841e+09	
9500.000000	2.10517e+11	9500.000000	1.39468e+11	9500.000000	1.58368e+11	9500.000000	1.58655e+11	9500.000000	1.58407e+11	9500.000000	3.33085e+08	9500.000000	5.16974e+08	9500.000000	7.47308e+08	9500.000000	9.24601e+08	9500.000000	1.21378e+09	
10000.000000	2.17813e+11	10000.000000	1.45184e+11	10000.000000	1.66475e+11	10000.000000	1.66775e+11	10000.000000	1.66516e+11	10000.000000	3.41753e+08	10000.000000	5.50035e+08	10000.000000	7.71456e+08	10000.000000	9.56821e+08	10000.000000	1.25783e+09	
11000.000000	2.31509e+11	11000.000000	1.56173e+11	11000.000000	1.82553e+11	11000.000000	1.82878e+11	11000.000000	1.82596e+11	11000.000000	3.58212e+08	11000.000000	6.17447e+08	11000.000000	8.17631e+08	11000.000000	1.01848e+09	11000.000000	1.34234e+09	
12000.000000	2.44127e+11	12000.000000	1.66617e+11	12000.000000	1.98461e+11	12000.000000	1.98811e+11	12000.000000	1.98507e+11	12000.000000	3.73654e+08	12000.000000	6.86541e+08	12000.000000	8.61303e+08	12000.000000	1.07684e+09	12000.000000	1.42257e+09	
13000.000000	2.5579e+11	13000.000000	1.76569e+11	13000.000000	2.14213e+11	13000.000000	2.14588e+11	13000.000000	2.14262e+11	13000.000000	3.88224e+08	13000.000000	7.57233e+08	13000.000000	9.0279e+08	13000.000000	1.13228e+09	13000.000000	1.499e+09 	
14000.000000	2.66602e+11	14000.000000	1.86073e+11	14000.000000	2.29822e+11	14000.000000	2.30221e+11	14000.000000	2.29875e+11	14000.000000	4.02036e+08	14000.000000	8.29429e+08	14000.000000	9.42349e+08	14000.000000	1.18514e+09	14000.000000	1.57207e+09	
15000.000000	2.76654e+11	15000.000000	1.95167e+11	15000.000000	2.453e+11 	15000.000000	2.45722e+11	15000.000000	2.45356e+11	15000.000000	4.15185e+08	15000.000000	9.03044e+08	15000.000000	9.80195e+08	15000.000000	1.2357e+09	15000.000000	1.64212e+09	
16000.000000	2.86024e+11	16000.000000	2.03885e+11	16000.000000	2.60656e+11	16000.000000	2.611e+11 	16000.000000	2.60714e+11	16000.000000	4.27746e+08	16000.000000	9.78024e+08	16000.000000	1.0165e+09	16000.000000	1.28417e+09	16000.000000	1.70944e+09	
17000.000000	2.9478e+11	17000.000000	2.12259e+11	17000.000000	2.75897e+11	17000.000000	2.76364e+11	17000.000000	2.75959e+11	17000.000000	4.39782e+08	17000.000000	1.05433e+09	17000.000000	1.05143e+09	17000.000000	1.33077e+09	17000.000000	1.77429e+09	
18000.000000	3.02981e+11	18000.000000	2.20314e+11	18000.000000	2.91033e+11	18000.000000	2.91522e+11	18000.000000	2.91097e+11	18000.000000	4.51346e+08	18000.000000	1.13195e+09	18000.000000	1.08509e+09	18000.000000	1.37566e+09	18000.000000	1.83689e+09	
19000.000000	3.10678e+11	19000.000000	2.28074e+11	19000.000000	3.06068e+11	19000.000000	3.06579e+11	19000.000000	3.06135e+11	19000.000000	4.62485e+08	19000.000000	1.21084e+09	19000.000000	1.11761e+09	19000.000000	1.41898e+09	19000.000000	1.89743e+09	
20000.000000	3.17917e+11	20000.000000	2.35561e+11	20000.000000	3.2101e+11	20000.000000	3.21541e+11	20000.000000	3.2108e+11	20000.000000	4.73236e+08	20000.000000	1.29098e+09	20000.000000	1.14907e+09	20000.000000	1.46087e+09	20000.000000	1.95606e+09	
21000.000000	3.24738e+11	21000.000000	2.42793e+11	21000.000000	3.35864e+11	21000.000000	3.36415e+11	21000.000000	3.35936e+11	21000.000000	4.83632e+08	21000.000000	1.37235e+09	21000.000000	1.17957e+09	21000.000000	1.50143e+09	21000.000000	2.01294e+09	
22000.000000	3.31175e+11	22000.000000	2.49788e+11	22000.000000	3.50633e+11	22000.000000	3.51205e+11	22000.000000	3.50708e+11	22000.000000	4.93703e+08	22000.000000	1.45491e+09	22000.000000	1.20916e+09	22000.000000	1.54076e+09	22000.000000	2.06819e+09	
23000.000000	3.37262e+11	23000.000000	2.56562e+11	23000.000000	3.65323e+11	23000.000000	3.65915e+11	23000.000000	3.65401e+11	23000.000000	5.03474e+08	23000.000000	1.53864e+09	23000.000000	1.23793e+09	23000.000000	1.57896e+09	23000.000000	2.12193e+09	
24000.000000	3.43025e+11	24000.000000	2.63127e+11	24000.000000	3.79938e+11	24000.000000	3.8055e+11	24000.000000	3.8002e+11	24000.000000	5.12968e+08	24000.000000	1.6235e+09	24000.000000	1.26592e+09	24000.000000	1.61609e+09	24000.000000	2.17426e+09	
25000.000000	3.4849e+11	25000.000000	2.69497e+11	25000.000000	3.94482e+11	25000.000000	3.95112e+11	25000.000000	3.94566e+11	25000.000000	5.22203e+08	25000.000000	1.70941e+09	25000.000000	1.29319e+09	25000.000000	1.65223e+09	25000.000000	2.22527e+09	
26000.000000	3.53679e+11	26000.000000	2.75683e+11	26000.000000	4.08958e+11	26000.000000	4.09606e+11	26000.000000	4.09044e+11	26000.000000	5.31199e+08	26000.000000	1.7963e+09	26000.000000	1.31978e+09	26000.000000	1.68745e+09	26000.000000	2.27503e+09	
27000.000000	3.58613e+11	27000.000000	2.81696e+11	27000.000000	4.23368e+11	27000.000000	4.24035e+11	27000.000000	4.23457e+11	27000.000000	5.39971e+08	27000.000000	1.88421e+09	27000.000000	1.34574e+09	27000.000000	1.72179e+09	27000.000000	2.32364e+09	
28000.000000	3.63309e+11	28000.000000	2.87546e+11	28000.000000	4.37716e+11	28000.000000	4.38401e+11	28000.000000	4.37808e+11	28000.000000	5.48533e+08	28000.000000	1.97316e+09	28000.000000	1.3711e+09	28000.000000	1.75531e+09	28000.000000	2.37114e+09	
29000.000000	3.67786e+11	29000.000000	2.93242e+11	29000.000000	4.52004e+11	29000.000000	4.52706e+11	29000.000000	4.52099e+11	29000.000000	5.56897e+08	29000.000000	2.06311e+09	29000.000000	1.39589e+09	29000.000000	1.78805e+09	29000.000000	2.41761e+09	
30000.000000	3.72057e+11	30000.000000	2.9879e+11	30000.000000	4.66235e+11	30000.000000	4.66954e+11	30000.000000	4.66333e+11	30000.000000	5.65076e+08	30000.000000	2.15401e+09	30000.000000	1.42015e+09	30000.000000	1.82007e+09	30000.000000	2.46311e+09	
32000.000000	3.80037e+11	32000.000000	3.09479e+11	32000.000000	4.94535e+11	32000.000000	4.95287e+11	32000.000000	4.94638e+11	32000.000000	5.80919e+08	32000.000000	2.33854e+09	32000.000000	1.46719e+09	32000.000000	1.88206e+09	32000.000000	2.55135e+09	
34000.000000	3.87345e+11	34000.000000	3.19665e+11	34000.000000	5.22631e+11	34000.000000	5.23413e+11	34000.000000	5.22738e+11	34000.000000	5.96135e+08	34000.000000	2.52667e+09	34000.000000	1.5124e+09	34000.000000	1.94155e+09	34000.000000	2.63624e+09	
36000.000000	3.94062e+11	36000.000000	3.29395e+11	36000.000000	5.50537e+11	36000.000000	5.51349e+11	36000.000000	5.5065e+11	36000.000000	6.10786e+08	36000.000000	2.71831e+09	36000.000000	1.55597e+09	36000.000000	1.99878e+09	36000.000000	2.71808e+09	
38000.000000	4.00255e+11	38000.000000	3.38709e+11	38000.000000	5.78267e+11	38000.000000	5.79107e+11	38000.000000	5.78384e+11	38000.000000	6.24926e+08	38000.000000	2.91323e+09	38000.000000	1.59803e+09	38000.000000	2.05396e+09	38000.000000	2.79714e+09	
40000.000000	4.05983e+11	40000.000000	3.47643e+11	40000.000000	6.05831e+11	40000.000000	6.06696e+11	40000.000000	6.05953e+11	40000.000000	6.38599e+08	40000.000000	3.11123e+09	40000.000000	1.63871e+09	40000.000000	2.10724e+09	40000.000000	2.87364e+09	
42000.000000	4.11296e+11	42000.000000	3.56226e+11	42000.000000	6.33239e+11	42000.000000	6.34129e+11	42000.000000	6.33365e+11	42000.000000	6.51845e+08	42000.000000	3.31219e+09	42000.000000	1.67812e+09	42000.000000	2.15878e+09	42000.000000	2.9478e+09	
44000.000000	4.16235e+11	44000.000000	3.64487e+11	44000.000000	6.605e+11 	44000.000000	6.61413e+11	44000.000000	6.60631e+11	44000.000000	6.64698e+08	44000.000000	3.51609e+09	44000.000000	1.71635e+09	44000.000000	2.20873e+09	44000.000000	3.01978e+09	
46000.000000	4.20838e+11	46000.000000	3.72448e+11	46000.000000	6.87622e+11	46000.000000	6.88557e+11	46000.000000	6.87758e+11	46000.000000	6.77188e+08	46000.000000	3.72294e+09	46000.000000	1.7535e+09	46000.000000	2.25719e+09	46000.000000	3.08975e+09	
48000.000000	4.25138e+11	48000.000000	3.80133e+11	48000.000000	7.14613e+11	48000.000000	7.15567e+11	48000.000000	7.14754e+11	48000.000000	6.89341e+08	48000.000000	3.93276e+09	48000.000000	1.78964e+09	48000.000000	2.30426e+09	48000.000000	3.15783e+09	
50000.000000	4.29163e+11	50000.000000	3.87559e+11	50000.000000	7.41478e+11	50000.000000	7.42452e+11	50000.000000	7.41624e+11	50000.000000	7.01182e+08	50000.000000	4.14549e+09	50000.000000	1.82483e+09	50000.000000	2.35005e+09	50000.000000	3.22416e+09	
