! 7Li range in Si
! apply ZOOM for details
Energy (MeV/u)1	0 - [He-base] F.Hubert et al, AD&ND Tables 46(1990)1	Energy (MeV/u)2	1 - [H -base] J.F.Ziegler et al,Pergamon Press,NY(low energy)	Energy (MeV/u)3	2 - ATIMA 1.2 LS-theory (recommended for high energy)	Energy (MeV/u)4	3 - ATIMA 1.2 without LS-correction	Energy (MeV/u)5	4 - ATIMA 1.4 H.Weick, improved mean charge formula for HI	Energy (MeV/u)6	5 - Range straggling - method [0] - LISE	Energy (MeV/u)7	6 - Range straggling - method [1] - Atima	Energy (MeV/u)8	7 - Lateral range - method [0] - LISE	Energy (MeV/u)9	8 - Lateral range - method [1] - Atima	Energy (MeV/u)10	9 - Lateral range - method [2] - PDG	
0.001000	0.0908441 	0.001000	0.0908441 	0.001000	0.0569595 	0.001000	0.0569595 	0.001000	0.0569778 	0.001000	0         	0.001000	0         	0.001000	0.000852978	0.001000	0.00136361	0.001000	0.00063834	
0.002000	0.18585   	0.002000	0.181688  	0.002000	0.113919  	0.002000	0.113919  	0.002000	0.113956  	0.002000	0.00779479	0.002000	0.00779479	0.002000	0.00249793	0.002000	0.0038578 	0.002000	0.00194404	
0.005000	0.419037  	0.005000	0.404661  	0.005000	0.25934   	0.005000	0.25934   	0.005000	0.259398  	0.005000	0.00923452	0.005000	0.00923452	0.005000	0.00885841	0.005000	0.0132098 	0.005000	0.00713776	
0.008000	0.60481   	0.008000	0.582297  	0.008000	0.383736  	0.008000	0.383736  	0.008000	0.383803  	0.008000	0.00929436	0.008000	0.00929436	0.008000	0.01621   	0.008000	0.0237619 	0.008000	0.0132629 	
0.010000	0.712323  	0.010000	0.6851    	0.010000	0.459401  	0.010000	0.459401  	0.010000	0.459471  	0.010000	0.00950404	0.010000	0.00950404	0.010000	0.0213983 	0.010000	0.0311213 	0.010000	0.0176258 	
0.015000	0.943729  	0.015000	0.90637   	0.015000	0.6312    	0.015000	0.6312    	0.015000	0.631276  	0.015000	0.0105802 	0.015000	0.0105802 	0.015000	0.0349324 	0.015000	0.0501118 	0.015000	0.0290986 	
0.020000	1.13115   	0.020000	1.08558   	0.020000	0.779204  	0.020000	0.779204  	0.020000	0.779283  	0.020000	0.0118547 	0.020000	0.0118547 	0.020000	0.0482893 	0.020000	0.068704  	0.020000	0.0404865 	
0.025000	1.28711   	0.025000	1.2347    	0.025000	0.90791   	0.025000	0.90791   	0.025000	0.90799   	0.025000	0.0129989 	0.025000	0.0129989 	0.025000	0.0610435 	0.025000	0.0863769 	0.025000	0.0513954 	
0.030000	1.42164   	0.030000	1.36335   	0.030000	1.02296   	0.030000	1.02296   	0.030000	1.02304   	0.030000	0.0139918 	0.030000	0.0139918 	0.030000	0.073292  	0.030000	0.103282  	0.030000	0.0619008 	
0.035000	1.54117   	0.035000	1.47764   	0.035000	1.12831   	0.035000	1.12831   	0.035000	1.12839   	0.035000	0.0148662 	0.035000	0.0148662 	0.035000	0.0851833 	0.035000	0.119631  	0.035000	0.0721268 	
0.040000	1.64968   	0.040000	1.58139   	0.040000	1.22614   	0.040000	1.22614   	0.040000	1.22622   	0.040000	0.0156428 	0.040000	0.0156428 	0.040000	0.0967806 	0.040000	0.135524  	0.040000	0.0821224 	
0.045000	1.74982   	0.045000	1.67715   	0.045000	1.31801   	0.045000	1.31801   	0.045000	1.31809   	0.045000	0.0163412 	0.045000	0.0163412 	0.045000	0.108145  	0.045000	0.15105   	0.045000	0.0919375 	
0.050000	1.84351   	0.050000	1.76673   	0.050000	1.40509   	0.050000	1.40509   	0.050000	1.40518   	0.050000	0.0169776 	0.050000	0.0169391 	0.050000	0.118705  	0.050000	0.165435  	0.050000	0.101075  	
0.055000	1.93215   	0.055000	1.85149   	0.055000	1.48829   	0.055000	1.48829   	0.055000	1.48838   	0.055000	0.0175648 	0.055000	0.017462  	0.055000	0.127642  	0.055000	0.177433  	0.055000	0.108823  	
0.060000	2.01681   	0.060000	1.93244   	0.060000	1.5683    	0.060000	1.5683    	0.060000	1.56839   	0.060000	0.018113  	0.060000	0.0179436 	0.060000	0.135397  	0.060000	0.187677  	0.060000	0.115559  	
0.070000	2.17728   	0.070000	2.08588   	0.070000	1.72091   	0.070000	1.72091   	0.070000	1.72099   	0.070000	0.0191226 	0.070000	0.0188181 	0.070000	0.148417  	0.070000	0.204574  	0.070000	0.126898  	
0.080000	2.32959   	0.080000	2.23152   	0.080000	1.86626   	0.080000	1.86626   	0.080000	1.86634   	0.080000	0.0200527 	0.080000	0.0196134 	0.080000	0.159251  	0.080000	0.218379  	0.080000	0.136368  	
0.090000	2.47672   	0.090000	2.37221   	0.090000	2.00662   	0.090000	2.00662   	0.090000	2.00671   	0.090000	0.0209336 	0.090000	0.0203603 	0.090000	0.168772  	0.090000	0.230367  	0.090000	0.144717  	
0.100000	2.62062   	0.100000	2.50981   	0.100000	2.14362   	0.100000	2.14362   	0.100000	2.14371   	0.100000	0.0217856 	0.100000	0.0210787 	0.100000	0.177135  	0.100000	0.240831  	0.100000	0.152076  	
0.120000	2.90188   	0.120000	2.77874   	0.120000	2.41183   	0.120000	2.41183   	0.120000	2.41192   	0.120000	0.0234556 	0.120000	0.0224797 	0.120000	0.191964  	0.120000	0.259233  	0.120000	0.165182  	
0.140000	3.17838   	0.140000	3.04314   	0.140000	2.67698   	0.140000	2.67698   	0.140000	2.67707   	0.140000	0.0251337 	0.140000	0.0238822 	0.140000	0.205073  	0.140000	0.275365  	0.140000	0.17683   	
0.160000	3.45311   	0.160000	3.30583   	0.160000	2.94246   	0.160000	2.94246   	0.160000	2.94255   	0.160000	0.0268562 	0.160000	0.0253188 	0.160000	0.217128  	0.160000	0.290097  	0.160000	0.187593  	
0.180000	3.72807   	0.180000	3.56875   	0.180000	3.21019   	0.180000	3.21019   	0.180000	3.21028   	0.180000	0.0286407 	0.180000	0.0268054 	0.180000	0.228401  	0.180000	0.3038    	0.180000	0.1977    	
0.200000	4.00391   	0.200000	3.8325    	0.200000	3.48124   	0.200000	3.48124   	0.200000	3.48132   	0.200000	0.0304946 	0.200000	0.0283485 	0.200000	0.239252  	0.200000	0.316892  	0.200000	0.207461  	
0.250000	4.7       	0.250000	4.4981    	0.250000	4.1765    	0.250000	4.1765    	0.250000	4.17658   	0.250000	0.0354324 	0.250000	0.0324515 	0.250000	0.264706  	0.250000	0.347355  	0.250000	0.230492  	
0.300000	5.39831   	0.300000	5.16582   	0.300000	4.89694   	0.300000	4.89694   	0.300000	4.89702   	0.300000	0.0407214 	0.300000	0.0368323 	0.300000	0.288906  	0.300000	0.375924  	0.300000	0.252525  	
0.350000	6.10161   	0.350000	5.83831   	0.350000	5.63812   	0.350000	5.63812   	0.350000	5.6382    	0.350000	0.0462113 	0.350000	0.0413584 	0.350000	0.312139  	0.350000	0.403037  	0.350000	0.273778  	
0.400000	6.8151    	0.400000	6.52055   	0.400000	6.40086   	0.400000	6.40086   	0.400000	6.40094   	0.400000	0.0518955 	0.400000	0.0460177 	0.400000	0.334714  	0.400000	0.429108  	0.400000	0.294517  	
0.450000	7.5439    	0.450000	7.21743   	0.450000	7.18652   	0.450000	7.18652   	0.450000	7.18661   	0.450000	0.0577898 	0.450000	0.0508181 	0.450000	0.356997  	0.450000	0.454561  	0.450000	0.315057  	
0.500000	8.29092   	0.500000	7.93172   	0.500000	7.99543   	0.500000	7.99543   	0.500000	7.99552   	0.500000	0.0638919 	0.500000	0.0557537 	0.500000	0.37906   	0.500000	0.479518  	0.500000	0.335457  	
0.600000	9.84024   	0.600000	9.41318   	0.600000	9.68175   	0.600000	9.68175   	0.600000	9.68183   	0.600000	0.0766754 	0.600000	0.0659832 	0.600000	0.423031  	0.600000	0.528622  	0.600000	0.376263  	
0.700000	11.4776   	0.700000	10.9788   	0.700000	11.4577   	0.700000	11.4577   	0.700000	11.4578   	0.700000	0.0901899 	0.700000	0.0766451 	0.700000	0.466964  	0.700000	0.577177  	0.700000	0.417201  	
0.800000	13.2005   	0.800000	12.6262   	0.800000	13.3219   	0.800000	13.3219   	0.800000	13.322    	0.800000	0.104413  	0.800000	0.0877121 	0.800000	0.511162  	0.800000	0.625674  	0.800000	0.458519  	
0.900000	15.0036   	0.900000	14.3504   	0.900000	15.2733   	0.900000	15.2733   	0.900000	15.2734   	0.900000	0.119338  	0.900000	0.0991743 	0.900000	0.555874  	0.900000	0.674442  	0.900000	0.500415  	
1.000000	16.8989   	1.000000	16.1626   	1.000000	17.3137   	1.000000	17.3137   	1.000000	17.3138   	1.000000	0.135022  	1.000000	0.111071  	1.000000	0.601126  	1.000000	0.723576  	1.000000	0.542921  	
1.250000	22.0766   	1.250000	21.1135   	1.250000	22.8101   	1.250000	22.8101   	1.250000	22.8102   	1.250000	0.177736  	1.250000	0.143188  	1.250000	0.717913  	1.250000	0.849448  	1.250000	0.652925  	
1.500000	27.9938   	1.500000	26.7716   	1.500000	28.8554   	1.500000	28.8554   	1.500000	28.8555   	1.500000	0.22522   	1.500000	0.180086  	1.500000	0.840176  	1.500000	0.980105  	1.500000	0.768468  	
1.750000	34.6928   	1.750000	33.1771   	1.750000	35.4439   	1.750000	35.4439   	1.750000	35.444    	1.750000	0.277508  	1.750000	0.220991  	1.750000	0.968627  	1.750000	1.1163    	1.750000	0.890151  	
2.000000	42.115    	2.000000	40.2742   	2.000000	42.575    	2.000000	42.575    	2.000000	42.575    	2.000000	0.334719  	2.000000	0.265337  	2.000000	1.10369   	2.000000	1.25849   	2.000000	1.01834   	
2.250000	50.2176   	2.250000	48.0219   	2.250000	50.2513   	2.250000	50.2513   	2.250000	50.2513   	2.250000	0.397018  	2.250000	0.312911  	2.250000	1.23895   	2.250000	1.40707   	2.250000	1.14702   	
2.500000	58.9696   	2.500000	56.39     	2.500000	58.4755   	2.500000	58.4755   	2.500000	58.4755   	2.500000	0.464541  	2.500000	0.363625  	2.500000	1.36919   	2.500000	1.56231   	2.500000	1.27124   	
3.000000	77.7118   	3.000000	74.9039   	3.000000	76.571    	3.000000	76.571    	3.000000	76.571    	3.000000	0.615564  	3.000000	0.474288  	3.000000	1.65395   	3.000000	1.88236   	3.000000	1.543     	
3.500000	98.6935   	3.500000	95.6937   	3.500000	96.8561   	3.500000	96.8561   	3.500000	96.8561   	3.500000	0.788058  	3.500000	0.597019  	3.500000	1.97094   	3.500000	2.21091   	3.500000	1.84584   	
4.000000	121.87    	4.000000	118.683   	4.000000	119.311   	4.000000	119.311   	4.000000	119.311   	4.000000	0.981913  	4.000000	0.731456  	4.000000	2.31984   	4.000000	2.56925   	4.000000	2.17952   	
4.500000	147.2     	4.500000	143.814   	4.500000	143.906   	4.500000	143.906   	4.500000	143.906   	4.500000	1.1968    	4.500000	0.877132  	4.500000	2.7002    	4.500000	2.95658   	4.500000	2.54365   	
5.000000	174.648   	5.000000	171.041   	5.000000	170.609   	5.000000	170.609   	5.000000	170.609   	5.000000	1.43231   	5.000000	1.0336    	5.000000	3.11148   	5.000000	3.37207   	5.000000	2.93774   	
5.500000	204.181   	5.500000	200.322   	5.500000	199.383   	5.500000	199.383   	5.500000	199.383   	5.500000	1.68797   	5.500000	1.20047   	5.500000	3.55306   	5.500000	3.81493   	5.500000	3.36122   	
6.000000	235.768   	6.000000	231.62    	6.000000	230.194   	6.000000	230.194   	6.000000	230.194   	6.000000	1.96334   	6.000000	1.37736   	6.000000	4.02442   	6.000000	4.28445   	6.000000	3.81361   	
6.500000	269.383   	6.500000	264.898   	6.500000	263.008   	6.500000	263.008   	6.500000	263.008   	6.500000	2.25798   	6.500000	1.56394   	6.500000	4.52497   	6.500000	4.7799    	6.500000	4.29433   	
7.000000	304.999   	7.000000	300.125   	7.000000	297.792   	7.000000	297.792   	7.000000	297.792   	7.000000	2.57149   	7.000000	1.75991   	7.000000	5.05422   	7.000000	5.30066   	7.000000	4.80293   	
7.500000	342.592   	7.500000	337.27    	7.500000	334.516   	7.500000	334.516   	7.500000	334.516   	7.500000	2.9035    	7.500000	1.965     	7.500000	5.61164   	7.500000	5.84613   	7.500000	5.33892   	
8.000000	382.141   	8.000000	376.305   	8.000000	373.153   	8.000000	373.153   	8.000000	373.152   	8.000000	3.25369   	8.000000	2.17897   	8.000000	6.19678   	8.000000	6.41578   	8.000000	5.90187   	
8.500000	423.625   	8.500000	417.204   	8.500000	413.674   	8.500000	413.674   	8.500000	413.674   	8.500000	3.62176   	8.500000	2.40155   	8.500000	6.80923   	8.500000	7.00911   	8.500000	6.49138   	
9.000000	467.024   	9.000000	459.943   	9.000000	456.056   	9.000000	456.056   	9.000000	456.056   	9.000000	4.00742   	9.000000	2.63252   	9.000000	7.44859   	9.000000	7.62566   	9.000000	7.10707   	
9.500000	512.319   	9.500000	504.498   	9.500000	500.276   	9.500000	500.276   	9.500000	500.276   	9.500000	4.41042   	9.500000	2.87172   	9.500000	8.11447   	9.500000	8.265     	9.500000	7.74858   	
10.000000	559.493   	10.000000	550.842   	10.000000	546.313   	10.000000	546.313   	10.000000	546.312   	10.000000	4.83056   	10.000000	3.11905   	10.000000	8.80654   	10.000000	8.92675   	10.000000	8.41559   	
11.000000	659.412   	11.000000	648.438   	11.000000	643.841   	11.000000	643.832   	11.000000	643.841   	11.000000	5.72363   	11.000000	3.63899   	11.000000	10.2696   	11.000000	10.3175   	11.000000	9.82649   	
12.000000	766.656   	12.000000	753.049   	12.000000	748.605   	12.000000	748.569   	12.000000	748.603   	12.000000	6.68757   	12.000000	4.19278   	12.000000	11.8375   	12.000000	11.7971   	12.000000	11.3395   	
13.000000	881.111   	13.000000	864.602   	13.000000	860.505   	13.000000	860.427   	13.000000	860.502   	13.000000	7.72143   	13.000000	4.77952   	13.000000	13.5088   	13.000000	13.3639   	13.000000	12.9534   	
14.000000	1002.67   	14.000000	983.02    	14.000000	979.458   	14.000000	979.327   	14.000000	979.453   	14.000000	8.82454   	14.000000	5.39855   	14.000000	15.2825   	14.000000	15.0166   	14.000000	14.6671   	
15.000000	1131.24   	15.000000	1108.24   	15.000000	1105.39   	15.000000	1105.2    	15.000000	1105.39   	15.000000	9.9964    	15.000000	6.04974   	15.000000	17.1576   	15.000000	16.7538   	15.000000	16.4799   	
16.000000	1266.72   	16.000000	1240.18   	16.000000	1238.24   	16.000000	1237.98   	16.000000	1238.24   	16.000000	11.2367   	16.000000	6.73289   	16.000000	19.1333   	16.000000	18.5747   	16.000000	18.3909   	
17.000000	1409.03   	17.000000	1378.79   	17.000000	1377.96   	17.000000	1377.63   	17.000000	1377.96   	17.000000	12.5451   	17.000000	7.44749   	17.000000	21.2092   	17.000000	20.4784   	17.000000	20.3997   	
18.000000	1558.08   	18.000000	1524      	18.000000	1524.5    	18.000000	1524.09   	18.000000	1524.5    	18.000000	13.9215   	18.000000	8.19324   	18.000000	23.3845   	18.000000	22.4642   	18.000000	22.5058   	
19.000000	1713.81   	19.000000	1675.75   	19.000000	1677.81   	19.000000	1677.32   	19.000000	1677.82   	19.000000	15.3657   	19.000000	8.97008   	19.000000	25.6589   	19.000000	24.5314   	19.000000	24.7089   	
20.000000	1876.13   	20.000000	1833.98   	20.000000	1837.86   	20.000000	1837.29   	20.000000	1837.87   	20.000000	16.8777   	20.000000	9.77791   	20.000000	28.0321   	20.000000	26.6794   	20.000000	27.0086   	
21.000000	2044.98   	21.000000	1998.65   	21.000000	2004.63   	21.000000	2003.98   	21.000000	2004.64   	21.000000	18.4574   	21.000000	10.6166   	21.000000	30.5036   	21.000000	28.9078   	21.000000	29.4047   	
22.000000	2220.29   	22.000000	2169.69   	22.000000	2178.08   	22.000000	2177.34   	22.000000	2178.09   	22.000000	20.1049   	22.000000	11.4862   	22.000000	33.0733   	22.000000	31.2161   	22.000000	31.8969   	
23.000000	2402      	23.000000	2347.05   	23.000000	2358.18   	23.000000	2357.36   	23.000000	2358.18   	23.000000	21.82     	23.000000	12.3865   	23.000000	35.7408   	23.000000	33.6039   	23.000000	34.4852   	
24.000000	2590.04   	24.000000	2530.69   	24.000000	2544.89   	24.000000	2544.01   	24.000000	2544.9    	24.000000	23.6028   	24.000000	13.3176   	24.000000	38.5061   	24.000000	36.0709   	24.000000	37.1693   	
25.000000	2784.35   	25.000000	2720.54   	25.000000	2738.21   	25.000000	2737.27   	25.000000	2738.23   	25.000000	25.4532   	25.000000	14.2792   	25.000000	41.3688   	25.000000	38.6168   	25.000000	39.9491   	
27.000000	3191.59   	27.000000	3118.74   	27.000000	3144.59   	27.000000	3143.54   	27.000000	3144.59   	27.000000	29.3572   	27.000000	16.2946   	27.000000	47.3862   	27.000000	43.944    	27.000000	45.7957   	
29.000000	3623.27   	29.000000	3541.28   	29.000000	3577.13   	29.000000	3576.02   	29.000000	3577.12   	29.000000	33.5317   	29.000000	18.4319   	29.000000	53.7919   	29.000000	49.5832   	29.000000	52.0243   	
31.000000	4078.99   	31.000000	3987.82   	31.000000	4035.44   	31.000000	4034.32   	31.000000	4035.4    	31.000000	37.9696   	31.000000	20.6859   	31.000000	60.5803   	31.000000	55.529    	31.000000	58.6301   	
33.000000	4558.38   	33.000000	4458.02   	33.000000	4517.84   	33.000000	4516.76   	33.000000	4517.76   	33.000000	42.6289   	33.000000	23.0364   	33.000000	67.7221   	33.000000	61.7562   	33.000000	65.585    	
35.000000	5061.07   	35.000000	4951.57   	35.000000	5023.73   	35.000000	5022.76   	35.000000	5023.62   	35.000000	47.5021   	35.000000	25.4792   	35.000000	75.208    	35.000000	68.2564   	35.000000	72.8806   	
38.000000	5858.08   	38.000000	5735      	38.000000	5825.95   	38.000000	5825.27   	38.000000	5825.79   	38.000000	55.2096   	38.000000	29.3141   	38.000000	87.0704   	38.000000	78.5076   	38.000000	84.4523   	
41.000000	6705.68   	41.000000	6569.32   	41.000000	6679.31   	41.000000	6679.08   	41.000000	6679.11   	41.000000	63.3888   	41.000000	33.3534   	41.000000	99.6778   	41.000000	89.3457   	41.000000	96.7647   	
44.000000	7602.9    	44.000000	7453.59   	44.000000	7582.85   	44.000000	7583.23   	44.000000	7582.63   	44.000000	72.0322   	44.000000	37.5907   	44.000000	113.014   	44.000000	100.756   	44.000000	109.804   	
47.000000	8548.78   	47.000000	8386.94   	47.000000	8535.66   	47.000000	8536.83   	47.000000	8535.47   	47.000000	81.1317   	47.000000	42.0227   	47.000000	127.064   	47.000000	112.726   	47.000000	123.556   	
50.000000	9542.45   	50.000000	9368.53   	50.000000	9536.92   	50.000000	9539.03   	50.000000	9536.76   	50.000000	90.6787   	50.000000	46.646    	50.000000	141.814   	50.000000	125.242   	50.000000	138.01    	
55.000000	11302.5   	55.000000	11109.5   	55.000000	11311.3   	55.000000	11315.2   	55.000000	11311.1   	55.000000	107.562   	55.000000	54.7671   	55.000000	167.916   	55.000000	147.287   	55.000000	163.626   	
60.000000	13189.4   	60.000000	12978.8   	60.000000	13214.5   	60.000000	13220.6   	60.000000	13214.4   	60.000000	125.625   	60.000000	63.3942   	60.000000	195.864   	60.000000	170.768   	60.000000	191.108   	
65.000000	15199.9   	65.000000	14973.1   	65.000000	15243.5   	65.000000	15252.1   	65.000000	15243.2   	65.000000	144.831   	65.000000	72.5046   	65.000000	225.604   	65.000000	195.642   	65.000000	220.407   	
70.000000	17330.8   	70.000000	17089.2   	70.000000	17394.9   	70.000000	17406.4   	70.000000	17394.7   	70.000000	165.141   	70.000000	82.088    	70.000000	257.084   	70.000000	221.865   	70.000000	251.48    	
75.000000	19579.4   	75.000000	19324.2   	75.000000	19666     	75.000000	19680.9   	75.000000	19665.9   	75.000000	186.52    	75.000000	92.1266   	75.000000	290.254   	75.000000	249.4     	75.000000	284.286   	
80.000000	21942.9   	80.000000	21675.3   	80.000000	22054.1   	80.000000	22072.6   	80.000000	22054     	80.000000	208.933   	80.000000	102.612   	80.000000	325.069   	80.000000	278.211   	80.000000	318.785   	
85.000000	24418.8   	85.000000	24139.8   	85.000000	24556.5   	85.000000	24579.1   	85.000000	24556.5   	85.000000	232.348   	85.000000	113.522   	85.000000	361.484   	85.000000	308.263   	85.000000	354.939   	
90.000000	27004.9   	90.000000	26715.2   	90.000000	27170.9   	90.000000	27197.9   	90.000000	27170.9   	90.000000	256.732   	90.000000	124.847   	90.000000	399.457   	90.000000	339.524   	90.000000	392.715   	
95.000000	29698.7   	95.000000	29399.1   	95.000000	29894.8   	95.000000	29926.5   	95.000000	29894.8   	95.000000	282.055   	95.000000	136.576   	95.000000	438.946   	95.000000	371.963   	95.000000	432.075   	
100.000000	32498.3   	100.000000	32189     	100.000000	32725.9   	100.000000	32762.7   	100.000000	32726     	100.000000	308.286   	100.000000	148.699   	100.000000	479.912   	100.000000	405.551   	100.000000	472.988   	
105.000000	35401.6   	105.000000	35082.8   	105.000000	35662.1   	105.000000	35704.4   	105.000000	35662.3   	105.000000	335.398   	105.000000	161.205   	105.000000	522.318   	105.000000	440.261   	105.000000	515.422   	
110.000000	38406.7   	110.000000	38078.3   	110.000000	38701.4   	110.000000	38749.3   	110.000000	38701.5   	110.000000	363.363   	110.000000	174.086   	110.000000	566.128   	110.000000	476.066   	110.000000	559.347   	
115.000000	41511.7   	115.000000	41173.4   	115.000000	41841.4   	115.000000	41895.5   	115.000000	41841.7   	115.000000	392.154   	115.000000	187.328   	115.000000	611.306   	115.000000	512.941   	115.000000	604.732   	
120.000000	44714.9   	120.000000	44366.1   	120.000000	45080.6   	120.000000	45141.1   	120.000000	45080.9   	120.000000	421.745   	120.000000	200.916   	120.000000	657.819   	120.000000	550.86    	120.000000	651.549   	
125.000000	48014.6   	125.000000	47654.4   	125.000000	48416.7   	125.000000	48484     	125.000000	48417.1   	125.000000	452.112   	125.000000	214.851   	125.000000	705.633   	125.000000	589.801   	125.000000	699.771   	
130.000000	51409.2   	130.000000	51036.6   	130.000000	51848.1   	130.000000	51922.6   	130.000000	51848.6   	130.000000	483.231   	130.000000	229.117   	130.000000	754.717   	130.000000	629.741   	130.000000	749.37    	
135.000000	54897.2   	135.000000	54510.7   	135.000000	55373.2   	135.000000	55455     	135.000000	55373.7   	135.000000	515.079   	135.000000	243.703   	135.000000	805.04    	135.000000	670.658   	135.000000	800.321   	
140.000000	58477     	140.000000	58075     	140.000000	58990.2   	140.000000	59079.5   	140.000000	58990.5   	140.000000	547.632   	140.000000	258.602   	140.000000	856.572   	140.000000	712.531   	140.000000	852.597   	
145.000000	62147.2   	145.000000	61727.8   	145.000000	62697.1   	145.000000	62794.3   	145.000000	62697.3   	145.000000	580.87    	145.000000	273.807   	145.000000	909.284   	145.000000	755.339   	145.000000	906.174   	
150.000000	65906.4   	150.000000	65467.5   	150.000000	66492.5   	150.000000	66598     	150.000000	66492.7   	150.000000	614.771   	150.000000	289.312   	150.000000	963.148   	150.000000	799.063   	150.000000	961.028   	
155.000000	69806.2   	155.000000	69292.4   	155.000000	70374.8   	155.000000	70488.9   	155.000000	70375     	155.000000	649.315   	155.000000	305.109   	155.000000	1018.14   	155.000000	843.683   	155.000000	1017.14   	
160.000000	73790.7   	160.000000	73201     	160.000000	74342.4   	160.000000	74465.4   	160.000000	74342.6   	160.000000	684.483   	160.000000	321.193   	160.000000	1074.22   	160.000000	889.181   	160.000000	1074.47   	
165.000000	77856.4   	165.000000	77191.8   	165.000000	78393.8   	165.000000	78526.2   	165.000000	78394.1   	165.000000	720.254   	165.000000	337.557   	165.000000	1131.38   	165.000000	935.539   	165.000000	1133.02   	
170.000000	82001.9   	170.000000	81263.4   	170.000000	82527.8   	170.000000	82669.6   	170.000000	82528     	170.000000	756.611   	170.000000	354.195   	170.000000	1189.59   	170.000000	982.739   	170.000000	1192.75   	
175.000000	86225.9   	175.000000	85414.2   	175.000000	86742.6   	175.000000	86894.3   	175.000000	86742.9   	175.000000	793.535   	175.000000	371.101   	175.000000	1248.82   	175.000000	1030.76   	175.000000	1253.65   	
180.000000	90527.1   	180.000000	89643     	180.000000	91036.8   	180.000000	91199     	180.000000	91037.4   	180.000000	831.009   	180.000000	388.272   	180.000000	1309.05   	180.000000	1079.6    	180.000000	1315.69   	
185.000000	94904.1   	185.000000	93948.3   	185.000000	95409.5   	185.000000	95582.1   	185.000000	95410.2   	185.000000	869.017   	185.000000	405.7     	185.000000	1370.25   	185.000000	1129.22   	185.000000	1378.86   	
190.000000	99355.6   	190.000000	98328.8   	190.000000	99859.4   	190.000000	100043    	190.000000	99859.9   	190.000000	907.54    	190.000000	423.37    	190.000000	1432.41   	190.000000	1179.63   	190.000000	1443.13   	
195.000000	103881    	195.000000	102783    	195.000000	104385    	195.000000	104579    	195.000000	104385    	195.000000	946.565   	195.000000	441.277   	195.000000	1495.5    	195.000000	1230.79   	195.000000	1508.49   	
200.000000	108478    	200.000000	107311    	200.000000	108985    	200.000000	109190    	200.000000	108985    	200.000000	986.075   	200.000000	459.425   	200.000000	1559.49   	200.000000	1282.7    	200.000000	1574.91   	
210.000000	117884    	210.000000	116578    	210.000000	118403    	210.000000	118631    	210.000000	118403    	210.000000	1066.49   	210.000000	496.418   	210.000000	1690.13   	210.000000	1388.71   	210.000000	1710.88   	
220.000000	127565    	220.000000	126123    	220.000000	128104    	220.000000	128357    	220.000000	128104    	220.000000	1148.67   	220.000000	534.28    	220.000000	1824.16   	220.000000	1497.53   	220.000000	1850.89   	
230.000000	137512    	230.000000	135935    	230.000000	138079    	230.000000	138358    	230.000000	138080    	230.000000	1232.51   	230.000000	572.976   	230.000000	1961.44   	230.000000	1609.06   	230.000000	1994.82   	
240.000000	147719    	240.000000	146006    	240.000000	148321    	240.000000	148626    	240.000000	148321    	240.000000	1317.89   	240.000000	612.491   	240.000000	2101.8    	240.000000	1723.19   	240.000000	2142.51   	
250.000000	158176    	250.000000	156328    	250.000000	158820    	250.000000	159152    	250.000000	158820    	250.000000	1404.74   	250.000000	652.811   	250.000000	2245.12   	250.000000	1839.84   	250.000000	2293.86   	
260.000000	168876    	260.000000	166894    	260.000000	169567    	260.000000	169929    	260.000000	169567    	260.000000	1492.95   	260.000000	693.839   	260.000000	2391.26   	260.000000	1958.91   	260.000000	2448.73   	
270.000000	179813    	270.000000	177695    	270.000000	180557    	270.000000	180948    	270.000000	180557    	270.000000	1582.44   	270.000000	735.578   	270.000000	2540.09   	270.000000	2080.3    	270.000000	2607.01   	
280.000000	190980    	280.000000	188725    	280.000000	191781    	280.000000	192202    	280.000000	191781    	280.000000	1673.12   	280.000000	778.015   	280.000000	2691.5    	280.000000	2203.94   	280.000000	2768.59   	
290.000000	202370    	290.000000	199976    	290.000000	203232    	290.000000	203685    	290.000000	203233    	290.000000	1764.92   	290.000000	821.123   	290.000000	2845.36   	290.000000	2329.74   	290.000000	2933.35   	
300.000000	213978    	300.000000	211443    	300.000000	214904    	300.000000	215390    	300.000000	214905    	300.000000	1857.76   	300.000000	864.87    	300.000000	3001.57   	300.000000	2457.62   	300.000000	3101.2    	
310.000000	225797    	310.000000	223119    	310.000000	226791    	310.000000	227309    	310.000000	226791    	310.000000	1951.57   	310.000000	909.202   	310.000000	3160.02   	310.000000	2587.51   	310.000000	3272.02   	
320.000000	237821    	320.000000	234998    	320.000000	238885    	320.000000	239437    	320.000000	238885    	320.000000	2046.29   	320.000000	954.124   	320.000000	3320.61   	320.000000	2719.34   	320.000000	3445.73   	
330.000000	250045    	330.000000	247074    	330.000000	251180    	330.000000	251768    	330.000000	251181    	330.000000	2141.86   	330.000000	999.627   	330.000000	3483.24   	330.000000	2853.04   	330.000000	3622.23   	
340.000000	262464    	340.000000	259341    	340.000000	263672    	340.000000	264296    	340.000000	263673    	340.000000	2238.21   	340.000000	1045.66   	340.000000	3647.82   	340.000000	2988.53   	340.000000	3801.42   	
350.000000	275073    	350.000000	271795    	350.000000	276355    	350.000000	277015    	350.000000	276356    	350.000000	2335.28   	350.000000	1092.19   	350.000000	3814.26   	350.000000	3125.76   	350.000000	3983.23   	
360.000000	287867    	360.000000	284429    	360.000000	289224    	360.000000	289920    	360.000000	289223    	360.000000	2433.03   	360.000000	1139.22   	360.000000	3982.48   	360.000000	3264.66   	360.000000	4167.56   	
370.000000	300841    	370.000000	297240    	370.000000	302271    	370.000000	303005    	370.000000	302270    	370.000000	2531.41   	370.000000	1186.77   	370.000000	4152.39   	370.000000	3405.18   	370.000000	4354.33   	
380.000000	313990    	380.000000	310222    	380.000000	315493    	380.000000	316267    	380.000000	315493    	380.000000	2630.36   	380.000000	1234.8    	380.000000	4323.92   	380.000000	3547.26   	380.000000	4543.47   	
390.000000	327310    	390.000000	323370    	390.000000	328886    	390.000000	329698    	390.000000	328885    	390.000000	2729.84   	390.000000	1283.28   	390.000000	4496.99   	390.000000	3690.84   	390.000000	4734.9    	
400.000000	340798    	400.000000	336680    	400.000000	342443    	400.000000	343296    	400.000000	342442    	400.000000	2829.81   	400.000000	1332.19   	400.000000	4671.53   	400.000000	3835.86   	400.000000	4928.54   	
410.000000	354447    	410.000000	350149    	410.000000	356161    	410.000000	357056    	410.000000	356161    	410.000000	2930.22   	410.000000	1381.53   	410.000000	4847.47   	410.000000	3982.29   	410.000000	5124.33   	
420.000000	368256    	420.000000	363770    	420.000000	370035    	420.000000	370972    	420.000000	370036    	420.000000	3031.04   	420.000000	1431.26   	420.000000	5024.74   	420.000000	4130.06   	420.000000	5322.19   	
430.000000	382219    	430.000000	377542    	430.000000	384062    	430.000000	385041    	430.000000	384063    	430.000000	3132.22   	430.000000	1481.34   	430.000000	5203.28   	430.000000	4279.13   	430.000000	5522.05   	
440.000000	396334    	440.000000	391458    	440.000000	398237    	440.000000	399259    	440.000000	398238    	440.000000	3233.74   	440.000000	1531.79   	440.000000	5383.04   	440.000000	4429.46   	440.000000	5723.86   	
450.000000	410595    	450.000000	405517    	450.000000	412557    	450.000000	413622    	450.000000	412557    	450.000000	3335.56   	450.000000	1582.61   	450.000000	5563.95   	450.000000	4580.99   	450.000000	5927.55   	
460.000000	425001    	460.000000	419714    	460.000000	427017    	460.000000	428126    	460.000000	427016    	460.000000	3437.65   	460.000000	1633.8    	460.000000	5745.95   	460.000000	4733.69   	460.000000	6133.05   	
470.000000	439547    	470.000000	434045    	470.000000	441613    	470.000000	442767    	470.000000	441612    	470.000000	3539.98   	470.000000	1685.35   	470.000000	5928.99   	470.000000	4887.52   	470.000000	6340.32   	
480.000000	454230    	480.000000	448508    	480.000000	456342    	480.000000	457541    	480.000000	456342    	480.000000	3642.51   	480.000000	1737.24   	480.000000	6113.03   	480.000000	5042.43   	480.000000	6549.29   	
490.000000	469047    	490.000000	463099    	490.000000	471200    	490.000000	472446    	490.000000	471201    	490.000000	3745.23   	490.000000	1789.43   	490.000000	6298      	490.000000	5198.39   	490.000000	6759.91   	
500.000000	483995    	500.000000	477814    	500.000000	486185    	500.000000	487478    	500.000000	486186    	500.000000	3848.11   	500.000000	1841.91   	500.000000	6483.87   	500.000000	5355.36   	500.000000	6972.13   	
520.000000	514270    	520.000000	507607    	520.000000	516522    	520.000000	517908    	520.000000	516521    	520.000000	4054.23   	520.000000	1947.79   	520.000000	6858.11   	520.000000	5672.18   	520.000000	7401.14   	
540.000000	545033    	540.000000	537861    	540.000000	547327    	540.000000	548808    	540.000000	547324    	540.000000	4260.7    	540.000000	2054.84   	540.000000	7235.38   	540.000000	5992.61   	540.000000	7835.93   	
560.000000	576260    	560.000000	568556    	560.000000	578573    	560.000000	580153    	560.000000	578571    	560.000000	4467.35   	560.000000	2162.93   	560.000000	7615.38   	560.000000	6316.4    	560.000000	8276.13   	
580.000000	607932    	580.000000	599670    	580.000000	610241    	580.000000	611923    	580.000000	610240    	580.000000	4674.03   	580.000000	2272.07   	580.000000	7997.81   	580.000000	6643.3    	580.000000	8721.38   	
600.000000	640028    	600.000000	631183    	600.000000	642312    	600.000000	644095    	600.000000	642309    	600.000000	4880.62   	600.000000	2382.22   	600.000000	8382.39   	600.000000	6973.09   	600.000000	9171.37   	
620.000000	672528    	620.000000	663076    	620.000000	674762    	620.000000	676650    	620.000000	674760    	620.000000	5086.98   	620.000000	2493.27   	620.000000	8768.87   	620.000000	7305.56   	620.000000	9625.79   	
640.000000	705416    	640.000000	695332    	640.000000	707575    	640.000000	709570    	640.000000	707575    	640.000000	5293.03   	640.000000	2605.14   	640.000000	9157.01   	640.000000	7640.51   	640.000000	10084.3   	
660.000000	738673    	660.000000	727932    	660.000000	740734    	660.000000	742838    	660.000000	740735    	660.000000	5498.64   	660.000000	2717.82   	660.000000	9546.6    	660.000000	7977.74   	660.000000	10546.7   	
680.000000	772284    	680.000000	760862    	680.000000	774225    	680.000000	776436    	680.000000	774225    	680.000000	5703.75   	680.000000	2831.26   	680.000000	9937.44   	680.000000	8317.09   	680.000000	11012.7   	
700.000000	806232    	700.000000	794107    	700.000000	808030    	700.000000	810351    	700.000000	808029    	700.000000	5908.26   	700.000000	2945.45   	700.000000	10329.3   	700.000000	8658.38   	700.000000	11482.1   	
720.000000	840504    	720.000000	827651    	720.000000	842134    	720.000000	844566    	720.000000	842133    	720.000000	6112.12   	720.000000	3060.35   	720.000000	10722.1   	720.000000	9001.46   	720.000000	11954.6   	
740.000000	875083    	740.000000	861481    	740.000000	876522    	740.000000	879067    	740.000000	876522    	740.000000	6315.26   	740.000000	3175.92   	740.000000	11115.6   	740.000000	9346.2    	740.000000	12429.9   	
760.000000	909958    	760.000000	895584    	760.000000	911182    	760.000000	913843    	760.000000	911184    	760.000000	6517.61   	760.000000	3292.1    	760.000000	11509.7   	760.000000	9692.43   	760.000000	12908     	
780.000000	945114    	780.000000	929947    	780.000000	946103    	780.000000	948880    	780.000000	946105    	780.000000	6719.14   	780.000000	3408.81   	780.000000	11904.2   	780.000000	10040     	780.000000	13388.6   	
800.000000	980540    	800.000000	964560    	800.000000	981274    	800.000000	984166    	800.000000	981276    	800.000000	6919.8    	800.000000	3526.08   	800.000000	12299.1   	800.000000	10388.9   	800.000000	13871.5   	
820.000000	1.01622e+06	820.000000	999410    	820.000000	1.01668e+06	820.000000	1.01969e+06	820.000000	1.01668e+06	820.000000	7119.54   	820.000000	3643.91   	820.000000	12694.1   	820.000000	10738.9   	820.000000	14356.6   	
840.000000	1.05215e+06	840.000000	1.03449e+06	840.000000	1.05231e+06	840.000000	1.05544e+06	840.000000	1.05231e+06	840.000000	7318.27   	840.000000	3762.27   	840.000000	13089.1   	840.000000	11089.9   	840.000000	14843.5   	
860.000000	1.08832e+06	860.000000	1.06978e+06	860.000000	1.08815e+06	860.000000	1.0914e+06	860.000000	1.08815e+06	860.000000	7515.91   	860.000000	3881.14   	860.000000	13484     	860.000000	11441.8   	860.000000	15332.2   	
880.000000	1.1247e+06	880.000000	1.10528e+06	880.000000	1.12419e+06	880.000000	1.12756e+06	880.000000	1.12419e+06	880.000000	7712.46   	880.000000	4000.47   	880.000000	13878.8   	880.000000	11794.4   	880.000000	15822.5   	
900.000000	1.16131e+06	900.000000	1.14098e+06	900.000000	1.16042e+06	900.000000	1.16391e+06	900.000000	1.16042e+06	900.000000	7907.89   	900.000000	4120.24   	900.000000	14273.2   	900.000000	12147.6   	900.000000	16314.2   	
920.000000	1.19811e+06	920.000000	1.17687e+06	920.000000	1.19684e+06	920.000000	1.20044e+06	920.000000	1.19684e+06	920.000000	8102.18   	920.000000	4240.41   	920.000000	14667.2   	920.000000	12501.5   	920.000000	16807.2   	
940.000000	1.23512e+06	940.000000	1.21293e+06	940.000000	1.23343e+06	940.000000	1.23716e+06	940.000000	1.23343e+06	940.000000	8295.34   	940.000000	4360.95   	940.000000	15060.9   	940.000000	12855.9   	940.000000	17301.4   	
960.000000	1.27231e+06	960.000000	1.24917e+06	960.000000	1.27018e+06	960.000000	1.27404e+06	960.000000	1.27018e+06	960.000000	8487.34   	960.000000	4481.84   	960.000000	15454     	960.000000	13210.7   	960.000000	17796.6   	
980.000000	1.30967e+06	980.000000	1.28557e+06	980.000000	1.3071e+06	980.000000	1.31108e+06	980.000000	1.3071e+06	980.000000	8678.19   	980.000000	4603.06   	980.000000	15846.5   	980.000000	13565.8   	980.000000	18292.9   	
1000.000000	1.34721e+06	1000.000000	1.32213e+06	1000.000000	1.34417e+06	1000.000000	1.34827e+06	1000.000000	1.34417e+06	1000.000000	8867.87   	1000.000000	4724.61   	1000.000000	16238.4   	1000.000000	13921.3   	1000.000000	18790     	
1020.000000	1.3849e+06	1020.000000	1.35884e+06	1020.000000	1.38139e+06	1020.000000	1.38561e+06	1020.000000	1.38139e+06	1020.000000	9056.38   	1020.000000	4846.49   	1020.000000	16629.6   	1020.000000	14277     	1020.000000	19287.8   	
1040.000000	1.42275e+06	1040.000000	1.39569e+06	1040.000000	1.41875e+06	1040.000000	1.4231e+06	1040.000000	1.41875e+06	1040.000000	9243.71   	1040.000000	4968.73   	1040.000000	17020.1   	1040.000000	14632.8   	1040.000000	19786.3   	
1060.000000	1.46075e+06	1060.000000	1.43268e+06	1060.000000	1.45624e+06	1060.000000	1.46071e+06	1060.000000	1.45624e+06	1060.000000	9429.88   	1060.000000	5091.32   	1060.000000	17409.8   	1060.000000	14988.8   	1060.000000	20285.4   	
1080.000000	1.49889e+06	1080.000000	1.4698e+06	1080.000000	1.49386e+06	1080.000000	1.49846e+06	1080.000000	1.49386e+06	1080.000000	9614.87   	1080.000000	5214.29   	1080.000000	17798.6   	1080.000000	15344.8   	1080.000000	20785     	
1100.000000	1.53715e+06	1100.000000	1.50704e+06	1100.000000	1.5316e+06	1100.000000	1.53633e+06	1100.000000	1.5316e+06	1100.000000	9798.68   	1100.000000	5337.61   	1100.000000	18186.6   	1100.000000	15700.8   	1100.000000	21284.9   	
1120.000000	1.57555e+06	1120.000000	1.5444e+06	1120.000000	1.56946e+06	1120.000000	1.57431e+06	1120.000000	1.56946e+06	1120.000000	9981.32   	1120.000000	5461.27   	1120.000000	18573.7   	1120.000000	16056.8   	1120.000000	21785.2   	
1140.000000	1.61406e+06	1140.000000	1.58187e+06	1140.000000	1.60743e+06	1140.000000	1.61241e+06	1140.000000	1.60743e+06	1140.000000	10162.8   	1140.000000	5585.23   	1140.000000	18959.8   	1140.000000	16412.7   	1140.000000	22285.8   	
1160.000000	1.65268e+06	1160.000000	1.61945e+06	1160.000000	1.64551e+06	1160.000000	1.65062e+06	1160.000000	1.64551e+06	1160.000000	10343.1   	1160.000000	5709.49   	1160.000000	19345     	1160.000000	16768.5   	1160.000000	22786.5   	
1180.000000	1.69141e+06	1180.000000	1.65713e+06	1180.000000	1.68369e+06	1180.000000	1.68893e+06	1180.000000	1.68369e+06	1180.000000	10522.3   	1180.000000	5834.02   	1180.000000	19729.2   	1180.000000	17124.1   	1180.000000	23287.4   	
1200.000000	1.73025e+06	1200.000000	1.69491e+06	1200.000000	1.72197e+06	1200.000000	1.72734e+06	1200.000000	1.72197e+06	1200.000000	10700.3   	1200.000000	5958.82   	1200.000000	20112.3   	1200.000000	17479.5   	1200.000000	23788.4   	
1220.000000	1.76918e+06	1220.000000	1.73278e+06	1220.000000	1.76035e+06	1220.000000	1.76584e+06	1220.000000	1.76034e+06	1220.000000	10877.1   	1220.000000	6083.88   	1220.000000	20494.4   	1220.000000	17834.6   	1220.000000	24289.3   	
1240.000000	1.80819e+06	1240.000000	1.77073e+06	1240.000000	1.79881e+06	1240.000000	1.80444e+06	1240.000000	1.79881e+06	1240.000000	11052.8   	1240.000000	6209.2    	1240.000000	20875.4   	1240.000000	18189.5   	1240.000000	24790.2   	
1260.000000	1.8473e+06	1260.000000	1.80877e+06	1260.000000	1.83737e+06	1260.000000	1.84312e+06	1260.000000	1.83736e+06	1260.000000	11227.4   	1260.000000	6334.79   	1260.000000	21255.4   	1260.000000	18544     	1260.000000	25291     	
1280.000000	1.88648e+06	1280.000000	1.84689e+06	1280.000000	1.876e+06 	1280.000000	1.88189e+06	1280.000000	1.87599e+06	1280.000000	11400.8   	1280.000000	6460.63   	1280.000000	21634.2   	1280.000000	18898.2   	1280.000000	25791.6   	
1300.000000	1.92574e+06	1300.000000	1.88508e+06	1300.000000	1.91471e+06	1300.000000	1.92073e+06	1300.000000	1.91471e+06	1300.000000	11573.1   	1300.000000	6586.74   	1300.000000	22011.9   	1300.000000	19252.1   	1300.000000	26292.1   	
1320.000000	1.96507e+06	1320.000000	1.92334e+06	1320.000000	1.9535e+06	1320.000000	1.95965e+06	1320.000000	1.9535e+06	1320.000000	11744.3   	1320.000000	6713.09   	1320.000000	22388.4   	1320.000000	19605.5   	1320.000000	26792.2   	
1340.000000	2.00447e+06	1340.000000	1.96167e+06	1340.000000	1.99236e+06	1340.000000	1.99864e+06	1340.000000	1.99236e+06	1340.000000	11914.4   	1340.000000	6839.69   	1340.000000	22763.8   	1340.000000	19958.5   	1340.000000	27292.1   	
1360.000000	2.04392e+06	1360.000000	2.00007e+06	1360.000000	2.03128e+06	1360.000000	2.0377e+06	1360.000000	2.03129e+06	1360.000000	12083.4   	1360.000000	6966.54   	1360.000000	23138.1   	1360.000000	20311.1   	1360.000000	27791.7   	
1380.000000	2.08344e+06	1380.000000	2.03852e+06	1380.000000	2.07028e+06	1380.000000	2.07683e+06	1380.000000	2.07029e+06	1380.000000	12251.3   	1380.000000	7093.62   	1380.000000	23511.1   	1380.000000	20663.2   	1380.000000	28290.9   	
1400.000000	2.123e+06 	1400.000000	2.07703e+06	1400.000000	2.10934e+06	1400.000000	2.11602e+06	1400.000000	2.10935e+06	1400.000000	12418.1   	1400.000000	7220.95   	1400.000000	23883     	1400.000000	21014.8   	1400.000000	28789.7   	
1420.000000	2.16262e+06	1420.000000	2.11559e+06	1420.000000	2.14846e+06	1420.000000	2.15528e+06	1420.000000	2.14847e+06	1420.000000	12583.9   	1420.000000	7348.5    	1420.000000	24253.7   	1420.000000	21365.9   	1420.000000	29288     	
1440.000000	2.20228e+06	1440.000000	2.1542e+06	1440.000000	2.18764e+06	1440.000000	2.19459e+06	1440.000000	2.18765e+06	1440.000000	12748.6   	1440.000000	7476.3    	1440.000000	24623.1   	1440.000000	21716.4   	1440.000000	29785.9   	
1460.000000	2.24199e+06	1460.000000	2.19286e+06	1460.000000	2.22687e+06	1460.000000	2.23396e+06	1460.000000	2.22688e+06	1460.000000	12912.3   	1460.000000	7604.32   	1460.000000	24991.4   	1460.000000	22066.5   	1460.000000	30283.3   	
1480.000000	2.28173e+06	1480.000000	2.23156e+06	1480.000000	2.26616e+06	1480.000000	2.27338e+06	1480.000000	2.26617e+06	1480.000000	13074.9   	1480.000000	7732.58   	1480.000000	25358.4   	1480.000000	22415.9   	1480.000000	30780.1   	
1500.000000	2.32151e+06	1500.000000	2.2703e+06	1500.000000	2.3055e+06	1500.000000	2.31285e+06	1500.000000	2.30551e+06	1500.000000	13236.4   	1500.000000	7861.07   	1500.000000	25724.3   	1500.000000	22764.8   	1500.000000	31276.4   	
1520.000000	2.36132e+06	1520.000000	2.30908e+06	1520.000000	2.34488e+06	1520.000000	2.35237e+06	1520.000000	2.34489e+06	1520.000000	13397     	1520.000000	7989.79   	1520.000000	26088.9   	1520.000000	23113     	1520.000000	31772     	
1540.000000	2.40115e+06	1540.000000	2.3479e+06	1540.000000	2.38432e+06	1540.000000	2.39193e+06	1540.000000	2.38433e+06	1540.000000	13556.5   	1540.000000	8118.74   	1540.000000	26452.2   	1540.000000	23460.7   	1540.000000	32267.1   	
1560.000000	2.44102e+06	1560.000000	2.38675e+06	1560.000000	2.4238e+06	1560.000000	2.43154e+06	1560.000000	2.4238e+06	1560.000000	13715.1   	1560.000000	8247.9    	1560.000000	26814.4   	1560.000000	23807.7   	1560.000000	32761.5   	
1580.000000	2.4809e+06	1580.000000	2.42563e+06	1580.000000	2.46332e+06	1580.000000	2.4712e+06	1580.000000	2.46332e+06	1580.000000	13872.6   	1580.000000	8377.28   	1580.000000	27175.3   	1580.000000	24154.1   	1580.000000	33255.3   	
1600.000000	2.5208e+06	1600.000000	2.46453e+06	1600.000000	2.50288e+06	1600.000000	2.51089e+06	1600.000000	2.50288e+06	1600.000000	14029.2   	1600.000000	8506.85   	1600.000000	27535     	1600.000000	24499.8   	1600.000000	33748.3   	
1620.000000	2.56072e+06	1620.000000	2.50347e+06	1620.000000	2.54248e+06	1620.000000	2.55062e+06	1620.000000	2.54248e+06	1620.000000	14184.8   	1620.000000	8636.63   	1620.000000	27893.4   	1620.000000	24844.8   	1620.000000	34240.7   	
1640.000000	2.60066e+06	1640.000000	2.54242e+06	1640.000000	2.58211e+06	1640.000000	2.59039e+06	1640.000000	2.58212e+06	1640.000000	14339.4   	1640.000000	8766.6    	1640.000000	28250.6   	1640.000000	25189.2   	1640.000000	34732.3   	
1660.000000	2.6406e+06	1660.000000	2.5814e+06	1660.000000	2.62178e+06	1660.000000	2.63019e+06	1660.000000	2.62178e+06	1660.000000	14493.1   	1660.000000	8896.76   	1660.000000	28606.6   	1660.000000	25532.9   	1660.000000	35223.2   	
1680.000000	2.68055e+06	1680.000000	2.6204e+06	1680.000000	2.66148e+06	1680.000000	2.67003e+06	1680.000000	2.66149e+06	1680.000000	14645.9   	1680.000000	9027.1    	1680.000000	28961.3   	1680.000000	25876     	1680.000000	35713.4   	
1700.000000	2.72051e+06	1700.000000	2.65941e+06	1700.000000	2.70122e+06	1700.000000	2.7099e+06	1700.000000	2.70122e+06	1700.000000	14797.7   	1700.000000	9157.62   	1700.000000	29314.8   	1700.000000	26218.3   	1700.000000	36202.7   	
1750.000000	2.82041e+06	1750.000000	2.757e+06 	1750.000000	2.80068e+06	1750.000000	2.8097e+06	1750.000000	2.80069e+06	1750.000000	15173.2   	1750.000000	9484.7    	1750.000000	30193.2   	1750.000000	27071     	1750.000000	37422.6   	
1800.000000	2.92029e+06	1800.000000	2.85466e+06	1800.000000	2.9003e+06	1800.000000	2.90966e+06	1800.000000	2.90031e+06	1800.000000	15543.1   	1800.000000	9812.91   	1800.000000	31064     	1800.000000	27919.1   	1800.000000	38637.4   	
1850.000000	3.02013e+06	1850.000000	2.95236e+06	1850.000000	3.00007e+06	1850.000000	3.00977e+06	1850.000000	3.00009e+06	1850.000000	15907.6   	1850.000000	10142.3   	1850.000000	31927.1   	1850.000000	28762.6   	1850.000000	39846.8   	
1900.000000	3.11988e+06	1900.000000	3.05006e+06	1900.000000	3.09997e+06	1900.000000	3.11e+06  	1900.000000	3.09999e+06	1900.000000	16266.7   	1900.000000	10472.9   	1900.000000	32782.8   	1900.000000	29601.4   	1900.000000	41050.7   	
1950.000000	3.21952e+06	1950.000000	3.14776e+06	1950.000000	3.19997e+06	1950.000000	3.21035e+06	1950.000000	3.2e+06   	1950.000000	16620.7   	1950.000000	10804.7   	1950.000000	33630.9   	1950.000000	30435.5   	1950.000000	42248.9   	
2000.000000	3.31903e+06	2000.000000	3.24543e+06	2000.000000	3.30007e+06	2000.000000	3.31079e+06	2000.000000	3.3001e+06	2000.000000	16969.6   	2000.000000	11137.7   	2000.000000	34471.7   	2000.000000	31264.7   	2000.000000	43441.4   	
2100.000000	3.51754e+06	2100.000000	3.4406e+06	2100.000000	3.5005e+06	2100.000000	3.51189e+06	2100.000000	3.50053e+06	2100.000000	17652.9   	2100.000000	11807.4   	2100.000000	36131.5   	2100.000000	32908.7   	2100.000000	45808.7   	
2200.000000	3.71523e+06	2200.000000	3.63543e+06	2200.000000	3.70115e+06	2200.000000	3.71321e+06	2200.000000	3.70118e+06	2200.000000	18317.7   	2200.000000	12481.9   	2200.000000	37762.8   	2200.000000	34533.1   	2200.000000	48151.9   	
2300.000000	3.91196e+06	2300.000000	3.8298e+06	2300.000000	3.90194e+06	2300.000000	3.91466e+06	2300.000000	3.90196e+06	2300.000000	18964.9   	2300.000000	13161     	2300.000000	39366.3   	2300.000000	36138     	2300.000000	50470.8   	
2400.000000	4.10759e+06	2400.000000	4.0236e+06	2400.000000	4.10279e+06	2400.000000	4.11617e+06	2400.000000	4.10281e+06	2400.000000	19595.5   	2400.000000	13844.5   	2400.000000	40943     	2400.000000	37723.3   	2400.000000	52765.1   	
2500.000000	4.30202e+06	2500.000000	4.21676e+06	2500.000000	4.30364e+06	2500.000000	4.31768e+06	2500.000000	4.30366e+06	2500.000000	20210.3   	2500.000000	14532.2   	2500.000000	42493.5   	2500.000000	39289.3   	2500.000000	55034.8   	
2600.000000	4.49514e+06	2600.000000	4.40919e+06	2600.000000	4.50444e+06	2600.000000	4.51914e+06	2600.000000	4.50445e+06	2600.000000	20810.2   	2600.000000	15224.2   	2600.000000	44018.7   	2600.000000	40836.2   	2600.000000	57280     	
2700.000000	4.68689e+06	2700.000000	4.60084e+06	2700.000000	4.70514e+06	2700.000000	4.72051e+06	2700.000000	4.70516e+06	2700.000000	21395.9   	2700.000000	15920.2   	2700.000000	45519.4   	2700.000000	42364.1   	2700.000000	59500.7   	
2800.000000	4.87719e+06	2800.000000	4.79163e+06	2800.000000	4.90572e+06	2800.000000	4.92174e+06	2800.000000	4.90574e+06	2800.000000	21968.1   	2800.000000	16620.2   	2800.000000	46996.4   	2800.000000	43873.4   	2800.000000	61697.2   	
2900.000000	5.06598e+06	2900.000000	4.98154e+06	2900.000000	5.10613e+06	2900.000000	5.12282e+06	2900.000000	5.10616e+06	2900.000000	22527.4   	2900.000000	17324.2   	2900.000000	48450.4   	2900.000000	45364.4   	2900.000000	63869.8   	
3000.000000	5.25323e+06	3000.000000	5.17052e+06	3000.000000	5.30636e+06	3000.000000	5.32371e+06	3000.000000	5.3064e+06	3000.000000	23074.6   	3000.000000	18032.2   	3000.000000	49882.2   	3000.000000	46837.5   	3000.000000	66018.8   	
3200.000000	5.62292e+06	3200.000000	5.54554e+06	3200.000000	5.70618e+06	3200.000000	5.72485e+06	3200.000000	5.70624e+06	3200.000000	24134.5   	3200.000000	19460.1   	3200.000000	52682     	3200.000000	49731     	3200.000000	70247.4   	
3400.000000	5.98603e+06	3400.000000	5.91649e+06	3400.000000	6.10504e+06	3400.000000	6.12502e+06	3400.000000	6.10512e+06	3400.000000	25152.1   	3400.000000	20903.8   	3400.000000	55401.3   	3400.000000	52556.8   	3400.000000	74385.9   	
3600.000000	6.34241e+06	3600.000000	6.28322e+06	3600.000000	6.50286e+06	3600.000000	6.52413e+06	3600.000000	6.50295e+06	3600.000000	26131     	3600.000000	22363.2   	3600.000000	58045     	3600.000000	55317.8   	3600.000000	78437.7   	
3800.000000	6.69201e+06	3800.000000	6.64564e+06	3800.000000	6.89957e+06	3800.000000	6.92211e+06	3800.000000	6.89966e+06	3800.000000	27074.4   	3800.000000	23838.3   	3800.000000	60617.9   	3800.000000	58016.7   	3800.000000	82406     	
4000.000000	7.03479e+06	4000.000000	7.00369e+06	4000.000000	7.29512e+06	4000.000000	7.31892e+06	4000.000000	7.29521e+06	4000.000000	27985.2   	4000.000000	25328.9   	4000.000000	63124.3   	4000.000000	60656.5   	4000.000000	86294.1   	
4200.000000	7.37079e+06	4200.000000	7.35735e+06	4200.000000	7.68949e+06	4200.000000	7.71454e+06	4200.000000	7.68959e+06	4200.000000	28865.9   	4200.000000	26834.9   	4200.000000	65568.1   	4200.000000	63239.7   	4200.000000	90105.3   	
4400.000000	7.70006e+06	4400.000000	7.70662e+06	4400.000000	8.08267e+06	4400.000000	8.10896e+06	4400.000000	8.08276e+06	4400.000000	29718.9   	4400.000000	28356.1   	4400.000000	67952.8   	4400.000000	65768.8   	4400.000000	93842.7   	
4600.000000	8.02268e+06	4600.000000	8.05151e+06	4600.000000	8.47465e+06	4600.000000	8.50217e+06	4600.000000	8.47475e+06	4600.000000	30546     	4600.000000	29892.3   	4600.000000	70282     	4600.000000	68246.2   	4600.000000	97509.4   	
4800.000000	8.33875e+06	4800.000000	8.39207e+06	4800.000000	8.86544e+06	4800.000000	8.89418e+06	4800.000000	8.86554e+06	4800.000000	31349.2   	4800.000000	31443.3   	4800.000000	72558.6   	4800.000000	70674.4   	4800.000000	101108    	
5000.000000	8.64839e+06	5000.000000	8.72833e+06	5000.000000	9.25505e+06	5000.000000	9.285e+06 	5000.000000	9.25514e+06	5000.000000	32130     	5000.000000	33009     	5000.000000	74785.4   	5000.000000	73055.3   	5000.000000	104642    	
5250.000000	9.02659e+06	5250.000000	9.14269e+06	5250.000000	9.74042e+06	5250.000000	9.77187e+06	5250.000000	9.74052e+06	5250.000000	33076.7   	5250.000000	34986.5   	5250.000000	77503     	5250.000000	75968.2   	5250.000000	108972    	
5500.000000	9.39519e+06	5500.000000	9.55055e+06	5500.000000	1.0224e+07	5500.000000	1.02569e+07	5500.000000	1.02241e+07	5500.000000	33993.4   	5500.000000	36986.3   	5500.000000	80151.6   	5500.000000	78814.2   	5500.000000	113209    	
6000.000000	1.01047e+07	6000.000000	1.03473e+07	6000.000000	1.11859e+07	6000.000000	1.12218e+07	6000.000000	1.1186e+07	6000.000000	35745.2   	6000.000000	41051.4   	6000.000000	85258.4   	6000.000000	84319.5   	6000.000000	121423    	
6500.000000	1.07791e+07	6500.000000	1.11196e+07	6500.000000	1.21412e+07	6500.000000	1.218e+07 	6500.000000	1.21413e+07	6500.000000	37400.7   	6500.000000	45201.8   	6500.000000	90135.3   	6500.000000	89595.8   	6500.000000	129318    	
7000.000000	1.14205e+07	7000.000000	1.18686e+07	7000.000000	1.30902e+07	7000.000000	1.31318e+07	7000.000000	1.30903e+07	7000.000000	38972.3   	7000.000000	49435.6   	7000.000000	94807.1   	7000.000000	94664.9   	7000.000000	136922    	
7500.000000	1.20312e+07	7500.000000	1.25956e+07	7500.000000	1.40332e+07	7500.000000	1.40776e+07	7500.000000	1.40333e+07	7500.000000	40470.1   	7500.000000	53748.7   	7500.000000	99294.6   	7500.000000	99545.2   	7500.000000	144259    	
8000.000000	1.26131e+07	8000.000000	1.33016e+07	8000.000000	1.49705e+07	8000.000000	1.50177e+07	8000.000000	1.49707e+07	8000.000000	41902.3   	8000.000000	58139.3   	8000.000000	103615    	8000.000000	104253    	8000.000000	151354    	
8500.000000	1.3168e+07	8500.000000	1.39876e+07	8500.000000	1.59026e+07	8500.000000	1.59525e+07	8500.000000	1.59027e+07	8500.000000	43276     	8500.000000	62607.3   	8500.000000	107785    	8500.000000	108803    	8500.000000	158224    	
9000.000000	1.36978e+07	9000.000000	1.46548e+07	9000.000000	1.68296e+07	9000.000000	1.68821e+07	9000.000000	1.68297e+07	9000.000000	44597     	9000.000000	67151     	9000.000000	111816    	9000.000000	113207    	9000.000000	164887    	
9500.000000	1.4204e+07	9500.000000	1.5304e+07	9500.000000	1.77518e+07	9500.000000	1.7807e+07	9500.000000	1.77519e+07	9500.000000	45870.2   	9500.000000	71768.5   	9500.000000	115721    	9500.000000	117476    	9500.000000	171358    	
10000.000000	1.46882e+07	10000.000000	1.59363e+07	10000.000000	1.86695e+07	10000.000000	1.87273e+07	10000.000000	1.86696e+07	10000.000000	47100.1   	10000.000000	76458.6   	10000.000000	119508    	10000.000000	121620    	10000.000000	177651    	
11000.000000	1.55959e+07	11000.000000	1.71529e+07	11000.000000	2.04923e+07	11000.000000	2.05552e+07	11000.000000	2.04924e+07	11000.000000	49444     	11000.000000	86050.3   	11000.000000	126767    	11000.000000	129569    	11000.000000	189749    	
12000.000000	1.64307e+07	12000.000000	1.83109e+07	12000.000000	2.22995e+07	12000.000000	2.23674e+07	12000.000000	2.22996e+07	12000.000000	51653.2   	12000.000000	95909.4   	12000.000000	133652    	12000.000000	137112    	12000.000000	201265    	
13000.000000	1.72011e+07	13000.000000	1.94155e+07	13000.000000	2.40926e+07	13000.000000	2.41653e+07	13000.000000	2.40927e+07	13000.000000	53746.8   	13000.000000	106024    	13000.000000	140211    	13000.000000	144298    	13000.000000	212266    	
14000.000000	1.79142e+07	14000.000000	2.04715e+07	14000.000000	2.58727e+07	14000.000000	2.59502e+07	14000.000000	2.58728e+07	14000.000000	55739.8   	14000.000000	116388    	14000.000000	146481    	14000.000000	151166    	14000.000000	222810    	
15000.000000	1.85762e+07	15000.000000	2.14831e+07	15000.000000	2.7641e+07	15000.000000	2.77231e+07	15000.000000	2.76411e+07	15000.000000	57644.4   	15000.000000	126997    	15000.000000	152495    	15000.000000	157751    	15000.000000	232942    	
16000.000000	1.91925e+07	16000.000000	2.24537e+07	16000.000000	2.93983e+07	16000.000000	2.9485e+07	16000.000000	2.93984e+07	16000.000000	59470.7   	16000.000000	137845    	16000.000000	158278    	16000.000000	164081    	16000.000000	242703    	
17000.000000	1.97676e+07	17000.000000	2.33868e+07	17000.000000	3.11455e+07	17000.000000	3.12365e+07	17000.000000	3.11455e+07	17000.000000	61226.8   	17000.000000	148920    	17000.000000	163854    	17000.000000	170179    	17000.000000	252128    	
18000.000000	2.03056e+07	18000.000000	2.4285e+07	18000.000000	3.28831e+07	18000.000000	3.29785e+07	18000.000000	3.28831e+07	18000.000000	62919.9   	18000.000000	160212    	18000.000000	169241    	18000.000000	176065    	18000.000000	261244    	
19000.000000	2.08099e+07	19000.000000	2.5151e+07	19000.000000	3.46119e+07	19000.000000	3.47116e+07	19000.000000	3.46119e+07	19000.000000	64555.8   	19000.000000	171713    	19000.000000	174456    	19000.000000	181759    	19000.000000	270079    	
20000.000000	2.12837e+07	20000.000000	2.59871e+07	20000.000000	3.63324e+07	20000.000000	3.64363e+07	20000.000000	3.63324e+07	20000.000000	66139.7   	20000.000000	183415    	20000.000000	179512    	20000.000000	187275    	20000.000000	278653    	
21000.000000	2.17296e+07	21000.000000	2.67952e+07	21000.000000	3.80451e+07	21000.000000	3.81531e+07	21000.000000	3.80451e+07	21000.000000	67675.9   	21000.000000	195312    	21000.000000	184422    	21000.000000	192626    	21000.000000	286987    	
22000.000000	2.21499e+07	22000.000000	2.75773e+07	22000.000000	3.97504e+07	22000.000000	3.98624e+07	22000.000000	3.97505e+07	22000.000000	69168.2   	22000.000000	207401    	22000.000000	189198    	22000.000000	197826    	22000.000000	295098    	
23000.000000	2.25469e+07	23000.000000	2.8335e+07	23000.000000	4.14488e+07	23000.000000	4.15648e+07	23000.000000	4.14489e+07	23000.000000	70620     	23000.000000	219681    	23000.000000	193847    	23000.000000	202884    	23000.000000	303000    	
24000.000000	2.29225e+07	24000.000000	2.90698e+07	24000.000000	4.31407e+07	24000.000000	4.32605e+07	24000.000000	4.31408e+07	24000.000000	72034.3   	24000.000000	232146    	24000.000000	198380    	24000.000000	207811    	24000.000000	310709    	
25000.000000	2.32782e+07	25000.000000	2.97831e+07	25000.000000	4.48263e+07	25000.000000	4.49498e+07	25000.000000	4.48264e+07	25000.000000	73413.7   	25000.000000	244789    	25000.000000	202804    	25000.000000	212614    	25000.000000	318236    	
26000.000000	2.36157e+07	26000.000000	3.04762e+07	26000.000000	4.6506e+07	26000.000000	4.66332e+07	26000.000000	4.65061e+07	26000.000000	74760.5   	26000.000000	257605    	26000.000000	207125    	26000.000000	217302    	26000.000000	325593    	
27000.000000	2.39362e+07	27000.000000	3.11501e+07	27000.000000	4.818e+07 	27000.000000	4.83108e+07	27000.000000	4.81802e+07	27000.000000	76076.8   	27000.000000	270590    	27000.000000	211350    	27000.000000	221881    	27000.000000	332789    	
28000.000000	2.42411e+07	28000.000000	3.1806e+07	28000.000000	4.98487e+07	28000.000000	4.9983e+07	28000.000000	4.98489e+07	28000.000000	77364.6   	28000.000000	283743    	28000.000000	215484    	28000.000000	226358    	28000.000000	339834    	
29000.000000	2.45314e+07	29000.000000	3.24449e+07	29000.000000	5.15123e+07	29000.000000	5.16499e+07	29000.000000	5.15124e+07	29000.000000	78625.4   	29000.000000	297063    	29000.000000	219533    	29000.000000	230738    	29000.000000	346735    	
30000.000000	2.48082e+07	30000.000000	3.30675e+07	30000.000000	5.31709e+07	30000.000000	5.33118e+07	30000.000000	5.3171e+07	30000.000000	79861     	30000.000000	310546    	30000.000000	223501    	30000.000000	235027    	30000.000000	353501    	
32000.000000	2.53246e+07	32000.000000	3.42674e+07	32000.000000	5.64742e+07	32000.000000	5.66214e+07	32000.000000	5.64743e+07	32000.000000	82261.5   	32000.000000	337995    	32000.000000	231210    	32000.000000	243349    	32000.000000	366654    	
34000.000000	2.57968e+07	34000.000000	3.54116e+07	34000.000000	5.97601e+07	34000.000000	5.99132e+07	34000.000000	5.97602e+07	34000.000000	84576.2   	34000.000000	366058    	34000.000000	238642    	34000.000000	251359    	34000.000000	379342    	
36000.000000	2.62301e+07	36000.000000	3.65053e+07	36000.000000	6.30299e+07	36000.000000	6.31886e+07	36000.000000	6.303e+07 	36000.000000	86813.1   	36000.000000	394707    	36000.000000	245823    	36000.000000	259084    	36000.000000	391606    	
38000.000000	2.66291e+07	38000.000000	3.75527e+07	38000.000000	6.62847e+07	38000.000000	6.64486e+07	38000.000000	6.62848e+07	38000.000000	88979.6   	38000.000000	423915    	38000.000000	252774    	38000.000000	266551    	38000.000000	403484    	
40000.000000	2.69975e+07	40000.000000	3.85578e+07	40000.000000	6.95255e+07	40000.000000	6.96942e+07	40000.000000	6.95256e+07	40000.000000	91081.6   	40000.000000	453662    	40000.000000	259513    	40000.000000	273779    	40000.000000	415006    	
42000.000000	2.73387e+07	42000.000000	3.9524e+07	42000.000000	7.27532e+07	42000.000000	7.29263e+07	42000.000000	7.27533e+07	42000.000000	93124.4   	42000.000000	483929    	42000.000000	266058    	42000.000000	280789    	42000.000000	426199    	
44000.000000	2.76556e+07	44000.000000	4.04542e+07	44000.000000	7.59686e+07	44000.000000	7.61457e+07	44000.000000	7.59687e+07	44000.000000	95112.6   	44000.000000	514698    	44000.000000	272423    	44000.000000	287596    	44000.000000	437088    	
46000.000000	2.79505e+07	46000.000000	4.1351e+07	46000.000000	7.91723e+07	46000.000000	7.93531e+07	46000.000000	7.91726e+07	46000.000000	97050.4   	46000.000000	545955    	46000.000000	278620    	46000.000000	294214    	46000.000000	447695    	
48000.000000	2.82256e+07	48000.000000	4.2217e+07	48000.000000	8.23651e+07	48000.000000	8.25492e+07	48000.000000	8.23655e+07	48000.000000	98941.3   	48000.000000	577687    	48000.000000	284662    	48000.000000	300658    	48000.000000	458038    	
50000.000000	2.84828e+07	50000.000000	4.3054e+07	50000.000000	8.55475e+07	50000.000000	8.57345e+07	50000.000000	8.55481e+07	50000.000000	100788    	50000.000000	609879    	50000.000000	290558    	50000.000000	306938    	50000.000000	468134    	
