! 7Li range in C5F20H190
! apply ZOOM for details
Energy (MeV/u)1	0 - [He-base] F.Hubert et al, AD&ND Tables 46(1990)1	Energy (MeV/u)2	1 - [H -base] J.F.Ziegler et al,Pergamon Press,NY(low energy)	Energy (MeV/u)3	2 - ATIMA 1.2 LS-theory (recommended for high energy)	Energy (MeV/u)4	3 - ATIMA 1.2 without LS-correction	Energy (MeV/u)5	4 - ATIMA 1.4 H.Weick, improved mean charge formula for HI	Energy (MeV/u)6	5 - Range straggling - method [0] - LISE	Energy (MeV/u)7	6 - Range straggling - method [1] - Atima	Energy (MeV/u)8	7 - Lateral range - method [0] - LISE	Energy (MeV/u)9	8 - Lateral range - method [1] - Atima	Energy (MeV/u)10	9 - Lateral range - method [2] - PDG	
0.001000	460.267   	0.001000	460.267   	0.001000	345.145   	0.001000	345.145   	0.001000	345.19    	0.001000	0         	0.001000	0         	0.001000	4.61763   	0.001000	10.5784   	0.001000	4.88582   	
0.002000	920.534   	0.002000	920.534   	0.002000	690.289   	0.002000	690.289   	0.002000	690.379   	0.002000	27.0713   	0.002000	27.0713   	0.002000	13.5224   	0.002000	29.9323   	0.002000	15.0282   	
0.005000	2101.52   	0.005000	2101.52   	0.005000	1541.82   	0.005000	1541.82   	0.005000	1541.96   	0.005000	31.8615   	0.005000	31.8615   	0.005000	46.4723   	0.005000	99.5814   	0.005000	53.8154   	
0.008000	3048.86   	0.008000	3048.86   	0.008000	2222.52   	0.008000	2222.52   	0.008000	2222.67   	0.008000	32.0092   	0.008000	32.0092   	0.008000	81.4956   	0.008000	172.172   	0.008000	95.9554   	
0.010000	3596.21   	0.010000	3596.21   	0.010000	2618.77   	0.010000	2618.77   	0.010000	2618.92   	0.010000	32.4828   	0.010000	32.4828   	0.010000	104.866   	0.010000	220.158   	0.010000	124.361   	
0.015000	4770.31   	0.015000	4770.31   	0.015000	3487.03   	0.015000	3487.03   	0.015000	3487.19   	0.015000	34.7265   	0.015000	34.7265   	0.015000	162.586   	0.015000	337.483   	0.015000	195.496   	
0.020000	5747.7    	0.020000	5747.7    	0.020000	4253.35   	0.020000	4253.35   	0.020000	4253.51   	0.020000	37.7101   	0.020000	37.7101   	0.020000	213.121   	0.020000	434.44    	0.020000	266.133   	
0.025000	6580.81   	0.025000	6580.81   	0.025000	4945.89   	0.025000	4945.89   	0.025000	4946.05   	0.025000	40.7774   	0.025000	40.7774   	0.025000	257.208   	0.025000	514.165   	0.025000	319.107   	
0.030000	7309.13   	0.030000	7309.13   	0.030000	5576.54   	0.030000	5576.54   	0.030000	5576.71   	0.030000	43.6174   	0.030000	43.6174   	0.030000	297.217   	0.030000	583.689   	0.030000	358.848   	
0.035000	7963.47   	0.035000	7963.47   	0.035000	6155.29   	0.035000	6155.29   	0.035000	6155.46   	0.035000	46.1477   	0.035000	46.1477   	0.035000	333.899   	0.035000	645.54    	0.035000	390.298   	
0.040000	8562.64   	0.040000	8562.64   	0.040000	6692.64   	0.040000	6692.64   	0.040000	6692.81   	0.040000	48.4025   	0.040000	48.4025   	0.040000	366.495   	0.040000	699.585   	0.040000	416.273   	
0.045000	9118.5    	0.045000	9118.5    	0.045000	7196.29   	0.045000	7196.29   	0.045000	7196.46   	0.045000	50.4245   	0.045000	50.4245   	0.045000	393.588   	0.045000	744.25    	0.045000	438.382   	
0.050000	9639.16   	0.050000	9639.16   	0.050000	7672.09   	0.050000	7672.09   	0.050000	7672.26   	0.050000	52.2532   	0.050000	52.2504   	0.050000	416.255   	0.050000	781.389   	0.050000	457.529   	
0.055000	10130.4   	0.055000	10130.4   	0.055000	8124.59   	0.055000	8124.59   	0.055000	8124.76   	0.055000	53.9222   	0.055000	53.909    	0.055000	436.077   	0.055000	813.816   	0.055000	474.308   	
0.060000	10596.5   	0.060000	10596.5   	0.060000	8557.42   	0.060000	8557.42   	0.060000	8557.59   	0.060000	55.459    	0.060000	55.4342   	0.060000	453.617   	0.060000	842.444   	0.060000	489.405   	
0.070000	11467.6   	0.070000	11467.6   	0.070000	9375.22   	0.070000	9375.22   	0.070000	9375.39   	0.070000	58.2222   	0.070000	58.1841   	0.070000	483.53    	0.070000	891.065   	0.070000	515.678   	
0.080000	12274.5   	0.080000	12274.5   	0.080000	10143.3   	0.080000	10143.3   	0.080000	10143.4   	0.080000	60.6774   	0.080000	60.6483   	0.080000	508.642   	0.080000	931.607   	0.080000	538.269   	
0.090000	13032.9   	0.090000	13032.9   	0.090000	10874.1   	0.090000	10874.1   	0.090000	10874.2   	0.090000	62.9155   	0.090000	62.9162   	0.090000	530.483   	0.090000	966.638   	0.090000	557.832   	
0.100000	13754.2   	0.100000	13754.2   	0.100000	11576.7   	0.100000	11576.7   	0.100000	11576.9   	0.100000	64.9997   	0.100000	65.001    	0.100000	549.818   	0.100000	997.428   	0.100000	575.702   	
0.120000	15109.7   	0.120000	15109.7   	0.120000	12923.1   	0.120000	12923.1   	0.120000	12923.3   	0.120000	68.8746   	0.120000	68.7845   	0.120000	583.34    	0.120000	1050.36   	0.120000	607.075   	
0.140000	16383.9   	0.140000	16383.9   	0.140000	14220.4   	0.140000	14220.4   	0.140000	14220.6   	0.140000	72.5399   	0.140000	72.2736   	0.140000	612.536   	0.140000	1095.88   	0.140000	634.919   	
0.160000	17607.9   	0.160000	17607.9   	0.160000	15492.3   	0.160000	15492.3   	0.160000	15492.4   	0.160000	76.1348   	0.160000	75.6284   	0.160000	639.036   	0.160000	1136.75   	0.160000	660.4     	
0.180000	18804.4   	0.180000	18804.4   	0.180000	16754.3   	0.180000	16754.3   	0.180000	16754.4   	0.180000	79.7468   	0.180000	78.9455   	0.180000	663.338   	0.180000	1173.93   	0.180000	684.423   	
0.200000	19987.1   	0.200000	19987.1   	0.200000	18017     	0.200000	18017     	0.200000	18017.1   	0.200000	83.4341   	0.200000	82.2866   	0.200000	686.594   	0.200000	1209.2    	0.200000	707.414   	
0.250000	22942.4   	0.250000	22942.4   	0.250000	21220.4   	0.250000	21220.4   	0.250000	21220.5   	0.250000	93.2166   	0.250000	90.9845   	0.250000	740.936   	0.250000	1290.68   	0.250000	762.619   	
0.300000	25919.6   	0.300000	25919.6   	0.300000	24531     	0.300000	24531     	0.300000	24531.2   	0.300000	103.98    	0.300000	100.358   	0.300000	793.002   	0.300000	1367.58   	0.300000	816.459   	
0.350000	28961.4   	0.350000	28961.4   	0.350000	27961.1   	0.350000	27961.1   	0.350000	27961.3   	0.350000	115.677   	0.350000	110.389   	0.350000	843.404   	0.350000	1441.43   	0.350000	869.415   	
0.400000	32101.8   	0.400000	32101.8   	0.400000	31532.9   	0.400000	31532.9   	0.400000	31533     	0.400000	128.42    	0.400000	121.179   	0.400000	893.343   	0.400000	1514.03   	0.400000	922.671   	
0.450000	35365.6   	0.450000	35365.6   	0.450000	35262.5   	0.450000	35262.5   	0.450000	35262.6   	0.450000	142.298   	0.450000	132.8     	0.450000	943.739   	0.450000	1586.74   	0.450000	976.645   	
0.500000	38764.8   	0.500000	38764.8   	0.500000	39156.3   	0.500000	39156.3   	0.500000	39156.5   	0.500000	157.313   	0.500000	145.25    	0.500000	994.507   	0.500000	1659.66   	0.500000	1031.69   	
0.600000	45967.3   	0.600000	45967.3   	0.600000	47435.8   	0.600000	47435.8   	0.600000	47435.9   	0.600000	190.553   	0.600000	172.601   	0.600000	1098.5    	0.600000	1807.95   	0.600000	1144.87   	
0.700000	53764     	0.700000	53764     	0.700000	56358.2   	0.700000	56358.2   	0.700000	56358.3   	0.700000	227.71    	0.700000	203.58    	0.700000	1200.07   	0.700000	1959.87   	0.700000	1262.48   	
0.800000	62121.1   	0.800000	62121.1   	0.800000	65904.1   	0.800000	65904.1   	0.800000	65904.2   	0.800000	268.412   	0.800000	237.596   	0.800000	1296.81   	0.800000	2116.52   	0.800000	1385.7    	
0.900000	70991.6   	0.900000	70991.6   	0.900000	76055.2   	0.900000	76055.2   	0.900000	76055.3   	0.900000	312.383   	0.900000	274.14    	0.900000	1397.11   	0.900000	2260.57   	0.900000	1494.55   	
1.000000	80429     	1.000000	80429     	1.000000	86809.4   	1.000000	86809.4   	1.000000	86809.5   	1.000000	359.599   	1.000000	313.016   	1.000000	1501.37   	1.000000	2399.74   	1.000000	1577.35   	
1.250000	106639    	1.250000	106639    	1.250000	116310    	1.250000	116310    	1.250000	116310    	1.250000	491.587   	1.250000	419.532   	1.250000	1779.04   	1.250000	2769.46   	1.250000	1805.5    	
1.500000	137198    	1.500000	137198    	1.500000	149388    	1.500000	149388    	1.500000	149388    	1.500000	641.895   	1.500000	537.368   	1.500000	2079.62   	1.500000	3167.89   	1.500000	2061.74   	
1.750000	172370    	1.750000	172370    	1.750000	185958    	1.750000	185958    	1.750000	185958    	1.750000	810.119   	1.750000	665.726   	1.750000	2393.72   	1.750000	3583.49   	1.750000	2345.06   	
2.000000	211823    	2.000000	211823    	2.000000	225991    	2.000000	225991    	2.000000	225991    	2.000000	996.472   	2.000000	804.482   	2.000000	2695.62   	2.000000	3986.53   	2.000000	2655.22   	
2.250000	255329    	2.250000	255329    	2.250000	269491    	2.250000	269491    	2.250000	269491    	2.250000	1201.48   	2.250000	953.829   	2.250000	3023.53   	2.250000	4422.35   	2.250000	2992.3    	
2.500000	302774    	2.500000	302732    	2.500000	316470    	2.500000	316470    	2.500000	316470    	2.500000	1425.66   	2.500000	1113.99   	2.500000	3377.5    	2.500000	4890.47   	2.500000	3356.46   	
3.000000	411275    	3.000000	408780    	3.000000	420901    	3.000000	420901    	3.000000	420901    	3.000000	1933.02   	3.000000	1467.34   	3.000000	4163.84   	3.000000	5922.18   	3.000000	4166.66   	
3.500000	534367    	3.500000	529350    	3.500000	539312    	3.500000	539312    	3.500000	539312    	3.500000	2520.57   	3.500000	1865.22   	3.500000	5054.82   	3.500000	7079.23   	3.500000	5086.53   	
4.000000	671797    	4.000000	664100    	4.000000	671665    	4.000000	671665    	4.000000	671665    	4.000000	3189.09   	4.000000	2307.48   	4.000000	6050.37   	4.000000	8359.53   	4.000000	6116.35   	
4.500000	823340    	4.500000	812801    	4.500000	817872    	4.500000	817872    	4.500000	817871    	4.500000	3938.59   	4.500000	2793.32   	4.500000	7150.06   	4.500000	9761.02   	4.500000	7255.9    	
5.000000	988797    	5.000000	975272    	5.000000	977816    	5.000000	977816    	5.000000	977816    	5.000000	4768.65   	5.000000	3321.86   	5.000000	8353.24   	5.000000	11281.6   	5.000000	8504.7    	
5.500000	1.16799e+06	5.500000	1.15135e+06	5.500000	1.15137e+06	5.500000	1.15137e+06	5.500000	1.15137e+06	5.500000	5678.61   	5.500000	3892.23   	5.500000	9658.99   	5.500000	12919.1   	5.500000	9861.91   	
6.000000	1.36074e+06	6.000000	1.34087e+06	6.000000	1.33839e+06	6.000000	1.33839e+06	6.000000	1.33838e+06	6.000000	6667.72   	6.000000	4503.61   	6.000000	11066.5   	6.000000	14671.6   	6.000000	11326.9   	
6.500000	1.56691e+06	6.500000	1.5437e+06	6.500000	1.53874e+06	6.500000	1.53874e+06	6.500000	1.53874e+06	6.500000	7735.19   	6.500000	5155.15   	6.500000	12574.9   	6.500000	16537.1   	6.500000	12898.6   	
7.000000	1.78635e+06	7.000000	1.75971e+06	7.000000	1.75229e+06	7.000000	1.75229e+06	7.000000	1.75229e+06	7.000000	8880.29   	7.000000	5846.14   	7.000000	14183.3   	7.000000	18514.1   	7.000000	14576.5   	
7.500000	2.01893e+06	7.500000	1.98878e+06	7.500000	1.97891e+06	7.500000	1.97891e+06	7.500000	1.97891e+06	7.500000	10102.3   	7.500000	6575.91   	7.500000	15890.9   	7.500000	20600.7   	7.500000	16359.5   	
8.000000	2.26452e+06	8.000000	2.23079e+06	8.000000	2.21849e+06	8.000000	2.21849e+06	8.000000	2.21849e+06	8.000000	11400.6   	8.000000	7343.81   	8.000000	17696.8   	8.000000	22795.5   	8.000000	18246.9   	
8.500000	2.523e+06 	8.500000	2.48564e+06	8.500000	2.47091e+06	8.500000	2.47091e+06	8.500000	2.47091e+06	8.500000	12774.6   	8.500000	8149.11   	8.500000	19600.3   	8.500000	25097.1   	8.500000	20238.1   	
9.000000	2.79427e+06	9.000000	2.75322e+06	9.000000	2.73607e+06	9.000000	2.73607e+06	9.000000	2.73606e+06	9.000000	14223.8   	9.000000	8991.18   	9.000000	21600.7   	9.000000	27504.2   	9.000000	22332.4   	
9.500000	3.07821e+06	9.500000	3.03345e+06	9.500000	3.01386e+06	9.500000	3.01386e+06	9.500000	3.01386e+06	9.500000	15747.7   	9.500000	9869.63   	9.500000	23697.5   	9.500000	30015.6   	9.500000	24529.1   	
10.000000	3.37473e+06	10.000000	3.32641e+06	10.000000	3.30421e+06	10.000000	3.30421e+06	10.000000	3.3042e+06	10.000000	17345.8   	10.000000	10784.3   	10.000000	25889.9   	10.000000	32630.2   	10.000000	26827.6   	
11.000000	4.00513e+06	11.000000	3.95944e+06	11.000000	3.92259e+06	11.000000	3.92255e+06	11.000000	3.9226e+06	11.000000	20769.7   	11.000000	12724.7   	11.000000	30563.3   	11.000000	38169.2   	11.000000	31732     	
12.000000	4.68473e+06	12.000000	4.64082e+06	12.000000	4.59099e+06	12.000000	4.59081e+06	12.000000	4.59101e+06	12.000000	24497.7   	12.000000	14812.9   	12.000000	35620.7   	12.000000	44118     	12.000000	37045.7   	
13.000000	5.41286e+06	13.000000	5.36996e+06	13.000000	5.3088e+06	13.000000	5.30841e+06	13.000000	5.30886e+06	13.000000	28525.8   	13.000000	17044.8   	13.000000	41058.5   	13.000000	50470     	13.000000	42765.3   	
14.000000	6.1889e+06	14.000000	6.14633e+06	14.000000	6.07548e+06	14.000000	6.0748e+06	14.000000	6.07558e+06	14.000000	32850.6   	14.000000	19416.9   	14.000000	46873.4   	14.000000	57219.3   	14.000000	48887.4   	
15.000000	7.01227e+06	15.000000	6.96941e+06	15.000000	6.89048e+06	15.000000	6.88948e+06	15.000000	6.89066e+06	15.000000	37468.6   	15.000000	21927.9   	15.000000	53062     	15.000000	64360.2   	15.000000	55409     	
16.000000	7.88242e+06	16.000000	7.83873e+06	16.000000	7.75329e+06	16.000000	7.75193e+06	16.000000	7.75359e+06	16.000000	42376.5   	16.000000	24575.6   	16.000000	59620.9   	16.000000	71887.1   	16.000000	62326.7   	
17.000000	8.79882e+06	17.000000	8.75383e+06	17.000000	8.66342e+06	17.000000	8.66168e+06	17.000000	8.66387e+06	17.000000	47571.2   	17.000000	27356.7   	17.000000	66547     	17.000000	79794.9   	17.000000	69637.5   	
18.000000	9.76099e+06	18.000000	9.71427e+06	18.000000	9.6204e+06	18.000000	9.61823e+06	18.000000	9.62102e+06	18.000000	53049.2   	18.000000	30268.2   	18.000000	73836.9   	18.000000	88078.5   	18.000000	77338.1   	
19.000000	1.07685e+07	19.000000	1.07196e+07	19.000000	1.06237e+07	19.000000	1.06211e+07	19.000000	1.06245e+07	19.000000	58807.1   	19.000000	33308.4   	19.000000	81487     	19.000000	96732.6   	19.000000	85425.1   	
20.000000	1.18208e+07	20.000000	1.17695e+07	20.000000	1.16729e+07	20.000000	1.16699e+07	20.000000	1.1674e+07	20.000000	64841.2   	20.000000	36475     	20.000000	89493.9   	20.000000	105752    	20.000000	93895.1   	
21.000000	1.29175e+07	21.000000	1.28636e+07	21.000000	1.27675e+07	21.000000	1.2764e+07	21.000000	1.27688e+07	21.000000	71147.8   	21.000000	39765.6   	21.000000	97854     	21.000000	115133    	21.000000	102744    	
22.000000	1.40582e+07	22.000000	1.40015e+07	22.000000	1.3907e+07	22.000000	1.39031e+07	22.000000	1.39086e+07	22.000000	77723     	22.000000	43178     	22.000000	106563    	22.000000	124868    	22.000000	111969    	
23.000000	1.52426e+07	23.000000	1.51827e+07	23.000000	1.50909e+07	23.000000	1.50866e+07	23.000000	1.50928e+07	23.000000	84562.5   	23.000000	46709.8   	23.000000	115618    	23.000000	134955    	23.000000	121566    	
24.000000	1.64702e+07	24.000000	1.64071e+07	24.000000	1.63186e+07	24.000000	1.6314e+07	24.000000	1.63209e+07	24.000000	91662     	24.000000	50358.6   	24.000000	125014    	24.000000	145386    	24.000000	131531    	
25.000000	1.77406e+07	25.000000	1.76742e+07	25.000000	1.75898e+07	25.000000	1.75848e+07	25.000000	1.75925e+07	25.000000	99017.1   	25.000000	54121.8   	25.000000	134748    	25.000000	156157    	25.000000	141859    	
27.000000	2.04087e+07	27.000000	2.03355e+07	27.000000	2.02602e+07	27.000000	2.02547e+07	27.000000	2.02638e+07	27.000000	114475    	27.000000	61982.2   	27.000000	155209    	27.000000	178699    	27.000000	163590    	
29.000000	2.3244e+07	29.000000	2.31642e+07	29.000000	2.30979e+07	29.000000	2.3092e+07	29.000000	2.31024e+07	29.000000	130897    	29.000000	70269     	29.000000	176966    	29.000000	202536    	29.000000	186722    	
31.000000	2.62442e+07	31.000000	2.61578e+07	31.000000	2.6099e+07	31.000000	2.6093e+07	31.000000	2.61045e+07	31.000000	148247    	31.000000	78958.4   	31.000000	199984    	31.000000	227628    	31.000000	211219    	
33.000000	2.94067e+07	33.000000	2.93143e+07	33.000000	2.92621e+07	33.000000	2.92564e+07	33.000000	2.92688e+07	33.000000	166534    	33.000000	88059.9   	33.000000	224253    	33.000000	253963    	33.000000	237076    	
35.000000	3.27293e+07	35.000000	3.26315e+07	35.000000	3.25856e+07	35.000000	3.25804e+07	35.000000	3.25934e+07	35.000000	185751    	35.000000	97569     	35.000000	249759    	35.000000	281520    	35.000000	264277    	
38.000000	3.80087e+07	38.000000	3.79042e+07	38.000000	3.78669e+07	38.000000	3.78633e+07	38.000000	3.78765e+07	38.000000	216297    	38.000000	112580    	38.000000	290299    	38.000000	325103    	38.000000	307566    	
41.000000	4.36364e+07	41.000000	4.35276e+07	41.000000	4.34978e+07	41.000000	4.34967e+07	41.000000	4.35094e+07	41.000000	248869    	41.000000	128478    	41.000000	333529    	41.000000	371329    	41.000000	353794    	
44.000000	4.96061e+07	44.000000	4.94955e+07	44.000000	4.94722e+07	44.000000	4.94744e+07	44.000000	4.94859e+07	44.000000	283427    	44.000000	145233    	44.000000	379397    	44.000000	420138    	44.000000	402912    	
47.000000	5.59117e+07	47.000000	5.58022e+07	47.000000	5.57841e+07	47.000000	5.57907e+07	47.000000	5.58004e+07	47.000000	319932    	47.000000	162828    	47.000000	427856    	47.000000	471475    	47.000000	454877    	
50.000000	6.25474e+07	50.000000	6.2442e+07	50.000000	6.24283e+07	50.000000	6.24401e+07	50.000000	6.24474e+07	50.000000	358345    	50.000000	181245    	50.000000	478859    	50.000000	525290    	50.000000	509645    	
55.000000	7.43258e+07	55.000000	7.42345e+07	55.000000	7.42273e+07	55.000000	7.42486e+07	55.000000	7.42503e+07	55.000000	426506    	55.000000	213726    	55.000000	569397    	55.000000	620357    	55.000000	607043    	
60.000000	8.69827e+07	60.000000	8.69147e+07	60.000000	8.69116e+07	60.000000	8.69454e+07	60.000000	8.69396e+07	60.000000	499693    	60.000000	248378    	60.000000	666682    	60.000000	721966    	60.000000	711934    	
65.000000	1.00496e+08	65.000000	1.00461e+08	65.000000	1.00461e+08	65.000000	1.00509e+08	65.000000	1.00494e+08	65.000000	577746    	65.000000	285103    	65.000000	770530    	65.000000	829923    	65.000000	824149    	
70.000000	1.14846e+08	70.000000	1.14852e+08	70.000000	1.14855e+08	70.000000	1.14919e+08	70.000000	1.14893e+08	70.000000	660509    	70.000000	323858    	70.000000	880764    	70.000000	944052    	70.000000	943527    	
75.000000	1.30013e+08	75.000000	1.30069e+08	75.000000	1.30074e+08	75.000000	1.30157e+08	75.000000	1.30118e+08	75.000000	747834    	75.000000	364567    	75.000000	997218    	75.000000	1.06419e+06	75.000000	1.06991e+06	
80.000000	1.4598e+08	80.000000	1.46094e+08	80.000000	1.46101e+08	80.000000	1.46205e+08	80.000000	1.46151e+08	80.000000	839579    	80.000000	407193    	80.000000	1.11973e+06	80.000000	1.19017e+06	80.000000	1.20317e+06	
85.000000	1.6273e+08	85.000000	1.62908e+08	85.000000	1.62919e+08	85.000000	1.63046e+08	85.000000	1.62975e+08	85.000000	935606    	85.000000	451648    	85.000000	1.24815e+06	85.000000	1.32185e+06	85.000000	1.34314e+06	
90.000000	1.80247e+08	90.000000	1.80495e+08	90.000000	1.80511e+08	90.000000	1.80662e+08	90.000000	1.80573e+08	90.000000	1.03578e+06	90.000000	497889    	90.000000	1.38233e+06	90.000000	1.45909e+06	90.000000	1.48971e+06	
95.000000	1.98516e+08	95.000000	1.98839e+08	95.000000	1.9886e+08	95.000000	1.99039e+08	95.000000	1.98929e+08	95.000000	1.13998e+06	95.000000	545869    	95.000000	1.52212e+06	95.000000	1.60176e+06	95.000000	1.64273e+06	
100.000000	2.17522e+08	100.000000	2.17924e+08	100.000000	2.17953e+08	100.000000	2.1816e+08	100.000000	2.18029e+08	100.000000	1.24808e+06	100.000000	595545    	100.000000	1.66738e+06	100.000000	1.74972e+06	100.000000	1.80209e+06	
105.000000	2.37253e+08	105.000000	2.37734e+08	105.000000	2.37774e+08	105.000000	2.38012e+08	105.000000	2.37857e+08	105.000000	1.35997e+06	105.000000	646874    	105.000000	1.818e+06 	105.000000	1.90287e+06	105.000000	1.96767e+06	
110.000000	2.57696e+08	110.000000	2.58257e+08	110.000000	2.5831e+08	110.000000	2.5858e+08	110.000000	2.584e+08 	110.000000	1.47551e+06	110.000000	699820    	110.000000	1.97383e+06	110.000000	2.06107e+06	110.000000	2.13934e+06	
115.000000	2.78837e+08	115.000000	2.79478e+08	115.000000	2.79545e+08	115.000000	2.79851e+08	115.000000	2.79643e+08	115.000000	1.59462e+06	115.000000	754328    	115.000000	2.13475e+06	115.000000	2.22421e+06	115.000000	2.31699e+06	
120.000000	3.00666e+08	120.000000	3.01383e+08	120.000000	3.01469e+08	120.000000	3.01812e+08	120.000000	3.01574e+08	120.000000	1.71718e+06	120.000000	810329    	120.000000	2.30064e+06	120.000000	2.39219e+06	120.000000	2.50051e+06	
125.000000	3.2317e+08	125.000000	3.23959e+08	125.000000	3.24067e+08	125.000000	3.24449e+08	125.000000	3.2418e+08	125.000000	1.84308e+06	125.000000	867830    	125.000000	2.47139e+06	125.000000	2.56491e+06	125.000000	2.68979e+06	
130.000000	3.46339e+08	130.000000	3.47195e+08	130.000000	3.47327e+08	130.000000	3.4775e+08	130.000000	3.47449e+08	130.000000	1.97223e+06	130.000000	926771    	130.000000	2.64688e+06	130.000000	2.74226e+06	130.000000	2.88474e+06	
135.000000	3.70162e+08	135.000000	3.71078e+08	135.000000	3.71238e+08	135.000000	3.71703e+08	135.000000	3.71368e+08	135.000000	2.10452e+06	135.000000	987094    	135.000000	2.827e+06 	135.000000	2.92414e+06	135.000000	3.08524e+06	
140.000000	3.9463e+08	140.000000	3.95595e+08	140.000000	3.95789e+08	140.000000	3.96297e+08	140.000000	3.95926e+08	140.000000	2.23987e+06	140.000000	1.04878e+06	140.000000	3.01164e+06	140.000000	3.11045e+06	140.000000	3.29119e+06	
145.000000	4.19732e+08	145.000000	4.20737e+08	145.000000	4.20966e+08	145.000000	4.2152e+08	145.000000	4.21111e+08	145.000000	2.37819e+06	145.000000	1.11179e+06	145.000000	3.2007e+06	145.000000	3.30112e+06	145.000000	3.50251e+06	
150.000000	4.45459e+08	150.000000	4.46491e+08	150.000000	4.4676e+08	150.000000	4.47362e+08	150.000000	4.46913e+08	150.000000	2.51938e+06	150.000000	1.1761e+06	150.000000	3.39407e+06	150.000000	3.49604e+06	150.000000	3.71909e+06	
155.000000	4.88619e+08	155.000000	4.72847e+08	155.000000	4.73159e+08	155.000000	4.7381e+08	155.000000	4.73321e+08	155.000000	2.66336e+06	155.000000	1.24168e+06	155.000000	3.59167e+06	155.000000	3.69514e+06	155.000000	3.94084e+06	
160.000000	5.33296e+08	160.000000	4.99795e+08	160.000000	5.00153e+08	160.000000	5.00856e+08	160.000000	5.00324e+08	160.000000	2.81004e+06	160.000000	1.30851e+06	160.000000	3.79339e+06	160.000000	3.89833e+06	160.000000	4.16768e+06	
165.000000	5.789e+08 	165.000000	5.27323e+08	165.000000	5.27732e+08	165.000000	5.28489e+08	165.000000	5.27912e+08	165.000000	2.95936e+06	165.000000	1.37656e+06	165.000000	3.99914e+06	165.000000	4.10552e+06	165.000000	4.39951e+06	
170.000000	6.25416e+08	170.000000	5.55424e+08	170.000000	5.55886e+08	170.000000	5.56698e+08	170.000000	5.56075e+08	170.000000	3.11121e+06	170.000000	1.4458e+06	170.000000	4.20882e+06	170.000000	4.31664e+06	170.000000	4.63624e+06	
175.000000	6.72828e+08	175.000000	5.84085e+08	175.000000	5.84605e+08	175.000000	5.85475e+08	175.000000	5.84804e+08	175.000000	3.26554e+06	175.000000	1.51621e+06	175.000000	4.42235e+06	175.000000	4.53161e+06	175.000000	4.8778e+06	
180.000000	7.2112e+08	180.000000	6.133e+08 	180.000000	6.13879e+08	180.000000	6.14809e+08	180.000000	6.14088e+08	180.000000	3.42227e+06	180.000000	1.58778e+06	180.000000	4.63965e+06	180.000000	4.75036e+06	180.000000	5.1241e+06	
185.000000	7.70279e+08	185.000000	6.43057e+08	185.000000	6.43701e+08	185.000000	6.44692e+08	185.000000	6.4392e+08	185.000000	3.58132e+06	185.000000	1.66046e+06	185.000000	4.86062e+06	185.000000	4.97281e+06	185.000000	5.37507e+06	
190.000000	8.2029e+08	190.000000	6.73349e+08	190.000000	6.74061e+08	190.000000	6.75114e+08	190.000000	6.7429e+08	190.000000	3.74263e+06	190.000000	1.7342e+06	190.000000	5.08518e+06	190.000000	5.19889e+06	190.000000	5.63061e+06	
195.000000	8.7114e+08	195.000000	7.04167e+08	195.000000	7.04952e+08	195.000000	7.06066e+08	195.000000	7.05188e+08	195.000000	3.90612e+06	195.000000	1.80898e+06	195.000000	5.31326e+06	195.000000	5.42854e+06	195.000000	5.89065e+06	
200.000000	9.22814e+08	200.000000	7.35501e+08	200.000000	7.36361e+08	200.000000	7.37541e+08	200.000000	7.36607e+08	200.000000	4.07174e+06	200.000000	1.88481e+06	200.000000	5.54478e+06	200.000000	5.66167e+06	200.000000	6.15513e+06	
210.000000	1.02859e+09	210.000000	7.99689e+08	210.000000	8.00706e+08	210.000000	8.02024e+08	210.000000	8.00974e+08	210.000000	4.40909e+06	210.000000	2.03952e+06	210.000000	6.01781e+06	210.000000	6.13817e+06	210.000000	6.69706e+06	
220.000000	1.1375e+09	220.000000	8.65848e+08	220.000000	8.67036e+08	220.000000	8.68495e+08	220.000000	8.67324e+08	220.000000	4.75417e+06	220.000000	2.19803e+06	220.000000	6.50369e+06	220.000000	6.62787e+06	220.000000	7.25583e+06	
230.000000	1.24947e+09	230.000000	9.33919e+08	230.000000	9.35283e+08	230.000000	9.36895e+08	230.000000	9.35595e+08	230.000000	5.10654e+06	230.000000	2.3602e+06	230.000000	7.00186e+06	230.000000	7.13029e+06	230.000000	7.83088e+06	
240.000000	1.3644e+09	240.000000	1.00384e+09	240.000000	1.0054e+09	240.000000	1.00716e+09	240.000000	1.00573e+09	240.000000	5.46575e+06	240.000000	2.52597e+06	240.000000	7.51176e+06	240.000000	7.64497e+06	240.000000	8.42168e+06	
250.000000	1.48221e+09	250.000000	1.07556e+09	250.000000	1.07731e+09	250.000000	1.07924e+09	250.000000	1.07767e+09	250.000000	5.83137e+06	250.000000	2.69526e+06	250.000000	8.0329e+06	250.000000	8.17145e+06	250.000000	9.02772e+06	
260.000000	1.6028e+09	260.000000	1.14902e+09	260.000000	1.15098e+09	260.000000	1.15307e+09	260.000000	1.15135e+09	260.000000	6.20303e+06	260.000000	2.86768e+06	260.000000	8.56477e+06	260.000000	8.70931e+06	260.000000	9.6485e+06	
270.000000	1.72611e+09	270.000000	1.22418e+09	270.000000	1.22634e+09	270.000000	1.22861e+09	270.000000	1.22674e+09	270.000000	6.58034e+06	270.000000	3.04322e+06	270.000000	9.10692e+06	270.000000	9.25815e+06	270.000000	1.02835e+07	
280.000000	1.85206e+09	280.000000	1.30097e+09	280.000000	1.30335e+09	280.000000	1.3058e+09	280.000000	1.30377e+09	280.000000	6.96296e+06	280.000000	3.22184e+06	280.000000	9.65888e+06	280.000000	9.81757e+06	280.000000	1.09324e+07	
290.000000	1.98056e+09	290.000000	1.37937e+09	290.000000	1.38195e+09	290.000000	1.38459e+09	290.000000	1.3824e+09	290.000000	7.35054e+06	290.000000	3.40341e+06	290.000000	1.02202e+07	290.000000	1.03872e+07	290.000000	1.15946e+07	
300.000000	2.11156e+09	300.000000	1.45931e+09	300.000000	1.46211e+09	300.000000	1.46494e+09	300.000000	1.46258e+09	300.000000	7.74278e+06	300.000000	3.5878e+06	300.000000	1.07906e+07	300.000000	1.09667e+07	300.000000	1.22698e+07	
310.000000	2.24499e+09	310.000000	1.54076e+09	310.000000	1.54377e+09	310.000000	1.5468e+09	310.000000	1.54427e+09	310.000000	8.13936e+06	310.000000	3.77478e+06	310.000000	1.13695e+07	310.000000	1.15556e+07	310.000000	1.29574e+07	
320.000000	2.38078e+09	320.000000	1.62368e+09	320.000000	1.6269e+09	320.000000	1.63012e+09	320.000000	1.62743e+09	320.000000	8.54e+06  	320.000000	3.96437e+06	320.000000	1.19566e+07	320.000000	1.21538e+07	320.000000	1.36572e+07	
330.000000	2.51887e+09	330.000000	1.70802e+09	330.000000	1.71145e+09	330.000000	1.71488e+09	330.000000	1.712e+09 	330.000000	8.94444e+06	330.000000	4.15653e+06	330.000000	1.25516e+07	330.000000	1.27608e+07	330.000000	1.43688e+07	
340.000000	2.6592e+09	340.000000	1.79374e+09	340.000000	1.79737e+09	340.000000	1.80102e+09	340.000000	1.79795e+09	340.000000	9.35241e+06	340.000000	4.35103e+06	340.000000	1.31541e+07	340.000000	1.33763e+07	340.000000	1.50917e+07	
350.000000	2.80171e+09	350.000000	1.88081e+09	350.000000	1.88465e+09	350.000000	1.8885e+09	350.000000	1.88525e+09	350.000000	9.76368e+06	350.000000	4.54775e+06	350.000000	1.37637e+07	350.000000	1.40001e+07	350.000000	1.58256e+07	
360.000000	2.94635e+09	360.000000	1.9692e+09	360.000000	1.97323e+09	360.000000	1.9773e+09	360.000000	1.97385e+09	360.000000	1.0178e+07	360.000000	4.74669e+06	360.000000	1.43803e+07	360.000000	1.46318e+07	360.000000	1.65702e+07	
370.000000	3.09306e+09	370.000000	2.05886e+09	370.000000	2.06307e+09	370.000000	2.06737e+09	370.000000	2.06372e+09	370.000000	1.05952e+07	370.000000	4.9479e+06	370.000000	1.50033e+07	370.000000	1.52712e+07	370.000000	1.73251e+07	
380.000000	3.24179e+09	380.000000	2.14977e+09	380.000000	2.15415e+09	380.000000	2.15868e+09	380.000000	2.15483e+09	380.000000	1.1015e+07	380.000000	5.15129e+06	380.000000	1.56326e+07	380.000000	1.5918e+07	380.000000	1.80901e+07	
390.000000	3.3925e+09	390.000000	2.24188e+09	390.000000	2.24643e+09	390.000000	2.25119e+09	390.000000	2.24713e+09	390.000000	1.14372e+07	390.000000	5.35668e+06	390.000000	1.6268e+07	390.000000	1.6572e+07	390.000000	1.88647e+07	
400.000000	3.54512e+09	400.000000	2.33518e+09	400.000000	2.33988e+09	400.000000	2.34488e+09	400.000000	2.34061e+09	400.000000	1.18617e+07	400.000000	5.56399e+06	400.000000	1.6909e+07	400.000000	1.72329e+07	400.000000	1.96487e+07	
410.000000	3.69963e+09	410.000000	2.42962e+09	410.000000	2.43446e+09	410.000000	2.4397e+09	410.000000	2.43522e+09	410.000000	1.22883e+07	410.000000	5.77319e+06	410.000000	1.75554e+07	410.000000	1.79005e+07	410.000000	2.04418e+07	
420.000000	3.85596e+09	420.000000	2.52518e+09	420.000000	2.53014e+09	420.000000	2.53564e+09	420.000000	2.53093e+09	420.000000	1.27167e+07	420.000000	5.98414e+06	420.000000	1.82071e+07	420.000000	1.85745e+07	420.000000	2.12437e+07	
430.000000	4.01408e+09	430.000000	2.62184e+09	430.000000	2.6269e+09	430.000000	2.63266e+09	430.000000	2.62773e+09	430.000000	1.31469e+07	430.000000	6.19671e+06	430.000000	1.88638e+07	430.000000	1.92547e+07	430.000000	2.20542e+07	
440.000000	4.17394e+09	440.000000	2.71956e+09	440.000000	2.72472e+09	440.000000	2.73073e+09	440.000000	2.72557e+09	440.000000	1.35787e+07	440.000000	6.41089e+06	440.000000	1.95252e+07	440.000000	1.9941e+07	440.000000	2.28729e+07	
450.000000	4.33551e+09	450.000000	2.81831e+09	450.000000	2.82355e+09	450.000000	2.82982e+09	450.000000	2.82443e+09	450.000000	1.40119e+07	450.000000	6.62674e+06	450.000000	2.01911e+07	450.000000	2.06331e+07	450.000000	2.36997e+07	
460.000000	4.49873e+09	460.000000	2.91807e+09	460.000000	2.92338e+09	460.000000	2.92991e+09	460.000000	2.92429e+09	460.000000	1.44464e+07	460.000000	6.84425e+06	460.000000	2.08613e+07	460.000000	2.13307e+07	460.000000	2.45342e+07	
470.000000	4.66358e+09	470.000000	3.01882e+09	470.000000	3.02418e+09	470.000000	3.03097e+09	470.000000	3.02511e+09	470.000000	1.48821e+07	470.000000	7.06336e+06	470.000000	2.15356e+07	470.000000	2.20338e+07	470.000000	2.53762e+07	
480.000000	4.83002e+09	480.000000	3.12053e+09	480.000000	3.12591e+09	480.000000	3.13298e+09	480.000000	3.12688e+09	480.000000	1.53188e+07	480.000000	7.28398e+06	480.000000	2.22138e+07	480.000000	2.27421e+07	480.000000	2.62255e+07	
490.000000	4.998e+09 	490.000000	3.22318e+09	490.000000	3.22857e+09	490.000000	3.23591e+09	490.000000	3.22957e+09	490.000000	1.57564e+07	490.000000	7.50598e+06	490.000000	2.28957e+07	490.000000	2.34554e+07	490.000000	2.70818e+07	
500.000000	5.1675e+09	500.000000	3.32674e+09	500.000000	3.33212e+09	500.000000	3.33974e+09	500.000000	3.33315e+09	500.000000	1.61948e+07	500.000000	7.72929e+06	500.000000	2.35812e+07	500.000000	2.41736e+07	500.000000	2.7945e+07	
520.000000	5.51089e+09	520.000000	3.53652e+09	520.000000	3.54182e+09	520.000000	3.55e+09  	520.000000	3.5429e+09	520.000000	1.70737e+07	520.000000	8.17998e+06	520.000000	2.4962e+07	520.000000	2.56238e+07	520.000000	2.9691e+07	
540.000000	5.85992e+09	540.000000	3.7497e+09	540.000000	3.75484e+09	540.000000	3.76359e+09	540.000000	3.75598e+09	540.000000	1.79545e+07	540.000000	8.63599e+06	540.000000	2.6355e+07	540.000000	2.70916e+07	540.000000	3.14618e+07	
560.000000	6.21435e+09	560.000000	3.96612e+09	560.000000	3.971e+09 	560.000000	3.98034e+09	560.000000	3.9722e+09	560.000000	1.88365e+07	560.000000	9.09666e+06	560.000000	2.77589e+07	560.000000	2.85756e+07	560.000000	3.32558e+07	
580.000000	6.57393e+09	580.000000	4.18562e+09	580.000000	4.19016e+09	580.000000	4.2001e+09	580.000000	4.19142e+09	580.000000	1.97191e+07	580.000000	9.562e+06 	580.000000	2.91726e+07	580.000000	3.00747e+07	580.000000	3.50716e+07	
600.000000	6.93843e+09	600.000000	4.40807e+09	600.000000	4.41217e+09	600.000000	4.42273e+09	600.000000	4.4135e+09	600.000000	2.06017e+07	600.000000	1.00319e+07	600.000000	3.05951e+07	600.000000	3.15879e+07	600.000000	3.69079e+07	
620.000000	7.30764e+09	620.000000	4.63333e+09	620.000000	4.63689e+09	620.000000	4.64807e+09	620.000000	4.63828e+09	620.000000	2.14838e+07	620.000000	1.05059e+07	620.000000	3.20253e+07	620.000000	3.31141e+07	620.000000	3.87633e+07	
640.000000	7.68135e+09	640.000000	4.86126e+09	640.000000	4.86418e+09	640.000000	4.87601e+09	640.000000	4.86565e+09	640.000000	2.23648e+07	640.000000	1.09836e+07	640.000000	3.34624e+07	640.000000	3.46524e+07	640.000000	4.06366e+07	
660.000000	8.05937e+09	660.000000	5.09175e+09	660.000000	5.09395e+09	660.000000	5.10642e+09	660.000000	5.09549e+09	660.000000	2.32443e+07	660.000000	1.14649e+07	660.000000	3.49055e+07	660.000000	3.6202e+07	660.000000	4.25266e+07	
680.000000	8.4415e+09	680.000000	5.32468e+09	680.000000	5.32606e+09	680.000000	5.33919e+09	680.000000	5.32767e+09	680.000000	2.41219e+07	680.000000	1.19497e+07	680.000000	3.63539e+07	680.000000	3.77619e+07	680.000000	4.44323e+07	
700.000000	8.82757e+09	700.000000	5.55995e+09	700.000000	5.56042e+09	700.000000	5.5742e+09	700.000000	5.56208e+09	700.000000	2.49974e+07	700.000000	1.24378e+07	700.000000	3.78068e+07	700.000000	3.93314e+07	700.000000	4.63526e+07	
720.000000	9.21741e+09	720.000000	5.79743e+09	720.000000	5.79691e+09	720.000000	5.81136e+09	720.000000	5.79863e+09	720.000000	2.58702e+07	720.000000	1.29291e+07	720.000000	3.92635e+07	720.000000	4.09097e+07	720.000000	4.82865e+07	
740.000000	9.61085e+09	740.000000	6.03705e+09	740.000000	6.03542e+09	740.000000	6.05055e+09	740.000000	6.03722e+09	740.000000	2.67402e+07	740.000000	1.34234e+07	740.000000	4.07235e+07	740.000000	4.24962e+07	740.000000	5.02331e+07	
760.000000	1.00077e+10	760.000000	6.27869e+09	760.000000	6.27587e+09	760.000000	6.29169e+09	760.000000	6.27774e+09	760.000000	2.76071e+07	760.000000	1.39205e+07	760.000000	4.21862e+07	760.000000	4.40901e+07	760.000000	5.21916e+07	
780.000000	1.04079e+10	780.000000	6.52227e+09	780.000000	6.51817e+09	780.000000	6.5347e+09	780.000000	6.52012e+09	780.000000	2.84707e+07	780.000000	1.442e+07 	780.000000	4.3651e+07	780.000000	4.5691e+07	780.000000	5.41611e+07	
800.000000	1.08113e+10	800.000000	6.76771e+09	800.000000	6.76226e+09	800.000000	6.77948e+09	800.000000	6.76427e+09	800.000000	2.93307e+07	800.000000	1.4922e+07	800.000000	4.51174e+07	800.000000	4.72981e+07	800.000000	5.61408e+07	
820.000000	1.12177e+10	820.000000	7.01492e+09	820.000000	7.00803e+09	820.000000	7.02595e+09	820.000000	7.01011e+09	820.000000	3.0187e+07	820.000000	1.54265e+07	820.000000	4.65849e+07	820.000000	4.89109e+07	820.000000	5.81301e+07	
840.000000	1.16269e+10	840.000000	7.26383e+09	840.000000	7.25543e+09	840.000000	7.27405e+09	840.000000	7.25756e+09	840.000000	3.10394e+07	840.000000	1.59335e+07	840.000000	4.80531e+07	840.000000	5.0529e+07	840.000000	6.01281e+07	
860.000000	1.2039e+10	860.000000	7.51435e+09	860.000000	7.50436e+09	860.000000	7.5237e+09	860.000000	7.50656e+09	860.000000	3.18878e+07	860.000000	1.64431e+07	860.000000	4.95217e+07	860.000000	5.21517e+07	860.000000	6.21342e+07	
880.000000	1.24536e+10	880.000000	7.76642e+09	880.000000	7.75476e+09	880.000000	7.77482e+09	880.000000	7.75703e+09	880.000000	3.2732e+07	880.000000	1.6955e+07	880.000000	5.09902e+07	880.000000	5.37787e+07	880.000000	6.41478e+07	
900.000000	1.28708e+10	900.000000	8.01997e+09	900.000000	8.00656e+09	900.000000	8.02736e+09	900.000000	8.00891e+09	900.000000	3.35719e+07	900.000000	1.74691e+07	900.000000	5.24583e+07	900.000000	5.54095e+07	900.000000	6.61684e+07	
920.000000	1.32904e+10	920.000000	8.27493e+09	920.000000	8.25971e+09	920.000000	8.28125e+09	920.000000	8.26213e+09	920.000000	3.44074e+07	920.000000	1.79853e+07	920.000000	5.39257e+07	920.000000	5.70436e+07	920.000000	6.81952e+07	
940.000000	1.37123e+10	940.000000	8.53124e+09	940.000000	8.51416e+09	940.000000	8.53644e+09	940.000000	8.51665e+09	940.000000	3.52384e+07	940.000000	1.85032e+07	940.000000	5.5392e+07	940.000000	5.86808e+07	940.000000	7.02279e+07	
960.000000	1.41364e+10	960.000000	8.78884e+09	960.000000	8.76983e+09	960.000000	8.79286e+09	960.000000	8.7724e+09	960.000000	3.6065e+07	960.000000	1.9023e+07	960.000000	5.68569e+07	960.000000	6.03206e+07	960.000000	7.22658e+07	
980.000000	1.45627e+10	980.000000	9.04767e+09	980.000000	9.0267e+09	980.000000	9.05046e+09	980.000000	9.02933e+09	980.000000	3.68868e+07	980.000000	1.95444e+07	980.000000	5.83203e+07	980.000000	6.19626e+07	980.000000	7.43085e+07	
1000.000000	1.49909e+10	1000.000000	9.30768e+09	1000.000000	9.28469e+09	1000.000000	9.3092e+09	1000.000000	9.28738e+09	1000.000000	3.77041e+07	1000.000000	2.00674e+07	1000.000000	5.97819e+07	1000.000000	6.36065e+07	1000.000000	7.63555e+07	
1020.000000	1.5421e+10	1020.000000	9.56881e+09	1020.000000	9.54377e+09	1020.000000	9.56902e+09	1020.000000	9.54652e+09	1020.000000	3.85166e+07	1020.000000	2.05921e+07	1020.000000	6.12414e+07	1020.000000	6.52521e+07	1020.000000	7.84065e+07	
1040.000000	1.5853e+10	1040.000000	9.83101e+09	1040.000000	9.80388e+09	1040.000000	9.82988e+09	1040.000000	9.80668e+09	1040.000000	3.93244e+07	1040.000000	2.11185e+07	1040.000000	6.26987e+07	1040.000000	6.6899e+07	1040.000000	8.04609e+07	
1060.000000	1.62867e+10	1060.000000	1.00942e+10	1060.000000	1.0065e+10	1060.000000	1.00917e+10	1060.000000	1.00678e+10	1060.000000	4.01274e+07	1060.000000	2.16467e+07	1060.000000	6.41535e+07	1060.000000	6.85469e+07	1060.000000	8.25184e+07	
1080.000000	1.67221e+10	1080.000000	1.03584e+10	1080.000000	1.0327e+10	1080.000000	1.03545e+10	1080.000000	1.03299e+10	1080.000000	4.09256e+07	1080.000000	2.21766e+07	1080.000000	6.56056e+07	1080.000000	7.01956e+07	1080.000000	8.45786e+07	
1100.000000	1.71591e+10	1100.000000	1.06236e+10	1100.000000	1.05899e+10	1100.000000	1.06182e+10	1100.000000	1.0593e+10	1100.000000	4.1719e+07	1100.000000	2.27082e+07	1100.000000	6.7055e+07	1100.000000	7.18448e+07	1100.000000	8.66412e+07	
1120.000000	1.75976e+10	1120.000000	1.08896e+10	1120.000000	1.08537e+10	1120.000000	1.08828e+10	1120.000000	1.08568e+10	1120.000000	4.25076e+07	1120.000000	2.32414e+07	1120.000000	6.85013e+07	1120.000000	7.34943e+07	1120.000000	8.87058e+07	
1140.000000	1.80375e+10	1140.000000	1.11565e+10	1140.000000	1.11184e+10	1140.000000	1.11482e+10	1140.000000	1.11215e+10	1140.000000	4.32913e+07	1140.000000	2.37761e+07	1140.000000	6.99446e+07	1140.000000	7.51438e+07	1140.000000	9.0772e+07	
1160.000000	1.84787e+10	1160.000000	1.14242e+10	1160.000000	1.13838e+10	1160.000000	1.14144e+10	1160.000000	1.1387e+10	1160.000000	4.40702e+07	1160.000000	2.43122e+07	1160.000000	7.13847e+07	1160.000000	7.67931e+07	1160.000000	9.28397e+07	
1180.000000	1.89213e+10	1180.000000	1.16926e+10	1180.000000	1.165e+10 	1180.000000	1.16814e+10	1180.000000	1.16533e+10	1180.000000	4.48443e+07	1180.000000	2.48496e+07	1180.000000	7.28213e+07	1180.000000	7.84421e+07	1180.000000	9.49085e+07	
1200.000000	1.93651e+10	1200.000000	1.19618e+10	1200.000000	1.19169e+10	1200.000000	1.19491e+10	1200.000000	1.19203e+10	1200.000000	4.56136e+07	1200.000000	2.53883e+07	1200.000000	7.42545e+07	1200.000000	8.00904e+07	1200.000000	9.69781e+07	
1220.000000	1.981e+10 	1220.000000	1.22317e+10	1220.000000	1.21845e+10	1220.000000	1.22175e+10	1220.000000	1.2188e+10	1220.000000	4.63781e+07	1220.000000	2.59282e+07	1220.000000	7.56841e+07	1220.000000	8.17381e+07	1220.000000	9.90483e+07	
1240.000000	2.0256e+10	1240.000000	1.25022e+10	1240.000000	1.24528e+10	1240.000000	1.24866e+10	1240.000000	1.24563e+10	1240.000000	4.71378e+07	1240.000000	2.64693e+07	1240.000000	7.711e+07 	1240.000000	8.33848e+07	1240.000000	1.01119e+08	
1260.000000	2.07031e+10	1260.000000	1.27734e+10	1260.000000	1.27217e+10	1260.000000	1.27563e+10	1260.000000	1.27253e+10	1260.000000	4.78927e+07	1260.000000	2.70117e+07	1260.000000	7.85322e+07	1260.000000	8.50304e+07	1260.000000	1.03189e+08	
1280.000000	2.11512e+10	1280.000000	1.30452e+10	1280.000000	1.29913e+10	1280.000000	1.30266e+10	1280.000000	1.29949e+10	1280.000000	4.86429e+07	1280.000000	2.75553e+07	1280.000000	7.99505e+07	1280.000000	8.66747e+07	1280.000000	1.0526e+08	
1300.000000	2.16002e+10	1300.000000	1.33175e+10	1300.000000	1.32614e+10	1300.000000	1.32976e+10	1300.000000	1.32651e+10	1300.000000	4.93883e+07	1300.000000	2.81001e+07	1300.000000	8.13649e+07	1300.000000	8.83177e+07	1300.000000	1.0733e+08	
1320.000000	2.205e+10 	1320.000000	1.35904e+10	1320.000000	1.35321e+10	1320.000000	1.3569e+10	1320.000000	1.35359e+10	1320.000000	5.0129e+07	1320.000000	2.86461e+07	1320.000000	8.27752e+07	1320.000000	8.99591e+07	1320.000000	1.09399e+08	
1340.000000	2.25007e+10	1340.000000	1.38637e+10	1340.000000	1.38033e+10	1340.000000	1.38411e+10	1340.000000	1.38072e+10	1340.000000	5.08651e+07	1340.000000	2.91931e+07	1340.000000	8.41816e+07	1340.000000	9.15989e+07	1340.000000	1.11468e+08	
1360.000000	2.29521e+10	1360.000000	1.41376e+10	1360.000000	1.4075e+10	1360.000000	1.41136e+10	1360.000000	1.4079e+10	1360.000000	5.15965e+07	1360.000000	2.97414e+07	1360.000000	8.55838e+07	1360.000000	9.32369e+07	1360.000000	1.13536e+08	
1380.000000	2.34043e+10	1380.000000	1.44119e+10	1380.000000	1.43472e+10	1380.000000	1.43866e+10	1380.000000	1.43513e+10	1380.000000	5.23233e+07	1380.000000	3.02907e+07	1380.000000	8.69818e+07	1380.000000	9.48729e+07	1380.000000	1.15602e+08	
1400.000000	2.38571e+10	1400.000000	1.46866e+10	1400.000000	1.46199e+10	1400.000000	1.46601e+10	1400.000000	1.4624e+10	1400.000000	5.30455e+07	1400.000000	3.08411e+07	1400.000000	8.83756e+07	1400.000000	9.6507e+07	1400.000000	1.17667e+08	
1420.000000	2.43106e+10	1420.000000	1.49618e+10	1420.000000	1.4893e+10	1420.000000	1.49341e+10	1420.000000	1.48973e+10	1420.000000	5.37631e+07	1420.000000	3.13925e+07	1420.000000	8.97652e+07	1420.000000	9.81389e+07	1420.000000	1.19731e+08	
1440.000000	2.47647e+10	1440.000000	1.52373e+10	1440.000000	1.51666e+10	1440.000000	1.52084e+10	1440.000000	1.51709e+10	1440.000000	5.44762e+07	1440.000000	3.19451e+07	1440.000000	9.11504e+07	1440.000000	9.97686e+07	1440.000000	1.21794e+08	
1460.000000	2.52193e+10	1460.000000	1.55132e+10	1460.000000	1.54406e+10	1460.000000	1.54832e+10	1460.000000	1.5445e+10	1460.000000	5.51848e+07	1460.000000	3.24987e+07	1460.000000	9.25314e+07	1460.000000	1.01396e+08	1460.000000	1.23854e+08	
1480.000000	2.56743e+10	1480.000000	1.57894e+10	1480.000000	1.57149e+10	1480.000000	1.57584e+10	1480.000000	1.57194e+10	1480.000000	5.5889e+07	1480.000000	3.30533e+07	1480.000000	9.39079e+07	1480.000000	1.03021e+08	1480.000000	1.25913e+08	
1500.000000	2.61299e+10	1500.000000	1.60659e+10	1500.000000	1.59897e+10	1500.000000	1.6034e+10	1500.000000	1.59942e+10	1500.000000	5.65888e+07	1500.000000	3.3609e+07	1500.000000	9.52801e+07	1500.000000	1.04643e+08	1500.000000	1.27969e+08	
1520.000000	2.65858e+10	1520.000000	1.63428e+10	1520.000000	1.62648e+10	1520.000000	1.63099e+10	1520.000000	1.62694e+10	1520.000000	5.72842e+07	1520.000000	3.41657e+07	1520.000000	9.66479e+07	1520.000000	1.06263e+08	1520.000000	1.30024e+08	
1540.000000	2.70422e+10	1540.000000	1.66199e+10	1540.000000	1.65403e+10	1540.000000	1.65862e+10	1540.000000	1.65449e+10	1540.000000	5.79752e+07	1540.000000	3.47234e+07	1540.000000	9.80112e+07	1540.000000	1.07881e+08	1540.000000	1.32076e+08	
1560.000000	2.74989e+10	1560.000000	1.68972e+10	1560.000000	1.68161e+10	1560.000000	1.68628e+10	1560.000000	1.68208e+10	1560.000000	5.8662e+07	1560.000000	3.52821e+07	1560.000000	9.93701e+07	1560.000000	1.09495e+08	1560.000000	1.34126e+08	
1580.000000	2.79559e+10	1580.000000	1.71748e+10	1580.000000	1.70922e+10	1580.000000	1.71397e+10	1580.000000	1.7097e+10	1580.000000	5.93445e+07	1580.000000	3.58417e+07	1580.000000	1.00725e+08	1580.000000	1.11107e+08	1580.000000	1.36173e+08	
1600.000000	2.84132e+10	1600.000000	1.74526e+10	1600.000000	1.73686e+10	1600.000000	1.74169e+10	1600.000000	1.73734e+10	1600.000000	6.00227e+07	1600.000000	3.64022e+07	1600.000000	1.02075e+08	1600.000000	1.12716e+08	1600.000000	1.38218e+08	
1620.000000	2.88707e+10	1620.000000	1.77306e+10	1620.000000	1.76452e+10	1620.000000	1.76944e+10	1620.000000	1.76502e+10	1620.000000	6.06968e+07	1620.000000	3.69636e+07	1620.000000	1.0342e+08	1620.000000	1.14322e+08	1620.000000	1.4026e+08	
1640.000000	2.93284e+10	1640.000000	1.80088e+10	1640.000000	1.79222e+10	1640.000000	1.79722e+10	1640.000000	1.79272e+10	1640.000000	6.13668e+07	1640.000000	3.75258e+07	1640.000000	1.04761e+08	1640.000000	1.15925e+08	1640.000000	1.423e+08 	
1660.000000	2.97863e+10	1660.000000	1.82871e+10	1660.000000	1.81994e+10	1660.000000	1.82502e+10	1660.000000	1.82045e+10	1660.000000	6.20326e+07	1660.000000	3.80888e+07	1660.000000	1.06097e+08	1660.000000	1.17525e+08	1660.000000	1.44336e+08	
1680.000000	3.02444e+10	1680.000000	1.85656e+10	1680.000000	1.84769e+10	1680.000000	1.85284e+10	1680.000000	1.8482e+10	1680.000000	6.26943e+07	1680.000000	3.86527e+07	1680.000000	1.07429e+08	1680.000000	1.19122e+08	1680.000000	1.4637e+08	
1700.000000	3.07025e+10	1700.000000	1.88442e+10	1700.000000	1.87545e+10	1700.000000	1.88069e+10	1700.000000	1.87598e+10	1700.000000	6.33521e+07	1700.000000	3.92173e+07	1700.000000	1.08757e+08	1700.000000	1.20715e+08	1700.000000	1.48401e+08	
1750.000000	3.18483e+10	1750.000000	1.95413e+10	1750.000000	1.94497e+10	1750.000000	1.95042e+10	1750.000000	1.94551e+10	1750.000000	6.4979e+07	1750.000000	4.06323e+07	1750.000000	1.12056e+08	1750.000000	1.24686e+08	1750.000000	1.53464e+08	
1800.000000	3.29942e+10	1800.000000	2.02388e+10	1800.000000	2.01461e+10	1800.000000	2.02026e+10	1800.000000	2.01517e+10	1800.000000	6.65817e+07	1800.000000	4.20522e+07	1800.000000	1.15327e+08	1800.000000	1.28636e+08	1800.000000	1.58506e+08	
1850.000000	3.41398e+10	1850.000000	2.09368e+10	1850.000000	2.08435e+10	1850.000000	2.09021e+10	1850.000000	2.08493e+10	1850.000000	6.81606e+07	1850.000000	4.3477e+07	1850.000000	1.1857e+08	1850.000000	1.32565e+08	1850.000000	1.63528e+08	
1900.000000	3.52849e+10	1900.000000	2.16348e+10	1900.000000	2.15419e+10	1900.000000	2.16025e+10	1900.000000	2.15479e+10	1900.000000	6.97164e+07	1900.000000	4.4907e+07	1900.000000	1.21785e+08	1900.000000	1.36474e+08	1900.000000	1.68528e+08	
1950.000000	3.6429e+10	1950.000000	2.23328e+10	1950.000000	2.2241e+10	1950.000000	2.23038e+10	1950.000000	2.22472e+10	1950.000000	7.12498e+07	1950.000000	4.63422e+07	1950.000000	1.24973e+08	1950.000000	1.4036e+08	1950.000000	1.73505e+08	
2000.000000	3.75718e+10	2000.000000	2.30306e+10	2000.000000	2.29409e+10	2000.000000	2.30057e+10	2000.000000	2.29473e+10	2000.000000	7.27611e+07	2000.000000	4.77825e+07	2000.000000	1.28133e+08	2000.000000	1.44224e+08	2000.000000	1.78459e+08	
2100.000000	3.98526e+10	2100.000000	2.44251e+10	2100.000000	2.43422e+10	2100.000000	2.44112e+10	2100.000000	2.4349e+10	2100.000000	7.57203e+07	2100.000000	5.06784e+07	2100.000000	1.34372e+08	2100.000000	1.51887e+08	2100.000000	1.88295e+08	
2200.000000	4.21251e+10	2200.000000	2.58171e+10	2200.000000	2.57452e+10	2200.000000	2.58182e+10	2200.000000	2.57523e+10	2200.000000	7.85985e+07	2200.000000	5.35941e+07	2200.000000	1.40505e+08	2200.000000	1.59459e+08	2200.000000	1.98033e+08	
2300.000000	4.43876e+10	2300.000000	2.72059e+10	2300.000000	2.71491e+10	2300.000000	2.72262e+10	2300.000000	2.71565e+10	2300.000000	8.13996e+07	2300.000000	5.65286e+07	2300.000000	1.46535e+08	2300.000000	1.66941e+08	2300.000000	2.07672e+08	
2400.000000	4.66386e+10	2400.000000	2.85905e+10	2400.000000	2.85534e+10	2400.000000	2.86345e+10	2400.000000	2.85611e+10	2400.000000	8.41277e+07	2400.000000	5.94812e+07	2400.000000	1.52463e+08	2400.000000	1.74332e+08	2400.000000	2.1721e+08	
2500.000000	4.88768e+10	2500.000000	2.99704e+10	2500.000000	2.99576e+10	2500.000000	3.00427e+10	2500.000000	2.99657e+10	2500.000000	8.67865e+07	2500.000000	6.24511e+07	2500.000000	1.58294e+08	2500.000000	1.81633e+08	2500.000000	2.26646e+08	
2600.000000	5.1101e+10	2600.000000	3.1345e+10	2600.000000	3.13613e+10	2600.000000	3.14505e+10	2600.000000	3.13697e+10	2600.000000	8.93795e+07	2600.000000	6.54376e+07	2600.000000	1.64028e+08	2600.000000	1.88845e+08	2600.000000	2.35979e+08	
2700.000000	5.33102e+10	2700.000000	3.27138e+10	2700.000000	3.27642e+10	2700.000000	3.28575e+10	2700.000000	3.2773e+10	2700.000000	9.19098e+07	2700.000000	6.84403e+07	2700.000000	1.69671e+08	2700.000000	1.95968e+08	2700.000000	2.45212e+08	
2800.000000	5.55038e+10	2800.000000	3.40763e+10	2800.000000	3.41661e+10	2800.000000	3.42633e+10	2800.000000	3.41752e+10	2800.000000	9.43806e+07	2800.000000	7.14589e+07	2800.000000	1.75223e+08	2800.000000	2.03004e+08	2800.000000	2.54343e+08	
2900.000000	5.76809e+10	2900.000000	3.54323e+10	2900.000000	3.55666e+10	2900.000000	3.56679e+10	2900.000000	3.55761e+10	2900.000000	9.67946e+07	2900.000000	7.44932e+07	2900.000000	1.80689e+08	2900.000000	2.09953e+08	2900.000000	2.63374e+08	
3000.000000	5.9841e+10	3000.000000	3.67814e+10	3000.000000	3.69656e+10	3000.000000	3.7071e+10	3000.000000	3.69755e+10	3000.000000	9.91547e+07	3000.000000	7.75431e+07	3000.000000	1.8607e+08	3000.000000	2.16818e+08	3000.000000	2.72306e+08	
3200.000000	6.41083e+10	3200.000000	3.9458e+10	3200.000000	3.97585e+10	3200.000000	3.98719e+10	3200.000000	3.97692e+10	3200.000000	1.03723e+08	3200.000000	8.36891e+07	3200.000000	1.9659e+08	3200.000000	2.303e+08 	3200.000000	2.89879e+08	
3400.000000	6.83029e+10	3400.000000	4.21045e+10	3400.000000	4.25437e+10	3400.000000	4.26651e+10	3400.000000	4.25551e+10	3400.000000	1.08103e+08	3400.000000	8.98964e+07	3400.000000	2.06804e+08	3400.000000	2.43462e+08	3400.000000	3.07072e+08	
3600.000000	7.24228e+10	3600.000000	4.47199e+10	3600.000000	4.53205e+10	3600.000000	4.54497e+10	3600.000000	4.53326e+10	3600.000000	1.12311e+08	3600.000000	9.61643e+07	3600.000000	2.16729e+08	3600.000000	2.56316e+08	3600.000000	3.23899e+08	
3800.000000	7.6467e+10	3800.000000	4.73033e+10	3800.000000	4.80883e+10	3800.000000	4.82253e+10	3800.000000	4.81011e+10	3800.000000	1.16362e+08	3800.000000	1.02492e+08	3800.000000	2.26383e+08	3800.000000	2.68876e+08	3800.000000	3.40372e+08	
4000.000000	8.04352e+10	4000.000000	4.98545e+10	4000.000000	5.08468e+10	4000.000000	5.09915e+10	4000.000000	5.08603e+10	4000.000000	1.20267e+08	4000.000000	1.0888e+08	4000.000000	2.35783e+08	4000.000000	2.81154e+08	4000.000000	3.56505e+08	
4200.000000	8.43273e+10	4200.000000	5.23733e+10	4200.000000	5.35958e+10	4200.000000	5.37481e+10	4200.000000	5.361e+10 	4200.000000	1.24039e+08	4200.000000	1.15327e+08	4200.000000	2.44943e+08	4200.000000	2.93162e+08	4200.000000	3.7231e+08	
4400.000000	8.81439e+10	4400.000000	5.48596e+10	4400.000000	5.63352e+10	4400.000000	5.6495e+10	4400.000000	5.635e+10 	4400.000000	1.27687e+08	4400.000000	1.21831e+08	4400.000000	2.53876e+08	4400.000000	3.04913e+08	4400.000000	3.87802e+08	
4600.000000	9.18858e+10	4600.000000	5.73137e+10	4600.000000	5.9065e+10	4600.000000	5.92322e+10	4600.000000	5.90804e+10	4600.000000	1.3122e+08	4600.000000	1.28393e+08	4600.000000	2.62596e+08	4600.000000	3.16417e+08	4600.000000	4.02993e+08	
4800.000000	9.5554e+10	4800.000000	5.97358e+10	4800.000000	6.17851e+10	4800.000000	6.19597e+10	4800.000000	6.18011e+10	4800.000000	1.34646e+08	4800.000000	1.35011e+08	4800.000000	2.71113e+08	4800.000000	3.27685e+08	4800.000000	4.17894e+08	
5000.000000	9.91496e+10	5000.000000	6.21262e+10	5000.000000	6.44956e+10	5000.000000	6.46776e+10	5000.000000	6.45122e+10	5000.000000	1.37972e+08	5000.000000	1.41684e+08	5000.000000	2.79439e+08	5000.000000	3.38728e+08	5000.000000	4.32517e+08	
5250.000000	1.03544e+11	5250.000000	6.50704e+10	5250.000000	6.78705e+10	5250.000000	6.80615e+10	5250.000000	6.78879e+10	5250.000000	1.42e+08  	5250.000000	1.50101e+08	5250.000000	2.89592e+08	5250.000000	3.52228e+08	5250.000000	4.50422e+08	
5500.000000	1.0783e+11	5500.000000	6.79666e+10	5500.000000	7.12308e+10	5500.000000	7.14308e+10	5500.000000	7.12489e+10	5500.000000	1.45893e+08	5500.000000	1.58602e+08	5500.000000	2.9948e+08	5500.000000	3.65408e+08	5500.000000	4.67931e+08	
6000.000000	1.16088e+11	6000.000000	7.36196e+10	6000.000000	7.79089e+10	6000.000000	7.81266e+10	6000.000000	7.79285e+10	6000.000000	1.53315e+08	6000.000000	1.75847e+08	6000.000000	3.1852e+08	6000.000000	3.90874e+08	6000.000000	5.01836e+08	
6500.000000	1.23947e+11	6500.000000	7.90936e+10	6500.000000	8.45325e+10	6500.000000	8.47675e+10	6500.000000	8.45534e+10	6500.000000	1.60308e+08	6500.000000	1.93408e+08	6500.000000	3.36673e+08	6500.000000	4.15241e+08	6500.000000	5.34371e+08	
7000.000000	1.31431e+11	7000.000000	8.43973e+10	7000.000000	9.11041e+10	7000.000000	9.13561e+10	7000.000000	9.11265e+10	7000.000000	1.66926e+08	7000.000000	2.11276e+08	7000.000000	3.54034e+08	7000.000000	4.38614e+08	7000.000000	5.65659e+08	
7500.000000	1.38564e+11	7500.000000	8.95396e+10	7500.000000	9.76264e+10	7500.000000	9.78952e+10	7500.000000	9.76502e+10	7500.000000	1.73214e+08	7500.000000	2.29431e+08	7500.000000	3.70682e+08	7500.000000	4.61082e+08	7500.000000	5.95806e+08	
8000.000000	1.45368e+11	8000.000000	9.45289e+10	8000.000000	1.04102e+11	8000.000000	1.04387e+11	8000.000000	1.04127e+11	8000.000000	1.79211e+08	8000.000000	2.47864e+08	8000.000000	3.86686e+08	8000.000000	4.82722e+08	8000.000000	6.24908e+08	
8500.000000	1.51864e+11	8500.000000	9.93732e+10	8500.000000	1.10533e+11	8500.000000	1.10835e+11	8500.000000	1.1056e+11	8500.000000	1.84946e+08	8500.000000	2.6658e+08	8500.000000	4.02104e+08	8500.000000	5.03602e+08	8500.000000	6.53047e+08	
9000.000000	1.58072e+11	9000.000000	1.0408e+11	9000.000000	1.16922e+11	9000.000000	1.1724e+11	9000.000000	1.1695e+11	9000.000000	1.90446e+08	9000.000000	2.85573e+08	9000.000000	4.16987e+08	9000.000000	5.23783e+08	9000.000000	6.80297e+08	
9500.000000	1.64009e+11	9500.000000	1.08657e+11	9500.000000	1.23271e+11	9500.000000	1.23604e+11	9500.000000	1.23301e+11	9500.000000	1.95734e+08	9500.000000	3.04833e+08	9500.000000	4.3138e+08	9500.000000	5.43318e+08	9500.000000	7.06725e+08	
10000.000000	1.69694e+11	10000.000000	1.1311e+11	10000.000000	1.29582e+11	10000.000000	1.29931e+11	10000.000000	1.29613e+11	10000.000000	2.00829e+08	10000.000000	3.24354e+08	10000.000000	4.45321e+08	10000.000000	5.62254e+08	10000.000000	7.32387e+08	
11000.000000	1.80364e+11	11000.000000	1.21671e+11	11000.000000	1.42098e+11	11000.000000	1.42477e+11	11000.000000	1.42131e+11	11000.000000	2.10504e+08	11000.000000	3.64159e+08	11000.000000	4.7198e+08	11000.000000	5.98493e+08	11000.000000	7.81621e+08	
12000.000000	1.90194e+11	12000.000000	1.29808e+11	12000.000000	1.54481e+11	12000.000000	1.54889e+11	12000.000000	1.54517e+11	12000.000000	2.19582e+08	12000.000000	4.04933e+08	12000.000000	4.97193e+08	12000.000000	6.32788e+08	12000.000000	8.28357e+08	
13000.000000	1.9928e+11	13000.000000	1.37562e+11	13000.000000	1.66744e+11	13000.000000	1.67181e+11	13000.000000	1.66782e+11	13000.000000	2.28146e+08	13000.000000	4.4663e+08	13000.000000	5.21146e+08	13000.000000	6.65374e+08	13000.000000	8.7289e+08	
14000.000000	2.07704e+11	14000.000000	1.44966e+11	14000.000000	1.78896e+11	14000.000000	1.7936e+11	14000.000000	1.78936e+11	14000.000000	2.36266e+08	14000.000000	4.89213e+08	14000.000000	5.43986e+08	14000.000000	6.96443e+08	14000.000000	9.15462e+08	
15000.000000	2.15535e+11	15000.000000	1.52051e+11	15000.000000	1.90945e+11	15000.000000	1.91437e+11	15000.000000	1.90988e+11	15000.000000	2.43996e+08	15000.000000	5.32651e+08	15000.000000	5.65837e+08	15000.000000	7.26157e+08	15000.000000	9.56277e+08	
16000.000000	2.22836e+11	16000.000000	1.58843e+11	16000.000000	2.029e+11 	16000.000000	2.03418e+11	16000.000000	2.02945e+11	16000.000000	2.51381e+08	16000.000000	5.76915e+08	16000.000000	5.86802e+08	16000.000000	7.54651e+08	16000.000000	9.95507e+08	
17000.000000	2.29657e+11	17000.000000	1.65367e+11	17000.000000	2.14765e+11	17000.000000	2.1531e+11	17000.000000	2.14813e+11	17000.000000	2.58457e+08	17000.000000	6.21973e+08	17000.000000	6.06967e+08	17000.000000	7.82041e+08	17000.000000	1.0333e+09	
18000.000000	2.36046e+11	18000.000000	1.71642e+11	18000.000000	2.26548e+11	18000.000000	2.27118e+11	18000.000000	2.26598e+11	18000.000000	2.65256e+08	18000.000000	6.67798e+08	18000.000000	6.26405e+08	18000.000000	8.08425e+08	18000.000000	1.06978e+09	
19000.000000	2.42043e+11	19000.000000	1.77688e+11	19000.000000	2.38254e+11	19000.000000	2.38849e+11	19000.000000	2.38307e+11	19000.000000	2.71805e+08	19000.000000	7.14366e+08	19000.000000	6.45181e+08	19000.000000	8.3389e+08	19000.000000	1.10505e+09	
20000.000000	2.47683e+11	20000.000000	1.83521e+11	20000.000000	2.49886e+11	20000.000000	2.50506e+11	20000.000000	2.49942e+11	20000.000000	2.78126e+08	20000.000000	7.61652e+08	20000.000000	6.6335e+08	20000.000000	8.58512e+08	20000.000000	1.13922e+09	
21000.000000	2.52997e+11	21000.000000	1.89156e+11	21000.000000	2.61451e+11	21000.000000	2.62094e+11	21000.000000	2.61508e+11	21000.000000	2.84239e+08	21000.000000	8.09635e+08	21000.000000	6.80958e+08	21000.000000	8.82354e+08	21000.000000	1.17237e+09	
22000.000000	2.58012e+11	22000.000000	1.94605e+11	22000.000000	2.7295e+11	22000.000000	2.73617e+11	22000.000000	2.7301e+11	22000.000000	2.90161e+08	22000.000000	8.58283e+08	22000.000000	6.9805e+08	22000.000000	9.05476e+08	22000.000000	1.20458e+09	
23000.000000	2.62754e+11	23000.000000	1.99882e+11	23000.000000	2.84388e+11	23000.000000	2.85077e+11	23000.000000	2.8445e+11	23000.000000	2.95907e+08	23000.000000	9.07583e+08	23000.000000	7.14662e+08	23000.000000	9.27928e+08	23000.000000	1.2359e+09	
24000.000000	2.67244e+11	24000.000000	2.04997e+11	24000.000000	2.95767e+11	24000.000000	2.96478e+11	24000.000000	2.95831e+11	24000.000000	3.0149e+08	24000.000000	9.57532e+08	24000.000000	7.30827e+08	24000.000000	9.49757e+08	24000.000000	1.2664e+09	
25000.000000	2.71501e+11	25000.000000	2.0996e+11	25000.000000	3.07091e+11	25000.000000	3.07824e+11	25000.000000	3.07158e+11	25000.000000	3.06921e+08	25000.000000	1.0081e+09	25000.000000	7.46574e+08	25000.000000	9.71004e+08	25000.000000	1.29613e+09	
26000.000000	2.75544e+11	26000.000000	2.14779e+11	26000.000000	3.18362e+11	26000.000000	3.19116e+11	26000.000000	3.18431e+11	26000.000000	3.12212e+08	26000.000000	1.05926e+09	26000.000000	7.61931e+08	26000.000000	9.91705e+08	26000.000000	1.32514e+09	
27000.000000	2.79388e+11	27000.000000	2.19464e+11	27000.000000	3.29582e+11	27000.000000	3.30357e+11	27000.000000	3.29653e+11	27000.000000	3.17371e+08	27000.000000	1.11099e+09	27000.000000	7.76921e+08	27000.000000	1.01189e+09	27000.000000	1.35347e+09	
28000.000000	2.83047e+11	28000.000000	2.24022e+11	28000.000000	3.40755e+11	28000.000000	3.41549e+11	28000.000000	3.40827e+11	28000.000000	3.22406e+08	28000.000000	1.1633e+09	28000.000000	7.91567e+08	28000.000000	1.0316e+09	28000.000000	1.38116e+09	
29000.000000	2.86535e+11	29000.000000	2.28459e+11	29000.000000	3.5188e+11	29000.000000	3.52694e+11	29000.000000	3.51955e+11	29000.000000	3.27326e+08	29000.000000	1.21618e+09	29000.000000	8.05887e+08	29000.000000	1.05085e+09	29000.000000	1.40825e+09	
30000.000000	2.89862e+11	30000.000000	2.32782e+11	30000.000000	3.62962e+11	30000.000000	3.63795e+11	30000.000000	3.63039e+11	30000.000000	3.32137e+08	30000.000000	1.26962e+09	30000.000000	8.19899e+08	30000.000000	1.06968e+09	30000.000000	1.43477e+09	
32000.000000	2.96079e+11	32000.000000	2.41109e+11	32000.000000	3.84999e+11	32000.000000	3.85868e+11	32000.000000	3.8508e+11	32000.000000	3.41456e+08	32000.000000	1.37813e+09	32000.000000	8.47066e+08	32000.000000	1.10612e+09	32000.000000	1.48622e+09	
34000.000000	3.01773e+11	34000.000000	2.49044e+11	34000.000000	4.06878e+11	34000.000000	4.07781e+11	34000.000000	4.06962e+11	34000.000000	3.50407e+08	34000.000000	1.48875e+09	34000.000000	8.73182e+08	34000.000000	1.1411e+09	34000.000000	1.53571e+09	
36000.000000	3.07005e+11	36000.000000	2.56625e+11	36000.000000	4.2861e+11	36000.000000	4.29545e+11	36000.000000	4.28698e+11	36000.000000	3.59026e+08	36000.000000	1.60139e+09	36000.000000	8.98346e+08	36000.000000	1.17476e+09	36000.000000	1.58343e+09	
38000.000000	3.11831e+11	38000.000000	2.63881e+11	38000.000000	4.50205e+11	38000.000000	4.5117e+11	38000.000000	4.50297e+11	38000.000000	3.67345e+08	38000.000000	1.71593e+09	38000.000000	9.22642e+08	38000.000000	1.2072e+09	38000.000000	1.62953e+09	
40000.000000	3.16293e+11	40000.000000	2.70841e+11	40000.000000	4.71672e+11	40000.000000	4.72665e+11	40000.000000	4.71767e+11	40000.000000	3.75391e+08	40000.000000	1.83228e+09	40000.000000	9.46142e+08	40000.000000	1.23853e+09	40000.000000	1.67415e+09	
42000.000000	3.20432e+11	42000.000000	2.77529e+11	42000.000000	4.93018e+11	42000.000000	4.94037e+11	42000.000000	4.93117e+11	42000.000000	3.83186e+08	42000.000000	1.95037e+09	42000.000000	9.6891e+08	42000.000000	1.26885e+09	42000.000000	1.7174e+09	
44000.000000	3.2428e+11	44000.000000	2.83964e+11	44000.000000	5.1425e+11	44000.000000	5.15293e+11	44000.000000	5.14354e+11	44000.000000	3.9075e+08	44000.000000	2.07014e+09	44000.000000	9.91002e+08	44000.000000	1.29822e+09	44000.000000	1.75938e+09	
46000.000000	3.27867e+11	46000.000000	2.90167e+11	46000.000000	5.35376e+11	46000.000000	5.36441e+11	46000.000000	5.35483e+11	46000.000000	3.98102e+08	46000.000000	2.19153e+09	46000.000000	1.01247e+09	46000.000000	1.32672e+09	46000.000000	1.80019e+09	
48000.000000	3.31217e+11	48000.000000	2.96154e+11	48000.000000	5.56399e+11	48000.000000	5.57484e+11	48000.000000	5.5651e+11	48000.000000	4.05256e+08	48000.000000	2.3145e+09	48000.000000	1.03335e+09	48000.000000	1.35441e+09	48000.000000	1.8399e+09	
50000.000000	3.34352e+11	50000.000000	3.01939e+11	50000.000000	5.77326e+11	50000.000000	5.78429e+11	50000.000000	5.77441e+11	50000.000000	4.12227e+08	50000.000000	2.43901e+09	50000.000000	1.05368e+09	50000.000000	1.38134e+09	50000.000000	1.8786e+09	
