! 8Li range in Si
! apply ZOOM for details
Energy (MeV/u)1	0 - [He-base] F.Hubert et al, AD&ND Tables 46(1990)1	Energy (MeV/u)2	1 - [H -base] J.F.Ziegler et al,Pergamon Press,NY(low energy)	Energy (MeV/u)3	2 - ATIMA 1.2 LS-theory (recommended for high energy)	Energy (MeV/u)4	3 - ATIMA 1.2 without LS-correction	Energy (MeV/u)5	4 - ATIMA 1.4 H.Weick, improved mean charge formula for HI	Energy (MeV/u)6	5 - Range straggling - method [0] - LISE	Energy (MeV/u)7	6 - Range straggling - method [1] - Atima	Energy (MeV/u)8	7 - Lateral range - method [0] - LISE	Energy (MeV/u)9	8 - Lateral range - method [1] - Atima	Energy (MeV/u)10	9 - Lateral range - method [2] - PDG	
0.001000	0.103879  	0.001000	0.103879  	0.001000	0.0651325 	0.001000	0.0651325 	0.001000	0.0651534 	0.001000	0         	0.001000	0         	0.001000	0.00105004	0.001000	0.00166744	0.001000	0.000792127	
0.002000	0.212517  	0.002000	0.207758  	0.002000	0.130265  	0.002000	0.130265  	0.002000	0.130307  	0.002000	0.00833529	0.002000	0.00833529	0.002000	0.00307506	0.002000	0.00471755	0.002000	0.00240992	
0.005000	0.479165  	0.005000	0.462726  	0.005000	0.296552  	0.005000	0.296552  	0.005000	0.296619  	0.005000	0.00987485	0.005000	0.00987485	0.005000	0.0109056 	0.005000	0.0161552 	0.005000	0.00884047	
0.008000	0.691594  	0.008000	0.66585   	0.008000	0.438798  	0.008000	0.438798  	0.008000	0.438875  	0.008000	0.00993884	0.008000	0.00993884	0.008000	0.019957  	0.008000	0.0290623 	0.008000	0.0164206 	
0.010000	0.814533  	0.010000	0.783404  	0.010000	0.52532   	0.010000	0.52532   	0.010000	0.5254    	0.010000	0.0101631 	0.010000	0.0101631 	0.010000	0.0263453 	0.010000	0.0380651 	0.010000	0.0218186 	
0.015000	1.07914   	0.015000	1.03642   	0.015000	0.721771  	0.015000	0.721771  	0.015000	0.721857  	0.015000	0.0113138 	0.015000	0.0113138 	0.015000	0.0430108 	0.015000	0.0612992 	0.015000	0.0360114 	
0.020000	1.29345   	0.020000	1.24135   	0.020000	0.891012  	0.020000	0.891012  	0.020000	0.891102  	0.020000	0.0126768 	0.020000	0.0126768 	0.020000	0.0594598 	0.020000	0.0840499 	0.020000	0.0500979 	
0.025000	1.47179   	0.025000	1.41187   	0.025000	1.03819   	0.025000	1.03819   	0.025000	1.03828   	0.025000	0.0139003 	0.025000	0.0139003 	0.025000	0.0751678 	0.025000	0.105679  	0.025000	0.0635915 	
0.030000	1.62564   	0.030000	1.55898   	0.030000	1.16974   	0.030000	1.16974   	0.030000	1.16984   	0.030000	0.014962  	0.030000	0.014962  	0.030000	0.0902541 	0.030000	0.12637   	0.030000	0.0765858 	
0.035000	1.76232   	0.035000	1.68967   	0.035000	1.29021   	0.035000	1.29021   	0.035000	1.29031   	0.035000	0.015897  	0.035000	0.015897  	0.035000	0.104902  	0.035000	0.146384  	0.035000	0.0892343 	
0.040000	1.88639   	0.040000	1.80831   	0.040000	1.40207   	0.040000	1.40207   	0.040000	1.40217   	0.040000	0.0167275 	0.040000	0.0167275 	0.040000	0.119188  	0.040000	0.165841  	0.040000	0.101598  	
0.045000	2.0009    	0.045000	1.9178    	0.045000	1.50713   	0.045000	1.50713   	0.045000	1.50722   	0.045000	0.0174743 	0.045000	0.0174743 	0.045000	0.132061  	0.045000	0.183053  	0.045000	0.11276   	
0.050000	2.10803   	0.050000	2.02024   	0.050000	1.60671   	0.050000	1.60671   	0.050000	1.6068    	0.050000	0.0181548 	0.050000	0.0181136 	0.050000	0.142552  	0.050000	0.196764  	0.050000	0.121875  	
0.055000	2.20939   	0.055000	2.11716   	0.055000	1.70185   	0.055000	1.70185   	0.055000	1.70194   	0.055000	0.0187827 	0.055000	0.0186728 	0.055000	0.151563  	0.055000	0.208311  	0.055000	0.12972   	
0.060000	2.3062    	0.060000	2.20973   	0.060000	1.79334   	0.060000	1.79334   	0.060000	1.79343   	0.060000	0.019369  	0.060000	0.0191879 	0.060000	0.159499  	0.060000	0.218348  	0.060000	0.136641  	
0.070000	2.48969   	0.070000	2.38518   	0.070000	1.96784   	0.070000	1.96784   	0.070000	1.96794   	0.070000	0.0204485 	0.070000	0.020123  	0.070000	0.173027  	0.070000	0.235254  	0.070000	0.148472  	
0.080000	2.66386   	0.080000	2.55172   	0.080000	2.13404   	0.080000	2.13404   	0.080000	2.13414   	0.080000	0.0214432 	0.080000	0.0209734 	0.080000	0.184457  	0.080000	0.24939   	0.080000	0.158501  	
0.090000	2.8321    	0.090000	2.71259   	0.090000	2.29455   	0.090000	2.29455   	0.090000	2.29465   	0.090000	0.0223851 	0.090000	0.0217721 	0.090000	0.194354  	0.090000	0.261574  	0.090000	0.167218  	
0.100000	2.99665   	0.100000	2.86994   	0.100000	2.45121   	0.100000	2.45121   	0.100000	2.4513    	0.100000	0.0232962 	0.100000	0.0225403 	0.100000	0.203356  	0.100000	0.272595  	0.100000	0.175169  	
0.120000	3.31826   	0.120000	3.17746   	0.120000	2.7579    	0.120000	2.7579    	0.120000	2.758     	0.120000	0.0250821 	0.120000	0.0240385 	0.120000	0.219053  	0.120000	0.291763  	0.120000	0.189098  	
0.140000	3.63445   	0.140000	3.47979   	0.140000	3.0611    	0.140000	3.0611    	0.140000	3.0612    	0.140000	0.0268765 	0.140000	0.0255382 	0.140000	0.233054  	0.140000	0.308748  	0.140000	0.201588  	
0.160000	3.94859   	0.160000	3.78018   	0.160000	3.36468   	0.160000	3.36468   	0.160000	3.36477   	0.160000	0.0287184 	0.160000	0.0270744 	0.160000	0.24595   	0.160000	0.324298  	0.160000	0.213146  	
0.180000	4.26301   	0.180000	4.08082   	0.180000	3.67082   	0.180000	3.67082   	0.180000	3.67092   	0.180000	0.0306267 	0.180000	0.0286641 	0.180000	0.258008  	0.180000	0.338775  	0.180000	0.224001  	
0.200000	4.57842   	0.200000	4.38242   	0.200000	3.98076   	0.200000	3.98076   	0.200000	3.98086   	0.200000	0.0326091 	0.200000	0.0303142 	0.200000	0.269603  	0.200000	0.352605  	0.200000	0.234473  	
0.250000	5.37439   	0.250000	5.14353   	0.250000	4.77578   	0.250000	4.77578   	0.250000	4.77587   	0.250000	0.0378893 	0.250000	0.0347017 	0.250000	0.297059  	0.250000	0.385037  	0.250000	0.259408  	
0.300000	6.17291   	0.300000	5.90706   	0.300000	5.59959   	0.300000	5.59959   	0.300000	5.59969   	0.300000	0.0435451 	0.300000	0.0393863 	0.300000	0.323224  	0.300000	0.415492  	0.300000	0.283317  	
0.350000	6.97712   	0.350000	6.67605   	0.350000	6.44712   	0.350000	6.44712   	0.350000	6.44722   	0.350000	0.0494156 	0.350000	0.0442262 	0.350000	0.348341  	0.350000	0.444382  	0.350000	0.306379  	
0.400000	7.79299   	0.400000	7.45618   	0.400000	7.31931   	0.400000	7.31931   	0.400000	7.31941   	0.400000	0.0554939 	0.400000	0.0492086 	0.400000	0.372844  	0.400000	0.47223   	0.400000	0.328971  	
0.450000	8.62636   	0.450000	8.25305   	0.450000	8.21771   	0.450000	8.21771   	0.450000	8.2178    	0.450000	0.061797  	0.450000	0.0543418 	0.450000	0.397089  	0.450000	0.499449  	0.450000	0.351395  	
0.500000	9.48057   	0.500000	9.06984   	0.500000	9.14269   	0.500000	9.14269   	0.500000	9.14278   	0.500000	0.0683222 	0.500000	0.0596197 	0.500000	0.421059  	0.500000	0.526096  	0.500000	0.373639  	
0.600000	11.2522   	0.600000	10.7639   	0.600000	11.071    	0.600000	11.071    	0.600000	11.0711   	0.600000	0.0819921 	0.600000	0.0705586 	0.600000	0.468852  	0.600000	0.578478  	0.600000	0.41815   	
0.700000	13.1245   	0.700000	12.5542   	0.700000	13.1018   	0.700000	13.1018   	0.700000	13.1019   	0.700000	0.0964437 	0.700000	0.0819597 	0.700000	0.516749  	0.700000	0.630344  	0.700000	0.462932  	
0.800000	15.0946   	0.800000	14.4379   	0.800000	15.2335   	0.800000	15.2335   	0.800000	15.2335   	0.800000	0.111653  	0.800000	0.0937941 	0.800000	0.565035  	0.800000	0.682271  	0.800000	0.508211  	
0.900000	17.1564   	0.900000	16.4095   	0.900000	17.4648   	0.900000	17.4648   	0.900000	17.4649   	0.900000	0.127612  	0.900000	0.106051  	0.900000	0.613737  	0.900000	0.734422  	0.900000	0.553997  	
1.000000	19.3237   	1.000000	18.4818   	1.000000	19.798    	1.000000	19.798    	1.000000	19.7981   	1.000000	0.144384  	1.000000	0.118773  	1.000000	0.663274  	1.000000	0.787182  	1.000000	0.600653  	
1.250000	25.2443   	1.250000	24.1431   	1.250000	26.0831   	1.250000	26.0831   	1.250000	26.0832   	1.250000	0.190061  	1.250000	0.153117  	1.250000	0.790759  	1.250000	0.922275  	1.250000	0.721074  	
1.500000	32.0106   	1.500000	30.613    	1.500000	32.9959   	1.500000	32.9959   	1.500000	32.9959   	1.500000	0.240836  	1.500000	0.192573  	1.500000	0.924427  	1.500000	1.06281   	1.500000	0.847696  	
1.750000	39.6708   	1.750000	37.9377   	1.750000	40.5297   	1.750000	40.5297   	1.750000	40.5298   	1.750000	0.29675   	1.750000	0.236315  	1.750000	1.0648    	1.750000	1.20943   	1.750000	0.980963  	
2.000000	48.158    	2.000000	46.0531   	2.000000	48.684    	2.000000	48.684    	2.000000	48.6841   	2.000000	0.357929  	2.000000	0.283735  	2.000000	1.2019    	2.000000	1.36265   	2.000000	1.1115    	
2.250000	57.4233   	2.250000	54.9125   	2.250000	57.4618   	2.250000	57.4618   	2.250000	57.4619   	2.250000	0.424548  	2.250000	0.334608  	2.250000	1.33346   	2.250000	1.52279   	2.250000	1.23706   	
2.500000	67.4311   	2.500000	64.4814   	2.500000	66.8661   	2.500000	66.8661   	2.500000	66.8661   	2.500000	0.496753  	2.500000	0.388839  	2.500000	1.4737    	2.500000	1.69      	2.500000	1.37093   	
3.000000	88.8626   	3.000000	85.6518   	3.000000	87.558    	3.000000	87.558    	3.000000	87.5581   	3.000000	0.658247  	3.000000	0.507175  	3.000000	1.7803    	3.000000	2.01243   	3.000000	1.66378   	
3.500000	112.855   	3.500000	109.425   	3.500000	110.754   	3.500000	110.754   	3.500000	110.754   	3.500000	0.842703  	3.500000	0.638417  	3.500000	2.12157   	3.500000	2.36382   	3.500000	1.99008   	
4.000000	139.357   	4.000000	135.712   	4.000000	136.431   	4.000000	136.431   	4.000000	136.431   	4.000000	1.05      	4.000000	0.782176  	4.000000	2.49719   	4.000000	2.74705   	4.000000	2.34957   	
4.500000	168.322   	4.500000	164.45    	4.500000	164.555   	4.500000	164.555   	4.500000	164.555   	4.500000	1.27979   	4.500000	0.937953  	4.500000	2.90667   	4.500000	3.16126   	4.500000	2.74183   	
5.000000	199.708   	5.000000	195.584   	5.000000	195.089   	5.000000	195.089   	5.000000	195.089   	5.000000	1.53163   	5.000000	1.10527   	5.000000	3.34943   	5.000000	3.60559   	5.000000	3.16634   	
5.500000	233.478   	5.500000	229.067   	5.500000	227.992   	5.500000	227.992   	5.500000	227.992   	5.500000	1.80502   	5.500000	1.28371   	5.500000	3.82481   	5.500000	4.07916   	5.500000	3.62247   	
6.000000	269.598   	6.000000	264.855   	6.000000	263.224   	6.000000	263.224   	6.000000	263.224   	6.000000	2.09948   	6.000000	1.47287   	6.000000	4.33225   	6.000000	4.58124   	6.000000	4.10971   	
6.500000	308.036   	6.500000	302.908   	6.500000	300.746   	6.500000	300.746   	6.500000	300.746   	6.500000	2.41455   	6.500000	1.67239   	6.500000	4.8711    	6.500000	5.11105   	6.500000	4.62745   	
7.000000	348.763   	7.000000	343.19    	7.000000	340.522   	7.000000	340.522   	7.000000	340.522   	7.000000	2.7498    	7.000000	1.88194   	7.000000	5.44085   	7.000000	5.66792   	7.000000	5.17518   	
7.500000	391.75    	7.500000	385.665   	7.500000	382.516   	7.500000	382.516   	7.500000	382.516   	7.500000	3.10483   	7.500000	2.10126   	7.500000	6.04092   	7.500000	6.25121   	7.500000	5.75238   	
8.000000	436.974   	8.000000	430.301   	8.000000	426.696   	8.000000	426.696   	8.000000	426.696   	8.000000	3.47931   	8.000000	2.33006   	8.000000	6.67085   	8.000000	6.86036   	8.000000	6.35859   	
8.500000	484.411   	8.500000	477.068   	8.500000	473.032   	8.500000	473.032   	8.500000	473.032   	8.500000	3.87289   	8.500000	2.56807   	8.500000	7.33016   	8.500000	7.49482   	8.500000	6.99337   	
9.000000	534.037   	9.000000	525.939   	9.000000	521.495   	9.000000	521.495   	9.000000	521.495   	9.000000	4.28529   	9.000000	2.81506   	9.000000	8.01844   	9.000000	8.15412   	9.000000	7.65632   	
9.500000	585.831   	9.500000	576.888   	9.500000	572.06    	9.500000	572.06    	9.500000	572.06    	9.500000	4.71624   	9.500000	3.07085   	9.500000	8.73528   	9.500000	8.83779   	9.500000	8.34706   	
10.000000	639.774   	10.000000	629.882   	10.000000	624.702   	10.000000	624.702   	10.000000	624.702   	10.000000	5.16551   	10.000000	3.33532   	10.000000	9.48031   	10.000000	9.54542   	10.000000	9.06523   	
11.000000	754.031   	11.000000	741.481   	11.000000	736.226   	11.000000	736.215   	11.000000	736.225   	11.000000	6.12051   	11.000000	3.89131   	11.000000	11.0553   	11.000000	11.0326   	11.000000	10.5843   	
12.000000	876.663   	12.000000	861.104   	12.000000	856.021   	12.000000	855.98    	12.000000	856.02    	12.000000	7.15129   	12.000000	4.48351   	12.000000	12.7432   	12.000000	12.6148   	12.000000	12.2132   	
13.000000	1007.54   	13.000000	988.662   	13.000000	983.978   	13.000000	983.889   	13.000000	983.974   	13.000000	8.25684   	13.000000	5.11094   	13.000000	14.5424   	13.000000	14.2902   	13.000000	13.9506   	
14.000000	1146.54   	14.000000	1124.07   	14.000000	1120      	14.000000	1119.85   	14.000000	1119.99   	14.000000	9.43644   	14.000000	5.77288   	14.000000	16.4518   	14.000000	16.0574   	14.000000	15.7954   	
15.000000	1293.56   	15.000000	1267.26   	15.000000	1264      	15.000000	1263.78   	15.000000	1264      	15.000000	10.6896   	15.000000	6.46923   	15.000000	18.4703   	15.000000	17.9151   	15.000000	17.7467   	
16.000000	1448.48   	16.000000	1418.13   	16.000000	1415.92   	16.000000	1415.62   	16.000000	1415.91   	16.000000	12.0158   	16.000000	7.19975   	16.000000	20.5973   	16.000000	19.8623   	16.000000	19.8038   	
17.000000	1611.21   	17.000000	1576.63   	17.000000	1575.68   	17.000000	1575.3    	17.000000	1575.68   	17.000000	13.415    	17.000000	7.9639    	17.000000	22.832    	17.000000	21.8979   	17.000000	21.966    	
18.000000	1781.65   	18.000000	1742.67   	18.000000	1743.25   	18.000000	1742.77   	18.000000	1743.25   	18.000000	14.8868   	18.000000	8.76137   	18.000000	25.1738   	18.000000	24.0214   	18.000000	24.2329   	
19.000000	1959.72   	19.000000	1916.2    	19.000000	1918.56   	19.000000	1918      	19.000000	1918.56   	19.000000	16.4312   	19.000000	9.59206   	19.000000	27.6222   	19.000000	26.2318   	19.000000	26.604    	
20.000000	2145.34   	20.000000	2097.14   	20.000000	2101.58   	20.000000	2100.93   	20.000000	2101.59   	20.000000	18.048    	20.000000	10.4559   	20.000000	30.1769   	20.000000	28.5288   	20.000000	29.0791   	
21.000000	2338.41   	21.000000	2285.43   	21.000000	2292.28   	21.000000	2291.53   	21.000000	2292.29   	21.000000	19.7373   	21.000000	11.3528   	21.000000	32.8376   	21.000000	30.9117   	21.000000	31.6578   	
22.000000	2538.88   	22.000000	2481.01   	22.000000	2490.61   	22.000000	2489.77   	22.000000	2490.62   	22.000000	21.4989   	22.000000	12.2826   	22.000000	35.6039   	22.000000	33.38     	22.000000	34.34     	
23.000000	2746.66   	23.000000	2683.83   	23.000000	2696.55   	23.000000	2695.62   	23.000000	2696.56   	23.000000	23.333    	23.000000	13.2454   	23.000000	38.4756   	23.000000	35.9334   	23.000000	37.1254   	
24.000000	2961.68   	24.000000	2893.81   	24.000000	2910.06   	24.000000	2909.05   	24.000000	2910.07   	24.000000	25.2394   	24.000000	14.241    	24.000000	41.4524   	24.000000	38.5714   	24.000000	40.0139   	
25.000000	3183.88   	25.000000	3110.91   	25.000000	3131.12   	25.000000	3130.04   	25.000000	3131.13   	25.000000	27.2182   	25.000000	15.2694   	25.000000	44.5342   	25.000000	41.2938   	25.000000	43.0054   	
27.000000	3649.54   	27.000000	3566.25   	27.000000	3595.8    	27.000000	3594.61   	27.000000	3595.81   	27.000000	31.3928   	27.000000	17.4244   	27.000000	51.012    	27.000000	46.9903   	27.000000	49.2969   	
29.000000	4143.16   	29.000000	4049.42   	29.000000	4090.41   	29.000000	4089.14   	29.000000	4090.39   	29.000000	35.8568   	29.000000	19.7099   	29.000000	57.9078   	29.000000	53.0205   	29.000000	55.9992   	
31.000000	4664.28   	31.000000	4560.03   	31.000000	4614.48   	31.000000	4613.2    	31.000000	4614.44   	31.000000	40.6025   	31.000000	22.1203   	31.000000	65.2157   	31.000000	59.3784   	31.000000	63.1071   	
33.000000	5212.45   	33.000000	5097.69   	33.000000	5166.09   	33.000000	5164.86   	33.000000	5166.01   	33.000000	45.5848   	33.000000	24.6337   	33.000000	72.904    	33.000000	66.0374   	33.000000	70.5905   	
35.000000	5787.28   	35.000000	5662.06   	35.000000	5744.58   	35.000000	5743.48   	35.000000	5744.45   	35.000000	50.7959   	35.000000	27.246    	35.000000	80.9627   	35.000000	72.9882   	35.000000	78.44     	
38.000000	6698.64   	38.000000	6557.91   	38.000000	6661.91   	38.000000	6661.14   	38.000000	6661.72   	38.000000	59.0379   	38.000000	31.3468   	38.000000	93.7328   	38.000000	83.9501   	38.000000	90.8901   	
41.000000	7667.88   	41.000000	7511.95   	41.000000	7637.72   	41.000000	7637.46   	41.000000	7637.49   	41.000000	67.7842   	41.000000	35.6662   	41.000000	107.305   	41.000000	95.5396   	41.000000	104.137   	
44.000000	8693.83   	44.000000	8523.1    	44.000000	8670.91   	44.000000	8671.34   	44.000000	8670.66   	44.000000	77.027    	44.000000	40.1972   	44.000000	121.662   	44.000000	107.741   	44.000000	118.164   	
47.000000	9775.44   	47.000000	9590.38   	47.000000	9760.43   	47.000000	9761.77   	47.000000	9760.21   	47.000000	86.7574   	47.000000	44.9366   	47.000000	136.787   	47.000000	120.541   	47.000000	132.959   	
50.000000	10911.7   	50.000000	10712.8   	50.000000	10905.4   	50.000000	10907.8   	50.000000	10905.2   	50.000000	96.9664   	50.000000	49.8805   	50.000000	152.666   	50.000000	133.925   	50.000000	148.508   	
55.000000	12924.3   	55.000000	12703.6   	55.000000	12934.4   	55.000000	12938.8   	55.000000	12934.1   	55.000000	115.02    	55.000000	58.5646   	55.000000	180.764   	55.000000	157.497   	55.000000	176.064   	
60.000000	15082     	60.000000	14841.1   	60.000000	15110.7   	60.000000	15117.6   	60.000000	15110.5   	60.000000	134.336   	60.000000	67.79     	60.000000	210.851   	60.000000	182.607   	60.000000	205.625   	
65.000000	17380.9   	65.000000	17121.5   	65.000000	17430.8   	65.000000	17440.6   	65.000000	17430.5   	65.000000	154.873   	65.000000	77.5321   	65.000000	242.866   	65.000000	209.205   	65.000000	237.14    	
70.000000	19817.6   	70.000000	19541.3   	70.000000	19890.9   	70.000000	19904.1   	70.000000	19890.7   	70.000000	176.592   	70.000000	87.78     	70.000000	276.755   	70.000000	237.246   	70.000000	270.563   	
75.000000	22388.8   	75.000000	22097     	75.000000	22487.8   	75.000000	22504.9   	75.000000	22487.7   	75.000000	199.453   	75.000000	98.5147   	75.000000	312.464   	75.000000	266.691   	75.000000	305.847   	
80.000000	25091.4   	80.000000	24785.4   	80.000000	25218.6   	80.000000	25239.8   	80.000000	25218.5   	80.000000	223.421   	80.000000	109.727   	80.000000	349.943   	80.000000	297.498   	80.000000	342.951   	
85.000000	27922.7   	85.000000	27603.6   	85.000000	28080.1   	85.000000	28106     	85.000000	28080.1   	85.000000	248.459   	85.000000	121.393   	85.000000	389.144   	85.000000	329.634   	85.000000	381.836   	
90.000000	30879.8   	90.000000	30548.5   	90.000000	31069.6   	90.000000	31100.5   	90.000000	31069.6   	90.000000	274.534   	90.000000	133.504   	90.000000	430.022   	90.000000	363.062   	90.000000	422.462   	
95.000000	33960.2   	95.000000	33617.5   	95.000000	34184.4   	95.000000	34220.6   	95.000000	34184.4   	95.000000	301.613   	95.000000	146.047   	95.000000	472.533   	95.000000	397.75    	95.000000	464.792   	
100.000000	37161.5   	100.000000	36807.8   	100.000000	37421.7   	100.000000	37463.8   	100.000000	37421.8   	100.000000	329.663   	100.000000	159.01    	100.000000	516.634   	100.000000	433.667   	100.000000	508.791   	
105.000000	40481.4   	105.000000	40116.8   	105.000000	40779.3   	105.000000	40827.5   	105.000000	40779.4   	105.000000	358.655   	105.000000	172.383   	105.000000	562.285   	105.000000	470.784   	105.000000	554.425   	
110.000000	43917.7   	110.000000	43542.1   	110.000000	44254.6   	110.000000	44309.4   	110.000000	44254.8   	110.000000	388.559   	110.000000	186.157   	110.000000	609.447   	110.000000	509.071   	110.000000	601.66    	
115.000000	47468.2   	115.000000	47081.3   	115.000000	47845.2   	115.000000	47907.1   	115.000000	47845.5   	115.000000	419.346   	115.000000	200.318   	115.000000	658.082   	115.000000	548.502   	115.000000	650.466   	
120.000000	51131     	120.000000	50732.1   	120.000000	51549.2   	120.000000	51618.3   	120.000000	51549.5   	120.000000	450.989   	120.000000	214.848   	120.000000	708.154   	120.000000	589.05    	120.000000	700.811   	
125.000000	54904.2   	125.000000	54492.3   	125.000000	55364     	125.000000	55441     	125.000000	55364.4   	125.000000	483.462   	125.000000	229.748   	125.000000	759.627   	125.000000	630.691   	125.000000	752.665   	
130.000000	58785.9   	130.000000	58359.8   	130.000000	59287.7   	130.000000	59372.9   	130.000000	59288.4   	130.000000	516.739   	130.000000	245.004   	130.000000	812.466   	130.000000	673.4     	130.000000	805.999   	
135.000000	62774.3   	135.000000	62332.3   	135.000000	63318.7   	135.000000	63412.2   	135.000000	63319.2   	135.000000	550.794   	135.000000	260.602   	135.000000	866.64    	135.000000	717.154   	135.000000	860.786   	
140.000000	66867.8   	140.000000	66408.1   	140.000000	67454.6   	140.000000	67556.7   	140.000000	67454.9   	140.000000	585.605   	140.000000	276.534   	140.000000	922.115   	140.000000	761.93    	140.000000	916.997   	
145.000000	71064.6   	145.000000	70585     	145.000000	71693.4   	145.000000	71804.6   	145.000000	71693.7   	145.000000	621.148   	145.000000	292.793   	145.000000	978.861   	145.000000	807.706   	145.000000	974.607   	
150.000000	75363.2   	150.000000	74861.3   	150.000000	76033.4   	150.000000	76154.1   	150.000000	76033.7   	150.000000	657.4     	150.000000	309.373   	150.000000	1036.85   	150.000000	854.46    	150.000000	1033.59   	
155.000000	79822.6   	155.000000	79235.1   	155.000000	80472.9   	155.000000	80603.3   	155.000000	80473     	155.000000	694.339   	155.000000	326.266   	155.000000	1096.04   	155.000000	902.174   	155.000000	1093.92   	
160.000000	84378.8   	160.000000	83704.5   	160.000000	85009.7   	160.000000	85150.4   	160.000000	85009.9   	160.000000	731.945   	160.000000	343.465   	160.000000	1156.42   	160.000000	950.826   	160.000000	1155.57   	
165.000000	89027.9   	165.000000	88268     	165.000000	89642.5   	165.000000	89793.8   	165.000000	89642.8   	165.000000	770.197   	165.000000	360.963   	165.000000	1217.96   	165.000000	1000.4    	165.000000	1218.52   	
170.000000	93768.3   	170.000000	92923.8   	170.000000	94369.6   	170.000000	94531.8   	170.000000	94369.8   	170.000000	809.074   	170.000000	378.755   	170.000000	1280.62   	170.000000	1050.87   	170.000000	1282.74   	
175.000000	98598.4   	175.000000	97670.2   	175.000000	99189.1   	175.000000	99362.7   	175.000000	99189.5   	175.000000	848.559   	175.000000	396.834   	175.000000	1344.38   	175.000000	1102.22   	175.000000	1348.22   	
180.000000	103517    	180.000000	102506    	180.000000	104100    	180.000000	104285    	180.000000	104100    	180.000000	888.632   	180.000000	415.195   	180.000000	1409.21   	180.000000	1154.44   	180.000000	1414.93   	
185.000000	108522    	185.000000	107429    	185.000000	109100    	185.000000	109297    	185.000000	109100    	185.000000	929.275   	185.000000	433.831   	185.000000	1475.1    	185.000000	1207.51   	185.000000	1482.84   	
190.000000	113612    	190.000000	112438    	190.000000	114188    	190.000000	114398    	190.000000	114189    	190.000000	970.47    	190.000000	452.727   	190.000000	1542.01   	190.000000	1261.41   	190.000000	1551.94   	
195.000000	118786    	195.000000	117532    	195.000000	119363    	195.000000	119585    	195.000000	119363    	195.000000	1012.2    	195.000000	471.875   	195.000000	1609.93   	195.000000	1316.12   	195.000000	1622.21   	
200.000000	124043    	200.000000	122708    	200.000000	124623    	200.000000	124858    	200.000000	124623    	200.000000	1054.45   	200.000000	491.281   	200.000000	1678.82   	200.000000	1371.63   	200.000000	1693.62   	
210.000000	134799    	210.000000	133306    	210.000000	135392    	210.000000	135654    	210.000000	135393    	210.000000	1140.44   	210.000000	530.84    	210.000000	1819.46   	210.000000	1484.98   	210.000000	1839.8    	
220.000000	145869    	220.000000	144220    	220.000000	146486    	220.000000	146775    	220.000000	146486    	220.000000	1228.32   	220.000000	571.327   	220.000000	1963.75   	220.000000	1601.35   	220.000000	1990.33   	
230.000000	157244    	230.000000	155440    	230.000000	157892    	230.000000	158211    	230.000000	157893    	230.000000	1317.97   	230.000000	612.706   	230.000000	2111.52   	230.000000	1720.61   	230.000000	2145.06   	
240.000000	168915    	240.000000	166956    	240.000000	169603    	240.000000	169952    	240.000000	169604    	240.000000	1409.28   	240.000000	654.962   	240.000000	2262.63   	240.000000	1842.66   	240.000000	2303.85   	
250.000000	180872    	250.000000	178759    	250.000000	181608    	250.000000	181989    	250.000000	181608    	250.000000	1502.15   	250.000000	698.077   	250.000000	2416.91   	250.000000	1967.4    	250.000000	2466.55   	
260.000000	193108    	260.000000	190841    	260.000000	193898    	260.000000	194311    	260.000000	193899    	260.000000	1596.47   	260.000000	741.95    	260.000000	2574.24   	260.000000	2094.72   	260.000000	2633.05   	
270.000000	205615    	270.000000	203192    	270.000000	206465    	270.000000	206912    	270.000000	206465    	270.000000	1692.16   	270.000000	786.584   	270.000000	2734.46   	270.000000	2224.53   	270.000000	2803.2    	
280.000000	218384    	280.000000	215804    	280.000000	219299    	280.000000	219781    	280.000000	219300    	280.000000	1789.13   	280.000000	831.963   	280.000000	2897.45   	280.000000	2356.74   	280.000000	2976.9    	
290.000000	231408    	290.000000	228671    	290.000000	232393    	290.000000	232912    	290.000000	232394    	290.000000	1887.3    	290.000000	878.06    	290.000000	3063.09   	290.000000	2491.26   	290.000000	3154.02   	
300.000000	244681    	300.000000	241783    	300.000000	245740    	300.000000	246296    	300.000000	245741    	300.000000	1986.57   	300.000000	924.841   	300.000000	3231.25   	300.000000	2628.01   	300.000000	3334.45   	
310.000000	258196    	310.000000	255134    	310.000000	259332    	310.000000	259925    	310.000000	259333    	310.000000	2086.89   	310.000000	972.247   	310.000000	3401.82   	310.000000	2766.91   	310.000000	3518.08   	
320.000000	271946    	320.000000	268717    	320.000000	273162    	320.000000	273794    	320.000000	273162    	320.000000	2188.18   	320.000000	1020.28   	320.000000	3574.7    	320.000000	2907.87   	320.000000	3704.81   	
330.000000	285924    	330.000000	282526    	330.000000	287222    	330.000000	287894    	330.000000	287223    	330.000000	2290.37   	330.000000	1068.94   	330.000000	3749.78   	330.000000	3050.84   	330.000000	3894.54   	
340.000000	300125    	340.000000	296554    	340.000000	301506    	340.000000	302220    	340.000000	301507    	340.000000	2393.4    	340.000000	1118.17   	340.000000	3926.95   	340.000000	3195.73   	340.000000	4087.16   	
350.000000	314543    	350.000000	310794    	350.000000	316009    	350.000000	316764    	350.000000	316009    	350.000000	2497.21   	350.000000	1167.92   	350.000000	4106.13   	350.000000	3342.47   	350.000000	4282.59   	
360.000000	329173    	360.000000	325242    	360.000000	330724    	360.000000	331520    	360.000000	330723    	360.000000	2601.74   	360.000000	1218.22   	360.000000	4287.22   	360.000000	3491      	360.000000	4480.73   	
370.000000	344008    	370.000000	339891    	370.000000	345644    	370.000000	346483    	370.000000	345643    	370.000000	2706.94   	370.000000	1269.06   	370.000000	4470.13   	370.000000	3641.26   	370.000000	4681.5    	
380.000000	359044    	380.000000	354735    	380.000000	360763    	380.000000	361647    	380.000000	360762    	380.000000	2812.75   	380.000000	1320.42   	380.000000	4654.78   	380.000000	3793.19   	380.000000	4884.81   	
390.000000	374276    	390.000000	369770    	390.000000	376077    	390.000000	377006    	390.000000	376076    	390.000000	2919.13   	390.000000	1372.26   	390.000000	4841.1    	390.000000	3946.72   	390.000000	5090.57   	
400.000000	389698    	400.000000	384990    	400.000000	391580    	400.000000	392555    	400.000000	391579    	400.000000	3026.03   	400.000000	1424.57   	400.000000	5028.99   	400.000000	4101.8    	400.000000	5298.72   	
410.000000	405307    	410.000000	400391    	410.000000	407267    	410.000000	408289    	410.000000	407266    	410.000000	3133.4    	410.000000	1477.33   	410.000000	5218.39   	410.000000	4258.38   	410.000000	5509.16   	
420.000000	421097    	420.000000	415967    	420.000000	423131    	420.000000	424202    	420.000000	423132    	420.000000	3241.21   	420.000000	1530.5    	420.000000	5409.23   	420.000000	4416.4    	420.000000	5721.83   	
430.000000	437063    	430.000000	431715    	430.000000	439171    	430.000000	440290    	430.000000	439171    	430.000000	3349.41   	430.000000	1584.06   	430.000000	5601.44   	430.000000	4575.8    	430.000000	5936.66   	
440.000000	453203    	440.000000	447628    	440.000000	455380    	440.000000	456549    	440.000000	455380    	440.000000	3457.97   	440.000000	1638.01   	440.000000	5794.95   	440.000000	4736.55   	440.000000	6153.58   	
450.000000	469511    	450.000000	463704    	450.000000	471754    	450.000000	472972    	450.000000	471754    	450.000000	3566.85   	450.000000	1692.35   	450.000000	5989.7    	450.000000	4898.59   	450.000000	6372.51   	
460.000000	485984    	460.000000	479938    	460.000000	488289    	460.000000	489557    	460.000000	488288    	460.000000	3676.02   	460.000000	1747.09   	460.000000	6185.63   	460.000000	5061.88   	460.000000	6593.4    	
470.000000	502617    	470.000000	496326    	470.000000	504980    	470.000000	506299    	470.000000	504979    	470.000000	3785.44   	470.000000	1802.21   	470.000000	6382.68   	470.000000	5226.38   	470.000000	6816.18   	
480.000000	519407    	480.000000	512864    	480.000000	521822    	480.000000	523194    	480.000000	521822    	480.000000	3895.09   	480.000000	1857.7    	480.000000	6580.8    	480.000000	5392.03   	480.000000	7040.79   	
490.000000	536350    	490.000000	529548    	490.000000	538812    	490.000000	540237    	490.000000	538813    	490.000000	4004.93   	490.000000	1913.51   	490.000000	6779.93   	490.000000	5558.8    	490.000000	7267.17   	
500.000000	553443    	500.000000	546375    	500.000000	555948    	500.000000	557425    	500.000000	555948    	500.000000	4114.94   	500.000000	1969.63   	500.000000	6980.02   	500.000000	5726.65   	500.000000	7495.26   	
520.000000	588062    	520.000000	580442    	520.000000	590637    	520.000000	592222    	520.000000	590636    	520.000000	4335.35   	520.000000	2082.85   	520.000000	7382.89   	520.000000	6065.43   	520.000000	7956.37   	
540.000000	623239    	540.000000	615039    	540.000000	625862    	540.000000	627556    	540.000000	625859    	540.000000	4556.13   	540.000000	2197.33   	540.000000	7789.03   	540.000000	6408.08   	540.000000	8423.68   	
560.000000	658947    	560.000000	650138    	560.000000	661592    	560.000000	663399    	560.000000	661590    	560.000000	4777.11   	560.000000	2312.91   	560.000000	8198.11   	560.000000	6754.32   	560.000000	8896.8    	
580.000000	695164    	580.000000	685717    	580.000000	697804    	580.000000	699727    	580.000000	697802    	580.000000	4998.13   	580.000000	2429.61   	580.000000	8609.8    	580.000000	7103.89   	580.000000	9375.36   	
600.000000	731865    	600.000000	721751    	600.000000	734476    	600.000000	736515    	600.000000	734473    	600.000000	5219.04   	600.000000	2547.4    	600.000000	9023.81   	600.000000	7456.54   	600.000000	9859      	
620.000000	769029    	620.000000	758221    	620.000000	771583    	620.000000	773742    	620.000000	771581    	620.000000	5439.72   	620.000000	2666.15   	620.000000	9439.86   	620.000000	7812.06   	620.000000	10347.4   	
640.000000	806635    	640.000000	795104    	640.000000	809104    	640.000000	811386    	640.000000	809104    	640.000000	5660.05   	640.000000	2785.78   	640.000000	9857.71   	640.000000	8170.23   	640.000000	10840.2   	
660.000000	844665    	660.000000	832383    	660.000000	847022    	660.000000	849427    	660.000000	847023    	660.000000	5879.92   	660.000000	2906.27   	660.000000	10277.1   	660.000000	8530.84   	660.000000	11337.2   	
680.000000	883098    	680.000000	870038    	680.000000	885318    	680.000000	887847    	680.000000	885318    	680.000000	6099.25   	680.000000	3027.58   	680.000000	10697.9   	680.000000	8893.72   	680.000000	11838     	
700.000000	921918    	700.000000	908052    	700.000000	923974    	700.000000	926627    	700.000000	923973    	700.000000	6317.95   	700.000000	3149.68   	700.000000	11119.7   	700.000000	9258.67   	700.000000	12342.4   	
720.000000	961107    	720.000000	946409    	720.000000	962971    	720.000000	965751    	720.000000	962970    	720.000000	6535.94   	720.000000	3272.55   	720.000000	11542.6   	720.000000	9625.54   	720.000000	12850.2   	
740.000000	1.00065e+06	740.000000	985094    	740.000000	1.00229e+06	740.000000	1.0052e+06	740.000000	1.00229e+06	740.000000	6753.16   	740.000000	3396.14   	740.000000	11966.2   	740.000000	9994.17   	740.000000	13361.1   	
760.000000	1.04053e+06	760.000000	1.02409e+06	760.000000	1.04193e+06	760.000000	1.04497e+06	760.000000	1.04193e+06	760.000000	6969.55   	760.000000	3520.37   	760.000000	12390.4   	760.000000	10364.4   	760.000000	13874.9   	
780.000000	1.08073e+06	780.000000	1.06338e+06	780.000000	1.08186e+06	780.000000	1.08503e+06	780.000000	1.08186e+06	780.000000	7185.05   	780.000000	3645.18   	780.000000	12815.1   	780.000000	10736.1   	780.000000	14391.4   	
800.000000	1.12124e+06	800.000000	1.10296e+06	800.000000	1.12208e+06	800.000000	1.12538e+06	800.000000	1.12208e+06	800.000000	7399.62   	800.000000	3770.58   	800.000000	13240.2   	800.000000	11109.2   	800.000000	14910.3   	
820.000000	1.16204e+06	820.000000	1.14281e+06	820.000000	1.16256e+06	820.000000	1.166e+06 	820.000000	1.16257e+06	820.000000	7613.22   	820.000000	3896.58   	820.000000	13665.4   	820.000000	11483.5   	820.000000	15431.6   	
840.000000	1.20312e+06	840.000000	1.18292e+06	840.000000	1.20331e+06	840.000000	1.20688e+06	840.000000	1.20331e+06	840.000000	7825.72   	840.000000	4023.15   	840.000000	14090.7   	840.000000	11858.8   	840.000000	15954.9   	
860.000000	1.24448e+06	860.000000	1.22328e+06	860.000000	1.24429e+06	860.000000	1.248e+06 	860.000000	1.24429e+06	860.000000	8037.07   	860.000000	4150.25   	860.000000	14515.8   	860.000000	12235     	860.000000	16480.1   	
880.000000	1.28609e+06	880.000000	1.26388e+06	880.000000	1.2855e+06	880.000000	1.28935e+06	880.000000	1.2855e+06	880.000000	8247.24   	880.000000	4277.86   	880.000000	14940.8   	880.000000	12612.1   	880.000000	17007     	
900.000000	1.32794e+06	900.000000	1.3047e+06	900.000000	1.32693e+06	900.000000	1.33092e+06	900.000000	1.32693e+06	900.000000	8456.22   	900.000000	4405.94   	900.000000	15365.4   	900.000000	12989.9   	900.000000	17535.4   	
920.000000	1.37003e+06	920.000000	1.34573e+06	920.000000	1.36857e+06	920.000000	1.3727e+06	920.000000	1.36857e+06	920.000000	8663.99   	920.000000	4534.44   	920.000000	15789.6   	920.000000	13368.3   	920.000000	18065.2   	
940.000000	1.41234e+06	940.000000	1.38697e+06	940.000000	1.41041e+06	940.000000	1.41468e+06	940.000000	1.41041e+06	940.000000	8870.54   	940.000000	4663.34   	940.000000	16213.3   	940.000000	13747.2   	940.000000	18596.3   	
960.000000	1.45487e+06	960.000000	1.42841e+06	960.000000	1.45244e+06	960.000000	1.45685e+06	960.000000	1.45244e+06	960.000000	9075.86   	960.000000	4792.61   	960.000000	16636.5   	960.000000	14126.6   	960.000000	19128.6   	
980.000000	1.4976e+06	980.000000	1.47004e+06	980.000000	1.49466e+06	980.000000	1.4992e+06	980.000000	1.49466e+06	980.000000	9279.94   	980.000000	4922.23   	980.000000	17059.1   	980.000000	14506.4   	980.000000	19661.8   	
1000.000000	1.54052e+06	1000.000000	1.51184e+06	1000.000000	1.53705e+06	1000.000000	1.54173e+06	1000.000000	1.53705e+06	1000.000000	9482.77   	1000.000000	5052.21   	1000.000000	17481     	1000.000000	14886.5   	1000.000000	20196     	
1020.000000	1.58362e+06	1020.000000	1.55382e+06	1020.000000	1.57961e+06	1020.000000	1.58443e+06	1020.000000	1.5796e+06	1020.000000	9684.35   	1020.000000	5182.55   	1020.000000	17902.1   	1020.000000	15266.8   	1020.000000	20731     	
1040.000000	1.6269e+06	1040.000000	1.59596e+06	1040.000000	1.62233e+06	1040.000000	1.62729e+06	1040.000000	1.62232e+06	1040.000000	9884.68   	1040.000000	5313.26   	1040.000000	18322.5   	1040.000000	15647.3   	1040.000000	21266.7   	
1060.000000	1.67035e+06	1060.000000	1.63826e+06	1060.000000	1.6652e+06	1060.000000	1.67031e+06	1060.000000	1.66519e+06	1060.000000	10083.7   	1060.000000	5444.36   	1060.000000	18742     	1060.000000	16028     	1060.000000	21803.1   	
1080.000000	1.71396e+06	1080.000000	1.6807e+06	1080.000000	1.70821e+06	1080.000000	1.71347e+06	1080.000000	1.70821e+06	1080.000000	10281.6   	1080.000000	5575.85   	1080.000000	19160.6   	1080.000000	16408.7   	1080.000000	22339.9   	
1100.000000	1.75772e+06	1100.000000	1.72328e+06	1100.000000	1.75137e+06	1100.000000	1.75677e+06	1100.000000	1.75136e+06	1100.000000	10478.1   	1100.000000	5707.72   	1100.000000	19578.3   	1100.000000	16789.4   	1100.000000	22877.2   	
1120.000000	1.80162e+06	1120.000000	1.766e+06 	1120.000000	1.79466e+06	1120.000000	1.80021e+06	1120.000000	1.79466e+06	1120.000000	10673.4   	1120.000000	5839.95   	1120.000000	19995     	1120.000000	17170.1   	1120.000000	23414.8   	
1140.000000	1.84566e+06	1140.000000	1.80885e+06	1140.000000	1.83808e+06	1140.000000	1.84378e+06	1140.000000	1.83808e+06	1140.000000	10867.5   	1140.000000	5972.52   	1140.000000	20410.7   	1140.000000	17550.6   	1140.000000	23952.7   	
1160.000000	1.88982e+06	1160.000000	1.85182e+06	1160.000000	1.88162e+06	1160.000000	1.88747e+06	1160.000000	1.88162e+06	1160.000000	11060.3   	1160.000000	6105.39   	1160.000000	20825.3   	1160.000000	17931.1   	1160.000000	24490.8   	
1180.000000	1.93411e+06	1180.000000	1.89491e+06	1180.000000	1.92528e+06	1180.000000	1.93127e+06	1180.000000	1.92528e+06	1180.000000	11251.9   	1180.000000	6238.55   	1180.000000	21238.9   	1180.000000	18311.3   	1180.000000	25029.1   	
1200.000000	1.97852e+06	1200.000000	1.93811e+06	1200.000000	1.96906e+06	1200.000000	1.97519e+06	1200.000000	1.96905e+06	1200.000000	11442.2   	1200.000000	6372      	1200.000000	21651.4   	1200.000000	18691.3   	1200.000000	25567.4   	
1220.000000	2.02303e+06	1220.000000	1.98141e+06	1220.000000	2.01294e+06	1220.000000	2.01922e+06	1220.000000	2.01293e+06	1220.000000	11631.3   	1220.000000	6505.74   	1220.000000	22062.7   	1220.000000	19071.1   	1220.000000	26105.7   	
1240.000000	2.06765e+06	1240.000000	2.02481e+06	1240.000000	2.05692e+06	1240.000000	2.06336e+06	1240.000000	2.05692e+06	1240.000000	11819.2   	1240.000000	6639.75   	1240.000000	22472.9   	1240.000000	19450.6   	1240.000000	26644     	
1260.000000	2.11236e+06	1260.000000	2.06831e+06	1260.000000	2.10101e+06	1260.000000	2.10759e+06	1260.000000	2.101e+06 	1260.000000	12005.9   	1260.000000	6774.04   	1260.000000	22881.9   	1260.000000	19829.7   	1260.000000	27182.1   	
1280.000000	2.15717e+06	1280.000000	2.1119e+06	1280.000000	2.14518e+06	1280.000000	2.15192e+06	1280.000000	2.14518e+06	1280.000000	12191.3   	1280.000000	6908.62   	1280.000000	23289.7   	1280.000000	20208.5   	1280.000000	27720.1   	
1300.000000	2.20206e+06	1300.000000	2.15557e+06	1300.000000	2.18945e+06	1300.000000	2.19633e+06	1300.000000	2.18945e+06	1300.000000	12375.6   	1300.000000	7043.46   	1300.000000	23696.3   	1300.000000	20586.8   	1300.000000	28257.8   	
1320.000000	2.24704e+06	1320.000000	2.19932e+06	1320.000000	2.2338e+06	1320.000000	2.24084e+06	1320.000000	2.2338e+06	1320.000000	12558.7   	1320.000000	7178.58   	1320.000000	24101.7   	1320.000000	20964.8   	1320.000000	28795.3   	
1340.000000	2.29208e+06	1340.000000	2.24315e+06	1340.000000	2.27824e+06	1340.000000	2.28542e+06	1340.000000	2.27824e+06	1340.000000	12740.6   	1340.000000	7313.96   	1340.000000	24505.8   	1340.000000	21342.3   	1340.000000	29332.5   	
1360.000000	2.3372e+06	1360.000000	2.28705e+06	1360.000000	2.32275e+06	1360.000000	2.33009e+06	1360.000000	2.32276e+06	1360.000000	12921.3   	1360.000000	7449.6    	1360.000000	24908.7   	1360.000000	21719.3   	1360.000000	29869.3   	
1380.000000	2.38239e+06	1380.000000	2.33102e+06	1380.000000	2.36734e+06	1380.000000	2.37484e+06	1380.000000	2.36735e+06	1380.000000	13100.8   	1380.000000	7585.5    	1380.000000	25310.3   	1380.000000	22095.8   	1380.000000	30405.7   	
1400.000000	2.42763e+06	1400.000000	2.37506e+06	1400.000000	2.41201e+06	1400.000000	2.41965e+06	1400.000000	2.41201e+06	1400.000000	13279.2   	1400.000000	7721.65   	1400.000000	25710.6   	1400.000000	22471.8   	1400.000000	30941.7   	
1420.000000	2.47293e+06	1420.000000	2.41915e+06	1420.000000	2.45674e+06	1420.000000	2.46454e+06	1420.000000	2.45675e+06	1420.000000	13456.5   	1420.000000	7858.05   	1420.000000	26109.6   	1420.000000	22847.2   	1420.000000	31477.2   	
1440.000000	2.51829e+06	1440.000000	2.46331e+06	1440.000000	2.50154e+06	1440.000000	2.50949e+06	1440.000000	2.50155e+06	1440.000000	13632.6   	1440.000000	7994.71   	1440.000000	26507.4   	1440.000000	23222.1   	1440.000000	32012.2   	
1460.000000	2.56369e+06	1460.000000	2.50751e+06	1460.000000	2.5464e+06	1460.000000	2.5545e+06	1460.000000	2.54641e+06	1460.000000	13807.6   	1460.000000	8131.61   	1460.000000	26903.8   	1460.000000	23596.4   	1460.000000	32546.6   	
1480.000000	2.60913e+06	1480.000000	2.55177e+06	1480.000000	2.59133e+06	1480.000000	2.59958e+06	1480.000000	2.59134e+06	1480.000000	13981.5   	1480.000000	8268.76   	1480.000000	27298.9   	1480.000000	23970     	1480.000000	33080.5   	
1500.000000	2.65462e+06	1500.000000	2.59607e+06	1500.000000	2.63631e+06	1500.000000	2.64472e+06	1500.000000	2.63632e+06	1500.000000	14154.3   	1500.000000	8406.16   	1500.000000	27692.8   	1500.000000	24343.1   	1500.000000	33613.8   	
1520.000000	2.70014e+06	1520.000000	2.64041e+06	1520.000000	2.68135e+06	1520.000000	2.68991e+06	1520.000000	2.68136e+06	1520.000000	14325.9   	1520.000000	8543.81   	1520.000000	28085.3   	1520.000000	24715.5   	1520.000000	34146.4   	
1540.000000	2.74569e+06	1540.000000	2.6848e+06	1540.000000	2.72644e+06	1540.000000	2.73515e+06	1540.000000	2.72645e+06	1540.000000	14496.6   	1540.000000	8681.69   	1540.000000	28476.4   	1540.000000	25087.2   	1540.000000	34678.4   	
1560.000000	2.79128e+06	1560.000000	2.72922e+06	1560.000000	2.77158e+06	1560.000000	2.78044e+06	1560.000000	2.77159e+06	1560.000000	14666.1   	1560.000000	8819.81   	1560.000000	28866.3   	1560.000000	25458.3   	1560.000000	35209.6   	
1580.000000	2.83688e+06	1580.000000	2.77368e+06	1580.000000	2.81678e+06	1580.000000	2.82579e+06	1580.000000	2.81678e+06	1580.000000	14834.6   	1580.000000	8958.16   	1580.000000	29254.8   	1580.000000	25828.7   	1580.000000	35740.2   	
1600.000000	2.88251e+06	1600.000000	2.81817e+06	1600.000000	2.86201e+06	1600.000000	2.87118e+06	1600.000000	2.86202e+06	1600.000000	15002     	1600.000000	9096.72   	1600.000000	29642     	1600.000000	26198.4   	1600.000000	36270     	
1620.000000	2.92816e+06	1620.000000	2.86269e+06	1620.000000	2.90729e+06	1620.000000	2.91661e+06	1620.000000	2.9073e+06	1620.000000	15168.4   	1620.000000	9235.5    	1620.000000	30027.9   	1620.000000	26567.4   	1620.000000	36799.1   	
1640.000000	2.97382e+06	1640.000000	2.90723e+06	1640.000000	2.95262e+06	1640.000000	2.96208e+06	1640.000000	2.95262e+06	1640.000000	15333.8   	1640.000000	9374.48   	1640.000000	30412.4   	1640.000000	26935.7   	1640.000000	37327.4   	
1660.000000	3.0195e+06	1660.000000	2.9518e+06	1660.000000	2.99798e+06	1660.000000	3.0076e+06	1660.000000	2.99798e+06	1660.000000	15498.1   	1660.000000	9513.66   	1660.000000	30795.6   	1660.000000	27303.2   	1660.000000	37854.8   	
1680.000000	3.06518e+06	1680.000000	2.99639e+06	1680.000000	3.04338e+06	1680.000000	3.05315e+06	1680.000000	3.04338e+06	1680.000000	15661.4   	1680.000000	9653.04   	1680.000000	31177.5   	1680.000000	27670     	1680.000000	38381.5   	
1700.000000	3.11087e+06	1700.000000	3.041e+06 	1700.000000	3.08881e+06	1700.000000	3.09874e+06	1700.000000	3.08882e+06	1700.000000	15823.8   	1700.000000	9792.61   	1700.000000	31558.1   	1700.000000	28036     	1700.000000	38907.3   	
1750.000000	3.2251e+06	1750.000000	3.1526e+06	1750.000000	3.20254e+06	1750.000000	3.21286e+06	1750.000000	3.20255e+06	1750.000000	16225.3   	1750.000000	10142.4   	1750.000000	32503.7   	1750.000000	28947.8   	1750.000000	40218.2   	
1800.000000	3.33932e+06	1800.000000	3.26427e+06	1800.000000	3.31646e+06	1800.000000	3.32716e+06	1800.000000	3.31648e+06	1800.000000	16620.9   	1800.000000	10493.3   	1800.000000	33441.1   	1800.000000	29854.8   	1800.000000	41523.4   	
1850.000000	3.45348e+06	1850.000000	3.37599e+06	1850.000000	3.43055e+06	1850.000000	3.44164e+06	1850.000000	3.43057e+06	1850.000000	17010.6   	1850.000000	10845.6   	1850.000000	34370.3   	1850.000000	30756.8   	1850.000000	42822.9   	
1900.000000	3.56755e+06	1900.000000	3.48771e+06	1900.000000	3.54478e+06	1900.000000	3.55626e+06	1900.000000	3.5448e+06	1900.000000	17394.6   	1900.000000	11199.1   	1900.000000	35291.4   	1900.000000	31653.8   	1900.000000	44116.5   	
1950.000000	3.68149e+06	1950.000000	3.59943e+06	1950.000000	3.65913e+06	1950.000000	3.671e+06 	1950.000000	3.65916e+06	1950.000000	17773.1   	1950.000000	11553.9   	1950.000000	36204.5   	1950.000000	32545.7   	1950.000000	45404     	
2000.000000	3.79527e+06	2000.000000	3.71112e+06	2000.000000	3.7736e+06	2000.000000	3.78585e+06	2000.000000	3.77363e+06	2000.000000	18146.3   	2000.000000	11910     	2000.000000	37109.6   	2000.000000	33432.4   	2000.000000	46685.3   	
2100.000000	4.02227e+06	2100.000000	3.93429e+06	2100.000000	4.00279e+06	2100.000000	4.01581e+06	2100.000000	4.00282e+06	2100.000000	18877     	2100.000000	12626.2   	2100.000000	38896.4   	2100.000000	35190.3   	2100.000000	49228.9   	
2200.000000	4.24833e+06	2200.000000	4.15707e+06	2200.000000	4.23223e+06	2200.000000	4.24601e+06	2200.000000	4.23226e+06	2200.000000	19587.8   	2200.000000	13347.4   	2200.000000	40652.5   	2200.000000	36927.4   	2200.000000	51746.7   	
2300.000000	4.47328e+06	2300.000000	4.37933e+06	2300.000000	4.46183e+06	2300.000000	4.47637e+06	2300.000000	4.46185e+06	2300.000000	20279.9   	2300.000000	14073.6   	2300.000000	42378.8   	2300.000000	38643.5   	2300.000000	54238.3   	
2400.000000	4.69699e+06	2400.000000	4.60094e+06	2400.000000	4.6915e+06	2400.000000	4.70679e+06	2400.000000	4.69152e+06	2400.000000	20954.2   	2400.000000	14804.5   	2400.000000	44076.1   	2400.000000	40338.8   	2400.000000	56703.5   	
2500.000000	4.91931e+06	2500.000000	4.82182e+06	2500.000000	4.92117e+06	2500.000000	4.93722e+06	2500.000000	4.92118e+06	2500.000000	21611.7   	2500.000000	15539.9   	2500.000000	45745.3   	2500.000000	42013.4   	2500.000000	59142.2   	
2600.000000	5.14015e+06	2600.000000	5.04186e+06	2600.000000	5.15078e+06	2600.000000	5.16759e+06	2600.000000	5.15079e+06	2600.000000	22253.2   	2600.000000	16279.8   	2600.000000	47387.2   	2600.000000	43667.4   	2600.000000	61554.5   	
2700.000000	5.35941e+06	2700.000000	5.261e+06 	2700.000000	5.38028e+06	2700.000000	5.39785e+06	2700.000000	5.3803e+06	2700.000000	22879.5   	2700.000000	17024.1   	2700.000000	49002.8   	2700.000000	45301.3   	2700.000000	63940.5   	
2800.000000	5.57701e+06	2800.000000	5.47918e+06	2800.000000	5.60963e+06	2800.000000	5.62796e+06	2800.000000	5.60966e+06	2800.000000	23491.3   	2800.000000	17772.6   	2800.000000	50592.8   	2800.000000	46915.3   	2800.000000	66300.5   	
2900.000000	5.7929e+06	2900.000000	5.69634e+06	2900.000000	5.8388e+06	2900.000000	5.85789e+06	2900.000000	5.83884e+06	2900.000000	24089.5   	2900.000000	18525.5   	2900.000000	52158.1   	2900.000000	48509.7   	2900.000000	68634.8   	
3000.000000	6.00701e+06	3000.000000	5.91243e+06	3000.000000	6.06776e+06	3000.000000	6.08761e+06	3000.000000	6.06781e+06	3000.000000	24674.6   	3000.000000	19282.5   	3000.000000	53699.5   	3000.000000	50084.8   	3000.000000	70943.8   	
3200.000000	6.42975e+06	3200.000000	6.34126e+06	3200.000000	6.52495e+06	3200.000000	6.5463e+06	3200.000000	6.52502e+06	3200.000000	25808     	3200.000000	20809.5   	3200.000000	56713.5   	3200.000000	53179     	3200.000000	75487     	
3400.000000	6.84496e+06	3400.000000	6.76544e+06	3400.000000	6.98105e+06	3400.000000	7.00389e+06	3400.000000	6.98113e+06	3400.000000	26896.1   	3400.000000	22353.3   	3400.000000	59640.9   	3400.000000	56200.7   	3400.000000	79933.5   	
3600.000000	7.25248e+06	3600.000000	7.18479e+06	3600.000000	7.43595e+06	3600.000000	7.46027e+06	3600.000000	7.43605e+06	3600.000000	27942.9   	3600.000000	23913.9   	3600.000000	62486.9   	3600.000000	59153.1   	3600.000000	84286.7   	
3800.000000	7.65224e+06	3800.000000	7.59921e+06	3800.000000	7.88958e+06	3800.000000	7.91535e+06	3800.000000	7.88968e+06	3800.000000	28951.7   	3800.000000	25491.3   	3800.000000	65256.7   	3800.000000	62039.2   	3800.000000	88550.1   	
4000.000000	8.0442e+06	4000.000000	8.00864e+06	4000.000000	8.34189e+06	4000.000000	8.3691e+06	4000.000000	8.342e+06 	4000.000000	29925.7   	4000.000000	27085.2   	4000.000000	67954.9   	4000.000000	64862     	4000.000000	92727.4   	
4200.000000	8.42841e+06	4200.000000	8.41305e+06	4200.000000	8.79285e+06	4200.000000	8.82149e+06	4200.000000	8.79296e+06	4200.000000	30867.5   	4200.000000	28695.6   	4200.000000	70585.7   	4200.000000	67624.3   	4200.000000	96822     	
4400.000000	8.80493e+06	4400.000000	8.81243e+06	4400.000000	9.24244e+06	4400.000000	9.2725e+06	4400.000000	9.24255e+06	4400.000000	31779.6   	4400.000000	30322.3   	4400.000000	73153     	4400.000000	70328.8   	4400.000000	100837    	
4600.000000	9.17384e+06	4600.000000	9.20682e+06	4600.000000	9.69067e+06	4600.000000	9.72214e+06	4600.000000	9.69078e+06	4600.000000	32664.1   	4600.000000	31965     	4600.000000	75660.4   	4600.000000	72978     	4600.000000	104777    	
4800.000000	9.53527e+06	4800.000000	9.59624e+06	4800.000000	1.01375e+07	4800.000000	1.01704e+07	4800.000000	1.01376e+07	4800.000000	33522.9   	4800.000000	33623.6   	4800.000000	78111.2   	4800.000000	75574.5   	4800.000000	108643    	
5000.000000	9.88934e+06	5000.000000	9.98075e+06	5000.000000	1.0583e+07	5000.000000	1.06173e+07	5000.000000	1.05832e+07	5000.000000	34357.9   	5000.000000	35297.9   	5000.000000	80508.5   	5000.000000	78120.5   	5000.000000	112440    	
5250.000000	1.03218e+07	5250.000000	1.04546e+07	5250.000000	1.11381e+07	5250.000000	1.1174e+07	5250.000000	1.11382e+07	5250.000000	35370.3   	5250.000000	37412.5   	5250.000000	83434     	5250.000000	81235.4   	5250.000000	117091    	
5500.000000	1.07433e+07	5500.000000	1.09209e+07	5500.000000	1.1691e+07	5500.000000	1.17287e+07	5500.000000	1.16911e+07	5500.000000	36350.5   	5500.000000	39551     	5500.000000	86285.3   	5500.000000	84278.8   	5500.000000	121643    	
6000.000000	1.15546e+07	6000.000000	1.1832e+07	6000.000000	1.2791e+07	6000.000000	1.2832e+07	6000.000000	1.27911e+07	6000.000000	38223.8   	6000.000000	43898     	6000.000000	91782.9   	6000.000000	90165.7   	6000.000000	130468    	
6500.000000	1.23257e+07	6500.000000	1.27151e+07	6500.000000	1.38834e+07	6500.000000	1.39277e+07	6500.000000	1.38835e+07	6500.000000	39994.1   	6500.000000	48336.1   	6500.000000	97033.1   	6500.000000	95807.9   	6500.000000	138949    	
7000.000000	1.30592e+07	7000.000000	1.35716e+07	7000.000000	1.49685e+07	7000.000000	1.50161e+07	7000.000000	1.49686e+07	7000.000000	41674.7   	7000.000000	52863.5   	7000.000000	102062    	7000.000000	101228    	7000.000000	147118    	
7500.000000	1.37575e+07	7500.000000	1.44029e+07	7500.000000	1.60468e+07	7500.000000	1.60976e+07	7500.000000	1.60469e+07	7500.000000	43276.3   	7500.000000	57475.7   	7500.000000	106893    	7500.000000	106447    	7500.000000	155001    	
8000.000000	1.44229e+07	8000.000000	1.52102e+07	8000.000000	1.71187e+07	8000.000000	1.71726e+07	8000.000000	1.71188e+07	8000.000000	44807.9   	8000.000000	62170.7   	8000.000000	111545    	8000.000000	111481    	8000.000000	162622    	
8500.000000	1.50575e+07	8500.000000	1.59947e+07	8500.000000	1.81844e+07	8500.000000	1.82415e+07	8500.000000	1.81846e+07	8500.000000	46276.8   	8500.000000	66948.5   	8500.000000	116033    	8500.000000	116347    	8500.000000	170002    	
9000.000000	1.56633e+07	9000.000000	1.67576e+07	9000.000000	1.92444e+07	9000.000000	1.93045e+07	9000.000000	1.92446e+07	9000.000000	47689.3   	9000.000000	71807.2   	9000.000000	120373    	9000.000000	121056    	9000.000000	177159    	
9500.000000	1.62421e+07	9500.000000	1.75e+07  	9500.000000	2.0299e+07	9500.000000	2.03621e+07	9500.000000	2.02991e+07	9500.000000	49050.9   	9500.000000	76744.9   	9500.000000	124576    	9500.000000	125621    	9500.000000	184111    	
10000.000000	1.67958e+07	10000.000000	1.82229e+07	10000.000000	2.13484e+07	10000.000000	2.14145e+07	10000.000000	2.13485e+07	10000.000000	50366     	10000.000000	81760.3   	10000.000000	128654    	10000.000000	130053    	10000.000000	190871    	
11000.000000	1.78337e+07	11000.000000	1.96142e+07	11000.000000	2.34327e+07	11000.000000	2.35046e+07	11000.000000	2.34328e+07	11000.000000	52872.5   	11000.000000	92017     	11000.000000	136468    	11000.000000	138553    	11000.000000	203867    	
12000.000000	1.87883e+07	12000.000000	2.09383e+07	12000.000000	2.54992e+07	12000.000000	2.55768e+07	12000.000000	2.54994e+07	12000.000000	55234.9   	12000.000000	102560    	12000.000000	143880    	12000.000000	146619    	12000.000000	216237    	
13000.000000	1.96692e+07	13000.000000	2.22014e+07	13000.000000	2.75496e+07	13000.000000	2.76328e+07	13000.000000	2.75497e+07	13000.000000	57473.6   	13000.000000	113376    	13000.000000	150941    	13000.000000	154303    	13000.000000	228055    	
14000.000000	2.04847e+07	14000.000000	2.3409e+07	14000.000000	2.95852e+07	14000.000000	2.96738e+07	14000.000000	2.95853e+07	14000.000000	59604.8   	14000.000000	124458    	14000.000000	157691    	14000.000000	161648    	14000.000000	239381    	
15000.000000	2.12417e+07	15000.000000	2.45657e+07	15000.000000	3.16072e+07	15000.000000	3.17011e+07	15000.000000	3.16073e+07	15000.000000	61641.5   	15000.000000	135803    	15000.000000	164165    	15000.000000	168689    	15000.000000	250265    	
16000.000000	2.19464e+07	16000.000000	2.56756e+07	16000.000000	3.36167e+07	16000.000000	3.37157e+07	16000.000000	3.36167e+07	16000.000000	63594.4   	16000.000000	147403    	16000.000000	170391    	16000.000000	175457    	16000.000000	260750    	
17000.000000	2.26041e+07	17000.000000	2.67425e+07	17000.000000	3.56145e+07	17000.000000	3.57186e+07	17000.000000	3.56145e+07	17000.000000	65472.3   	17000.000000	159246    	17000.000000	176394    	17000.000000	181978    	17000.000000	270873    	
18000.000000	2.32193e+07	18000.000000	2.77697e+07	18000.000000	3.76015e+07	18000.000000	3.77106e+07	18000.000000	3.76015e+07	18000.000000	67282.8   	18000.000000	171321    	18000.000000	182193    	18000.000000	188273    	18000.000000	280665    	
19000.000000	2.37959e+07	19000.000000	2.87599e+07	19000.000000	3.95783e+07	19000.000000	3.96923e+07	19000.000000	3.95783e+07	19000.000000	69032.2   	19000.000000	183620    	19000.000000	187807    	19000.000000	194361    	19000.000000	290154    	
20000.000000	2.43377e+07	20000.000000	2.9716e+07	20000.000000	4.15457e+07	20000.000000	4.16645e+07	20000.000000	4.15457e+07	20000.000000	70725.8   	20000.000000	196133    	20000.000000	193250    	20000.000000	200260    	20000.000000	299364    	
21000.000000	2.48475e+07	21000.000000	3.06401e+07	21000.000000	4.35041e+07	21000.000000	4.36276e+07	21000.000000	4.35041e+07	21000.000000	72368.5   	21000.000000	208855    	21000.000000	198536    	21000.000000	205982    	21000.000000	308316    	
22000.000000	2.53282e+07	22000.000000	3.15344e+07	22000.000000	4.54541e+07	22000.000000	4.55822e+07	22000.000000	4.54542e+07	22000.000000	73964.3   	22000.000000	221782    	22000.000000	203677    	22000.000000	211543    	22000.000000	317027    	
23000.000000	2.57822e+07	23000.000000	3.24008e+07	23000.000000	4.73963e+07	23000.000000	4.75289e+07	23000.000000	4.73964e+07	23000.000000	75516.8   	23000.000000	234914    	23000.000000	208682    	23000.000000	216952    	23000.000000	325516    	
24000.000000	2.62116e+07	24000.000000	3.3241e+07	24000.000000	4.93309e+07	24000.000000	4.94679e+07	24000.000000	4.9331e+07	24000.000000	77029.2   	24000.000000	248243    	24000.000000	213562    	24000.000000	222220    	24000.000000	333796    	
25000.000000	2.66184e+07	25000.000000	3.40567e+07	25000.000000	5.12583e+07	25000.000000	5.13996e+07	25000.000000	5.12585e+07	25000.000000	78504.2   	25000.000000	261763    	25000.000000	218324    	25000.000000	227356    	25000.000000	341881    	
26000.000000	2.70043e+07	26000.000000	3.48492e+07	26000.000000	5.3179e+07	26000.000000	5.33245e+07	26000.000000	5.31792e+07	26000.000000	79944.4   	26000.000000	275467    	26000.000000	222976    	26000.000000	232369    	26000.000000	349782    	
27000.000000	2.73708e+07	27000.000000	3.56198e+07	27000.000000	5.50933e+07	27000.000000	5.52429e+07	27000.000000	5.50935e+07	27000.000000	81352     	27000.000000	289353    	27000.000000	227524    	27000.000000	237266    	27000.000000	357511    	
28000.000000	2.77195e+07	28000.000000	3.63699e+07	28000.000000	5.70014e+07	28000.000000	5.7155e+07	28000.000000	5.70016e+07	28000.000000	82729     	28000.000000	303418    	28000.000000	231975    	28000.000000	242053    	28000.000000	365077    	
29000.000000	2.80514e+07	29000.000000	3.71003e+07	29000.000000	5.89037e+07	29000.000000	5.90611e+07	29000.000000	5.89039e+07	29000.000000	84077.3   	29000.000000	317661    	29000.000000	236334    	29000.000000	246737    	29000.000000	372490    	
30000.000000	2.83679e+07	30000.000000	3.78123e+07	30000.000000	6.08003e+07	30000.000000	6.09615e+07	30000.000000	6.08005e+07	30000.000000	85398.6   	30000.000000	332080    	30000.000000	240605    	30000.000000	251323    	30000.000000	379757    	
32000.000000	2.89584e+07	32000.000000	3.91844e+07	32000.000000	6.45776e+07	32000.000000	6.4746e+07	32000.000000	6.45778e+07	32000.000000	87965.6   	32000.000000	361431    	32000.000000	248905    	32000.000000	260223    	32000.000000	393884    	
34000.000000	2.94984e+07	34000.000000	4.04928e+07	34000.000000	6.8335e+07	34000.000000	6.85101e+07	34000.000000	6.83352e+07	34000.000000	90440.7   	34000.000000	391441    	34000.000000	256906    	34000.000000	268787    	34000.000000	407511    	
36000.000000	2.99939e+07	36000.000000	4.17434e+07	36000.000000	7.2074e+07	36000.000000	7.22554e+07	36000.000000	7.20741e+07	36000.000000	92832.8   	36000.000000	422076    	36000.000000	264636    	36000.000000	277049    	36000.000000	420683    	
38000.000000	3.04501e+07	38000.000000	4.29411e+07	38000.000000	7.57958e+07	38000.000000	7.59832e+07	38000.000000	7.57959e+07	38000.000000	95149.5   	38000.000000	453309    	38000.000000	272119    	38000.000000	285033    	38000.000000	433440    	
40000.000000	3.08714e+07	40000.000000	4.40905e+07	40000.000000	7.95016e+07	40000.000000	7.96945e+07	40000.000000	7.95018e+07	40000.000000	97397.2   	40000.000000	485119    	40000.000000	279374    	40000.000000	292762    	40000.000000	445814    	
42000.000000	3.12616e+07	42000.000000	4.51952e+07	42000.000000	8.31925e+07	42000.000000	8.33904e+07	42000.000000	8.31926e+07	42000.000000	99581.7   	42000.000000	517485    	42000.000000	286420    	42000.000000	300258    	42000.000000	457836    	
44000.000000	3.16239e+07	44000.000000	4.62589e+07	44000.000000	8.68692e+07	44000.000000	8.70718e+07	44000.000000	8.68694e+07	44000.000000	101708    	44000.000000	550388    	44000.000000	293272    	44000.000000	307537    	44000.000000	469531    	
46000.000000	3.19611e+07	46000.000000	4.72845e+07	46000.000000	9.05327e+07	46000.000000	9.07394e+07	46000.000000	9.0533e+07	46000.000000	103780    	46000.000000	583812    	46000.000000	299943    	46000.000000	314614    	46000.000000	480922    	
48000.000000	3.22757e+07	48000.000000	4.82746e+07	48000.000000	9.41836e+07	48000.000000	9.43941e+07	48000.000000	9.4184e+07	48000.000000	105802    	48000.000000	617744    	48000.000000	306447    	48000.000000	321505    	48000.000000	492030    	
50000.000000	3.25698e+07	50000.000000	4.92318e+07	50000.000000	9.78227e+07	50000.000000	9.80365e+07	50000.000000	9.78233e+07	50000.000000	107777    	50000.000000	652168    	50000.000000	312795    	50000.000000	328220    	50000.000000	502873    	
