! 8Li range in C5F20H190
! apply ZOOM for details
Energy (MeV/u)1	0 - [He-base] F.Hubert et al, AD&ND Tables 46(1990)1	Energy (MeV/u)2	1 - [H -base] J.F.Ziegler et al,Pergamon Press,NY(low energy)	Energy (MeV/u)3	2 - ATIMA 1.2 LS-theory (recommended for high energy)	Energy (MeV/u)4	3 - ATIMA 1.2 without LS-correction	Energy (MeV/u)5	4 - ATIMA 1.4 H.Weick, improved mean charge formula for HI	Energy (MeV/u)6	5 - Range straggling - method [0] - LISE	Energy (MeV/u)7	6 - Range straggling - method [1] - Atima	Energy (MeV/u)8	7 - Lateral range - method [0] - LISE	Energy (MeV/u)9	8 - Lateral range - method [1] - Atima	Energy (MeV/u)10	9 - Lateral range - method [2] - PDG	
0.001000	526.31    	0.001000	526.31    	0.001000	394.669   	0.001000	394.669   	0.001000	394.721   	0.001000	0         	0.001000	0         	0.001000	5.68439   	0.001000	12.9358   	0.001000	6.07532   	
0.002000	1052.62   	0.002000	1052.62   	0.002000	789.338   	0.002000	789.338   	0.002000	789.441   	0.002000	28.9485   	0.002000	28.9485   	0.002000	16.6465   	0.002000	36.6047   	0.002000	18.6625   	
0.005000	2403.06   	0.005000	2403.06   	0.005000	1763.05   	0.005000	1763.05   	0.005000	1763.21   	0.005000	34.0708   	0.005000	34.0708   	0.005000	57.2111   	0.005000	121.797   	0.005000	66.7603   	
0.008000	3486.34   	0.008000	3486.34   	0.008000	2541.42   	0.008000	2541.42   	0.008000	2541.6    	0.008000	34.2288   	0.008000	34.2288   	0.008000	100.331   	0.008000	210.606   	0.008000	118.99    	
0.010000	4112.23   	0.010000	4112.23   	0.010000	2994.53   	0.010000	2994.53   	0.010000	2994.71   	0.010000	34.7352   	0.010000	34.7352   	0.010000	129.104   	0.010000	269.322   	0.010000	154.19    	
0.015000	5454.79   	0.015000	5454.79   	0.015000	3987.38   	0.015000	3987.38   	0.015000	3987.56   	0.015000	37.1345   	0.015000	37.1345   	0.015000	197.814   	0.015000	406.665   	0.015000	242.327   	
0.020000	6572.44   	0.020000	6572.44   	0.020000	4863.65   	0.020000	4863.65   	0.020000	4863.84   	0.020000	40.3249   	0.020000	40.3249   	0.020000	255.588   	0.020000	513.705   	0.020000	320.292   	
0.025000	7525.08   	0.025000	7525.08   	0.025000	5655.57   	0.025000	5655.57   	0.025000	5655.76   	0.025000	43.605    	0.025000	43.605    	0.025000	307.143   	0.025000	604.195   	0.025000	375.1     	
0.030000	8357.91   	0.030000	8357.91   	0.030000	6376.72   	0.030000	6376.72   	0.030000	6376.91   	0.030000	46.6418   	0.030000	46.6418   	0.030000	354.203   	0.030000	683.753   	0.030000	416.626   	
0.035000	9106.14   	0.035000	9106.14   	0.035000	7038.51   	0.035000	7038.51   	0.035000	7038.7    	0.035000	49.3476   	0.035000	49.3476   	0.035000	395.807   	0.035000	751.699   	0.035000	449.968   	
0.040000	9791.28   	0.040000	9791.28   	0.040000	7652.96   	0.040000	7652.96   	0.040000	7653.15   	0.040000	51.7588   	0.040000	51.7588   	0.040000	429.436   	0.040000	806.448   	0.040000	477.817   	
0.045000	10426.9   	0.045000	10426.9   	0.045000	8228.87   	0.045000	8228.87   	0.045000	8229.07   	0.045000	53.921    	0.045000	53.921    	0.045000	457.393   	0.045000	851.89    	0.045000	501.131   	
0.050000	11022.3   	0.050000	11022.3   	0.050000	8772.95   	0.050000	8772.95   	0.050000	8773.14   	0.050000	55.8765   	0.050000	55.8734   	0.050000	481.319   	0.050000	890.614   	0.050000	521.73    	
0.055000	11584     	0.055000	11584     	0.055000	9290.38   	0.055000	9290.38   	0.055000	9290.58   	0.055000	57.6612   	0.055000	57.6471   	0.055000	502.021   	0.055000	924.062   	0.055000	539.952   	
0.060000	12117     	0.060000	12117     	0.060000	9785.32   	0.060000	9785.32   	0.060000	9785.51   	0.060000	59.3046   	0.060000	59.2781   	0.060000	520.47    	0.060000	953.777   	0.060000	556.136   	
0.070000	13113     	0.070000	13113     	0.070000	10720.5   	0.070000	10720.5   	0.070000	10720.7   	0.070000	62.2593   	0.070000	62.2186   	0.070000	552.22    	0.070000	1004.67   	0.070000	584.513   	
0.080000	14035.7   	0.080000	14035.7   	0.080000	11598.7   	0.080000	11598.7   	0.080000	11598.9   	0.080000	64.8848   	0.080000	64.8537   	0.080000	579.151   	0.080000	1047.5    	0.080000	608.675   	
0.090000	14902.9   	0.090000	14902.9   	0.090000	12434.4   	0.090000	12434.4   	0.090000	12434.6   	0.090000	67.2781   	0.090000	67.2788   	0.090000	602.217   	0.090000	1083.93   	0.090000	630.105   	
0.100000	15727.7   	0.100000	15727.7   	0.100000	13237.8   	0.100000	13237.8   	0.100000	13238     	0.100000	69.5068   	0.100000	69.5082   	0.100000	623.048   	0.100000	1116.55   	0.100000	649.358   	
0.120000	17277.7   	0.120000	17277.7   	0.120000	14777.4   	0.120000	14777.4   	0.120000	14777.6   	0.120000	73.6504   	0.120000	73.5541   	0.120000	659.238   	0.120000	1172.45   	0.120000	683.778   	
0.140000	18734.8   	0.140000	18734.8   	0.140000	16260.9   	0.140000	16260.9   	0.140000	16261.1   	0.140000	77.5699   	0.140000	77.285    	0.140000	690.814   	0.140000	1220.49   	0.140000	714.261   	
0.160000	20134.4   	0.160000	20134.4   	0.160000	17715.2   	0.160000	17715.2   	0.160000	17715.4   	0.160000	81.414    	0.160000	80.8725   	0.160000	719.284   	0.160000	1263.31   	0.160000	742.324   	
0.180000	21502.6   	0.180000	21502.6   	0.180000	19158.3   	0.180000	19158.3   	0.180000	19158.5   	0.180000	85.2764   	0.180000	84.4196   	0.180000	745.867   	0.180000	1302.87   	0.180000	769.111   	
0.200000	22855     	0.200000	22855     	0.200000	20602.2   	0.200000	20602.2   	0.200000	20602.4   	0.200000	89.2194   	0.200000	87.9924   	0.200000	771.019   	0.200000	1340.02   	0.200000	794.485   	
0.250000	26234.4   	0.250000	26234.4   	0.250000	24265.3   	0.250000	24265.3   	0.250000	24265.4   	0.250000	99.6803   	0.250000	97.2934   	0.250000	830.551   	0.250000	1426.84   	0.250000	856.048   	
0.300000	29638.7   	0.300000	29638.7   	0.300000	28050.9   	0.300000	28050.9   	0.300000	28051.1   	0.300000	111.19    	0.300000	107.317   	0.300000	887.579   	0.300000	1508.83   	0.300000	916.131   	
0.350000	33117.1   	0.350000	33117.1   	0.350000	31973.2   	0.350000	31973.2   	0.350000	31973.4   	0.350000	123.698   	0.350000	118.043   	0.350000	943.073   	0.350000	1588.01   	0.350000	975.58    	
0.400000	36708     	0.400000	36708     	0.400000	36057.5   	0.400000	36057.5   	0.400000	36057.7   	0.400000	137.325   	0.400000	129.582   	0.400000	998.35    	0.400000	1666.29   	0.400000	1035.65   	
0.450000	40440.2   	0.450000	40440.2   	0.450000	40322.2   	0.450000	40322.2   	0.450000	40322.4   	0.450000	152.165   	0.450000	142.008   	0.450000	1053.94   	0.450000	1744.58   	0.450000	1096.23   	
0.500000	44327.1   	0.500000	44327.1   	0.500000	44774.8   	0.500000	44774.8   	0.500000	44775     	0.500000	168.221   	0.500000	155.321   	0.500000	1110.33   	0.500000	1823.6    	0.500000	1158.43   	
0.600000	52563.1   	0.600000	52563.1   	0.600000	54242.3   	0.600000	54242.3   	0.600000	54242.4   	0.600000	203.766   	0.600000	184.57    	0.600000	1221.63   	0.600000	1984.29   	0.600000	1286.5    	
0.700000	61478.5   	0.700000	61478.5   	0.700000	64445     	0.700000	64445     	0.700000	64445.1   	0.700000	243.499   	0.700000	217.696   	0.700000	1322.85   	0.700000	2149.42   	0.700000	1419.64   	
0.800000	71034.7   	0.800000	71034.7   	0.800000	75360.6   	0.800000	75360.6   	0.800000	75360.7   	0.800000	287.023   	0.800000	254.071   	0.800000	1428.62   	0.800000	2316.91   	0.800000	1531.14   	
0.900000	81178.1   	0.900000	81178.1   	0.900000	86968.3   	0.900000	86968.3   	0.900000	86968.4   	0.900000	334.044   	0.900000	293.149   	0.900000	1538.01   	0.900000	2461.24   	0.900000	1614.69   	
1.000000	91969.7   	1.000000	91969.7   	1.000000	99265.6   	1.000000	99265.6   	1.000000	99265.7   	1.000000	384.534   	1.000000	334.721   	1.000000	1651.97   	1.000000	2611.52   	1.000000	1704.01   	
1.250000	121941    	1.250000	121941    	1.250000	132999    	1.250000	132999    	1.250000	132999    	1.250000	525.674   	1.250000	448.622   	1.250000	1955.32   	1.250000	3010.49   	1.250000	1950.1    	
1.500000	156884    	1.500000	156884    	1.500000	170823    	1.500000	170823    	1.500000	170823    	1.500000	686.404   	1.500000	574.63    	1.500000	2278.02   	1.500000	3433.83   	1.500000	2226.46   	
1.750000	197103    	1.750000	197103    	1.750000	212641    	1.750000	212641    	1.750000	212641    	1.750000	866.293   	1.750000	711.887   	1.750000	2576.7    	1.750000	3831.08   	1.750000	2532      	
2.000000	242217    	2.000000	242217    	2.000000	258419    	2.000000	258419    	2.000000	258419    	2.000000	1065.57   	2.000000	860.266   	2.000000	2901.74   	2.000000	4262.2    	2.000000	2866.47   	
2.250000	291966    	2.250000	291966    	2.250000	308160    	2.250000	308160    	2.250000	308160    	2.250000	1284.79   	2.250000	1019.97   	2.250000	3254.77   	2.250000	4728.35   	2.250000	3229.93   	
2.500000	346218    	2.500000	346171    	2.500000	361880    	2.500000	361880    	2.500000	361879    	2.500000	1524.51   	2.500000	1191.23   	2.500000	3635.84   	2.500000	5229      	2.500000	3622.57   	
3.000000	470289    	3.000000	467435    	3.000000	481296    	3.000000	481296    	3.000000	481295    	3.000000	2067.06   	3.000000	1569.09   	3.000000	4482.38   	3.000000	6332.36   	3.000000	4496.05   	
3.500000	611043    	3.500000	605306    	3.500000	616698    	3.500000	616698    	3.500000	616697    	3.500000	2695.34   	3.500000	1994.55   	3.500000	5441.57   	3.500000	7569.7    	3.500000	5487.66   	
4.000000	768192    	4.000000	759391    	4.000000	768041    	4.000000	768041    	4.000000	768041    	4.000000	3410.22   	4.000000	2467.48   	4.000000	6513.33   	4.000000	8938.83   	4.000000	6597.67   	
4.500000	941480    	4.500000	929429    	4.500000	935227    	4.500000	935227    	4.500000	935227    	4.500000	4211.7    	4.500000	2987.01   	4.500000	7697.18   	4.500000	10437.5   	4.500000	7825.86   	
5.000000	1.13068e+06	5.000000	1.11521e+06	5.000000	1.11812e+06	5.000000	1.11812e+06	5.000000	1.11812e+06	5.000000	5099.31   	5.000000	3552.19   	5.000000	8992.45   	5.000000	12063.5   	5.000000	9171.69   	
5.500000	1.33558e+06	5.500000	1.31655e+06	5.500000	1.31657e+06	5.500000	1.31657e+06	5.500000	1.31657e+06	5.500000	6072.37   	5.500000	4162.12   	5.500000	10398.1   	5.500000	13814.6   	5.500000	10634.2   	
6.000000	1.55599e+06	6.000000	1.53327e+06	6.000000	1.53043e+06	6.000000	1.53043e+06	6.000000	1.53043e+06	6.000000	7130.06   	6.000000	4815.89   	6.000000	11913.4   	6.000000	15688.6   	6.000000	12212.8   	
6.500000	1.79175e+06	6.500000	1.7652e+06	6.500000	1.75953e+06	6.500000	1.75953e+06	6.500000	1.75953e+06	6.500000	8271.55   	6.500000	5512.62   	6.500000	13537.2   	6.500000	17683.5   	6.500000	13906.3   	
7.000000	2.04267e+06	7.000000	2.01221e+06	7.000000	2.00372e+06	7.000000	2.00372e+06	7.000000	2.00372e+06	7.000000	9496.05   	7.000000	6251.51   	7.000000	15268.7   	7.000000	19797.5   	7.000000	15714.1   	
7.500000	2.30862e+06	7.500000	2.27415e+06	7.500000	2.26286e+06	7.500000	2.26286e+06	7.500000	2.26286e+06	7.500000	10802.8   	7.500000	7031.89   	7.500000	17106.9   	7.500000	22028.8   	7.500000	17635     	
8.000000	2.58945e+06	8.000000	2.55088e+06	8.000000	2.53682e+06	8.000000	2.53682e+06	8.000000	2.53682e+06	8.000000	12191.2   	8.000000	7853.04   	8.000000	19051     	8.000000	24375.8   	8.000000	19668.4   	
8.500000	2.88502e+06	8.500000	2.8423e+06	8.500000	2.82546e+06	8.500000	2.82546e+06	8.500000	2.82546e+06	8.500000	13660.4   	8.500000	8714.17   	8.500000	21100.2   	8.500000	26837     	8.500000	21813.4   	
9.000000	3.19521e+06	9.000000	3.14828e+06	9.000000	3.12866e+06	9.000000	3.12866e+06	9.000000	3.12866e+06	9.000000	15210.1   	9.000000	9614.63   	9.000000	23253.8   	9.000000	29411     	9.000000	24069.4   	
9.500000	3.5199e+06	9.500000	3.46871e+06	9.500000	3.44632e+06	9.500000	3.44632e+06	9.500000	3.44632e+06	9.500000	16839.6   	9.500000	10554     	9.500000	25511     	9.500000	32096.6   	9.500000	26435.7   	
10.000000	3.85897e+06	10.000000	3.80371e+06	10.000000	3.77832e+06	10.000000	3.77832e+06	10.000000	3.77832e+06	10.000000	18548.6   	10.000000	11532     	10.000000	27871.2   	10.000000	34892.5   	10.000000	28911.5   	
11.000000	4.57982e+06	11.000000	4.52757e+06	11.000000	4.48544e+06	11.000000	4.48539e+06	11.000000	4.48545e+06	11.000000	22209.8   	11.000000	13607     	11.000000	32902.2   	11.000000	40815.5   	11.000000	34193.9   	
12.000000	5.35693e+06	12.000000	5.30672e+06	12.000000	5.24975e+06	12.000000	5.24954e+06	12.000000	5.24977e+06	12.000000	26196.3   	12.000000	15840     	12.000000	38346.7   	12.000000	47176.7   	12.000000	39916.9   	
13.000000	6.18954e+06	13.000000	6.14049e+06	13.000000	6.07056e+06	13.000000	6.07011e+06	13.000000	6.07062e+06	13.000000	30503.8   	13.000000	18226.7   	13.000000	44200.7   	13.000000	53969.2   	13.000000	46076.6   	
14.000000	7.07694e+06	14.000000	7.02826e+06	14.000000	6.94724e+06	14.000000	6.94647e+06	14.000000	6.94736e+06	14.000000	35128.4   	14.000000	20763.3   	14.000000	50460.6   	14.000000	61186.4   	14.000000	52669.6   	
15.000000	8.01845e+06	15.000000	7.96945e+06	15.000000	7.87918e+06	15.000000	7.87804e+06	15.000000	7.8794e+06	15.000000	40066.6   	15.000000	23448.4   	15.000000	57122.8   	15.000000	68822.4   	15.000000	59692.3   	
16.000000	9.01346e+06	16.000000	8.9635e+06	16.000000	8.8658e+06	16.000000	8.86425e+06	16.000000	8.86615e+06	16.000000	45314.9   	16.000000	26279.7   	16.000000	64183.7   	16.000000	76871.2   	16.000000	67141.3   	
17.000000	1.00614e+07	17.000000	1.00099e+07	17.000000	9.90653e+06	17.000000	9.90453e+06	17.000000	9.90704e+06	17.000000	50869.8   	17.000000	29253.6   	17.000000	71639.8   	17.000000	85327.3   	17.000000	75013.3   	
18.000000	1.11616e+07	18.000000	1.11082e+07	18.000000	1.10008e+07	18.000000	1.09983e+07	18.000000	1.10015e+07	18.000000	56727.7   	18.000000	32367     	18.000000	79487.6   	18.000000	94185.2   	18.000000	83304.7   	
19.000000	1.23136e+07	19.000000	1.22578e+07	19.000000	1.21481e+07	19.000000	1.21451e+07	19.000000	1.21491e+07	19.000000	62884.8   	19.000000	35618     	19.000000	87723.2   	19.000000	103439    	19.000000	92011.8   	
20.000000	1.35169e+07	20.000000	1.34583e+07	20.000000	1.33478e+07	20.000000	1.33444e+07	20.000000	1.33491e+07	20.000000	69337.4   	20.000000	39004.1   	20.000000	96342.8   	20.000000	113085    	20.000000	101131    	
21.000000	1.4771e+07	21.000000	1.47094e+07	21.000000	1.45995e+07	21.000000	1.45955e+07	21.000000	1.4601e+07	21.000000	76081.3   	21.000000	42523     	21.000000	105343    	21.000000	123115    	21.000000	110658    	
22.000000	1.60754e+07	22.000000	1.60105e+07	22.000000	1.59025e+07	22.000000	1.5898e+07	22.000000	1.59043e+07	22.000000	83112.3   	22.000000	46172     	22.000000	114719    	22.000000	133526    	22.000000	120590    	
23.000000	1.74297e+07	23.000000	1.73613e+07	23.000000	1.72563e+07	23.000000	1.72513e+07	23.000000	1.72584e+07	23.000000	90426.1   	23.000000	49948.7   	23.000000	124466    	23.000000	144311    	23.000000	130921    	
24.000000	1.88335e+07	24.000000	1.87613e+07	24.000000	1.86602e+07	24.000000	1.86548e+07	24.000000	1.86628e+07	24.000000	98017.9   	24.000000	53850.5   	24.000000	134582    	24.000000	155466    	24.000000	141648    	
25.000000	2.02862e+07	25.000000	2.02103e+07	25.000000	2.01137e+07	25.000000	2.0108e+07	25.000000	2.01168e+07	25.000000	105883    	25.000000	57874.7   	25.000000	145060    	25.000000	166984    	25.000000	152767    	
27.000000	2.33371e+07	27.000000	2.32535e+07	27.000000	2.31673e+07	27.000000	2.3161e+07	27.000000	2.31714e+07	27.000000	122413    	27.000000	66280.1   	27.000000	167088    	27.000000	191089    	27.000000	176159    	
29.000000	2.65793e+07	29.000000	2.6488e+07	29.000000	2.64122e+07	29.000000	2.64055e+07	29.000000	2.64174e+07	29.000000	139973    	29.000000	75141.5   	29.000000	190509    	29.000000	216579    	29.000000	201058    	
31.000000	3.00099e+07	31.000000	2.99112e+07	31.000000	2.98439e+07	31.000000	2.9837e+07	31.000000	2.98502e+07	31.000000	158526    	31.000000	84433.4   	31.000000	215288    	31.000000	243411    	31.000000	227426    	
33.000000	3.36262e+07	33.000000	3.35206e+07	33.000000	3.34609e+07	33.000000	3.34543e+07	33.000000	3.34685e+07	33.000000	178081    	33.000000	94166     	33.000000	241415    	33.000000	271571    	33.000000	255256    	
35.000000	3.74256e+07	35.000000	3.73138e+07	35.000000	3.72613e+07	35.000000	3.72554e+07	35.000000	3.72701e+07	35.000000	198631    	35.000000	104334    	35.000000	268873    	35.000000	301039    	35.000000	284533    	
38.000000	4.34625e+07	38.000000	4.33431e+07	38.000000	4.33004e+07	38.000000	4.32963e+07	38.000000	4.33113e+07	38.000000	231295    	38.000000	120386    	38.000000	312515    	38.000000	347644    	38.000000	331122    	
41.000000	4.98978e+07	41.000000	4.97734e+07	41.000000	4.97393e+07	41.000000	4.9738e+07	41.000000	4.97525e+07	41.000000	266125    	41.000000	137387    	41.000000	359053    	41.000000	397075    	41.000000	380872    	
44.000000	5.67241e+07	44.000000	5.65976e+07	44.000000	5.65709e+07	44.000000	5.65734e+07	44.000000	5.65866e+07	44.000000	303080    	44.000000	155304    	44.000000	408432    	44.000000	449268    	44.000000	433731    	
47.000000	6.39344e+07	47.000000	6.38092e+07	47.000000	6.37885e+07	47.000000	6.3796e+07	47.000000	6.38072e+07	47.000000	342116    	47.000000	174118    	47.000000	460600    	47.000000	504165    	47.000000	489651    	
50.000000	7.15223e+07	50.000000	7.14017e+07	50.000000	7.13861e+07	50.000000	7.13995e+07	50.000000	7.14079e+07	50.000000	383193    	50.000000	193813    	50.000000	515506    	50.000000	561711    	50.000000	548585    	
55.000000	8.49908e+07	55.000000	8.48863e+07	55.000000	8.48781e+07	55.000000	8.49025e+07	55.000000	8.49044e+07	55.000000	456080    	55.000000	228546    	55.000000	612973    	55.000000	663370    	55.000000	653390    	
60.000000	9.94637e+07	60.000000	9.9386e+07	60.000000	9.93825e+07	60.000000	9.94211e+07	60.000000	9.94145e+07	60.000000	534342    	60.000000	265600    	60.000000	717703    	60.000000	772023    	60.000000	766251    	
65.000000	1.14916e+08	65.000000	1.14876e+08	65.000000	1.14876e+08	65.000000	1.14931e+08	65.000000	1.14914e+08	65.000000	617807    	65.000000	304872    	65.000000	829498    	65.000000	887466    	65.000000	886987    	
70.000000	1.31325e+08	70.000000	1.31332e+08	70.000000	1.31336e+08	70.000000	1.31409e+08	70.000000	1.31379e+08	70.000000	706309    	70.000000	346314    	70.000000	948169    	70.000000	1.00951e+06	70.000000	1.01543e+06	
75.000000	1.48669e+08	75.000000	1.48733e+08	75.000000	1.48739e+08	75.000000	1.48834e+08	75.000000	1.48789e+08	75.000000	799690    	75.000000	389847    	75.000000	1.07353e+06	75.000000	1.13797e+06	75.000000	1.1514e+06	
80.000000	1.66927e+08	80.000000	1.67057e+08	80.000000	1.67065e+08	80.000000	1.67184e+08	80.000000	1.67123e+08	80.000000	897796    	80.000000	435428    	80.000000	1.20542e+06	80.000000	1.27269e+06	80.000000	1.29475e+06	
85.000000	1.8608e+08	85.000000	1.86284e+08	85.000000	1.86296e+08	85.000000	1.86441e+08	85.000000	1.8636e+08	85.000000	1.00048e+06	85.000000	482966    	85.000000	1.34367e+06	85.000000	1.4135e+06	85.000000	1.44534e+06	
90.000000	2.0611e+08	90.000000	2.06394e+08	90.000000	2.06412e+08	90.000000	2.06585e+08	90.000000	2.06483e+08	90.000000	1.1076e+06	90.000000	532413    	90.000000	1.48811e+06	90.000000	1.56026e+06	90.000000	1.60301e+06	
95.000000	2.27e+08  	95.000000	2.2737e+08	95.000000	2.27395e+08	95.000000	2.27599e+08	95.000000	2.27474e+08	95.000000	1.21903e+06	95.000000	583720    	95.000000	1.6386e+06	95.000000	1.71282e+06	95.000000	1.76763e+06	
100.000000	2.48734e+08	100.000000	2.49193e+08	100.000000	2.49227e+08	100.000000	2.49464e+08	100.000000	2.49314e+08	100.000000	1.33463e+06	100.000000	636841    	100.000000	1.79499e+06	100.000000	1.87104e+06	100.000000	1.93905e+06	
105.000000	2.71297e+08	105.000000	2.71847e+08	105.000000	2.71892e+08	105.000000	2.72164e+08	105.000000	2.71987e+08	105.000000	1.45427e+06	105.000000	691728    	105.000000	1.95713e+06	105.000000	2.0348e+06	105.000000	2.11716e+06	
110.000000	2.94672e+08	110.000000	2.95314e+08	110.000000	2.95374e+08	110.000000	2.95684e+08	110.000000	2.95477e+08	110.000000	1.57783e+06	110.000000	748346    	110.000000	2.12488e+06	110.000000	2.20397e+06	110.000000	2.30181e+06	
115.000000	3.18847e+08	115.000000	3.1958e+08	115.000000	3.19657e+08	115.000000	3.20007e+08	115.000000	3.19769e+08	115.000000	1.70519e+06	115.000000	806633    	115.000000	2.29812e+06	115.000000	2.37843e+06	115.000000	2.4929e+06	
120.000000	3.43808e+08	120.000000	3.44628e+08	120.000000	3.44727e+08	120.000000	3.45118e+08	120.000000	3.44847e+08	120.000000	1.83625e+06	120.000000	866517    	120.000000	2.47671e+06	120.000000	2.55806e+06	120.000000	2.6903e+06	
125.000000	3.69541e+08	125.000000	3.70444e+08	125.000000	3.70567e+08	125.000000	3.71003e+08	125.000000	3.70697e+08	125.000000	1.97088e+06	125.000000	928006    	125.000000	2.66052e+06	125.000000	2.74275e+06	125.000000	2.89389e+06	
130.000000	3.96035e+08	130.000000	3.97014e+08	130.000000	3.97164e+08	130.000000	3.97648e+08	130.000000	3.97304e+08	130.000000	2.10898e+06	130.000000	991034    	130.000000	2.84944e+06	130.000000	2.93239e+06	130.000000	3.10357e+06	
135.000000	4.23276e+08	135.000000	4.24323e+08	135.000000	4.24507e+08	135.000000	4.25038e+08	135.000000	4.24655e+08	135.000000	2.25045e+06	135.000000	1.05554e+06	135.000000	3.04335e+06	135.000000	3.12688e+06	135.000000	3.31922e+06	
140.000000	4.51255e+08	140.000000	4.52359e+08	140.000000	4.5258e+08	140.000000	4.53161e+08	140.000000	4.52737e+08	140.000000	2.39519e+06	140.000000	1.1215e+06	140.000000	3.24212e+06	140.000000	3.32612e+06	140.000000	3.54073e+06	
145.000000	4.79959e+08	145.000000	4.81108e+08	145.000000	4.8137e+08	145.000000	4.82004e+08	145.000000	4.81536e+08	145.000000	2.54309e+06	145.000000	1.18888e+06	145.000000	3.44565e+06	145.000000	3.53001e+06	145.000000	3.76801e+06	
150.000000	5.09378e+08	150.000000	5.10558e+08	150.000000	5.10865e+08	150.000000	5.11553e+08	150.000000	5.1104e+08	150.000000	2.69407e+06	150.000000	1.25765e+06	150.000000	3.65382e+06	150.000000	3.73844e+06	150.000000	4.00094e+06	
155.000000	5.5873e+08	155.000000	5.40695e+08	155.000000	5.41053e+08	155.000000	5.41797e+08	155.000000	5.41237e+08	155.000000	2.84804e+06	155.000000	1.32778e+06	155.000000	3.86654e+06	155.000000	3.95135e+06	155.000000	4.23944e+06	
160.000000	6.09818e+08	160.000000	5.7151e+08	160.000000	5.71919e+08	160.000000	5.72723e+08	160.000000	5.72114e+08	160.000000	3.00489e+06	160.000000	1.39925e+06	160.000000	4.08369e+06	160.000000	4.16862e+06	160.000000	4.4834e+06	
165.000000	6.61966e+08	165.000000	6.02988e+08	165.000000	6.03455e+08	165.000000	6.04321e+08	165.000000	6.03661e+08	165.000000	3.16456e+06	165.000000	1.47201e+06	165.000000	4.30519e+06	165.000000	4.39018e+06	165.000000	4.73272e+06	
170.000000	7.15156e+08	170.000000	6.35121e+08	170.000000	6.3565e+08	170.000000	6.36578e+08	170.000000	6.35865e+08	170.000000	3.32695e+06	170.000000	1.54606e+06	170.000000	4.53092e+06	170.000000	4.61594e+06	170.000000	4.98732e+06	
175.000000	7.69371e+08	175.000000	6.67895e+08	175.000000	6.68489e+08	175.000000	6.69484e+08	175.000000	6.68716e+08	175.000000	3.49198e+06	175.000000	1.62135e+06	175.000000	4.76079e+06	175.000000	4.84581e+06	175.000000	5.2471e+06	
180.000000	8.24593e+08	180.000000	7.01301e+08	180.000000	7.01964e+08	180.000000	7.03027e+08	180.000000	7.02203e+08	180.000000	3.65957e+06	180.000000	1.69787e+06	180.000000	4.99472e+06	180.000000	5.07973e+06	180.000000	5.51199e+06	
185.000000	8.80806e+08	185.000000	7.35329e+08	185.000000	7.36065e+08	185.000000	7.37198e+08	185.000000	7.36316e+08	185.000000	3.82965e+06	185.000000	1.7756e+06	185.000000	5.2326e+06	185.000000	5.3176e+06	185.000000	5.78187e+06	
190.000000	9.37993e+08	190.000000	7.69967e+08	190.000000	7.70782e+08	190.000000	7.71985e+08	190.000000	7.71043e+08	190.000000	4.00214e+06	190.000000	1.85445e+06	190.000000	5.47435e+06	190.000000	5.55936e+06	190.000000	6.05668e+06	
195.000000	9.96139e+08	195.000000	8.05207e+08	195.000000	8.06104e+08	195.000000	8.07379e+08	195.000000	8.06375e+08	195.000000	4.17698e+06	195.000000	1.93441e+06	195.000000	5.71989e+06	195.000000	5.80493e+06	195.000000	6.33634e+06	
200.000000	1.05523e+09	200.000000	8.41038e+08	200.000000	8.42021e+08	200.000000	8.4337e+08	200.000000	8.42303e+08	200.000000	4.35408e+06	200.000000	2.0155e+06	200.000000	5.96912e+06	200.000000	6.05423e+06	200.000000	6.62075e+06	
210.000000	1.17618e+09	210.000000	9.14436e+08	210.000000	9.15599e+08	210.000000	9.17105e+08	210.000000	9.15905e+08	210.000000	4.71481e+06	210.000000	2.18094e+06	210.000000	6.47835e+06	210.000000	6.56377e+06	210.000000	7.20352e+06	
220.000000	1.30072e+09	220.000000	9.90088e+08	220.000000	9.91446e+08	220.000000	9.93115e+08	220.000000	9.91775e+08	220.000000	5.08383e+06	220.000000	2.35044e+06	220.000000	7.00142e+06	220.000000	7.08742e+06	220.000000	7.8044e+06	
230.000000	1.42876e+09	230.000000	1.06793e+09	230.000000	1.06949e+09	230.000000	1.07133e+09	230.000000	1.06984e+09	230.000000	5.46063e+06	230.000000	2.52386e+06	230.000000	7.5377e+06	230.000000	7.62468e+06	230.000000	8.42277e+06	
240.000000	1.56018e+09	240.000000	1.14788e+09	240.000000	1.14966e+09	240.000000	1.15168e+09	240.000000	1.15004e+09	240.000000	5.84474e+06	240.000000	2.70112e+06	240.000000	8.08663e+06	240.000000	8.17504e+06	240.000000	9.05806e+06	
250.000000	1.69489e+09	250.000000	1.22989e+09	250.000000	1.2319e+09	250.000000	1.2341e+09	250.000000	1.2323e+09	250.000000	6.23572e+06	250.000000	2.88215e+06	250.000000	8.64765e+06	250.000000	8.73802e+06	250.000000	9.70974e+06	
260.000000	1.83279e+09	260.000000	1.31389e+09	260.000000	1.31613e+09	260.000000	1.31853e+09	260.000000	1.31656e+09	260.000000	6.63315e+06	260.000000	3.06652e+06	260.000000	9.22023e+06	260.000000	9.31318e+06	260.000000	1.03772e+07	
270.000000	1.97379e+09	270.000000	1.39983e+09	270.000000	1.40231e+09	270.000000	1.4049e+09	270.000000	1.40276e+09	270.000000	7.03663e+06	270.000000	3.25424e+06	270.000000	9.80387e+06	270.000000	9.90007e+06	270.000000	1.10601e+07	
280.000000	2.11781e+09	280.000000	1.48765e+09	280.000000	1.49036e+09	280.000000	1.49316e+09	280.000000	1.49085e+09	280.000000	7.44577e+06	280.000000	3.44524e+06	280.000000	1.03981e+07	280.000000	1.04983e+07	280.000000	1.17578e+07	
290.000000	2.26475e+09	290.000000	1.57729e+09	290.000000	1.58025e+09	290.000000	1.58326e+09	290.000000	1.58076e+09	290.000000	7.86023e+06	290.000000	3.63941e+06	290.000000	1.10024e+07	290.000000	1.11074e+07	290.000000	1.24698e+07	
300.000000	2.41455e+09	300.000000	1.66871e+09	300.000000	1.6719e+09	300.000000	1.67514e+09	300.000000	1.67245e+09	300.000000	8.27966e+06	300.000000	3.83658e+06	300.000000	1.16164e+07	300.000000	1.17271e+07	300.000000	1.31957e+07	
310.000000	2.56712e+09	310.000000	1.76184e+09	310.000000	1.76529e+09	310.000000	1.76874e+09	310.000000	1.76586e+09	310.000000	8.70375e+06	310.000000	4.03653e+06	310.000000	1.22396e+07	310.000000	1.23569e+07	310.000000	1.39351e+07	
320.000000	2.7224e+09	320.000000	1.85666e+09	320.000000	1.86034e+09	320.000000	1.86403e+09	320.000000	1.86094e+09	320.000000	9.13217e+06	320.000000	4.23926e+06	320.000000	1.28717e+07	320.000000	1.29965e+07	320.000000	1.46876e+07	
330.000000	2.8803e+09	330.000000	1.9531e+09	330.000000	1.95702e+09	330.000000	1.96094e+09	330.000000	1.95765e+09	330.000000	9.56465e+06	330.000000	4.44474e+06	330.000000	1.35122e+07	330.000000	1.36456e+07	330.000000	1.54526e+07	
340.000000	3.04076e+09	340.000000	2.05112e+09	340.000000	2.05528e+09	340.000000	2.05944e+09	340.000000	2.05594e+09	340.000000	1.00009e+07	340.000000	4.65273e+06	340.000000	1.41608e+07	340.000000	1.43038e+07	340.000000	1.62299e+07	
350.000000	3.20372e+09	350.000000	2.15069e+09	350.000000	2.15507e+09	350.000000	2.15948e+09	350.000000	2.15576e+09	350.000000	1.04407e+07	350.000000	4.86309e+06	350.000000	1.48171e+07	350.000000	1.49708e+07	350.000000	1.7019e+07	
360.000000	3.36912e+09	360.000000	2.25176e+09	360.000000	2.25636e+09	360.000000	2.26102e+09	360.000000	2.25708e+09	360.000000	1.08837e+07	360.000000	5.07583e+06	360.000000	1.54808e+07	360.000000	1.56463e+07	360.000000	1.78195e+07	
370.000000	3.53688e+09	370.000000	2.35429e+09	370.000000	2.3591e+09	370.000000	2.36401e+09	370.000000	2.35984e+09	370.000000	1.13298e+07	370.000000	5.29099e+06	370.000000	1.61515e+07	370.000000	1.633e+07 	370.000000	1.86312e+07	
380.000000	3.70695e+09	380.000000	2.45823e+09	380.000000	2.46325e+09	380.000000	2.46842e+09	380.000000	2.46402e+09	380.000000	1.17787e+07	380.000000	5.50849e+06	380.000000	1.6829e+07	380.000000	1.70217e+07	380.000000	1.94536e+07	
390.000000	3.87928e+09	390.000000	2.56357e+09	390.000000	2.56877e+09	390.000000	2.57421e+09	390.000000	2.56957e+09	390.000000	1.22303e+07	390.000000	5.72811e+06	390.000000	1.75129e+07	390.000000	1.7721e+07	390.000000	2.02864e+07	
400.000000	4.05381e+09	400.000000	2.67025e+09	400.000000	2.67562e+09	400.000000	2.68134e+09	400.000000	2.67646e+09	400.000000	1.26842e+07	400.000000	5.9498e+06	400.000000	1.8203e+07	400.000000	1.84278e+07	400.000000	2.11293e+07	
410.000000	4.23048e+09	410.000000	2.77825e+09	410.000000	2.78377e+09	410.000000	2.78977e+09	410.000000	2.78464e+09	410.000000	1.31403e+07	410.000000	6.1735e+06	410.000000	1.8899e+07	410.000000	1.91416e+07	410.000000	2.1982e+07	
420.000000	4.40925e+09	420.000000	2.88752e+09	420.000000	2.89319e+09	420.000000	2.89948e+09	420.000000	2.89409e+09	420.000000	1.35985e+07	420.000000	6.39908e+06	420.000000	1.96005e+07	420.000000	1.98624e+07	420.000000	2.28442e+07	
430.000000	4.59005e+09	430.000000	2.99804e+09	430.000000	3.00383e+09	430.000000	3.01041e+09	430.000000	3.00478e+09	430.000000	1.40585e+07	430.000000	6.62639e+06	430.000000	2.03074e+07	430.000000	2.05898e+07	430.000000	2.37155e+07	
440.000000	4.77286e+09	440.000000	3.10978e+09	440.000000	3.11568e+09	440.000000	3.12255e+09	440.000000	3.11666e+09	440.000000	1.45202e+07	440.000000	6.85543e+06	440.000000	2.10194e+07	440.000000	2.13236e+07	440.000000	2.45957e+07	
450.000000	4.9576e+09	450.000000	3.2227e+09	450.000000	3.2287e+09	450.000000	3.23587e+09	450.000000	3.22971e+09	450.000000	1.49835e+07	450.000000	7.08624e+06	450.000000	2.17363e+07	450.000000	2.20637e+07	450.000000	2.54845e+07	
460.000000	5.14425e+09	460.000000	3.33678e+09	460.000000	3.34286e+09	460.000000	3.35032e+09	460.000000	3.34389e+09	460.000000	1.54481e+07	460.000000	7.31883e+06	460.000000	2.24578e+07	460.000000	2.28097e+07	460.000000	2.63816e+07	
470.000000	5.33276e+09	470.000000	3.45199e+09	470.000000	3.45812e+09	470.000000	3.46588e+09	470.000000	3.45918e+09	470.000000	1.5914e+07	470.000000	7.55314e+06	470.000000	2.31837e+07	470.000000	2.35615e+07	470.000000	2.72869e+07	
480.000000	5.52307e+09	480.000000	3.56829e+09	480.000000	3.57445e+09	480.000000	3.58253e+09	480.000000	3.57555e+09	480.000000	1.6381e+07	480.000000	7.78905e+06	480.000000	2.39138e+07	480.000000	2.43189e+07	480.000000	2.81999e+07	
490.000000	5.71516e+09	490.000000	3.68567e+09	490.000000	3.69183e+09	490.000000	3.70023e+09	490.000000	3.69297e+09	490.000000	1.6849e+07	490.000000	8.02644e+06	490.000000	2.46479e+07	490.000000	2.50817e+07	490.000000	2.91205e+07	
500.000000	5.90898e+09	500.000000	3.80409e+09	500.000000	3.81024e+09	500.000000	3.81895e+09	500.000000	3.81142e+09	500.000000	1.73178e+07	500.000000	8.26524e+06	500.000000	2.53858e+07	500.000000	2.58497e+07	500.000000	3.00485e+07	
520.000000	6.30164e+09	520.000000	4.04397e+09	520.000000	4.05003e+09	520.000000	4.05939e+09	520.000000	4.05127e+09	520.000000	1.82576e+07	520.000000	8.74719e+06	520.000000	2.68724e+07	520.000000	2.74005e+07	520.000000	3.19255e+07	
540.000000	6.70076e+09	540.000000	4.28774e+09	540.000000	4.29362e+09	540.000000	4.30362e+09	540.000000	4.29492e+09	540.000000	1.91994e+07	540.000000	9.23482e+06	540.000000	2.8372e+07	540.000000	2.897e+07 	540.000000	3.38291e+07	
560.000000	7.10604e+09	560.000000	4.53521e+09	560.000000	4.54079e+09	560.000000	4.55148e+09	560.000000	4.54217e+09	560.000000	2.01426e+07	560.000000	9.72742e+06	560.000000	2.98833e+07	560.000000	3.05569e+07	560.000000	3.57577e+07	
580.000000	7.51721e+09	580.000000	4.78621e+09	580.000000	4.7914e+09	580.000000	4.80277e+09	580.000000	4.79285e+09	580.000000	2.10865e+07	580.000000	1.0225e+07	580.000000	3.14052e+07	580.000000	3.216e+07 	580.000000	3.77097e+07	
600.000000	7.93402e+09	600.000000	5.04058e+09	600.000000	5.04527e+09	600.000000	5.05734e+09	600.000000	5.04678e+09	600.000000	2.20303e+07	600.000000	1.07275e+07	600.000000	3.29365e+07	600.000000	3.37781e+07	600.000000	3.96837e+07	
620.000000	8.35621e+09	620.000000	5.29816e+09	620.000000	5.30223e+09	620.000000	5.31502e+09	620.000000	5.30383e+09	620.000000	2.29735e+07	620.000000	1.12344e+07	620.000000	3.44762e+07	620.000000	3.54101e+07	620.000000	4.16782e+07	
640.000000	8.78354e+09	640.000000	5.5588e+09	640.000000	5.56214e+09	640.000000	5.57567e+09	640.000000	5.56382e+09	640.000000	2.39156e+07	640.000000	1.17452e+07	640.000000	3.60232e+07	640.000000	3.70551e+07	640.000000	4.36919e+07	
660.000000	9.2158e+09	660.000000	5.82236e+09	660.000000	5.82487e+09	660.000000	5.83914e+09	660.000000	5.82663e+09	660.000000	2.48561e+07	660.000000	1.22599e+07	660.000000	3.75768e+07	660.000000	3.87121e+07	660.000000	4.57236e+07	
680.000000	9.65276e+09	680.000000	6.08872e+09	680.000000	6.0903e+09	680.000000	6.10531e+09	680.000000	6.09213e+09	680.000000	2.57946e+07	680.000000	1.27783e+07	680.000000	3.9136e+07	680.000000	4.03801e+07	680.000000	4.77722e+07	
700.000000	1.00942e+10	700.000000	6.35774e+09	700.000000	6.35828e+09	700.000000	6.37404e+09	700.000000	6.36018e+09	700.000000	2.67307e+07	700.000000	1.33002e+07	700.000000	4.07001e+07	700.000000	4.20584e+07	700.000000	4.98364e+07	
720.000000	1.054e+10 	720.000000	6.6293e+09	720.000000	6.6287e+09	720.000000	6.64522e+09	720.000000	6.63067e+09	720.000000	2.76641e+07	720.000000	1.38256e+07	720.000000	4.22684e+07	720.000000	4.37462e+07	720.000000	5.19152e+07	
740.000000	1.09899e+10	740.000000	6.9033e+09	740.000000	6.90143e+09	740.000000	6.91874e+09	740.000000	6.90349e+09	740.000000	2.85944e+07	740.000000	1.43542e+07	740.000000	4.38401e+07	740.000000	4.54427e+07	740.000000	5.40077e+07	
760.000000	1.14438e+10	760.000000	7.17961e+09	760.000000	7.17638e+09	760.000000	7.19448e+09	760.000000	7.17853e+09	760.000000	2.95214e+07	760.000000	1.48857e+07	760.000000	4.54147e+07	760.000000	4.71472e+07	760.000000	5.61129e+07	
780.000000	1.19014e+10	780.000000	7.45815e+09	780.000000	7.45346e+09	780.000000	7.47235e+09	780.000000	7.45569e+09	780.000000	3.04449e+07	780.000000	1.54199e+07	780.000000	4.69916e+07	780.000000	4.8859e+07	780.000000	5.823e+07 	
800.000000	1.23626e+10	800.000000	7.73881e+09	800.000000	7.73256e+09	800.000000	7.75226e+09	800.000000	7.73487e+09	800.000000	3.13645e+07	800.000000	1.59566e+07	800.000000	4.85702e+07	800.000000	5.05776e+07	800.000000	6.0358e+07	
820.000000	1.28273e+10	820.000000	8.02149e+09	820.000000	8.01361e+09	820.000000	8.0341e+09	820.000000	8.01598e+09	820.000000	3.22802e+07	820.000000	1.64961e+07	820.000000	5.015e+07 	820.000000	5.23022e+07	820.000000	6.24962e+07	
840.000000	1.32953e+10	840.000000	8.30611e+09	840.000000	8.2965e+09	840.000000	8.3178e+09	840.000000	8.29894e+09	840.000000	3.31917e+07	840.000000	1.70384e+07	840.000000	5.17307e+07	840.000000	5.40325e+07	840.000000	6.46439e+07	
860.000000	1.37664e+10	860.000000	8.59258e+09	860.000000	8.58115e+09	860.000000	8.60326e+09	860.000000	8.58367e+09	860.000000	3.40989e+07	860.000000	1.75833e+07	860.000000	5.33116e+07	860.000000	5.57677e+07	860.000000	6.68002e+07	
880.000000	1.42406e+10	880.000000	8.88082e+09	880.000000	8.86748e+09	880.000000	8.89042e+09	880.000000	8.87008e+09	880.000000	3.50016e+07	880.000000	1.81307e+07	880.000000	5.48925e+07	880.000000	5.75075e+07	880.000000	6.89646e+07	
900.000000	1.47176e+10	900.000000	9.17075e+09	900.000000	9.15542e+09	900.000000	9.1792e+09	900.000000	9.1581e+09	900.000000	3.58998e+07	900.000000	1.86805e+07	900.000000	5.64729e+07	900.000000	5.92514e+07	900.000000	7.11365e+07	
920.000000	1.51974e+10	920.000000	9.46229e+09	920.000000	9.44489e+09	920.000000	9.46952e+09	920.000000	9.44766e+09	920.000000	3.67932e+07	920.000000	1.92324e+07	920.000000	5.80526e+07	920.000000	6.09988e+07	920.000000	7.3315e+07	
940.000000	1.56799e+10	940.000000	9.75538e+09	940.000000	9.73584e+09	940.000000	9.76132e+09	940.000000	9.7387e+09	940.000000	3.76819e+07	940.000000	1.97863e+07	940.000000	5.96311e+07	940.000000	6.27495e+07	940.000000	7.54999e+07	
960.000000	1.61649e+10	960.000000	1.00499e+10	960.000000	1.00282e+10	960.000000	1.00545e+10	960.000000	1.00311e+10	960.000000	3.85657e+07	960.000000	2.0342e+07	960.000000	6.12082e+07	960.000000	6.4503e+07	960.000000	7.76903e+07	
980.000000	1.66522e+10	980.000000	1.03459e+10	980.000000	1.03219e+10	980.000000	1.03491e+10	980.000000	1.03249e+10	980.000000	3.94446e+07	980.000000	2.08996e+07	980.000000	6.27836e+07	980.000000	6.62589e+07	980.000000	7.98859e+07	
1000.000000	1.71419e+10	1000.000000	1.06432e+10	1000.000000	1.06169e+10	1000.000000	1.0645e+10	1000.000000	1.062e+10 	1000.000000	4.03185e+07	1000.000000	2.14589e+07	1000.000000	6.4357e+07	1000.000000	6.80168e+07	1000.000000	8.20862e+07	
1020.000000	1.76338e+10	1020.000000	1.09418e+10	1020.000000	1.09132e+10	1020.000000	1.09421e+10	1020.000000	1.09163e+10	1020.000000	4.11874e+07	1020.000000	2.202e+07 	1020.000000	6.59283e+07	1020.000000	6.97765e+07	1020.000000	8.42906e+07	
1040.000000	1.81278e+10	1040.000000	1.12417e+10	1040.000000	1.12106e+10	1040.000000	1.12404e+10	1040.000000	1.12138e+10	1040.000000	4.20512e+07	1040.000000	2.25829e+07	1040.000000	6.7497e+07	1040.000000	7.15376e+07	1040.000000	8.64988e+07	
1060.000000	1.86237e+10	1060.000000	1.15427e+10	1060.000000	1.15092e+10	1060.000000	1.15398e+10	1060.000000	1.15125e+10	1060.000000	4.29098e+07	1060.000000	2.31477e+07	1060.000000	6.90632e+07	1060.000000	7.32997e+07	1060.000000	8.87103e+07	
1080.000000	1.91216e+10	1080.000000	1.18448e+10	1080.000000	1.18088e+10	1080.000000	1.18403e+10	1080.000000	1.18122e+10	1080.000000	4.37634e+07	1080.000000	2.37143e+07	1080.000000	7.06264e+07	1080.000000	7.50627e+07	1080.000000	9.09246e+07	
1100.000000	1.96212e+10	1100.000000	1.2148e+10	1100.000000	1.21095e+10	1100.000000	1.21418e+10	1100.000000	1.21129e+10	1100.000000	4.46118e+07	1100.000000	2.42828e+07	1100.000000	7.21867e+07	1100.000000	7.68263e+07	1100.000000	9.31416e+07	
1120.000000	2.01226e+10	1120.000000	1.24522e+10	1120.000000	1.24111e+10	1120.000000	1.24444e+10	1120.000000	1.24147e+10	1120.000000	4.54551e+07	1120.000000	2.4853e+07	1120.000000	7.37438e+07	1120.000000	7.85901e+07	1120.000000	9.53606e+07	
1140.000000	2.06256e+10	1140.000000	1.27573e+10	1140.000000	1.27137e+10	1140.000000	1.27479e+10	1140.000000	1.27174e+10	1140.000000	4.62932e+07	1140.000000	2.54248e+07	1140.000000	7.52975e+07	1140.000000	8.0354e+07	1140.000000	9.75815e+07	
1160.000000	2.11302e+10	1160.000000	1.30634e+10	1160.000000	1.30172e+10	1160.000000	1.30523e+10	1160.000000	1.30209e+10	1160.000000	4.71261e+07	1160.000000	2.5998e+07	1160.000000	7.68477e+07	1160.000000	8.21177e+07	1160.000000	9.98038e+07	
1180.000000	2.16363e+10	1180.000000	1.33704e+10	1180.000000	1.33216e+10	1180.000000	1.33576e+10	1180.000000	1.33254e+10	1180.000000	4.79539e+07	1180.000000	2.65727e+07	1180.000000	7.83944e+07	1180.000000	8.3881e+07	1180.000000	1.02027e+08	
1200.000000	2.21437e+10	1200.000000	1.36782e+10	1200.000000	1.36269e+10	1200.000000	1.36637e+10	1200.000000	1.36307e+10	1200.000000	4.87765e+07	1200.000000	2.71487e+07	1200.000000	7.99372e+07	1200.000000	8.56436e+07	1200.000000	1.04252e+08	
1220.000000	2.26525e+10	1220.000000	1.39868e+10	1220.000000	1.39329e+10	1220.000000	1.39706e+10	1220.000000	1.39368e+10	1220.000000	4.9594e+07	1220.000000	2.77261e+07	1220.000000	8.14762e+07	1220.000000	8.74055e+07	1220.000000	1.06477e+08	
1240.000000	2.31625e+10	1240.000000	1.42962e+10	1240.000000	1.42397e+10	1240.000000	1.42783e+10	1240.000000	1.42437e+10	1240.000000	5.04063e+07	1240.000000	2.83047e+07	1240.000000	8.30113e+07	1240.000000	8.91664e+07	1240.000000	1.08702e+08	
1260.000000	2.36738e+10	1260.000000	1.46062e+10	1260.000000	1.45472e+10	1260.000000	1.45867e+10	1260.000000	1.45513e+10	1260.000000	5.12136e+07	1260.000000	2.88847e+07	1260.000000	8.45423e+07	1260.000000	9.09261e+07	1260.000000	1.10928e+08	
1280.000000	2.41861e+10	1280.000000	1.4917e+10	1280.000000	1.48554e+10	1280.000000	1.48958e+10	1280.000000	1.48596e+10	1280.000000	5.20158e+07	1280.000000	2.9466e+07	1280.000000	8.60691e+07	1280.000000	9.26845e+07	1280.000000	1.13153e+08	
1300.000000	2.46995e+10	1300.000000	1.52284e+10	1300.000000	1.51642e+10	1300.000000	1.52056e+10	1300.000000	1.51685e+10	1300.000000	5.28129e+07	1300.000000	3.00486e+07	1300.000000	8.75917e+07	1300.000000	9.44413e+07	1300.000000	1.15378e+08	
1320.000000	2.5214e+10	1320.000000	1.55404e+10	1320.000000	1.54738e+10	1320.000000	1.5516e+10	1320.000000	1.54781e+10	1320.000000	5.3605e+07	1320.000000	3.06324e+07	1320.000000	8.91101e+07	1320.000000	9.61966e+07	1320.000000	1.17602e+08	
1340.000000	2.57293e+10	1340.000000	1.5853e+10	1340.000000	1.57839e+10	1340.000000	1.58271e+10	1340.000000	1.57884e+10	1340.000000	5.43921e+07	1340.000000	3.12174e+07	1340.000000	9.0624e+07	1340.000000	9.79501e+07	1340.000000	1.19825e+08	
1360.000000	2.62455e+10	1360.000000	1.61662e+10	1360.000000	1.60946e+10	1360.000000	1.61387e+10	1360.000000	1.60992e+10	1360.000000	5.51742e+07	1360.000000	3.18036e+07	1360.000000	9.21335e+07	1360.000000	9.97016e+07	1360.000000	1.22048e+08	
1380.000000	2.67626e+10	1380.000000	1.64799e+10	1380.000000	1.64059e+10	1380.000000	1.64509e+10	1380.000000	1.64105e+10	1380.000000	5.59514e+07	1380.000000	3.2391e+07	1380.000000	9.36385e+07	1380.000000	1.01451e+08	1380.000000	1.24269e+08	
1400.000000	2.72804e+10	1400.000000	1.6794e+10	1400.000000	1.67177e+10	1400.000000	1.67637e+10	1400.000000	1.67224e+10	1400.000000	5.67236e+07	1400.000000	3.29796e+07	1400.000000	9.5139e+07	1400.000000	1.03198e+08	1400.000000	1.26488e+08	
1420.000000	2.77989e+10	1420.000000	1.71086e+10	1420.000000	1.703e+10 	1420.000000	1.70769e+10	1420.000000	1.70348e+10	1420.000000	5.7491e+07	1420.000000	3.35693e+07	1420.000000	9.66349e+07	1420.000000	1.04944e+08	1420.000000	1.28707e+08	
1440.000000	2.83181e+10	1440.000000	1.74237e+10	1440.000000	1.73428e+10	1440.000000	1.73907e+10	1440.000000	1.73478e+10	1440.000000	5.82536e+07	1440.000000	3.41602e+07	1440.000000	9.81262e+07	1440.000000	1.06686e+08	1440.000000	1.30923e+08	
1460.000000	2.88379e+10	1460.000000	1.77392e+10	1460.000000	1.76561e+10	1460.000000	1.77049e+10	1460.000000	1.76611e+10	1460.000000	5.90114e+07	1460.000000	3.47521e+07	1460.000000	9.96128e+07	1460.000000	1.08426e+08	1460.000000	1.33138e+08	
1480.000000	2.93583e+10	1480.000000	1.8055e+10	1480.000000	1.79699e+10	1480.000000	1.80196e+10	1480.000000	1.7975e+10	1480.000000	5.97644e+07	1480.000000	3.53452e+07	1480.000000	1.01095e+08	1480.000000	1.10164e+08	1480.000000	1.3535e+08	
1500.000000	2.98792e+10	1500.000000	1.83712e+10	1500.000000	1.8284e+10	1500.000000	1.83347e+10	1500.000000	1.82892e+10	1500.000000	6.05127e+07	1500.000000	3.59394e+07	1500.000000	1.02572e+08	1500.000000	1.11899e+08	1500.000000	1.3756e+08	
1520.000000	3.04006e+10	1520.000000	1.86878e+10	1520.000000	1.85986e+10	1520.000000	1.86502e+10	1520.000000	1.86039e+10	1520.000000	6.12563e+07	1520.000000	3.65347e+07	1520.000000	1.04044e+08	1520.000000	1.13631e+08	1520.000000	1.39768e+08	
1540.000000	3.09224e+10	1540.000000	1.90046e+10	1540.000000	1.89136e+10	1540.000000	1.89661e+10	1540.000000	1.8919e+10	1540.000000	6.19953e+07	1540.000000	3.71311e+07	1540.000000	1.05512e+08	1540.000000	1.15361e+08	1540.000000	1.41974e+08	
1560.000000	3.14447e+10	1560.000000	1.93218e+10	1560.000000	1.9229e+10	1560.000000	1.92824e+10	1560.000000	1.92344e+10	1560.000000	6.27296e+07	1560.000000	3.77285e+07	1560.000000	1.06975e+08	1560.000000	1.17087e+08	1560.000000	1.44177e+08	
1580.000000	3.19672e+10	1580.000000	1.96392e+10	1580.000000	1.95447e+10	1580.000000	1.9599e+10	1580.000000	1.95502e+10	1580.000000	6.34595e+07	1580.000000	3.83269e+07	1580.000000	1.08433e+08	1580.000000	1.18811e+08	1580.000000	1.46378e+08	
1600.000000	3.24901e+10	1600.000000	1.99568e+10	1600.000000	1.98608e+10	1600.000000	1.9916e+10	1600.000000	1.98663e+10	1600.000000	6.41847e+07	1600.000000	3.89263e+07	1600.000000	1.09886e+08	1600.000000	1.20531e+08	1600.000000	1.48575e+08	
1620.000000	3.30133e+10	1620.000000	2.02747e+10	1620.000000	2.01771e+10	1620.000000	2.02333e+10	1620.000000	2.01828e+10	1620.000000	6.49056e+07	1620.000000	3.95266e+07	1620.000000	1.11335e+08	1620.000000	1.22248e+08	1620.000000	1.5077e+08	
1640.000000	3.35367e+10	1640.000000	2.05928e+10	1640.000000	2.04938e+10	1640.000000	2.0551e+10	1640.000000	2.04996e+10	1640.000000	6.5622e+07	1640.000000	4.01279e+07	1640.000000	1.12778e+08	1640.000000	1.23962e+08	1640.000000	1.52962e+08	
1660.000000	3.40603e+10	1660.000000	2.09111e+10	1660.000000	2.08108e+10	1660.000000	2.08689e+10	1660.000000	2.08166e+10	1660.000000	6.63339e+07	1660.000000	4.07299e+07	1660.000000	1.14217e+08	1660.000000	1.25673e+08	1660.000000	1.55151e+08	
1680.000000	3.45841e+10	1680.000000	2.12295e+10	1680.000000	2.11281e+10	1680.000000	2.11871e+10	1680.000000	2.1134e+10	1680.000000	6.70416e+07	1680.000000	4.13329e+07	1680.000000	1.15651e+08	1680.000000	1.27381e+08	1680.000000	1.57336e+08	
1700.000000	3.5108e+10	1700.000000	2.15481e+10	1700.000000	2.14456e+10	1700.000000	2.15055e+10	1700.000000	2.14516e+10	1700.000000	6.77449e+07	1700.000000	4.19367e+07	1700.000000	1.1708e+08	1700.000000	1.29085e+08	1700.000000	1.59519e+08	
1750.000000	3.64182e+10	1750.000000	2.23452e+10	1750.000000	2.22405e+10	1750.000000	2.23028e+10	1750.000000	2.22467e+10	1750.000000	6.94847e+07	1750.000000	4.34498e+07	1750.000000	1.20632e+08	1750.000000	1.33331e+08	1750.000000	1.6496e+08	
1800.000000	3.77285e+10	1800.000000	2.31429e+10	1800.000000	2.30368e+10	1800.000000	2.31014e+10	1800.000000	2.30432e+10	1800.000000	7.11985e+07	1800.000000	4.49681e+07	1800.000000	1.24153e+08	1800.000000	1.37555e+08	1800.000000	1.70379e+08	
1850.000000	3.90385e+10	1850.000000	2.39409e+10	1850.000000	2.38343e+10	1850.000000	2.39013e+10	1850.000000	2.3841e+10	1850.000000	7.28869e+07	1850.000000	4.64917e+07	1850.000000	1.27644e+08	1850.000000	1.41757e+08	1850.000000	1.75776e+08	
1900.000000	4.03479e+10	1900.000000	2.47392e+10	1900.000000	2.46329e+10	1900.000000	2.47023e+10	1900.000000	2.46398e+10	1900.000000	7.45506e+07	1900.000000	4.80209e+07	1900.000000	1.31105e+08	1900.000000	1.45936e+08	1900.000000	1.81149e+08	
1950.000000	4.16561e+10	1950.000000	2.55373e+10	1950.000000	2.54324e+10	1950.000000	2.55041e+10	1950.000000	2.54395e+10	1950.000000	7.61902e+07	1950.000000	4.95556e+07	1950.000000	1.34537e+08	1950.000000	1.50092e+08	1950.000000	1.86498e+08	
2000.000000	4.29629e+10	2000.000000	2.63353e+10	2000.000000	2.62326e+10	2000.000000	2.63068e+10	2000.000000	2.624e+10 	2000.000000	7.78064e+07	2000.000000	5.10958e+07	2000.000000	1.37939e+08	2000.000000	1.54224e+08	2000.000000	1.91822e+08	
2100.000000	4.5571e+10	2100.000000	2.79298e+10	2100.000000	2.78351e+10	2100.000000	2.79139e+10	2100.000000	2.78428e+10	2100.000000	8.09708e+07	2100.000000	5.41925e+07	2100.000000	1.44656e+08	2100.000000	1.62418e+08	2100.000000	2.02393e+08	
2200.000000	4.81696e+10	2200.000000	2.95216e+10	2200.000000	2.94394e+10	2200.000000	2.95228e+10	2200.000000	2.94475e+10	2200.000000	8.40485e+07	2200.000000	5.73103e+07	2200.000000	1.51258e+08	2200.000000	1.70515e+08	2200.000000	2.12859e+08	
2300.000000	5.07567e+10	2300.000000	3.11096e+10	2300.000000	3.10447e+10	2300.000000	3.11328e+10	2300.000000	3.10532e+10	2300.000000	8.70439e+07	2300.000000	6.04483e+07	2300.000000	1.57749e+08	2300.000000	1.78516e+08	2300.000000	2.23217e+08	
2400.000000	5.33307e+10	2400.000000	3.26929e+10	2400.000000	3.26505e+10	2400.000000	3.27432e+10	2400.000000	3.26593e+10	2400.000000	8.99612e+07	2400.000000	6.36057e+07	2400.000000	1.64131e+08	2400.000000	1.8642e+08	2400.000000	2.33467e+08	
2500.000000	5.589e+10 	2500.000000	3.42708e+10	2500.000000	3.42562e+10	2500.000000	3.43535e+10	2500.000000	3.42654e+10	2500.000000	9.28044e+07	2500.000000	6.67814e+07	2500.000000	1.70408e+08	2500.000000	1.94227e+08	2500.000000	2.43607e+08	
2600.000000	5.84334e+10	2600.000000	3.58427e+10	2600.000000	3.58613e+10	2600.000000	3.59633e+10	2600.000000	3.58709e+10	2600.000000	9.55771e+07	2600.000000	6.9975e+07	2600.000000	1.76582e+08	2600.000000	2.01939e+08	2600.000000	2.53637e+08	
2700.000000	6.09596e+10	2700.000000	3.74079e+10	2700.000000	3.74655e+10	2700.000000	3.75721e+10	2700.000000	3.74756e+10	2700.000000	9.82829e+07	2700.000000	7.31859e+07	2700.000000	1.82656e+08	2700.000000	2.09556e+08	2700.000000	2.63559e+08	
2800.000000	6.34679e+10	2800.000000	3.89659e+10	2800.000000	3.90685e+10	2800.000000	3.91798e+10	2800.000000	3.9079e+10	2800.000000	1.00925e+08	2800.000000	7.64139e+07	2800.000000	1.88633e+08	2800.000000	2.17079e+08	2800.000000	2.73371e+08	
2900.000000	6.59574e+10	2900.000000	4.05165e+10	2900.000000	4.067e+10 	2900.000000	4.07859e+10	2900.000000	4.06809e+10	2900.000000	1.03506e+08	2900.000000	7.96586e+07	2900.000000	1.94517e+08	2900.000000	2.24511e+08	2900.000000	2.83077e+08	
3000.000000	6.84275e+10	3000.000000	4.20592e+10	3000.000000	4.22698e+10	3000.000000	4.23903e+10	3000.000000	4.22811e+10	3000.000000	1.0603e+08	3000.000000	8.292e+07 	3000.000000	2.00311e+08	3000.000000	2.31852e+08	3000.000000	2.92675e+08	
3200.000000	7.33072e+10	3200.000000	4.51198e+10	3200.000000	4.54634e+10	3200.000000	4.55931e+10	3200.000000	4.54756e+10	3200.000000	1.10915e+08	3200.000000	8.94922e+07	3200.000000	2.11636e+08	3200.000000	2.46269e+08	3200.000000	3.11559e+08	
3400.000000	7.81036e+10	3400.000000	4.81461e+10	3400.000000	4.86483e+10	3400.000000	4.8787e+10	3400.000000	4.86613e+10	3400.000000	1.15599e+08	3400.000000	9.61298e+07	3400.000000	2.22631e+08	3400.000000	2.60343e+08	3400.000000	3.30035e+08	
3600.000000	8.28147e+10	3600.000000	5.11367e+10	3600.000000	5.18235e+10	3600.000000	5.19712e+10	3600.000000	5.18373e+10	3600.000000	1.20099e+08	3600.000000	1.02832e+08	3600.000000	2.33316e+08	3600.000000	2.74088e+08	3600.000000	3.48116e+08	
3800.000000	8.74392e+10	3800.000000	5.40908e+10	3800.000000	5.49884e+10	3800.000000	5.51451e+10	3800.000000	5.50031e+10	3800.000000	1.2443e+08	3800.000000	1.09599e+08	3800.000000	2.43709e+08	3800.000000	2.87519e+08	3800.000000	3.65817e+08	
4000.000000	9.19767e+10	4000.000000	5.70081e+10	4000.000000	5.81428e+10	4000.000000	5.83082e+10	4000.000000	5.81582e+10	4000.000000	1.28607e+08	4000.000000	1.1643e+08	4000.000000	2.53828e+08	4000.000000	3.00648e+08	4000.000000	3.83153e+08	
4200.000000	9.64274e+10	4200.000000	5.98883e+10	4200.000000	6.12863e+10	4200.000000	6.14604e+10	4200.000000	6.13024e+10	4200.000000	1.3264e+08	4200.000000	1.23323e+08	4200.000000	2.63689e+08	4200.000000	3.1349e+08	4200.000000	4.00137e+08	
4400.000000	1.00792e+11	4400.000000	6.27314e+10	4400.000000	6.44187e+10	4400.000000	6.46014e+10	4400.000000	6.44356e+10	4400.000000	1.36541e+08	4400.000000	1.30279e+08	4400.000000	2.73306e+08	4400.000000	3.26055e+08	4400.000000	4.16784e+08	
4600.000000	1.0507e+11	4600.000000	6.55376e+10	4600.000000	6.75402e+10	4600.000000	6.77314e+10	4600.000000	6.75577e+10	4600.000000	1.40319e+08	4600.000000	1.37296e+08	4600.000000	2.82692e+08	4600.000000	3.38357e+08	4600.000000	4.33106e+08	
4800.000000	1.09265e+11	4800.000000	6.83072e+10	4800.000000	7.06506e+10	4800.000000	7.08503e+10	4800.000000	7.06689e+10	4800.000000	1.43982e+08	4800.000000	1.44372e+08	4800.000000	2.91862e+08	4800.000000	3.50406e+08	4800.000000	4.49118e+08	
5000.000000	1.13376e+11	5000.000000	7.10406e+10	5000.000000	7.37501e+10	5000.000000	7.39581e+10	5000.000000	7.3769e+10	5000.000000	1.47539e+08	5000.000000	1.51508e+08	5000.000000	3.00825e+08	5000.000000	3.62214e+08	5000.000000	4.64831e+08	
5250.000000	1.18401e+11	5250.000000	7.44072e+10	5250.000000	7.76092e+10	5250.000000	7.78276e+10	5250.000000	7.7629e+10	5250.000000	1.51846e+08	5250.000000	1.60509e+08	5250.000000	3.11755e+08	5250.000000	3.76651e+08	5250.000000	4.8407e+08	
5500.000000	1.23302e+11	5500.000000	7.77191e+10	5500.000000	8.14517e+10	5500.000000	8.16804e+10	5500.000000	8.14723e+10	5500.000000	1.56009e+08	5500.000000	1.696e+08 	5500.000000	3.224e+08 	5500.000000	3.90745e+08	5500.000000	5.02884e+08	
6000.000000	1.32745e+11	6000.000000	8.41832e+10	6000.000000	8.9088e+10	6000.000000	8.93369e+10	6000.000000	8.91104e+10	6000.000000	1.63946e+08	6000.000000	1.88041e+08	6000.000000	3.42897e+08	6000.000000	4.17976e+08	6000.000000	5.39315e+08	
6500.000000	1.41731e+11	6500.000000	9.04426e+10	6500.000000	9.6662e+10	6500.000000	9.69307e+10	6500.000000	9.66859e+10	6500.000000	1.71424e+08	6500.000000	2.06819e+08	6500.000000	3.6244e+08	6500.000000	4.44033e+08	6500.000000	5.74273e+08	
7000.000000	1.5029e+11	7000.000000	9.65074e+10	7000.000000	1.04177e+11	7000.000000	1.04465e+11	7000.000000	1.04202e+11	7000.000000	1.78501e+08	7000.000000	2.25926e+08	7000.000000	3.81129e+08	7000.000000	4.69027e+08	7000.000000	6.0789e+08	
7500.000000	1.58446e+11	7500.000000	1.02388e+11	7500.000000	1.11635e+11	7500.000000	1.11942e+11	7500.000000	1.11662e+11	7500.000000	1.85225e+08	7500.000000	2.4534e+08	7500.000000	3.99051e+08	7500.000000	4.93052e+08	7500.000000	6.40282e+08	
8000.000000	1.66227e+11	8000.000000	1.08093e+11	8000.000000	1.19039e+11	8000.000000	1.19366e+11	8000.000000	1.19068e+11	8000.000000	1.91637e+08	8000.000000	2.65051e+08	8000.000000	4.16279e+08	8000.000000	5.16193e+08	8000.000000	6.7155e+08	
8500.000000	1.73655e+11	8500.000000	1.13632e+11	8500.000000	1.26393e+11	8500.000000	1.26738e+11	8500.000000	1.26424e+11	8500.000000	1.9777e+08	8500.000000	2.85065e+08	8500.000000	4.32878e+08	8500.000000	5.38521e+08	8500.000000	7.01784e+08	
9000.000000	1.80753e+11	9000.000000	1.19014e+11	9000.000000	1.33699e+11	9000.000000	1.34062e+11	9000.000000	1.33731e+11	9000.000000	2.03652e+08	9000.000000	3.05374e+08	9000.000000	4.489e+08 	9000.000000	5.60101e+08	9000.000000	7.31062e+08	
9500.000000	1.87543e+11	9500.000000	1.24248e+11	9500.000000	1.40959e+11	9500.000000	1.4134e+11	9500.000000	1.40993e+11	9500.000000	2.09307e+08	9500.000000	3.2597e+08	9500.000000	4.64394e+08	9500.000000	5.8099e+08	9500.000000	7.59456e+08	
10000.000000	1.94043e+11	10000.000000	1.2934e+11	10000.000000	1.48176e+11	10000.000000	1.48575e+11	10000.000000	1.48211e+11	10000.000000	2.14755e+08	10000.000000	3.46845e+08	10000.000000	4.79402e+08	10000.000000	6.01239e+08	10000.000000	7.87027e+08	
11000.000000	2.06244e+11	11000.000000	1.39129e+11	11000.000000	1.62487e+11	11000.000000	1.6292e+11	11000.000000	1.62525e+11	11000.000000	2.25101e+08	11000.000000	3.8941e+08	11000.000000	5.08101e+08	11000.000000	6.39991e+08	11000.000000	8.39924e+08	
12000.000000	2.17485e+11	12000.000000	1.48434e+11	12000.000000	1.76647e+11	12000.000000	1.77114e+11	12000.000000	1.76688e+11	12000.000000	2.34807e+08	12000.000000	4.33011e+08	12000.000000	5.35245e+08	12000.000000	6.76665e+08	12000.000000	8.90136e+08	
13000.000000	2.27875e+11	13000.000000	1.573e+11 	13000.000000	1.9067e+11	13000.000000	1.91169e+11	13000.000000	1.90713e+11	13000.000000	2.43966e+08	13000.000000	4.77599e+08	13000.000000	5.6103e+08	13000.000000	7.1151e+08	13000.000000	9.37981e+08	
14000.000000	2.37507e+11	14000.000000	1.65767e+11	14000.000000	2.04566e+11	14000.000000	2.05097e+11	14000.000000	2.04612e+11	14000.000000	2.52649e+08	14000.000000	5.23135e+08	14000.000000	5.85619e+08	14000.000000	7.44734e+08	14000.000000	9.83718e+08	
15000.000000	2.46462e+11	15000.000000	1.73868e+11	15000.000000	2.18344e+11	15000.000000	2.18906e+11	15000.000000	2.18393e+11	15000.000000	2.60915e+08	15000.000000	5.69586e+08	15000.000000	6.09142e+08	15000.000000	7.76508e+08	15000.000000	1.02757e+09	
16000.000000	2.5481e+11	16000.000000	1.81635e+11	16000.000000	2.32013e+11	16000.000000	2.32606e+11	16000.000000	2.32065e+11	16000.000000	2.68811e+08	16000.000000	6.16918e+08	16000.000000	6.31711e+08	16000.000000	8.06978e+08	16000.000000	1.06971e+09	
17000.000000	2.62611e+11	17000.000000	1.89095e+11	17000.000000	2.45582e+11	17000.000000	2.46204e+11	17000.000000	2.45636e+11	17000.000000	2.76378e+08	17000.000000	6.65101e+08	17000.000000	6.53419e+08	17000.000000	8.36266e+08	17000.000000	1.11031e+09	
18000.000000	2.69916e+11	18000.000000	1.96271e+11	18000.000000	2.59055e+11	18000.000000	2.59707e+11	18000.000000	2.59113e+11	18000.000000	2.83649e+08	18000.000000	7.14104e+08	18000.000000	6.74345e+08	18000.000000	8.6448e+08	18000.000000	1.1495e+09	
19000.000000	2.76774e+11	19000.000000	2.03184e+11	19000.000000	2.7244e+11	19000.000000	2.73121e+11	19000.000000	2.72501e+11	19000.000000	2.90652e+08	19000.000000	7.639e+08 	19000.000000	6.94558e+08	19000.000000	8.91711e+08	19000.000000	1.1874e+09	
20000.000000	2.83223e+11	20000.000000	2.09854e+11	20000.000000	2.85742e+11	20000.000000	2.86451e+11	20000.000000	2.85806e+11	20000.000000	2.97412e+08	20000.000000	8.14465e+08	20000.000000	7.14117e+08	20000.000000	9.1804e+08	20000.000000	1.22411e+09	
21000.000000	2.89299e+11	21000.000000	2.16297e+11	21000.000000	2.98966e+11	21000.000000	2.99702e+11	21000.000000	2.99032e+11	21000.000000	3.03949e+08	21000.000000	8.65775e+08	21000.000000	7.33073e+08	21000.000000	9.43535e+08	21000.000000	1.25972e+09	
22000.000000	2.95034e+11	22000.000000	2.22529e+11	22000.000000	3.12115e+11	22000.000000	3.12877e+11	22000.000000	3.12184e+11	22000.000000	3.10281e+08	22000.000000	9.17797e+08	22000.000000	7.51474e+08	22000.000000	9.6826e+08	22000.000000	1.29431e+09	
23000.000000	3.00456e+11	23000.000000	2.28563e+11	23000.000000	3.25195e+11	23000.000000	3.25982e+11	23000.000000	3.25265e+11	23000.000000	3.16425e+08	23000.000000	9.70515e+08	23000.000000	7.69356e+08	23000.000000	9.92269e+08	23000.000000	1.32796e+09	
24000.000000	3.0559e+11	24000.000000	2.34412e+11	24000.000000	3.38207e+11	24000.000000	3.3902e+11	24000.000000	3.3828e+11	24000.000000	3.22395e+08	24000.000000	1.02393e+09	24000.000000	7.86758e+08	24000.000000	1.01561e+09	24000.000000	1.36072e+09	
25000.000000	3.10459e+11	25000.000000	2.40087e+11	25000.000000	3.51155e+11	25000.000000	3.51993e+11	25000.000000	3.51231e+11	25000.000000	3.28203e+08	25000.000000	1.078e+09 	25000.000000	8.03711e+08	25000.000000	1.03833e+09	25000.000000	1.39266e+09	
26000.000000	3.15082e+11	26000.000000	2.45598e+11	26000.000000	3.64043e+11	26000.000000	3.64906e+11	26000.000000	3.64122e+11	26000.000000	3.33861e+08	26000.000000	1.13271e+09	26000.000000	8.20244e+08	26000.000000	1.06047e+09	26000.000000	1.42383e+09	
27000.000000	3.19477e+11	27000.000000	2.50955e+11	27000.000000	3.76874e+11	27000.000000	3.77759e+11	27000.000000	3.76955e+11	27000.000000	3.39377e+08	27000.000000	1.18803e+09	27000.000000	8.36381e+08	27000.000000	1.08206e+09	27000.000000	1.45426e+09	
28000.000000	3.23661e+11	28000.000000	2.56166e+11	28000.000000	3.89649e+11	28000.000000	3.90557e+11	28000.000000	3.89732e+11	28000.000000	3.44762e+08	28000.000000	1.24397e+09	28000.000000	8.52147e+08	28000.000000	1.10313e+09	28000.000000	1.48401e+09	
29000.000000	3.27649e+11	29000.000000	2.6124e+11	29000.000000	4.02371e+11	29000.000000	4.03302e+11	29000.000000	4.02457e+11	29000.000000	3.50023e+08	29000.000000	1.30051e+09	29000.000000	8.67563e+08	29000.000000	1.12372e+09	29000.000000	1.51311e+09	
30000.000000	3.31454e+11	30000.000000	2.66183e+11	30000.000000	4.15043e+11	30000.000000	4.15995e+11	30000.000000	4.15131e+11	30000.000000	3.55167e+08	30000.000000	1.35765e+09	30000.000000	8.82648e+08	30000.000000	1.14385e+09	30000.000000	1.5416e+09	
32000.000000	3.38563e+11	32000.000000	2.75705e+11	32000.000000	4.40242e+11	32000.000000	4.41235e+11	32000.000000	4.40334e+11	32000.000000	3.65132e+08	32000.000000	1.47369e+09	32000.000000	9.11894e+08	32000.000000	1.18282e+09	32000.000000	1.59686e+09	
34000.000000	3.45074e+11	34000.000000	2.84779e+11	34000.000000	4.6526e+11	34000.000000	4.66293e+11	34000.000000	4.65357e+11	34000.000000	3.74704e+08	34000.000000	1.59198e+09	34000.000000	9.40009e+08	34000.000000	1.22023e+09	34000.000000	1.65003e+09	
36000.000000	3.51057e+11	36000.000000	2.93448e+11	36000.000000	4.90111e+11	36000.000000	4.9118e+11	36000.000000	4.90212e+11	36000.000000	3.83921e+08	36000.000000	1.71243e+09	36000.000000	9.67099e+08	36000.000000	1.25621e+09	36000.000000	1.70129e+09	
38000.000000	3.56575e+11	38000.000000	3.01746e+11	38000.000000	5.14805e+11	38000.000000	5.15908e+11	38000.000000	5.1491e+11	38000.000000	3.92817e+08	38000.000000	1.83491e+09	38000.000000	9.93254e+08	38000.000000	1.29091e+09	38000.000000	1.75081e+09	
40000.000000	3.61678e+11	40000.000000	3.09704e+11	40000.000000	5.39351e+11	40000.000000	5.40487e+11	40000.000000	5.39461e+11	40000.000000	4.01421e+08	40000.000000	1.95933e+09	40000.000000	1.01855e+09	40000.000000	1.32441e+09	40000.000000	1.79873e+09	
42000.000000	3.6641e+11	42000.000000	3.17351e+11	42000.000000	5.6376e+11	42000.000000	5.64926e+11	42000.000000	5.63874e+11	42000.000000	4.09756e+08	42000.000000	2.08561e+09	42000.000000	1.04306e+09	42000.000000	1.35683e+09	42000.000000	1.84519e+09	
44000.000000	3.70811e+11	44000.000000	3.2471e+11	44000.000000	5.8804e+11	44000.000000	5.89232e+11	44000.000000	5.88158e+11	44000.000000	4.17845e+08	44000.000000	2.21368e+09	44000.000000	1.06685e+09	44000.000000	1.38824e+09	44000.000000	1.89028e+09	
46000.000000	3.74912e+11	46000.000000	3.31803e+11	46000.000000	6.12196e+11	46000.000000	6.13414e+11	46000.000000	6.12319e+11	46000.000000	4.25706e+08	46000.000000	2.34349e+09	46000.000000	1.08995e+09	46000.000000	1.41872e+09	46000.000000	1.93412e+09	
48000.000000	3.78743e+11	48000.000000	3.38649e+11	48000.000000	6.36236e+11	48000.000000	6.37477e+11	48000.000000	6.36363e+11	48000.000000	4.33357e+08	48000.000000	2.47499e+09	48000.000000	1.11243e+09	48000.000000	1.44833e+09	48000.000000	1.97677e+09	
50000.000000	3.82328e+11	50000.000000	3.45264e+11	50000.000000	6.60166e+11	50000.000000	6.61427e+11	50000.000000	6.60298e+11	50000.000000	4.40811e+08	50000.000000	2.60814e+09	50000.000000	1.13432e+09	50000.000000	1.47713e+09	50000.000000	2.01834e+09	
