! 9He range in Si
! apply ZOOM for details
Energy (MeV/u)1	0 - [He-base] F.Hubert et al, AD&ND Tables 46(1990)1	Energy (MeV/u)2	1 - [H -base] J.F.Ziegler et al,Pergamon Press,NY(low energy)	Energy (MeV/u)3	2 - ATIMA 1.2 LS-theory (recommended for high energy)	Energy (MeV/u)4	3 - ATIMA 1.2 without LS-correction	Energy (MeV/u)5	4 - ATIMA 1.4 H.Weick, improved mean charge formula for HI	Energy (MeV/u)6	5 - Range straggling - method [0] - LISE	Energy (MeV/u)7	6 - Range straggling - method [1] - Atima	Energy (MeV/u)8	7 - Lateral range - method [0] - LISE	Energy (MeV/u)9	8 - Lateral range - method [1] - Atima	Energy (MeV/u)10	9 - Lateral range - method [2] - PDG	
0.001000	0.207227  	0.001000	0.207227  	0.001000	0.173521  	0.001000	0.173521  	0.001000	0.173643  	0.001000	0         	0.001000	0         	0.001000	0.00481463	0.001000	0.00725819	0.001000	0.00381517	
0.002000	0.422552  	0.002000	0.414455  	0.002000	0.347041  	0.002000	0.347041  	0.002000	0.347286  	0.002000	0.0217381 	0.002000	0.0217381 	0.002000	0.0141033 	0.002000	0.0205445 	0.002000	0.0115305 	
0.005000	0.904656  	0.005000	0.878428  	0.005000	0.712506  	0.005000	0.712506  	0.005000	0.712847  	0.005000	0.0245031 	0.005000	0.0245031 	0.005000	0.0421986 	0.005000	0.0600742 	0.005000	0.0351618 	
0.008000	1.25414   	0.008000	1.21477   	0.008000	0.969264  	0.008000	0.969264  	0.008000	0.969629  	0.008000	0.024551  	0.008000	0.024551  	0.008000	0.0675534 	0.008000	0.095215  	0.008000	0.056725  	
0.010000	1.44847   	0.010000	1.40179   	0.010000	1.11073   	0.010000	1.11073   	0.010000	1.1111    	0.010000	0.0246892 	0.010000	0.0246892 	0.010000	0.0832304 	0.010000	0.116785  	0.010000	0.0701267 	
0.015000	1.84031   	0.015000	1.7789    	0.015000	1.40592   	0.015000	1.40592   	0.015000	1.4063    	0.015000	0.0252662 	0.015000	0.0252662 	0.015000	0.11945   	0.015000	0.166299  	0.015000	0.101227  	
0.020000	2.14492   	0.020000	2.07205   	0.020000	1.64997   	0.020000	1.64997   	0.020000	1.65035   	0.020000	0.0259356 	0.020000	0.0259356 	0.020000	0.152762  	0.020000	0.209815  	0.020000	0.129971  	
0.025000	2.39895   	0.025000	2.31653   	0.025000	1.86212   	0.025000	1.86212   	0.025000	1.86251   	0.025000	0.0265841 	0.025000	0.0265841 	0.025000	0.183822  	0.025000	0.247435  	0.025000	0.156868  	
0.030000	2.62025   	0.030000	2.5295    	0.030000	2.05317   	0.030000	2.05317   	0.030000	2.05356   	0.030000	0.0271944 	0.030000	0.0271944 	0.030000	0.207479  	0.030000	0.274772  	0.030000	0.177421  	
0.035000	2.81888   	0.035000	2.72066   	0.035000	2.22996   	0.035000	2.22996   	0.035000	2.23035   	0.035000	0.0277745 	0.035000	0.0277745 	0.035000	0.225633  	0.035000	0.295406  	0.035000	0.193248  	
0.040000	3.00111   	0.040000	2.89605   	0.040000	2.39601   	0.040000	2.39601   	0.040000	2.3964    	0.040000	0.0283269 	0.040000	0.0283269 	0.040000	0.240492  	0.040000	0.312201  	0.040000	0.206241  	
0.045000	3.17114   	0.045000	3.05968   	0.045000	2.55375   	0.045000	2.55375   	0.045000	2.55415   	0.045000	0.0288556 	0.045000	0.0288556 	0.045000	0.252848  	0.045000	0.326235  	0.045000	0.217082  	
0.050000	3.3319    	0.050000	3.21439   	0.050000	2.70493   	0.050000	2.70493   	0.050000	2.70533   	0.050000	0.0293652 	0.050000	0.0294612 	0.050000	0.263779  	0.050000	0.338613  	0.050000	0.226697  	
0.055000	3.48553   	0.055000	3.36224   	0.055000	2.85087   	0.055000	2.85087   	0.055000	2.85126   	0.055000	0.0298595 	0.055000	0.0300865 	0.055000	0.273455  	0.055000	0.349623  	0.055000	0.235232  	
0.060000	3.63363   	0.060000	3.50477   	0.060000	2.99256   	0.060000	2.99256   	0.060000	2.99296   	0.060000	0.030342  	0.060000	0.0306801 	0.060000	0.282141  	0.060000	0.35952   	0.060000	0.242916  	
0.070000	3.91789   	0.070000	3.77835   	0.070000	3.26629   	0.070000	3.26629   	0.070000	3.26669   	0.070000	0.0312835 	0.070000	0.0317997 	0.070000	0.297602  	0.070000	0.377118  	0.070000	0.256646  	
0.080000	4.19167   	0.080000	4.04183   	0.080000	3.53089   	0.080000	3.53089   	0.080000	3.53129   	0.080000	0.0322095 	0.080000	0.0328618 	0.080000	0.311106  	0.080000	0.392454  	0.080000	0.268701  	
0.090000	4.45942   	0.090000	4.29951   	0.090000	3.78961   	0.090000	3.78961   	0.090000	3.79001   	0.090000	0.0331347 	0.090000	0.0338934 	0.090000	0.323341  	0.090000	0.406252  	0.090000	0.279674  	
0.100000	4.72405   	0.100000	4.55419   	0.100000	4.04476   	0.100000	4.04476   	0.100000	4.04516   	0.100000	0.0340705 	0.100000	0.0349126 	0.100000	0.334604  	0.100000	0.418907  	0.100000	0.289815  	
0.120000	5.25117   	0.120000	5.06149   	0.120000	4.55071   	0.120000	4.55071   	0.120000	4.55111   	0.120000	0.0360066 	0.120000	0.0369622 	0.120000	0.355335  	0.120000	0.441937  	0.120000	0.308576  	
0.140000	5.78236   	0.140000	5.57271   	0.140000	5.05779   	0.140000	5.05779   	0.140000	5.05819   	0.140000	0.0380662 	0.140000	0.0390776 	0.140000	0.374316  	0.140000	0.462805  	0.140000	0.325864  	
0.160000	6.32206   	0.160000	6.09211   	0.160000	5.57124   	0.160000	5.57124   	0.160000	5.57164   	0.160000	0.040278  	0.160000	0.0412951 	0.160000	0.392221  	0.160000	0.482267  	0.160000	0.342253  	
0.180000	6.87242   	0.180000	6.62176   	0.180000	6.09416   	0.180000	6.09416   	0.180000	6.09456   	0.180000	0.0426579 	0.180000	0.0436338 	0.180000	0.409603  	0.180000	0.500967  	0.180000	0.358214  	
0.200000	7.43449   	0.200000	7.16271   	0.200000	6.62841   	0.200000	6.62841   	0.200000	6.62881   	0.200000	0.0452133 	0.200000	0.0461025 	0.200000	0.426027  	0.200000	0.518885  	0.200000	0.373552  	
0.250000	8.89425   	0.250000	8.56757   	0.250000	8.0199    	0.250000	8.0199    	0.250000	8.0203    	0.250000	0.0523731 	0.250000	0.0528515 	0.250000	0.465157  	0.250000	0.562191  	0.250000	0.41139   	
0.300000	10.4352   	0.300000	10.0506   	0.300000	9.49649   	0.300000	9.49649   	0.300000	9.49689   	0.300000	0.060593  	0.300000	0.0603903 	0.300000	0.503695  	0.300000	0.604192  	0.300000	0.449078  	
0.350000	12.0601   	0.350000	11.6144   	0.350000	11.0606   	0.350000	11.0606   	0.350000	11.061    	0.350000	0.0698018 	0.350000	0.0686546 	0.350000	0.542009  	0.350000	0.645808  	0.350000	0.486693  	
0.400000	13.7714   	0.400000	13.2613   	0.400000	12.713    	0.400000	12.713    	0.400000	12.7134   	0.400000	0.0799357 	0.400000	0.0775859 	0.400000	0.580736  	0.400000	0.68749   	0.400000	0.524927  	
0.450000	15.5707   	0.450000	14.9929   	0.450000	14.4536   	0.450000	14.4536   	0.450000	14.454    	0.450000	0.0909459 	0.450000	0.0871382 	0.450000	0.619913  	0.450000	0.729329  	0.450000	0.563672  	
0.500000	17.4594   	0.500000	16.8106   	0.500000	16.2824   	0.500000	16.2824   	0.500000	16.2828   	0.500000	0.102796  	0.500000	0.0972759 	0.500000	0.659919  	0.500000	0.77182   	0.500000	0.603403  	
0.600000	21.5075   	0.600000	20.7065   	0.600000	20.203    	0.600000	20.203    	0.600000	20.2034   	0.600000	0.128909  	0.600000	0.119198  	0.600000	0.742283  	0.600000	0.859367  	0.600000	0.685285  	
0.700000	25.9172   	0.700000	24.9504   	0.700000	24.4703   	0.700000	24.4703   	0.700000	24.4707   	0.700000	0.158101  	0.700000	0.143167  	0.700000	0.82813   	0.700000	0.950708  	0.700000	0.770637  	
0.800000	30.6859   	0.800000	29.5397   	0.800000	29.0786   	0.800000	29.0786   	0.800000	29.079    	0.800000	0.190236  	0.800000	0.169039  	0.800000	0.917994  	0.800000	1.04605   	0.800000	0.860072  	
0.900000	35.8084   	0.900000	34.4696   	0.900000	34.0215   	0.900000	34.0215   	0.900000	34.0219   	0.900000	0.225202  	0.900000	0.196689  	0.900000	1.01171   	0.900000	1.14539   	0.900000	0.951861  	
1.000000	41.279    	1.000000	39.7344   	1.000000	39.2924   	1.000000	39.2924   	1.000000	39.2927   	1.000000	0.262901  	1.000000	0.226019  	1.000000	1.10958   	1.000000	1.2488    	1.000000	1.0455    	
1.250000	56.4382   	1.250000	54.3236   	1.250000	53.8647   	1.250000	53.8647   	1.250000	53.8651   	1.250000	0.36861   	1.250000	0.307103  	1.250000	1.37188   	1.250000	1.52468   	1.250000	1.28078   	
1.500000	73.648    	1.500000	70.8862   	1.500000	70.3659   	1.500000	70.3659   	1.500000	70.3663   	1.500000	0.490004  	1.500000	0.402727  	1.500000	1.62967   	1.500000	1.82431   	1.500000	1.51198   	
1.750000	92.8375   	1.750000	89.354    	1.750000	88.7313   	1.750000	88.7313   	1.750000	88.7317   	1.750000	0.626509  	1.750000	0.510459  	1.750000	1.90136   	1.750000	2.13936   	1.750000	1.77088   	
2.000000	113.95    	2.000000	109.673   	2.000000	108.911   	2.000000	108.911   	2.000000	108.911   	2.000000	0.777751  	2.000000	0.628346  	2.000000	2.20029   	2.000000	2.44455   	2.000000	2.05581   	
2.250000	136.939   	2.250000	131.797   	2.250000	130.863   	2.250000	130.863   	2.250000	130.863   	2.250000	0.943458  	2.250000	0.755342  	2.250000	2.52517   	2.250000	2.77398   	2.250000	2.36562   	
2.500000	161.772   	2.500000	155.689   	2.500000	154.553   	2.500000	154.553   	2.500000	154.554   	2.500000	1.12341   	2.500000	0.890847  	2.500000	2.87507   	2.500000	3.12638   	2.500000	2.69946   	
3.000000	215.533   	3.000000	208.646   	3.000000	207.031   	3.000000	207.031   	3.000000	207.031   	3.000000	1.52529   	3.000000	1.1859    	3.000000	3.6471    	3.000000	3.89645   	3.000000	3.43662   	
3.500000	275.926   	3.500000	268.308   	3.500000	266.131   	3.500000	266.131   	3.500000	266.132   	3.500000	1.98192   	3.500000	1.51113   	3.500000	4.51181   	3.500000	4.74892   	3.500000	4.26303   	
4.000000	342.781   	4.000000	334.475   	4.000000	331.672   	4.000000	331.672   	4.000000	331.672   	4.000000	2.49193   	4.000000	1.86482   	4.000000	5.46574   	4.000000	5.67951   	4.000000	5.17543   	
4.500000	415.956   	4.500000	406.972   	4.500000	403.492   	4.500000	403.492   	4.500000	403.492   	4.500000	3.05401   	4.500000	2.2457    	4.500000	6.50609   	4.500000	6.68484   	4.500000	6.17116   	
5.000000	495.329   	5.000000	485.639   	5.000000	481.446   	5.000000	481.446   	5.000000	481.446   	5.000000	3.66695   	5.000000	2.65272   	5.000000	7.63042   	5.000000	7.76204   	5.000000	7.2479    	
5.500000	580.791   	5.500000	570.338   	5.500000	565.403   	5.500000	565.403   	5.500000	565.403   	5.500000	4.32961   	5.500000	3.08496   	5.500000	8.83661   	5.500000	8.90865   	5.500000	8.40358   	
6.000000	672.246   	6.000000	660.94    	6.000000	655.246   	6.000000	655.246   	6.000000	655.246   	6.000000	5.04099   	6.000000	3.54161   	6.000000	10.1228   	6.000000	10.1226   	6.000000	9.63644   	
6.500000	769.607   	6.500000	757.33    	6.500000	750.867   	6.500000	750.867   	6.500000	750.867   	6.500000	5.80015   	6.500000	4.02196   	6.500000	11.4873   	6.500000	11.4019   	6.500000	10.9449   	
7.000000	872.796   	7.000000	859.404   	7.000000	852.17    	7.000000	852.17    	7.000000	852.17    	7.000000	6.60626   	7.000000	4.5254    	7.000000	12.9286   	7.000000	12.745    	7.000000	12.3274   	
7.500000	981.738   	7.500000	967.066   	7.500000	959.065   	7.500000	959.065   	7.500000	959.065   	7.500000	7.45856   	7.500000	5.05136   	7.500000	14.4454   	7.500000	14.1504   	7.500000	13.7827   	
8.000000	1096.37   	8.000000	1080.23   	8.000000	1071.47   	8.000000	1071.47   	8.000000	1071.47   	8.000000	8.35636   	8.000000	5.59938   	8.000000	16.0364   	8.000000	15.6166   	8.000000	15.3097   	
8.500000	1216.62   	8.500000	1198.82   	8.500000	1189.31   	8.500000	1189.31   	8.500000	1189.31   	8.500000	9.29904   	8.500000	6.16905   	8.500000	17.7006   	8.500000	17.1426   	8.500000	16.9072   	
9.000000	1342.44   	9.000000	1322.75   	9.000000	1312.52   	9.000000	1312.52   	9.000000	1312.52   	9.000000	10.286    	9.000000	6.75996   	9.000000	19.4368   	9.000000	18.7272   	9.000000	18.5743   	
9.500000	1473.77   	9.500000	1451.96   	9.500000	1441.03   	9.500000	1441.03   	9.500000	1441.03   	9.500000	11.3168   	9.500000	7.37167   	9.500000	21.2441   	9.500000	20.3694   	9.500000	20.31     	
10.000000	1610.55   	10.000000	1586.37   	10.000000	1574.79   	10.000000	1574.79   	10.000000	1574.79   	10.000000	12.3909   	10.000000	8.00372   	10.000000	23.1216   	10.000000	22.0682   	10.000000	22.1135   	
11.000000	1900.3    	11.000000	1869.43   	11.000000	1858.06   	11.000000	1858.05   	11.000000	1858.06   	11.000000	14.6728   	11.000000	9.33105   	11.000000	27.0886   	11.000000	25.636    	11.000000	25.925    	
12.000000	2211.31   	12.000000	2172.85   	12.000000	2162.23   	12.000000	2162.19   	12.000000	2162.24   	12.000000	17.1349   	12.000000	10.744    	12.000000	31.3373   	12.000000	29.4291   	12.000000	30.0085   	
13.000000	2543.25   	13.000000	2496.42   	13.000000	2487.06   	13.000000	2486.97   	13.000000	2487.07   	13.000000	19.7749   	13.000000	12.241    	13.000000	35.8643   	13.000000	33.4435   	13.000000	34.3607   	
14.000000	2895.82   	14.000000	2839.91   	14.000000	2832.29   	14.000000	2832.16   	14.000000	2832.31   	14.000000	22.5916   	14.000000	13.8204   	14.000000	40.667    	14.000000	37.676    	14.000000	38.9792   	
15.000000	3268.71   	15.000000	3203.11   	15.000000	3197.76   	15.000000	3197.57   	15.000000	3197.78   	15.000000	25.584    	15.000000	15.4811   	15.000000	45.7432   	15.000000	42.1239   	15.000000	43.8619   	
16.000000	3661.67   	16.000000	3585.83   	16.000000	3583.27   	16.000000	3583.03   	16.000000	3583.31   	16.000000	28.7511   	16.000000	17.2228   	16.000000	51.091    	16.000000	46.7848   	16.000000	49.0071   	
17.000000	4074.44   	17.000000	3987.89   	17.000000	3988.7    	17.000000	3988.4    	17.000000	3988.74   	17.000000	32.0927   	17.000000	19.0459   	17.000000	56.7089   	17.000000	51.6568   	17.000000	54.4134   	
18.000000	4506.78   	18.000000	4409.09   	18.000000	4413.91   	18.000000	4413.55   	18.000000	4413.96   	18.000000	35.6081   	18.000000	20.9496   	18.000000	62.5956   	18.000000	56.7381   	18.000000	60.0797   	
19.000000	4958.48   	19.000000	4849.27   	19.000000	4858.77   	19.000000	4858.37   	19.000000	4858.84   	19.000000	39.2973   	19.000000	22.933    	19.000000	68.75     	19.000000	62.027    	19.000000	66.005    	
20.000000	5429.31   	20.000000	5308.25   	20.000000	5323.2    	20.000000	5322.76   	20.000000	5323.27   	20.000000	43.16     	20.000000	24.9955   	20.000000	75.1711   	20.000000	67.5223   	20.000000	72.1886   	
21.000000	5919.08   	21.000000	5785.89   	21.000000	5807.12   	21.000000	5806.63   	21.000000	5807.18   	21.000000	47.1962   	21.000000	27.1372   	21.000000	81.8583   	21.000000	73.2229   	21.000000	78.6297   	
22.000000	6427.59   	22.000000	6282.01   	22.000000	6310.43   	22.000000	6309.9    	22.000000	6310.47   	22.000000	51.4058   	22.000000	29.3578   	22.000000	88.8108   	22.000000	79.1276   	22.000000	85.3279   	
23.000000	6954.65   	23.000000	6796.47   	23.000000	6833.05   	23.000000	6832.49   	23.000000	6833.07   	23.000000	55.7887   	23.000000	31.6572   	23.000000	96.0281   	23.000000	85.2355   	23.000000	92.2828   	
24.000000	7500.08   	24.000000	7329.13   	24.000000	7374.9    	24.000000	7374.34   	24.000000	7374.9    	24.000000	60.3451   	24.000000	34.0354   	24.000000	103.51    	24.000000	91.5457   	24.000000	99.4939   	
25.000000	8063.73   	25.000000	7879.84   	25.000000	7935.91   	25.000000	7935.38   	25.000000	7935.91   	25.000000	65.0748   	25.000000	36.4924   	25.000000	111.255   	25.000000	98.0575   	25.000000	106.961   	
27.000000	9244.97   	27.000000	9034.87   	27.000000	9115.15   	27.000000	9114.82   	27.000000	9115.18   	27.000000	75.0544   	27.000000	41.6403   	27.000000	127.536   	27.000000	111.683   	27.000000	122.662   	
29.000000	10497.1   	29.000000	10260.5   	29.000000	10370.3   	29.000000	10370.4   	29.000000	10370.4   	29.000000	85.7275   	29.000000	47.0976   	29.000000	144.868   	29.000000	126.107   	29.000000	139.385   	
31.000000	11819     	31.000000	11555.7   	31.000000	11700.4   	31.000000	11700.9   	31.000000	11700.5   	31.000000	97.0756   	31.000000	52.8579   	31.000000	163.236   	31.000000	141.315   	31.000000	157.116   	
33.000000	13209.6   	33.000000	12919.6   	33.000000	13100.3   	33.000000	13101.4   	33.000000	13100.5   	33.000000	108.99    	33.000000	58.8624   	33.000000	182.561   	33.000000	157.242   	33.000000	175.78    	
35.000000	14667.7   	35.000000	14351.2   	35.000000	14568.4   	35.000000	14570.3   	35.000000	14568.6   	35.000000	121.45    	35.000000	65.1021   	35.000000	202.816   	35.000000	173.868   	35.000000	195.353   	
38.000000	16979.6   	38.000000	16623.7   	38.000000	16896.6   	38.000000	16899.6   	38.000000	16896.8   	38.000000	141.159   	38.000000	74.9026   	38.000000	234.913   	38.000000	200.086   	38.000000	226.39    	
41.000000	19438.2   	41.000000	19043.7   	41.000000	19373.1   	41.000000	19377.8   	41.000000	19373.4   	41.000000	162.073   	41.000000	85.2169   	41.000000	269.026   	41.000000	227.804   	41.000000	259.404   	
44.000000	22040.8   	44.000000	21608.6   	44.000000	21995.5   	44.000000	22001.9   	44.000000	21995.8   	44.000000	184.175   	44.000000	96.0409   	44.000000	305.11    	44.000000	256.986   	44.000000	294.357   	
47.000000	24784.5   	47.000000	24315.9   	47.000000	24761.1   	47.000000	24769.4   	47.000000	24761.3   	47.000000	207.442   	47.000000	107.371   	47.000000	343.127   	47.000000	287.597   	47.000000	331.213   	
50.000000	27666.8   	50.000000	27163.1   	50.000000	27667.3   	50.000000	27677.8   	50.000000	27667.4   	50.000000	231.855   	50.000000	119.19    	50.000000	383.036   	50.000000	319.606   	50.000000	369.94    	
55.000000	32772.1   	55.000000	32213.2   	55.000000	32817.2   	55.000000	32832     	55.000000	32817.3   	55.000000	275.027   	55.000000	139.943   	55.000000	453.66    	55.000000	375.981   	55.000000	438.555   	
60.000000	38245.5   	60.000000	37635.2   	60.000000	38341.2   	60.000000	38361.1   	60.000000	38341.4   	60.000000	321.218   	60.000000	161.973   	60.000000	529.281   	60.000000	436.032   	60.000000	512.143   	
65.000000	44077.1   	65.000000	43419.8   	65.000000	44230.2   	65.000000	44255.5   	65.000000	44230.2   	65.000000	370.33    	65.000000	185.258   	65.000000	609.752   	65.000000	499.642   	65.000000	590.578   	
70.000000	50258.3   	70.000000	49557.8   	70.000000	50474.7   	70.000000	50506.6   	70.000000	50474.9   	70.000000	422.269   	70.000000	209.74    	70.000000	694.931   	70.000000	566.705   	70.000000	673.74    	
75.000000	56780.6   	75.000000	56040.7   	75.000000	57067.1   	75.000000	57105.8   	75.000000	57067.1   	75.000000	476.942   	75.000000	235.397   	75.000000	784.686   	75.000000	637.122   	75.000000	761.518   	
80.000000	63636.4   	80.000000	62860.3   	80.000000	63998.9   	80.000000	64045.2   	80.000000	63998.8   	80.000000	534.262   	80.000000	262.174   	80.000000	878.891   	80.000000	710.801   	80.000000	853.808   	
85.000000	70818.4   	85.000000	70009     	85.000000	71262.5   	85.000000	71317.4   	85.000000	71262.7   	85.000000	594.144   	85.000000	290.042   	85.000000	977.428   	85.000000	787.655   	85.000000	950.508   	
90.000000	78319.7   	90.000000	77479.3   	90.000000	78851.5   	90.000000	78915.1   	90.000000	78851.4   	90.000000	656.506   	90.000000	318.97    	90.000000	1080.18   	90.000000	867.602   	90.000000	1051.52   	
95.000000	86133.7   	95.000000	85264.2   	95.000000	86758.1   	95.000000	86831.5   	95.000000	86758.1   	95.000000	721.269   	95.000000	348.932   	95.000000	1187.04   	95.000000	950.563   	95.000000	1156.76   	
100.000000	94254.5   	100.000000	93356.8   	100.000000	94975.9   	100.000000	95059.9   	100.000000	94976.2   	100.000000	788.358   	100.000000	379.899   	100.000000	1297.89   	100.000000	1036.46   	100.000000	1266.13   	
105.000000	102676    	105.000000	101751    	105.000000	103499    	105.000000	103594    	105.000000	103499    	105.000000	857.7     	105.000000	411.85    	105.000000	1412.65   	105.000000	1125.23   	105.000000	1379.56   	
110.000000	111393    	110.000000	110439    	110.000000	112322    	110.000000	112428    	110.000000	112322    	110.000000	929.225   	110.000000	444.743   	110.000000	1531.2    	110.000000	1216.8    	110.000000	1496.95   	
115.000000	120399    	115.000000	119417    	115.000000	121438    	115.000000	121555    	115.000000	121437    	115.000000	1002.86   	115.000000	478.545   	115.000000	1653.46   	115.000000	1311.11   	115.000000	1618.22   	
120.000000	129691    	120.000000	128678    	120.000000	130840    	120.000000	130971    	120.000000	130840    	120.000000	1078.55   	120.000000	513.256   	120.000000	1779.33   	120.000000	1408.09   	120.000000	1743.31   	
125.000000	139262    	125.000000	138216    	125.000000	140525    	125.000000	140669    	125.000000	140524    	125.000000	1156.22   	125.000000	548.829   	125.000000	1908.73   	125.000000	1507.69   	125.000000	1872.14   	
130.000000	149109    	130.000000	148027    	130.000000	150486    	130.000000	150645    	130.000000	150486    	130.000000	1235.82   	130.000000	585.262   	130.000000	2041.56   	130.000000	1609.84   	130.000000	2004.63   	
135.000000	159226    	135.000000	158104    	135.000000	160719    	135.000000	160892    	135.000000	160718    	135.000000	1317.28   	135.000000	622.535   	135.000000	2177.75   	135.000000	1714.49   	135.000000	2140.72   	
140.000000	169610    	140.000000	168442    	140.000000	171218    	140.000000	171407    	140.000000	171218    	140.000000	1400.55   	140.000000	660.605   	140.000000	2317.21   	140.000000	1821.58   	140.000000	2280.34   	
145.000000	180256    	145.000000	179038    	145.000000	181978    	145.000000	182183    	145.000000	181978    	145.000000	1485.57   	145.000000	699.457   	145.000000	2459.86   	145.000000	1931.07   	145.000000	2423.41   	
150.000000	191161    	150.000000	189885    	150.000000	192996    	150.000000	193218    	150.000000	192996    	150.000000	1572.29   	150.000000	739.074   	150.000000	2605.64   	150.000000	2042.9    	150.000000	2569.88   	
155.000000	202473    	155.000000	200980    	155.000000	204267    	155.000000	204505    	155.000000	204266    	155.000000	1660.65   	155.000000	779.439   	155.000000	2754.46   	155.000000	2157.03   	155.000000	2719.69   	
160.000000	214030    	160.000000	212318    	160.000000	215785    	160.000000	216041    	160.000000	215784    	160.000000	1750.61   	160.000000	820.536   	160.000000	2906.25   	160.000000	2273.4    	160.000000	2872.77   	
165.000000	225824    	165.000000	223893    	165.000000	227547    	165.000000	227820    	165.000000	227546    	165.000000	1842.11   	165.000000	862.347   	165.000000	3060.95   	165.000000	2391.97   	165.000000	3029.07   	
170.000000	237849    	170.000000	235704    	170.000000	239548    	170.000000	239840    	170.000000	239547    	170.000000	1935.12   	170.000000	904.862   	170.000000	3218.49   	170.000000	2512.7    	170.000000	3188.51   	
175.000000	250101    	175.000000	247744    	175.000000	251783    	175.000000	252096    	175.000000	251783    	175.000000	2029.57   	175.000000	948.066   	175.000000	3378.79   	175.000000	2635.53   	175.000000	3351.06   	
180.000000	262577    	180.000000	260010    	180.000000	264251    	180.000000	264583    	180.000000	264251    	180.000000	2125.44   	180.000000	991.924   	180.000000	3541.8    	180.000000	2760.44   	180.000000	3516.65   	
185.000000	275274    	185.000000	272498    	185.000000	276946    	185.000000	277298    	185.000000	276945    	185.000000	2222.67   	185.000000	1036.41   	185.000000	3707.45   	185.000000	2887.38   	185.000000	3685.23   	
190.000000	288186    	190.000000	285204    	190.000000	289864    	190.000000	290237    	190.000000	289863    	190.000000	2321.22   	190.000000	1081.53   	190.000000	3875.67   	190.000000	3016.3    	190.000000	3856.74   	
195.000000	301311    	195.000000	298125    	195.000000	303003    	195.000000	303397    	195.000000	303001    	195.000000	2421.05   	195.000000	1127.29   	195.000000	4046.43   	195.000000	3147.17   	195.000000	4031.14   	
200.000000	314646    	200.000000	311257    	200.000000	316357    	200.000000	316773    	200.000000	316355    	200.000000	2522.12   	200.000000	1173.64   	200.000000	4219.64   	200.000000	3279.95   	200.000000	4208.37   	
210.000000	341930    	210.000000	338140    	210.000000	343698    	210.000000	344161    	210.000000	343697    	210.000000	2727.85   	210.000000	1268.06   	210.000000	4573.23   	210.000000	3551.1    	210.000000	4571.14   	
220.000000	370011    	220.000000	365824    	220.000000	371863    	220.000000	372374    	220.000000	371862    	220.000000	2938.09   	220.000000	1364.74   	220.000000	4936.01   	220.000000	3829.46   	220.000000	4944.66   	
230.000000	398866    	230.000000	394285    	230.000000	400826    	230.000000	401385    	230.000000	400824    	230.000000	3152.57   	230.000000	1463.65   	230.000000	5307.57   	230.000000	4114.75   	230.000000	5328.57   	
240.000000	428471    	240.000000	423498    	240.000000	430560    	240.000000	431170    	240.000000	430557    	240.000000	3371.03   	240.000000	1564.61   	240.000000	5687.5    	240.000000	4406.72   	240.000000	5722.5    	
250.000000	458804    	250.000000	453439    	250.000000	461039    	250.000000	461704    	250.000000	461037    	250.000000	3593.22   	250.000000	1667.54   	250.000000	6075.43   	250.000000	4705.11   	250.000000	6126.13   	
260.000000	489843    	260.000000	484086    	260.000000	492244    	260.000000	492964    	260.000000	492241    	260.000000	3818.9    	260.000000	1772.39   	260.000000	6471.01   	260.000000	5009.69   	260.000000	6539.13   	
270.000000	521568    	270.000000	515416    	270.000000	524151    	270.000000	524929    	270.000000	524148    	270.000000	4047.85   	270.000000	1879.08   	270.000000	6873.88   	270.000000	5320.23   	270.000000	6961.18   	
280.000000	553960    	280.000000	547410    	280.000000	556741    	280.000000	557576    	280.000000	556736    	280.000000	4279.86   	280.000000	1987.46   	280.000000	7283.72   	280.000000	5636.52   	280.000000	7391.98   	
290.000000	586999    	290.000000	580047    	290.000000	589990    	290.000000	590885    	290.000000	589984    	290.000000	4514.73   	290.000000	2097.49   	290.000000	7700.22   	290.000000	5958.33   	290.000000	7831.25   	
300.000000	620669    	300.000000	613308    	300.000000	623878    	300.000000	624837    	300.000000	623873    	300.000000	4752.27   	300.000000	2209.16   	300.000000	8123.07   	300.000000	6285.48   	300.000000	8278.7    	
310.000000	654951    	310.000000	647176    	310.000000	658388    	310.000000	659412    	310.000000	658384    	310.000000	4992.31   	310.000000	2322.33   	310.000000	8551.99   	310.000000	6617.78   	310.000000	8734.06   	
320.000000	689830    	320.000000	681632    	320.000000	693503    	320.000000	694594    	320.000000	693498    	320.000000	5234.66   	320.000000	2437.01   	320.000000	8986.7    	320.000000	6955.03   	320.000000	9197.07   	
330.000000	725288    	330.000000	716660    	330.000000	729205    	330.000000	730363    	330.000000	729199    	330.000000	5479.18   	330.000000	2553.18   	330.000000	9426.95   	330.000000	7297.05   	330.000000	9667.49   	
340.000000	761312    	340.000000	752244    	340.000000	765478    	340.000000	766703    	340.000000	765470    	340.000000	5725.71   	340.000000	2670.7    	340.000000	9872.48   	340.000000	7643.69   	340.000000	10145.1   	
350.000000	797887    	350.000000	788367    	350.000000	802302    	350.000000	803597    	350.000000	802294    	350.000000	5974.1    	350.000000	2789.49   	350.000000	10323.1   	350.000000	7994.76   	350.000000	10629.6   	
360.000000	834997    	360.000000	825016    	360.000000	839662    	360.000000	841031    	360.000000	839655    	360.000000	6224.23   	360.000000	2909.57   	360.000000	10778.4   	360.000000	8350.13   	360.000000	11120.8   	
370.000000	872630    	370.000000	862175    	370.000000	877545    	370.000000	878989    	370.000000	877539    	370.000000	6475.94   	370.000000	3030.95   	370.000000	11238.4   	370.000000	8709.63   	370.000000	11618.5   	
380.000000	910772    	380.000000	899830    	380.000000	915937    	380.000000	917456    	380.000000	915930    	380.000000	6729.14   	380.000000	3153.59   	380.000000	11702.8   	380.000000	9073.11   	380.000000	12122.4   	
390.000000	949410    	390.000000	937969    	390.000000	954822    	390.000000	956418    	390.000000	954816    	390.000000	6983.69   	390.000000	3277.37   	390.000000	12171.3   	390.000000	9440.44   	390.000000	12632.5   	
400.000000	988532    	400.000000	976578    	400.000000	994189    	400.000000	995862    	400.000000	994181    	400.000000	7239.49   	400.000000	3402.25   	400.000000	12643.8   	400.000000	9811.48   	400.000000	13148.4   	
410.000000	1.02813e+06	410.000000	1.01564e+06	410.000000	1.03402e+06	410.000000	1.03577e+06	410.000000	1.03401e+06	410.000000	7496.42   	410.000000	3528.21   	410.000000	13120.1   	410.000000	10186.1   	410.000000	13670     	
420.000000	1.06818e+06	420.000000	1.05516e+06	420.000000	1.07431e+06	420.000000	1.07614e+06	420.000000	1.0743e+06	420.000000	7754.4    	420.000000	3655.17   	420.000000	13600     	420.000000	10564.2   	420.000000	14197.1   	
430.000000	1.10868e+06	430.000000	1.0951e+06	430.000000	1.11504e+06	430.000000	1.11695e+06	430.000000	1.11503e+06	430.000000	8013.32   	430.000000	3783.05   	430.000000	14083.4   	430.000000	10945.6   	430.000000	14729.5   	
440.000000	1.14962e+06	440.000000	1.13547e+06	440.000000	1.1562e+06	440.000000	1.1582e+06	440.000000	1.15619e+06	440.000000	8273.1    	440.000000	3911.85   	440.000000	14570     	440.000000	11330.2   	440.000000	15267.1   	
450.000000	1.19099e+06	450.000000	1.17625e+06	450.000000	1.19778e+06	450.000000	1.19986e+06	450.000000	1.19777e+06	450.000000	8533.65   	450.000000	4041.6    	450.000000	15059.8   	450.000000	11717.9   	450.000000	15809.6   	
460.000000	1.23278e+06	460.000000	1.21743e+06	460.000000	1.23976e+06	460.000000	1.24193e+06	460.000000	1.23975e+06	460.000000	8794.89   	460.000000	4172.3    	460.000000	15552.5   	460.000000	12108.6   	460.000000	16357     	
470.000000	1.27497e+06	470.000000	1.259e+06 	470.000000	1.28214e+06	470.000000	1.2844e+06	470.000000	1.28214e+06	470.000000	9056.73   	470.000000	4303.92   	470.000000	16048.1   	470.000000	12502.1   	470.000000	16909     	
480.000000	1.31756e+06	480.000000	1.30095e+06	480.000000	1.32491e+06	480.000000	1.32726e+06	480.000000	1.3249e+06	480.000000	9319.12   	480.000000	4436.39   	480.000000	16546.3   	480.000000	12898.5   	480.000000	17465.6   	
490.000000	1.36054e+06	490.000000	1.34327e+06	490.000000	1.36806e+06	490.000000	1.37049e+06	490.000000	1.36805e+06	490.000000	9581.97   	490.000000	4569.65   	490.000000	17047.1   	490.000000	13297.5   	490.000000	18026.5   	
500.000000	1.4039e+06	500.000000	1.38596e+06	500.000000	1.41157e+06	500.000000	1.41409e+06	500.000000	1.41156e+06	500.000000	9845.22   	500.000000	4703.65   	500.000000	17550.4   	500.000000	13699.1   	500.000000	18591.7   	
520.000000	1.49172e+06	520.000000	1.47238e+06	520.000000	1.49966e+06	520.000000	1.50236e+06	520.000000	1.49965e+06	520.000000	10372.7   	520.000000	4973.95   	520.000000	18563.6   	520.000000	14509.7   	520.000000	19734.1   	
540.000000	1.58095e+06	540.000000	1.56013e+06	540.000000	1.5891e+06	540.000000	1.59199e+06	540.000000	1.58909e+06	540.000000	10901     	540.000000	5247.3    	540.000000	19585     	540.000000	15329.6   	540.000000	20891.8   	
560.000000	1.67153e+06	560.000000	1.64917e+06	560.000000	1.67983e+06	560.000000	1.68292e+06	560.000000	1.67983e+06	560.000000	11429.9   	560.000000	5523.29   	560.000000	20613.8   	560.000000	16158.1   	560.000000	22063.9   	
580.000000	1.7634e+06	580.000000	1.73942e+06	580.000000	1.77179e+06	580.000000	1.77507e+06	580.000000	1.77178e+06	580.000000	11958.8   	580.000000	5801.75   	580.000000	21649.2   	580.000000	16994.5   	580.000000	23249.4   	
600.000000	1.8565e+06	600.000000	1.83083e+06	600.000000	1.86492e+06	600.000000	1.86839e+06	600.000000	1.86491e+06	600.000000	12487.4   	600.000000	6082.6    	600.000000	22690.5   	600.000000	17838.3   	600.000000	24447.4   	
620.000000	1.95078e+06	620.000000	1.92334e+06	620.000000	1.95915e+06	620.000000	1.96282e+06	620.000000	1.95914e+06	620.000000	13015.6   	620.000000	6365.71   	620.000000	23736.9   	620.000000	18689     	620.000000	25657.1   	
640.000000	2.04617e+06	640.000000	2.0169e+06	640.000000	2.05444e+06	640.000000	2.05832e+06	640.000000	2.05443e+06	640.000000	13542.8   	640.000000	6650.97   	640.000000	24787.8   	640.000000	19546.1   	640.000000	26877.7   	
660.000000	2.14264e+06	660.000000	2.11146e+06	660.000000	2.15073e+06	660.000000	2.15482e+06	660.000000	2.15072e+06	660.000000	14069     	660.000000	6938.28   	660.000000	25842.6   	660.000000	20409     	660.000000	28108.5   	
680.000000	2.24014e+06	680.000000	2.20698e+06	680.000000	2.24798e+06	680.000000	2.25228e+06	680.000000	2.24797e+06	680.000000	14593.9   	680.000000	7227.57   	680.000000	26900.9   	680.000000	21277.3   	680.000000	29348.9   	
700.000000	2.33861e+06	700.000000	2.30341e+06	700.000000	2.34613e+06	700.000000	2.35065e+06	700.000000	2.34613e+06	700.000000	15117.3   	700.000000	7518.74   	700.000000	27961.9   	700.000000	22150.5   	700.000000	30598.1   	
720.000000	2.43802e+06	720.000000	2.40071e+06	720.000000	2.44516e+06	720.000000	2.4499e+06	720.000000	2.44516e+06	720.000000	15639     	720.000000	7811.7    	720.000000	29025.4   	720.000000	23028.4   	720.000000	31855.5   	
740.000000	2.53832e+06	740.000000	2.49884e+06	740.000000	2.54503e+06	740.000000	2.54998e+06	740.000000	2.54502e+06	740.000000	16158.8   	740.000000	8106.38   	740.000000	30090.9   	740.000000	23910.5   	740.000000	33120.6   	
760.000000	2.63948e+06	760.000000	2.59776e+06	760.000000	2.64568e+06	760.000000	2.65085e+06	760.000000	2.64568e+06	760.000000	16676.7   	760.000000	8402.76   	760.000000	31157.9   	760.000000	24796.5   	760.000000	34392.9   	
780.000000	2.74146e+06	780.000000	2.69744e+06	780.000000	2.74709e+06	780.000000	2.75248e+06	780.000000	2.74709e+06	780.000000	17192.5   	780.000000	8700.76   	780.000000	32226.1   	780.000000	25686     	780.000000	35671.8   	
800.000000	2.84422e+06	800.000000	2.79784e+06	800.000000	2.84923e+06	800.000000	2.85483e+06	800.000000	2.84922e+06	800.000000	17706     	800.000000	9000.2    	800.000000	33295.2   	800.000000	26578.7   	800.000000	36956.7   	
820.000000	2.94773e+06	820.000000	2.89893e+06	820.000000	2.95204e+06	820.000000	2.95788e+06	820.000000	2.95203e+06	820.000000	18217.1   	820.000000	9300.93   	820.000000	34364.8   	820.000000	27474.3   	820.000000	38247.4   	
840.000000	3.05194e+06	840.000000	3.00067e+06	840.000000	3.0555e+06	840.000000	3.06157e+06	840.000000	3.0555e+06	840.000000	18725.7   	840.000000	9602.79   	840.000000	35434.4   	840.000000	28372.4   	840.000000	39543.1   	
860.000000	3.15685e+06	860.000000	3.10305e+06	860.000000	3.15957e+06	860.000000	3.16588e+06	860.000000	3.15957e+06	860.000000	19231.5   	860.000000	9905.82   	860.000000	36503.7   	860.000000	29272.7   	860.000000	40843.3   	
880.000000	3.2624e+06	880.000000	3.20602e+06	880.000000	3.26422e+06	880.000000	3.27076e+06	880.000000	3.26423e+06	880.000000	19734.5   	880.000000	10210.1   	880.000000	37572.5   	880.000000	30175     	880.000000	42147.6   	
900.000000	3.36857e+06	900.000000	3.30957e+06	900.000000	3.36943e+06	900.000000	3.37621e+06	900.000000	3.36944e+06	900.000000	20234.7   	900.000000	10515.5   	900.000000	38640.5   	900.000000	31079     	900.000000	43455.8   	
920.000000	3.47533e+06	920.000000	3.41367e+06	920.000000	3.47518e+06	920.000000	3.48219e+06	920.000000	3.47519e+06	920.000000	20731.9   	920.000000	10821.9   	920.000000	39707.5   	920.000000	31984.5   	920.000000	44767.4   	
940.000000	3.58267e+06	940.000000	3.51828e+06	940.000000	3.58143e+06	940.000000	3.58868e+06	940.000000	3.58144e+06	940.000000	21226.2   	940.000000	11129.2   	940.000000	40773.4   	940.000000	32891.3   	940.000000	46082.1   	
960.000000	3.69054e+06	960.000000	3.6234e+06	960.000000	3.68817e+06	960.000000	3.69566e+06	960.000000	3.68818e+06	960.000000	21717.6   	960.000000	11437.4   	960.000000	41837.8   	960.000000	33799.2   	960.000000	47399.6   	
980.000000	3.79893e+06	980.000000	3.72899e+06	980.000000	3.79538e+06	980.000000	3.8031e+06	980.000000	3.79539e+06	980.000000	22206     	980.000000	11746.6   	980.000000	42900.7   	980.000000	34708     	980.000000	48719.6   	
1000.000000	3.9078e+06	1000.000000	3.83504e+06	1000.000000	3.90303e+06	1000.000000	3.91099e+06	1000.000000	3.90304e+06	1000.000000	22691.4   	1000.000000	12056.8   	1000.000000	43961.8   	1000.000000	35617.6   	1000.000000	50041.8   	
1020.000000	4.01715e+06	1020.000000	3.94152e+06	1020.000000	4.0111e+06	1020.000000	4.01931e+06	1020.000000	4.01111e+06	1020.000000	23173.9   	1020.000000	12368     	1020.000000	45021.1   	1020.000000	36527.8   	1020.000000	51366     	
1040.000000	4.12694e+06	1040.000000	4.04842e+06	1040.000000	4.11959e+06	1040.000000	4.12803e+06	1040.000000	4.1196e+06	1040.000000	23653.3   	1040.000000	12680.2   	1040.000000	46078.4   	1040.000000	37438.4   	1040.000000	52692     	
1060.000000	4.23716e+06	1060.000000	4.15571e+06	1060.000000	4.22846e+06	1060.000000	4.23715e+06	1060.000000	4.22847e+06	1060.000000	24129.7   	1060.000000	12993.2   	1060.000000	47133.6   	1060.000000	38349.2   	1060.000000	54019.4   	
1080.000000	4.34778e+06	1080.000000	4.26337e+06	1080.000000	4.33771e+06	1080.000000	4.34663e+06	1080.000000	4.33771e+06	1080.000000	24603.1   	1080.000000	13307     	1080.000000	48186.5   	1080.000000	39260.2   	1080.000000	55348.1   	
1100.000000	4.45878e+06	1100.000000	4.3714e+06	1100.000000	4.44732e+06	1100.000000	4.45648e+06	1100.000000	4.44731e+06	1100.000000	25073.6   	1100.000000	13621.5   	1100.000000	49237.1   	1100.000000	40171.3   	1100.000000	56677.8   	
1120.000000	4.57014e+06	1120.000000	4.47976e+06	1120.000000	4.55727e+06	1120.000000	4.56667e+06	1120.000000	4.55725e+06	1120.000000	25541     	1120.000000	13936.8   	1120.000000	50285.2   	1120.000000	41082.2   	1120.000000	58008.4   	
1140.000000	4.68185e+06	1140.000000	4.58845e+06	1140.000000	4.66754e+06	1140.000000	4.67718e+06	1140.000000	4.66752e+06	1140.000000	26005.4   	1140.000000	14252.8   	1140.000000	51330.8   	1140.000000	41992.9   	1140.000000	59339.6   	
1160.000000	4.79389e+06	1160.000000	4.69746e+06	1160.000000	4.77812e+06	1160.000000	4.78801e+06	1160.000000	4.7781e+06	1160.000000	26466.9   	1160.000000	14569.5   	1160.000000	52373.7   	1160.000000	42903.3   	1160.000000	60671.3   	
1180.000000	4.90624e+06	1180.000000	4.80675e+06	1180.000000	4.889e+06 	1180.000000	4.89914e+06	1180.000000	4.88898e+06	1180.000000	26925.3   	1180.000000	14886.9   	1180.000000	53414     	1180.000000	43813.3   	1180.000000	62003.2   	
1200.000000	5.01888e+06	1200.000000	4.91633e+06	1200.000000	5.00016e+06	1200.000000	5.01055e+06	1200.000000	5.00014e+06	1200.000000	27380.8   	1200.000000	15205.1   	1200.000000	54451.5   	1200.000000	44722.7   	1200.000000	63335.4   	
1220.000000	5.1318e+06	1220.000000	5.02618e+06	1220.000000	5.11159e+06	1220.000000	5.12224e+06	1220.000000	5.11158e+06	1220.000000	27833.4   	1220.000000	15523.9   	1220.000000	55486.1   	1220.000000	45631.5   	1220.000000	64667.5   	
1240.000000	5.24498e+06	1240.000000	5.13627e+06	1240.000000	5.22329e+06	1240.000000	5.23419e+06	1240.000000	5.22328e+06	1240.000000	28283.1   	1240.000000	15843.5   	1240.000000	56517.8   	1240.000000	46539.6   	1240.000000	65999.4   	
1260.000000	5.35841e+06	1260.000000	5.24661e+06	1260.000000	5.33524e+06	1260.000000	5.34639e+06	1260.000000	5.33523e+06	1260.000000	28729.8   	1260.000000	16163.7   	1260.000000	57546.6   	1260.000000	47446.8   	1260.000000	67331     	
1280.000000	5.47207e+06	1280.000000	5.35718e+06	1280.000000	5.44743e+06	1280.000000	5.45883e+06	1280.000000	5.44742e+06	1280.000000	29173.7   	1280.000000	16484.5   	1280.000000	58572.4   	1280.000000	48353.2   	1280.000000	68662.2   	
1300.000000	5.58594e+06	1300.000000	5.46796e+06	1300.000000	5.55985e+06	1300.000000	5.57151e+06	1300.000000	5.55985e+06	1300.000000	29614.6   	1300.000000	16806     	1300.000000	59595.1   	1300.000000	49258.7   	1300.000000	69992.8   	
1320.000000	5.70003e+06	1320.000000	5.57895e+06	1320.000000	5.67249e+06	1320.000000	5.6844e+06	1320.000000	5.67249e+06	1320.000000	30052.8   	1320.000000	17128.2   	1320.000000	60614.7   	1320.000000	50163.2   	1320.000000	71322.7   	
1340.000000	5.8143e+06	1340.000000	5.69013e+06	1340.000000	5.78534e+06	1340.000000	5.79751e+06	1340.000000	5.78534e+06	1340.000000	30488.1   	1340.000000	17450.9   	1340.000000	61631.3   	1340.000000	51066.5   	1340.000000	72651.8   	
1360.000000	5.92875e+06	1360.000000	5.8015e+06	1360.000000	5.89839e+06	1360.000000	5.91081e+06	1360.000000	5.89839e+06	1360.000000	30920.6   	1360.000000	17774.3   	1360.000000	62644.6   	1360.000000	51968.7   	1360.000000	73980     	
1380.000000	6.04337e+06	1380.000000	5.91304e+06	1380.000000	6.01164e+06	1380.000000	6.02431e+06	1380.000000	6.01164e+06	1380.000000	31350.3   	1380.000000	18098.3   	1380.000000	63654.8   	1380.000000	52869.7   	1380.000000	75307.2   	
1400.000000	6.15814e+06	1400.000000	6.02474e+06	1400.000000	6.12507e+06	1400.000000	6.138e+06 	1400.000000	6.12507e+06	1400.000000	31777.2   	1400.000000	18423     	1400.000000	64661.7   	1400.000000	53769.5   	1400.000000	76633.3   	
1420.000000	6.27306e+06	1420.000000	6.13659e+06	1420.000000	6.23868e+06	1420.000000	6.25186e+06	1420.000000	6.23868e+06	1420.000000	32201.4   	1420.000000	18748.2   	1420.000000	65665.4   	1420.000000	54667.9   	1420.000000	77958.2   	
1440.000000	6.38811e+06	1440.000000	6.24859e+06	1440.000000	6.35245e+06	1440.000000	6.36589e+06	1440.000000	6.35245e+06	1440.000000	32622.9   	1440.000000	19074     	1440.000000	66665.9   	1440.000000	55565     	1440.000000	79281.8   	
1460.000000	6.50328e+06	1460.000000	6.36073e+06	1460.000000	6.46639e+06	1460.000000	6.48008e+06	1460.000000	6.46639e+06	1460.000000	33041.7   	1460.000000	19400.4   	1460.000000	67663     	1460.000000	56460.7   	1460.000000	80604     	
1480.000000	6.61856e+06	1480.000000	6.47299e+06	1480.000000	6.58048e+06	1480.000000	6.59443e+06	1480.000000	6.58048e+06	1480.000000	33457.9   	1480.000000	19727.3   	1480.000000	68656.9   	1480.000000	57354.9   	1480.000000	81924.8   	
1500.000000	6.73394e+06	1500.000000	6.58537e+06	1500.000000	6.69472e+06	1500.000000	6.70892e+06	1500.000000	6.69471e+06	1500.000000	33871.4   	1500.000000	20054.9   	1500.000000	69647.5   	1500.000000	58247.6   	1500.000000	83244     	
1520.000000	6.84942e+06	1520.000000	6.69786e+06	1520.000000	6.8091e+06	1520.000000	6.82355e+06	1520.000000	6.80909e+06	1520.000000	34282.2   	1520.000000	20383     	1520.000000	70634.7   	1520.000000	59138.8   	1520.000000	84561.7   	
1540.000000	6.96497e+06	1540.000000	6.81045e+06	1540.000000	6.92362e+06	1540.000000	6.93832e+06	1540.000000	6.9236e+06	1540.000000	34690.5   	1540.000000	20711.6   	1540.000000	71618.7   	1540.000000	60028.4   	1540.000000	85877.6   	
1560.000000	7.0806e+06	1560.000000	6.92314e+06	1560.000000	7.03827e+06	1560.000000	7.05322e+06	1560.000000	7.03824e+06	1560.000000	35096.3   	1560.000000	21040.9   	1560.000000	72599.3   	1560.000000	60916.4   	1560.000000	87191.9   	
1580.000000	7.19629e+06	1580.000000	7.03591e+06	1580.000000	7.15303e+06	1580.000000	7.16824e+06	1580.000000	7.15301e+06	1580.000000	35499.5   	1580.000000	21370.6   	1580.000000	73576.5   	1580.000000	61802.8   	1580.000000	88504.4   	
1600.000000	7.31203e+06	1600.000000	7.14877e+06	1600.000000	7.26792e+06	1600.000000	7.28337e+06	1600.000000	7.26789e+06	1600.000000	35900.2   	1600.000000	21701     	1600.000000	74550.5   	1600.000000	62687.5   	1600.000000	89815     	
1620.000000	7.42783e+06	1620.000000	7.2617e+06	1620.000000	7.38291e+06	1620.000000	7.39862e+06	1620.000000	7.38288e+06	1620.000000	36298.4   	1620.000000	22031.8   	1620.000000	75521     	1620.000000	63570.5   	1620.000000	91123.7   	
1640.000000	7.54366e+06	1640.000000	7.37469e+06	1640.000000	7.49801e+06	1640.000000	7.51398e+06	1640.000000	7.49797e+06	1640.000000	36694.1   	1640.000000	22363.3   	1640.000000	76488.3   	1640.000000	64451.8   	1640.000000	92430.5   	
1660.000000	7.65952e+06	1660.000000	7.48775e+06	1660.000000	7.61321e+06	1660.000000	7.62943e+06	1660.000000	7.61317e+06	1660.000000	37087.4   	1660.000000	22695.2   	1660.000000	77452.2   	1660.000000	65331.3   	1660.000000	93735.3   	
1680.000000	7.77541e+06	1680.000000	7.60087e+06	1680.000000	7.72851e+06	1680.000000	7.74498e+06	1680.000000	7.72847e+06	1680.000000	37478.3   	1680.000000	23027.8   	1680.000000	78412.8   	1680.000000	66209.1   	1680.000000	95038     	
1700.000000	7.89131e+06	1700.000000	7.71403e+06	1700.000000	7.8439e+06	1700.000000	7.86063e+06	1700.000000	7.84385e+06	1700.000000	37866.8   	1700.000000	23360.8   	1700.000000	79370     	1700.000000	67085.1   	1700.000000	96338.7   	
1750.000000	8.18109e+06	1750.000000	7.99712e+06	1750.000000	8.13273e+06	1750.000000	8.15011e+06	1750.000000	8.13269e+06	1750.000000	38827.8   	1750.000000	24195.7   	1750.000000	81748.5   	1750.000000	69267.1   	1750.000000	99580.9   	
1800.000000	8.47082e+06	1800.000000	8.28039e+06	1800.000000	8.42204e+06	1800.000000	8.44007e+06	1800.000000	8.42201e+06	1800.000000	39774.4   	1800.000000	25033.8   	1800.000000	84106.4   	1800.000000	71437.4   	1800.000000	102809    	
1850.000000	8.76041e+06	1850.000000	8.56377e+06	1850.000000	8.71176e+06	1850.000000	8.73046e+06	1850.000000	8.71175e+06	1850.000000	40707.1   	1850.000000	25874.8   	1850.000000	86443.7   	1850.000000	73596     	1850.000000	106023    	
1900.000000	9.04976e+06	1900.000000	8.84719e+06	1900.000000	9.00186e+06	1900.000000	9.02121e+06	1900.000000	9.00185e+06	1900.000000	41626.1   	1900.000000	26718.6   	1900.000000	88760.5   	1900.000000	75742.5   	1900.000000	109223    	
1950.000000	9.33879e+06	1950.000000	9.13059e+06	1950.000000	9.29227e+06	1950.000000	9.31228e+06	1950.000000	9.29227e+06	1950.000000	42531.9   	1950.000000	27565.1   	1950.000000	91057.2   	1950.000000	77876.8   	1950.000000	112407    	
2000.000000	9.62743e+06	2000.000000	9.41389e+06	2000.000000	9.58295e+06	2000.000000	9.60362e+06	2000.000000	9.58297e+06	2000.000000	43424.8   	2000.000000	28414.3   	2000.000000	93333.9   	2000.000000	79998.8   	2000.000000	115576    	
2100.000000	1.02032e+07	2100.000000	9.98001e+06	2100.000000	1.0165e+07	2100.000000	1.01869e+07	2100.000000	1.0165e+07	2100.000000	45173.5   	2100.000000	30121.2   	2100.000000	97828.2   	2100.000000	84205.6   	2100.000000	121866    	
2200.000000	1.07767e+07	2200.000000	1.05451e+07	2200.000000	1.07476e+07	2200.000000	1.07709e+07	2200.000000	1.07477e+07	2200.000000	46874.6   	2200.000000	31839.9   	2200.000000	102245    	2200.000000	88362.4   	2200.000000	128092    	
2300.000000	1.13473e+07	2300.000000	1.11089e+07	2300.000000	1.13307e+07	2300.000000	1.13552e+07	2300.000000	1.13307e+07	2300.000000	48530.8   	2300.000000	33570.3   	2300.000000	106587    	2300.000000	92469.2   	2300.000000	134252    	
2400.000000	1.19148e+07	2400.000000	1.16711e+07	2400.000000	1.19139e+07	2400.000000	1.19398e+07	2400.000000	1.1914e+07	2400.000000	50144.5   	2400.000000	35312.2   	2400.000000	110857    	2400.000000	96526     	2400.000000	140348    	
2500.000000	1.24788e+07	2500.000000	1.22314e+07	2500.000000	1.24972e+07	2500.000000	1.25243e+07	2500.000000	1.24972e+07	2500.000000	51717.8   	2500.000000	37065.2   	2500.000000	115055    	2500.000000	100533    	2500.000000	146377    	
2600.000000	1.3039e+07	2600.000000	1.27896e+07	2600.000000	1.30803e+07	2600.000000	1.31087e+07	2600.000000	1.30803e+07	2600.000000	53252.9   	2600.000000	38828.7   	2600.000000	119185    	2600.000000	104492    	2600.000000	152341    	
2700.000000	1.35952e+07	2700.000000	1.33455e+07	2700.000000	1.36631e+07	2700.000000	1.36928e+07	2700.000000	1.36631e+07	2700.000000	54751.6   	2700.000000	40602.6   	2700.000000	123249    	2700.000000	108401    	2700.000000	158239    	
2800.000000	1.41472e+07	2800.000000	1.38989e+07	2800.000000	1.42456e+07	2800.000000	1.42765e+07	2800.000000	1.42456e+07	2800.000000	56215.7   	2800.000000	42386.8   	2800.000000	127248    	2800.000000	112264    	2800.000000	164073    	
2900.000000	1.46948e+07	2900.000000	1.44498e+07	2900.000000	1.48276e+07	2900.000000	1.48597e+07	2900.000000	1.48276e+07	2900.000000	57647.1   	2900.000000	44181     	2900.000000	131185    	2900.000000	116079    	2900.000000	169844    	
3000.000000	1.52379e+07	3000.000000	1.49979e+07	3000.000000	1.54091e+07	3000.000000	1.54425e+07	3000.000000	1.54091e+07	3000.000000	59047.2   	3000.000000	45985.5   	3000.000000	135062    	3000.000000	119848    	3000.000000	175551    	
3200.000000	1.63103e+07	3200.000000	1.60857e+07	3200.000000	1.65702e+07	3200.000000	1.6606e+07	3200.000000	1.65701e+07	3200.000000	61759.4   	3200.000000	49624.9   	3200.000000	142643    	3200.000000	127253    	3200.000000	186780    	
3400.000000	1.73635e+07	3400.000000	1.71618e+07	3400.000000	1.77285e+07	3400.000000	1.77668e+07	3400.000000	1.77284e+07	3400.000000	64363.2   	3400.000000	53304.8   	3400.000000	150006    	3400.000000	134483    	3400.000000	197770    	
3600.000000	1.83973e+07	3600.000000	1.82255e+07	3600.000000	1.88838e+07	3600.000000	1.89245e+07	3600.000000	1.88836e+07	3600.000000	66867.9   	3600.000000	57024.6   	3600.000000	157164    	3600.000000	141548    	3600.000000	208528    	
3800.000000	1.94114e+07	3800.000000	1.92768e+07	3800.000000	2.00358e+07	3800.000000	2.00789e+07	3800.000000	2.00356e+07	3800.000000	69281.8   	3800.000000	60784     	3800.000000	164131    	3800.000000	148455    	3800.000000	219064    	
4000.000000	2.04057e+07	4000.000000	2.03154e+07	4000.000000	2.11845e+07	4000.000000	2.12299e+07	4000.000000	2.11842e+07	4000.000000	71612.3   	4000.000000	64582.3   	4000.000000	170917    	4000.000000	155209    	4000.000000	229386    	
4200.000000	2.13803e+07	4200.000000	2.13412e+07	4200.000000	2.23298e+07	4200.000000	2.23775e+07	4200.000000	2.23294e+07	4200.000000	73865.8   	4200.000000	68419.1   	4200.000000	177534    	4200.000000	161819    	4200.000000	239503    	
4400.000000	2.23354e+07	4400.000000	2.23543e+07	4400.000000	2.34715e+07	4400.000000	2.35216e+07	4400.000000	2.34711e+07	4400.000000	76048.2   	4400.000000	72294     	4400.000000	183991    	4400.000000	168291    	4400.000000	249424    	
4600.000000	2.32712e+07	4600.000000	2.33548e+07	4600.000000	2.46098e+07	4600.000000	2.46621e+07	4600.000000	2.46093e+07	4600.000000	78164.6   	4600.000000	76206.6   	4600.000000	190297    	4600.000000	174630    	4600.000000	259156    	
4800.000000	2.4188e+07	4800.000000	2.43426e+07	4800.000000	2.57446e+07	4800.000000	2.57992e+07	4800.000000	2.57441e+07	4800.000000	80219.5   	4800.000000	80156.6   	4800.000000	196461    	4800.000000	180843    	4800.000000	268708    	
5000.000000	2.50862e+07	5000.000000	2.5318e+07	5000.000000	2.6876e+07	5000.000000	2.69329e+07	5000.000000	2.68754e+07	5000.000000	82217.3   	5000.000000	84143.5   	5000.000000	202491    	5000.000000	186935    	5000.000000	278087    	
5250.000000	2.61832e+07	5250.000000	2.65199e+07	5250.000000	2.82855e+07	5250.000000	2.83451e+07	5250.000000	2.82848e+07	5250.000000	84639.6   	5250.000000	89178.6   	5250.000000	209849    	5250.000000	194389    	5250.000000	289578    	
5500.000000	2.72524e+07	5500.000000	2.7703e+07	5500.000000	2.96897e+07	5500.000000	2.97522e+07	5500.000000	2.9689e+07	5500.000000	86984.9   	5500.000000	94270.2   	5500.000000	217020    	5500.000000	201671    	5500.000000	300822    	
6000.000000	2.93104e+07	6000.000000	3.0014e+07	6000.000000	3.24831e+07	6000.000000	3.2551e+07	6000.000000	3.24822e+07	6000.000000	91466.9   	6000.000000	104620    	6000.000000	230846    	6000.000000	215757    	6000.000000	322618    	
6500.000000	3.12666e+07	6500.000000	3.22542e+07	6500.000000	3.52571e+07	6500.000000	3.53303e+07	6500.000000	3.5256e+07	6500.000000	95702.5   	6500.000000	115188    	6500.000000	244051    	6500.000000	229258    	6500.000000	343563    	
7000.000000	3.31273e+07	7000.000000	3.4427e+07	7000.000000	3.80127e+07	7000.000000	3.80912e+07	7000.000000	3.80115e+07	7000.000000	99723.4   	7000.000000	125968    	7000.000000	256699    	7000.000000	242228    	7000.000000	363735    	
7500.000000	3.48986e+07	7500.000000	3.65356e+07	7500.000000	4.07509e+07	7500.000000	4.08347e+07	7500.000000	4.07496e+07	7500.000000	103555    	7500.000000	136955    	7500.000000	268849    	7500.000000	254715    	7500.000000	383200    	
8000.000000	3.65864e+07	8000.000000	3.85834e+07	8000.000000	4.34727e+07	8000.000000	4.35616e+07	8000.000000	4.34713e+07	8000.000000	107219    	8000.000000	148143    	8000.000000	280547    	8000.000000	266760    	8000.000000	402016    	
8500.000000	3.81962e+07	8500.000000	4.05735e+07	8500.000000	4.61791e+07	8500.000000	4.6273e+07	8500.000000	4.61776e+07	8500.000000	110734    	8500.000000	159528    	8500.000000	291836    	8500.000000	278401    	8500.000000	420237    	
9000.000000	3.97329e+07	9000.000000	4.25088e+07	9000.000000	4.88707e+07	9000.000000	4.89697e+07	9000.000000	4.88692e+07	9000.000000	114113    	9000.000000	171108    	9000.000000	302750    	9000.000000	289669    	9000.000000	437907    	
9500.000000	4.12013e+07	9500.000000	4.4392e+07	9500.000000	5.15485e+07	9500.000000	5.16525e+07	9500.000000	5.1547e+07	9500.000000	117371    	9500.000000	182878    	9500.000000	313320    	9500.000000	300592    	9500.000000	455067    	
10000.000000	4.26058e+07	10000.000000	4.62259e+07	10000.000000	5.4213e+07	10000.000000	5.4322e+07	10000.000000	5.42116e+07	10000.000000	120517    	10000.000000	194831    	10000.000000	323574    	10000.000000	311196    	10000.000000	471753    	
11000.000000	4.52387e+07	11000.000000	4.9755e+07	11000.000000	5.95053e+07	11000.000000	5.9624e+07	11000.000000	5.9504e+07	11000.000000	126513    	11000.000000	219271    	11000.000000	343226    	11000.000000	331533    	11000.000000	503830    	
12000.000000	4.76602e+07	12000.000000	5.31139e+07	12000.000000	6.47523e+07	12000.000000	6.48806e+07	12000.000000	6.47513e+07	12000.000000	132165    	12000.000000	244415    	12000.000000	361866    	12000.000000	350831    	12000.000000	534360    	
13000.000000	4.98948e+07	13000.000000	5.63181e+07	13000.000000	6.99583e+07	13000.000000	7.00959e+07	13000.000000	6.99575e+07	13000.000000	137521    	13000.000000	270237    	13000.000000	379621    	13000.000000	369216    	13000.000000	563522    	
14000.000000	5.19634e+07	14000.000000	5.93813e+07	14000.000000	7.51268e+07	14000.000000	7.52733e+07	14000.000000	7.51261e+07	14000.000000	142619    	14000.000000	296684    	14000.000000	396596    	14000.000000	386789    	14000.000000	591468    	
15000.000000	5.38837e+07	15000.000000	6.23154e+07	15000.000000	8.02611e+07	15000.000000	8.0416e+07	15000.000000	8.02602e+07	15000.000000	147491    	15000.000000	323707    	15000.000000	412877    	15000.000000	403636    	15000.000000	618322    	
16000.000000	5.56714e+07	16000.000000	6.5131e+07	16000.000000	8.53637e+07	16000.000000	8.55265e+07	16000.000000	8.53624e+07	16000.000000	152163    	16000.000000	351283    	16000.000000	428535    	16000.000000	419830    	16000.000000	644190    	
17000.000000	5.73396e+07	17000.000000	6.78374e+07	17000.000000	9.04368e+07	17000.000000	9.06072e+07	17000.000000	9.04351e+07	17000.000000	156656    	17000.000000	379408    	17000.000000	443630    	17000.000000	435431    	17000.000000	669163    	
18000.000000	5.89001e+07	18000.000000	7.0443e+07	18000.000000	9.54823e+07	18000.000000	9.56602e+07	18000.000000	9.54802e+07	18000.000000	160987    	18000.000000	408085    	18000.000000	458213    	18000.000000	450491    	18000.000000	693319    	
19000.000000	6.0363e+07	19000.000000	7.2955e+07	19000.000000	1.00502e+08	19000.000000	1.00687e+08	19000.000000	1.005e+08 	19000.000000	165172    	19000.000000	437315    	19000.000000	472330    	19000.000000	465058    	19000.000000	716725    	
20000.000000	6.17372e+07	20000.000000	7.53801e+07	20000.000000	1.05498e+08	20000.000000	1.0569e+08	20000.000000	1.05495e+08	20000.000000	169223    	20000.000000	467098    	20000.000000	486018    	20000.000000	479169    	20000.000000	739441    	
21000.000000	6.30305e+07	21000.000000	7.77243e+07	21000.000000	1.1047e+08	21000.000000	1.1067e+08	21000.000000	1.10468e+08	21000.000000	173153    	21000.000000	497423    	21000.000000	499311    	21000.000000	492861    	21000.000000	761519    	
22000.000000	6.42498e+07	22000.000000	7.99929e+07	22000.000000	1.15421e+08	22000.000000	1.15628e+08	22000.000000	1.15419e+08	22000.000000	176971    	22000.000000	528229    	22000.000000	512239    	22000.000000	506164    	22000.000000	783004    	
23000.000000	6.54014e+07	23000.000000	8.21907e+07	23000.000000	1.20353e+08	23000.000000	1.20566e+08	23000.000000	1.20351e+08	23000.000000	180685    	23000.000000	559493    	23000.000000	524826    	23000.000000	519105    	23000.000000	803937    	
24000.000000	6.64907e+07	24000.000000	8.43222e+07	24000.000000	1.25265e+08	24000.000000	1.25485e+08	24000.000000	1.25263e+08	24000.000000	184303    	24000.000000	591249    	24000.000000	537097    	24000.000000	531710    	24000.000000	824356    	
25000.000000	6.75226e+07	25000.000000	8.63912e+07	25000.000000	1.30159e+08	25000.000000	1.30385e+08	25000.000000	1.30157e+08	25000.000000	187831    	25000.000000	623476    	25000.000000	549073    	25000.000000	543998    	25000.000000	844292    	
26000.000000	6.85015e+07	26000.000000	8.84016e+07	26000.000000	1.35036e+08	26000.000000	1.35268e+08	26000.000000	1.35034e+08	26000.000000	191277    	26000.000000	656140    	26000.000000	560771    	26000.000000	555991    	26000.000000	863776    	
27000.000000	6.94314e+07	27000.000000	9.03565e+07	27000.000000	1.39896e+08	27000.000000	1.40134e+08	27000.000000	1.39894e+08	27000.000000	194644    	27000.000000	689226    	27000.000000	572208    	27000.000000	567707    	27000.000000	882833    	
28000.000000	7.03158e+07	28000.000000	9.2259e+07	28000.000000	1.44741e+08	28000.000000	1.44985e+08	28000.000000	1.44739e+08	28000.000000	197939    	28000.000000	722733    	28000.000000	583400    	28000.000000	579160    	28000.000000	901489    	
29000.000000	7.11579e+07	29000.000000	9.4112e+07	29000.000000	1.49571e+08	29000.000000	1.4982e+08	29000.000000	1.49569e+08	29000.000000	201164    	29000.000000	756661    	29000.000000	594361    	29000.000000	590366    	29000.000000	919765    	
30000.000000	7.19607e+07	30000.000000	9.59181e+07	30000.000000	1.54387e+08	30000.000000	1.54641e+08	30000.000000	1.54385e+08	30000.000000	204325    	30000.000000	791013    	30000.000000	605103    	30000.000000	601339    	30000.000000	937681    	
32000.000000	7.34587e+07	32000.000000	9.93986e+07	32000.000000	1.63978e+08	32000.000000	1.64241e+08	32000.000000	1.63976e+08	32000.000000	210467    	32000.000000	860943    	32000.000000	625974    	32000.000000	622631    	32000.000000	972508    	
34000.000000	7.48283e+07	34000.000000	1.02718e+08	34000.000000	1.73518e+08	34000.000000	1.73789e+08	34000.000000	1.73517e+08	34000.000000	216388    	34000.000000	932393    	34000.000000	646094    	34000.000000	643123    	34000.000000	1.0061e+06	
36000.000000	7.60852e+07	36000.000000	1.0589e+08	36000.000000	1.83012e+08	36000.000000	1.8329e+08	36000.000000	1.83011e+08	36000.000000	222111    	36000.000000	1.00526e+06	36000.000000	665534    	36000.000000	662888    	36000.000000	1.03857e+06	
38000.000000	7.72424e+07	38000.000000	1.08928e+08	38000.000000	1.92462e+08	38000.000000	1.92746e+08	38000.000000	1.92461e+08	38000.000000	227654    	38000.000000	1.0795e+06	38000.000000	684352    	38000.000000	681991    	38000.000000	1.07001e+06	
40000.000000	7.83112e+07	40000.000000	1.11844e+08	40000.000000	2.01871e+08	40000.000000	2.02161e+08	40000.000000	2.01871e+08	40000.000000	233032    	40000.000000	1.1551e+06	40000.000000	702598    	40000.000000	700485    	40000.000000	1.10051e+06	
42000.000000	7.9301e+07	42000.000000	1.14646e+08	42000.000000	2.11242e+08	42000.000000	2.11536e+08	42000.000000	2.11243e+08	42000.000000	238259    	42000.000000	1.23204e+06	42000.000000	720317    	42000.000000	718419    	42000.000000	1.13014e+06	
44000.000000	8.022e+07 	44000.000000	1.17345e+08	44000.000000	2.20578e+08	44000.000000	2.20874e+08	44000.000000	2.20579e+08	44000.000000	243346    	44000.000000	1.3103e+06	44000.000000	737549    	44000.000000	735835    	44000.000000	1.15897e+06	
46000.000000	8.10755e+07	46000.000000	1.19946e+08	46000.000000	2.2988e+08	46000.000000	2.30178e+08	46000.000000	2.29882e+08	46000.000000	248304    	46000.000000	1.38983e+06	46000.000000	754328    	46000.000000	752769    	46000.000000	1.18704e+06	
48000.000000	8.18735e+07	48000.000000	1.22458e+08	48000.000000	2.3915e+08	48000.000000	2.39449e+08	48000.000000	2.39153e+08	48000.000000	253143    	48000.000000	1.4706e+06	48000.000000	770685    	48000.000000	769256    	48000.000000	1.21442e+06	
50000.000000	8.26196e+07	50000.000000	1.24886e+08	50000.000000	2.4839e+08	50000.000000	2.48689e+08	50000.000000	2.48395e+08	50000.000000	257870    	50000.000000	1.55257e+06	50000.000000	786648    	50000.000000	785325    	50000.000000	1.24114e+06	
