! 9He range in C5F20H190
! apply ZOOM for details
Energy (MeV/u)1	0 - [He-base] F.Hubert et al, AD&ND Tables 46(1990)1	Energy (MeV/u)2	1 - [H -base] J.F.Ziegler et al,Pergamon Press,NY(low energy)	Energy (MeV/u)3	2 - ATIMA 1.2 LS-theory (recommended for high energy)	Energy (MeV/u)4	3 - ATIMA 1.2 without LS-correction	Energy (MeV/u)5	4 - ATIMA 1.4 H.Weick, improved mean charge formula for HI	Energy (MeV/u)6	5 - Range straggling - method [0] - LISE	Energy (MeV/u)7	6 - Range straggling - method [1] - Atima	Energy (MeV/u)8	7 - Lateral range - method [0] - LISE	Energy (MeV/u)9	8 - Lateral range - method [1] - Atima	Energy (MeV/u)10	9 - Lateral range - method [2] - PDG	
0.001000	888.958   	0.001000	888.958   	0.001000	684.322   	0.001000	684.322   	0.001000	684.466   	0.001000	0         	0.001000	0         	0.001000	13.4274   	0.001000	29.5482   	0.001000	14.8207   	
0.002000	1777.92   	0.002000	1777.92   	0.002000	1368.64   	0.002000	1368.64   	0.002000	1368.93   	0.002000	39.4559   	0.002000	39.4559   	0.002000	39.3251   	0.002000	83.641    	0.002000	45.3029   	
0.005000	3787.43   	0.005000	3787.43   	0.005000	2901.69   	0.005000	2901.69   	0.005000	2902.09   	0.005000	45.1024   	0.005000	45.1024   	0.005000	124.039   	0.005000	257.045   	0.005000	147.25    	
0.008000	5272.9    	0.008000	5272.9    	0.008000	4062.66   	0.008000	4062.66   	0.008000	4063.1    	0.008000	45.2391   	0.008000	45.2391   	0.008000	207.212   	0.008000	423.851   	0.008000	250.116   	
0.010000	6113.1    	0.010000	6113.1    	0.010000	4732.25   	0.010000	4732.25   	0.010000	4732.7    	0.010000	45.6724   	0.010000	45.6724   	0.010000	254.772   	0.010000	514.104   	0.010000	317.554   	
0.015000	7837.2    	0.015000	7837.2    	0.015000	6194.18   	0.015000	6194.18   	0.015000	6194.65   	0.015000	47.7275   	0.015000	47.7275   	0.015000	355.011   	0.015000	691.03    	0.015000	431.501   	
0.020000	9206.69   	0.020000	9206.69   	0.020000	7465.04   	0.020000	7465.04   	0.020000	7465.51   	0.020000	50.4118   	0.020000	50.4118   	0.020000	441.411   	0.020000	830.789   	0.020000	504.45    	
0.025000	10370.1   	0.025000	10370.1   	0.025000	8612.12   	0.025000	8612.12   	0.025000	8612.6    	0.025000	53.2348   	0.025000	53.2348   	0.025000	507.098   	0.025000	934.335   	0.025000	558.259   	
0.030000	11400.4   	0.030000	11400.4   	0.030000	9663.51   	0.030000	9663.51   	0.030000	9663.99   	0.030000	55.9549   	0.030000	55.9549   	0.030000	556.763   	0.030000	1012.5    	0.030000	601.12    	
0.035000	12338.3   	0.035000	12338.3   	0.035000	10637.6   	0.035000	10637.6   	0.035000	10638.1   	0.035000	58.4857   	0.035000	58.4857   	0.035000	596.965   	0.035000	1075.66   	0.035000	636.225   	
0.040000	13208.5   	0.040000	13208.5   	0.040000	11551.8   	0.040000	11551.8   	0.040000	11552.3   	0.040000	60.8387   	0.040000	60.8387   	0.040000	630.763   	0.040000	1128.66   	0.040000	665.957   	
0.045000	14026.4   	0.045000	14026.4   	0.045000	12418.2   	0.045000	12418.2   	0.045000	12418.7   	0.045000	63.0344   	0.045000	63.0344   	0.045000	659.598   	0.045000	1173.77   	0.045000	692.226   	
0.050000	14802.5   	0.050000	14802.5   	0.050000	13245.4   	0.050000	13245.4   	0.050000	13245.9   	0.050000	65.0938   	0.050000	65.3731   	0.050000	685.22    	0.050000	1213.67   	0.050000	715.396   	
0.055000	15544.4   	0.055000	15544.4   	0.055000	14040     	0.055000	14040     	0.055000	14040.5   	0.055000	67.0361   	0.055000	67.7036   	0.055000	708.263   	0.055000	1249.33   	0.055000	736.511   	
0.060000	16257.5   	0.060000	16257.5   	0.060000	14807.3   	0.060000	14807.3   	0.060000	14807.8   	0.060000	68.8783   	0.060000	69.8865   	0.060000	729.088   	0.060000	1281.37   	0.060000	755.902   	
0.070000	17614.7   	0.070000	17614.7   	0.070000	16275.2   	0.070000	16275.2   	0.070000	16275.7   	0.070000	72.3189   	0.070000	73.9172   	0.070000	765.906   	0.070000	1337.5    	0.070000	790.642   	
0.080000	18900.4   	0.080000	18900.4   	0.080000	17674.1   	0.080000	17674.1   	0.080000	17674.5   	0.080000	75.5093   	0.080000	77.6267   	0.080000	797.91    	0.080000	1385.49   	0.080000	821.59    	
0.090000	20133.3   	0.090000	20133.3   	0.090000	19021.4   	0.090000	19021.4   	0.090000	19021.9   	0.090000	78.519    	0.090000	81.1204   	0.090000	826.952   	0.090000	1428.22   	0.090000	850.03    	
0.100000	21327.1   	0.100000	21327.1   	0.100000	20330.2   	0.100000	20330.2   	0.100000	20330.7   	0.100000	81.4007   	0.100000	84.4714   	0.100000	853.212   	0.100000	1466.37   	0.100000	876.215   	
0.120000	23637.7   	0.120000	23637.7   	0.120000	22870     	0.120000	22870     	0.120000	22870.5   	0.120000	86.9329   	0.120000	90.9472   	0.120000	900.912   	0.120000	1533.93   	0.120000	924.393   	
0.140000	25893.1   	0.140000	25893.1   	0.140000	25350.7   	0.140000	25350.7   	0.140000	25351.1   	0.140000	92.3394   	0.140000	97.3296   	0.140000	943.928   	0.140000	1593.67   	0.140000	969.064   	
0.160000	28133.1   	0.160000	28133.1   	0.160000	27809.9   	0.160000	27809.9   	0.160000	27810.4   	0.160000	97.7748   	0.160000	103.554   	0.160000	983.999   	0.160000	1648.72   	0.160000	1011.6    	
0.180000	30385     	0.180000	30385     	0.180000	30274     	0.180000	30274     	0.180000	30274.5   	0.180000	103.348   	0.180000	109.711   	0.180000	1022.22   	0.180000	1700.84   	0.180000	1052.32   	
0.200000	32668.4   	0.200000	32668.4   	0.200000	32761.9   	0.200000	32761.9   	0.200000	32762.4   	0.200000	109.141   	0.200000	115.919   	0.200000	1058.88   	0.200000	1750.7    	0.200000	1092.2    	
0.250000	38599.6   	0.250000	38599.6   	0.250000	39170.3   	0.250000	39170.3   	0.250000	39170.8   	0.250000	124.962   	0.250000	132.161   	0.250000	1148.17   	0.250000	1871.07   	0.250000	1190.3    	
0.300000	44949.6   	0.300000	44949.6   	0.300000	45952.3   	0.300000	45952.3   	0.300000	45952.7   	0.300000	143.183   	0.300000	150.013   	0.300000	1237.29   	0.300000	1990.05   	0.300000	1290.94   	
0.350000	51791.1   	0.350000	51791.1   	0.350000	53187.4   	0.350000	53187.4   	0.350000	53187.9   	0.350000	164.188   	0.350000	169.901   	0.350000	1324.42   	0.350000	2110.22   	0.350000	1392.68   	
0.400000	59161.7   	0.400000	59161.7   	0.400000	60921.6   	0.400000	60921.6   	0.400000	60922.1   	0.400000	188.181   	0.400000	192.025   	0.400000	1399.75   	0.400000	2233.82   	0.400000	1498.4    	
0.450000	67079.7   	0.450000	67079.7   	0.450000	69181.1   	0.450000	69181.1   	0.450000	69181.6   	0.450000	215.251   	0.450000	216.456   	0.450000	1478.1    	0.450000	2361.23   	0.450000	1603.9    	
0.500000	75552.6   	0.500000	75552.6   	0.500000	77980.3   	0.500000	77980.3   	0.500000	77980.7   	0.500000	245.409   	0.500000	243.19    	0.500000	1560.25   	0.500000	2493.19   	0.500000	1659.53   	
0.600000	94163.1   	0.600000	94163.1   	0.600000	97219.5   	0.600000	97219.5   	0.600000	97219.9   	0.600000	314.827   	0.600000	303.702   	0.600000	1735.55   	0.600000	2738.71   	0.600000	1784.97   	
0.700000	114964    	0.700000	114964    	0.700000	118643    	0.700000	118643    	0.700000	118644    	0.700000	395.921   	0.700000	374.626   	0.700000	1925.4    	0.700000	2983.22   	0.700000	1928.51   	
0.800000	137903    	0.800000	137903    	0.800000	142220    	0.800000	142220    	0.800000	142220    	0.800000	488.075   	0.800000	454.774   	0.800000	2128.92   	0.800000	3245.48   	0.800000	2090.9    	
0.900000	162925    	0.900000	162925    	0.900000	167904    	0.900000	167904    	0.900000	167904    	0.900000	590.718   	0.900000	542.976   	0.900000	2340.22   	0.900000	3518.36   	0.900000	2269.94   	
1.000000	189975    	1.000000	189975    	1.000000	195648    	1.000000	195648    	1.000000	195648    	1.000000	703.37    	1.000000	638.381   	1.000000	2531.3    	1.000000	3769.4    	1.000000	2465.99   	
1.250000	266172    	1.250000	266172    	1.250000	273735    	1.250000	273735    	1.250000	273735    	1.250000	1026.45   	1.250000	904.765   	1.250000	3075.76   	1.250000	4483.06   	1.250000	3024.19   	
1.500000	354161    	1.500000	354161    	1.500000	363846    	1.500000	363846    	1.500000	363847    	1.500000	1405.85   	1.500000	1206.81   	1.500000	3709.87   	1.500000	5308.74   	1.500000	3674.51   	
1.750000	453518    	1.750000	453518    	1.750000	465567    	1.750000	465567    	1.750000	465567    	1.750000	1839.47   	1.750000	1541.56   	1.750000	4428.54   	1.750000	6237.13   	1.750000	4412.33   	
2.000000	563937    	2.000000	563937    	2.000000	578599    	2.000000	578599    	2.000000	578599    	2.000000	2326.26   	2.000000	1907.3    	2.000000	5228.55   	2.000000	7262.18   	2.000000	5234.7    	
2.250000	685187    	2.250000	685187    	2.250000	702719    	2.250000	702719    	2.250000	702719    	2.250000	2865.67   	2.250000	2303.04   	2.250000	6107.6    	2.250000	8379.61   	2.250000	6139.48   	
2.500000	817329    	2.500000	817081    	2.500000	837754    	2.500000	837754    	2.500000	837754    	2.500000	3457.35   	2.500000	2728.22   	2.500000	7063.97   	2.500000	9586.2    	2.500000	7125.06   	
3.000000	1.12839e+06	3.000000	1.1122e+06	3.000000	1.14e+06  	3.000000	1.14e+06  	3.000000	1.14e+06  	3.000000	4796.62   	3.000000	3665.34   	3.000000	9203.75   	3.000000	12257.4   	3.000000	9333.95   	
3.500000	1.48244e+06	3.500000	1.44823e+06	3.500000	1.48439e+06	3.500000	1.48439e+06	3.500000	1.48439e+06	3.500000	6342.4    	3.500000	4715.32   	3.500000	11639.9   	3.500000	15260.4   	3.500000	11853.7   	
4.000000	1.87858e+06	4.000000	1.82431e+06	4.000000	1.87013e+06	4.000000	1.87013e+06	4.000000	1.87013e+06	4.000000	8092.98   	4.000000	5875.06   	4.000000	14366.4   	4.000000	18583.8   	4.000000	14678.4   	
4.500000	2.31606e+06	4.500000	2.23966e+06	4.500000	2.29652e+06	4.500000	2.29652e+06	4.500000	2.29652e+06	4.500000	10046.5   	4.500000	7142.16   	4.500000	17378.5   	4.500000	22218.7   	4.500000	17803.6   	
5.000000	2.7942e+06	5.000000	2.69361e+06	5.000000	2.76297e+06	5.000000	2.76297e+06	5.000000	2.76297e+06	5.000000	12201.2   	5.000000	8514.44   	5.000000	20672.1   	5.000000	26157.2   	5.000000	21224.8   	
5.500000	3.31242e+06	5.500000	3.18554e+06	5.500000	3.26891e+06	5.500000	3.26891e+06	5.500000	3.26891e+06	5.500000	14555.2   	5.500000	9989.82   	5.500000	24243.4   	5.500000	30392.8   	5.500000	24938.6   	
6.000000	3.87019e+06	6.000000	3.71489e+06	6.000000	3.81385e+06	6.000000	3.81385e+06	6.000000	3.81385e+06	6.000000	17106.7   	6.000000	11566.4   	6.000000	28089.4   	6.000000	34919.5   	6.000000	28941.5   	
6.500000	4.46703e+06	6.500000	4.28116e+06	6.500000	4.39734e+06	6.500000	4.39734e+06	6.500000	4.39733e+06	6.500000	19854.3   	6.500000	13242.6   	6.500000	32206.9   	6.500000	39732.3   	6.500000	33230.8   	
7.000000	5.1025e+06	7.000000	4.88389e+06	7.000000	5.01895e+06	7.000000	5.01895e+06	7.000000	5.01895e+06	7.000000	22796.4   	7.000000	15016.9   	7.000000	36593.4   	7.000000	44826.5   	7.000000	37803.6   	
7.500000	5.7762e+06	7.500000	5.52266e+06	7.500000	5.67832e+06	7.500000	5.67832e+06	7.500000	5.67831e+06	7.500000	25931.8   	7.500000	16887.8   	7.500000	41246.6   	7.500000	50198     	7.500000	42657.7   	
8.000000	6.48774e+06	8.000000	6.19708e+06	8.000000	6.37509e+06	8.000000	6.37509e+06	8.000000	6.37508e+06	8.000000	29259.3   	8.000000	18854.2   	8.000000	46164.3   	8.000000	55842.9   	8.000000	47790.8   	
8.500000	7.23676e+06	8.500000	6.90679e+06	8.500000	7.10894e+06	8.500000	7.10894e+06	8.500000	7.10894e+06	8.500000	32777.7   	8.500000	20915.2   	8.500000	51344.6   	8.500000	61758     	8.500000	53201     	
9.000000	8.02295e+06	9.000000	7.65148e+06	9.000000	7.87959e+06	9.000000	7.87959e+06	9.000000	7.87958e+06	9.000000	36486.1   	9.000000	23069.7   	9.000000	56785.6   	9.000000	67940.1   	9.000000	58886.4   	
9.500000	8.84597e+06	9.500000	8.43083e+06	9.500000	8.68675e+06	9.500000	8.68675e+06	9.500000	8.68675e+06	9.500000	40383.6   	9.500000	25316.5   	9.500000	62485.7   	9.500000	74386.3   	9.500000	64845.5   	
10.000000	9.70552e+06	10.000000	9.24629e+06	10.000000	9.53018e+06	10.000000	9.53018e+06	10.000000	9.53017e+06	10.000000	44469.4   	10.000000	27654.3   	10.000000	68443.4   	10.000000	81093.9   	10.000000	71076.5   	
11.000000	1.15331e+07	11.000000	1.10821e+07	11.000000	1.13259e+07	11.000000	1.13259e+07	11.000000	1.1326e+07	11.000000	53217.8   	11.000000	32608.2   	11.000000	81135.8   	11.000000	95294.2   	11.000000	84359.5   	
12.000000	1.35036e+07	12.000000	1.30582e+07	12.000000	1.32662e+07	12.000000	1.3266e+07	12.000000	1.32663e+07	12.000000	62738.4   	12.000000	37935.6   	12.000000	94862.5   	12.000000	110534    	12.000000	98735.6   	
13.000000	1.5615e+07	13.000000	1.5173e+07	13.000000	1.53495e+07	13.000000	1.5349e+07	13.000000	1.53497e+07	13.000000	73022.6   	13.000000	43629.5   	13.000000	109615    	13.000000	126797    	13.000000	114196    	
14.000000	1.78654e+07	14.000000	1.74248e+07	14.000000	1.7574e+07	14.000000	1.75734e+07	14.000000	1.75745e+07	14.000000	84062.4   	14.000000	49680.4   	14.000000	125385    	14.000000	144071    	14.000000	130733    	
15.000000	2.02532e+07	15.000000	1.98122e+07	15.000000	1.99386e+07	15.000000	1.99376e+07	15.000000	1.99393e+07	15.000000	95850.3   	15.000000	56081.7   	15.000000	142163    	15.000000	162340    	15.000000	148338    	
16.000000	2.27767e+07	16.000000	2.23337e+07	16.000000	2.24416e+07	16.000000	2.24404e+07	16.000000	2.24427e+07	16.000000	108378    	16.000000	62829.7   	16.000000	159943    	16.000000	181592    	16.000000	167003    	
17.000000	2.54345e+07	17.000000	2.4988e+07	17.000000	2.50818e+07	17.000000	2.50802e+07	17.000000	2.50833e+07	17.000000	121639    	17.000000	69921.5   	17.000000	178714    	17.000000	201815    	17.000000	186719    	
18.000000	2.82251e+07	18.000000	2.77739e+07	18.000000	2.78578e+07	18.000000	2.78559e+07	18.000000	2.78598e+07	18.000000	135624    	18.000000	77350.6   	18.000000	198470    	18.000000	222995    	18.000000	207478    	
19.000000	3.11471e+07	19.000000	3.06901e+07	19.000000	3.07681e+07	19.000000	3.0766e+07	19.000000	3.07707e+07	19.000000	150324    	19.000000	85108.6   	19.000000	219200    	19.000000	245120    	19.000000	229272    	
20.000000	3.41992e+07	20.000000	3.37355e+07	20.000000	3.38114e+07	20.000000	3.38091e+07	20.000000	3.38147e+07	20.000000	165730    	20.000000	93188.9   	20.000000	240895    	20.000000	268177    	20.000000	252090    	
21.000000	3.73802e+07	21.000000	3.69089e+07	21.000000	3.69864e+07	21.000000	3.69839e+07	21.000000	3.69904e+07	21.000000	181834    	21.000000	101586    	21.000000	263546    	21.000000	292154    	21.000000	275923    	
22.000000	4.06889e+07	22.000000	4.02094e+07	22.000000	4.02918e+07	22.000000	4.02889e+07	22.000000	4.02965e+07	22.000000	198624    	22.000000	110295    	22.000000	287142    	22.000000	317038    	22.000000	300763    	
23.000000	4.41241e+07	23.000000	4.36358e+07	23.000000	4.37259e+07	23.000000	4.37229e+07	23.000000	4.37314e+07	23.000000	216090    	23.000000	119310    	23.000000	311674    	23.000000	342817    	23.000000	326597    	
24.000000	4.76847e+07	24.000000	4.71873e+07	24.000000	4.72873e+07	24.000000	4.72843e+07	24.000000	4.72937e+07	24.000000	234222    	24.000000	128624    	24.000000	337130    	24.000000	369477    	24.000000	353416    	
25.000000	5.13697e+07	25.000000	5.08628e+07	25.000000	5.09745e+07	25.000000	5.09717e+07	25.000000	5.09821e+07	25.000000	253008    	25.000000	138231    	25.000000	363500    	25.000000	397006    	25.000000	381208    	
27.000000	5.91085e+07	27.000000	5.85822e+07	27.000000	5.87204e+07	27.000000	5.87187e+07	27.000000	5.87307e+07	27.000000	292494    	27.000000	158295    	27.000000	418934    	27.000000	454614    	27.000000	439666    	
29.000000	6.73327e+07	29.000000	6.6787e+07	29.000000	6.69514e+07	29.000000	6.69517e+07	29.000000	6.69652e+07	29.000000	334447    	29.000000	179436    	29.000000	477879    	29.000000	515533    	29.000000	501873    	
31.000000	7.6035e+07	31.000000	7.54705e+07	31.000000	7.56566e+07	31.000000	7.56593e+07	31.000000	7.5674e+07	31.000000	378776    	31.000000	201624    	31.000000	540241    	31.000000	579661    	31.000000	567738    	
33.000000	8.52082e+07	33.000000	8.46263e+07	33.000000	8.48322e+07	33.000000	8.48381e+07	33.000000	8.48535e+07	33.000000	425503    	33.000000	224858    	33.000000	605995    	33.000000	646962    	33.000000	637238    	
35.000000	9.48459e+07	35.000000	9.42482e+07	35.000000	9.4473e+07	35.000000	9.44829e+07	35.000000	9.44984e+07	35.000000	474612    	35.000000	249131    	35.000000	675101    	35.000000	717389    	35.000000	710335    	
38.000000	1.10159e+08	38.000000	1.09542e+08	38.000000	1.09794e+08	38.000000	1.09811e+08	38.000000	1.09826e+08	38.000000	552674    	38.000000	287470    	38.000000	784945    	38.000000	828777    	38.000000	826631    	
41.000000	1.26483e+08	41.000000	1.25854e+08	41.000000	1.2613e+08	41.000000	1.26155e+08	41.000000	1.26168e+08	41.000000	635920    	41.000000	328046    	41.000000	902082    	41.000000	946920    	41.000000	950786    	
44.000000	1.438e+08 	44.000000	1.43165e+08	44.000000	1.43464e+08	44.000000	1.43498e+08	44.000000	1.43508e+08	44.000000	724248    	44.000000	370827    	44.000000	1.02637e+06	44.000000	1.07167e+06	44.000000	1.08267e+06	
47.000000	1.6209e+08	47.000000	1.61458e+08	47.000000	1.61778e+08	47.000000	1.61823e+08	47.000000	1.61829e+08	47.000000	817556    	47.000000	415787    	47.000000	1.15769e+06	47.000000	1.20288e+06	47.000000	1.22216e+06	
50.000000	1.81338e+08	50.000000	1.80717e+08	50.000000	1.81057e+08	50.000000	1.81114e+08	50.000000	1.81115e+08	50.000000	915744    	50.000000	462851    	50.000000	1.2959e+06	50.000000	1.34043e+06	50.000000	1.36915e+06	
55.000000	2.15503e+08	55.000000	2.14923e+08	55.000000	2.15292e+08	55.000000	2.15372e+08	55.000000	2.15363e+08	55.000000	1.08998e+06	55.000000	545824    	55.000000	1.54125e+06	55.000000	1.58342e+06	55.000000	1.63047e+06	
60.000000	2.52216e+08	60.000000	2.51704e+08	60.000000	2.52097e+08	60.000000	2.52207e+08	60.000000	2.52183e+08	60.000000	1.27707e+06	60.000000	634281    	60.000000	1.8049e+06	60.000000	1.84314e+06	60.000000	1.9118e+06	
65.000000	2.91414e+08	65.000000	2.90996e+08	65.000000	2.91416e+08	65.000000	2.91555e+08	65.000000	2.91514e+08	65.000000	1.47661e+06	65.000000	728119    	65.000000	2.08635e+06	65.000000	2.11909e+06	65.000000	2.21269e+06	
70.000000	3.33039e+08	70.000000	3.3274e+08	70.000000	3.33183e+08	70.000000	3.3336e+08	70.000000	3.33298e+08	70.000000	1.6882e+06	70.000000	827095    	70.000000	2.38512e+06	70.000000	2.41083e+06	70.000000	2.53271e+06	
75.000000	3.77034e+08	75.000000	3.76879e+08	75.000000	3.7735e+08	75.000000	3.77565e+08	75.000000	3.77479e+08	75.000000	1.91146e+06	75.000000	931114    	75.000000	2.70075e+06	75.000000	2.71793e+06	75.000000	2.87144e+06	
80.000000	4.23348e+08	80.000000	4.23361e+08	80.000000	4.23861e+08	80.000000	4.24119e+08	80.000000	4.24006e+08	80.000000	2.14602e+06	80.000000	1.03994e+06	80.000000	3.03282e+06	80.000000	3.03998e+06	80.000000	3.22848e+06	
85.000000	4.71934e+08	85.000000	4.72133e+08	85.000000	4.72665e+08	85.000000	4.72971e+08	85.000000	4.72829e+08	85.000000	2.39154e+06	85.000000	1.15346e+06	85.000000	3.3809e+06	85.000000	3.37662e+06	85.000000	3.60347e+06	
90.000000	5.22745e+08	90.000000	5.23146e+08	90.000000	5.23719e+08	90.000000	5.24075e+08	90.000000	5.23899e+08	90.000000	2.64768e+06	90.000000	1.27155e+06	90.000000	3.7446e+06	90.000000	3.72748e+06	90.000000	3.99605e+06	
95.000000	5.75737e+08	95.000000	5.76354e+08	95.000000	5.76972e+08	95.000000	5.77383e+08	95.000000	5.77171e+08	95.000000	2.91411e+06	95.000000	1.39408e+06	95.000000	4.12353e+06	95.000000	4.09221e+06	95.000000	4.40585e+06	
100.000000	6.3087e+08	100.000000	6.31712e+08	100.000000	6.32381e+08	100.000000	6.32852e+08	100.000000	6.32601e+08	100.000000	3.19052e+06	100.000000	1.52094e+06	100.000000	4.51731e+06	100.000000	4.4705e+06	100.000000	4.83255e+06	
105.000000	6.88103e+08	105.000000	6.89176e+08	105.000000	6.89906e+08	105.000000	6.90439e+08	105.000000	6.90145e+08	105.000000	3.47661e+06	105.000000	1.65204e+06	105.000000	4.9256e+06	105.000000	4.86203e+06	105.000000	5.27582e+06	
110.000000	7.474e+08 	110.000000	7.48705e+08	110.000000	7.49507e+08	110.000000	7.50105e+08	110.000000	7.49765e+08	110.000000	3.77207e+06	110.000000	1.78722e+06	110.000000	5.34803e+06	110.000000	5.26649e+06	110.000000	5.73533e+06	
115.000000	8.08724e+08	115.000000	8.10258e+08	115.000000	8.11143e+08	115.000000	8.11807e+08	115.000000	8.11419e+08	115.000000	4.07664e+06	115.000000	1.92632e+06	115.000000	5.78427e+06	115.000000	5.68361e+06	115.000000	6.2108e+06	
120.000000	8.72042e+08	120.000000	8.73797e+08	120.000000	8.74771e+08	120.000000	8.7551e+08	120.000000	8.75069e+08	120.000000	4.39003e+06	120.000000	2.06934e+06	120.000000	6.234e+06 	120.000000	6.1131e+06	120.000000	6.70192e+06	
125.000000	9.37319e+08	125.000000	9.39284e+08	125.000000	9.40358e+08	125.000000	9.41175e+08	125.000000	9.40679e+08	125.000000	4.71199e+06	125.000000	2.2161e+06	125.000000	6.6969e+06	125.000000	6.5547e+06	125.000000	7.20839e+06	
130.000000	1.00453e+09	130.000000	1.00668e+09	130.000000	1.00787e+09	130.000000	1.00877e+09	130.000000	1.00821e+09	130.000000	5.04225e+06	130.000000	2.36658e+06	130.000000	7.17265e+06	130.000000	7.00815e+06	130.000000	7.72995e+06	
135.000000	1.07363e+09	135.000000	1.07596e+09	135.000000	1.07727e+09	135.000000	1.07825e+09	135.000000	1.07764e+09	135.000000	5.38057e+06	135.000000	2.5207e+06	135.000000	7.66097e+06	135.000000	7.47319e+06	135.000000	8.26631e+06	
140.000000	1.1446e+09	140.000000	1.14707e+09	140.000000	1.14852e+09	140.000000	1.14959e+09	140.000000	1.14891e+09	140.000000	5.72671e+06	140.000000	2.67827e+06	140.000000	8.16156e+06	140.000000	7.94959e+06	140.000000	8.81721e+06	
145.000000	1.21742e+09	145.000000	1.22e+09  	145.000000	1.2216e+09	145.000000	1.22276e+09	145.000000	1.22201e+09	145.000000	6.08043e+06	145.000000	2.83924e+06	145.000000	8.67413e+06	145.000000	8.43712e+06	145.000000	9.38239e+06	
150.000000	1.29204e+09	150.000000	1.2947e+09	150.000000	1.29646e+09	150.000000	1.29772e+09	150.000000	1.2969e+09	150.000000	6.44151e+06	150.000000	3.00353e+06	150.000000	9.19841e+06	150.000000	8.93553e+06	150.000000	9.96159e+06	
155.000000	1.41723e+09	155.000000	1.37115e+09	155.000000	1.37308e+09	155.000000	1.37444e+09	155.000000	1.37355e+09	155.000000	6.80973e+06	155.000000	3.17107e+06	155.000000	9.73415e+06	155.000000	9.44463e+06	155.000000	1.05546e+07	
160.000000	1.54683e+09	160.000000	1.44932e+09	160.000000	1.45144e+09	160.000000	1.45289e+09	160.000000	1.45193e+09	160.000000	7.18487e+06	160.000000	3.34179e+06	160.000000	1.02811e+07	160.000000	9.96418e+06	160.000000	1.11611e+07	
165.000000	1.67911e+09	165.000000	1.52917e+09	165.000000	1.53149e+09	165.000000	1.53305e+09	165.000000	1.532e+09 	165.000000	7.56673e+06	165.000000	3.51563e+06	165.000000	1.08389e+07	165.000000	1.0494e+07	165.000000	1.17809e+07	
170.000000	1.81404e+09	170.000000	1.61068e+09	170.000000	1.61321e+09	170.000000	1.61488e+09	170.000000	1.61375e+09	170.000000	7.95511e+06	170.000000	3.69252e+06	170.000000	1.14074e+07	170.000000	1.10338e+07	170.000000	1.24138e+07	
175.000000	1.95157e+09	175.000000	1.69382e+09	175.000000	1.69657e+09	175.000000	1.69835e+09	175.000000	1.69714e+09	175.000000	8.34981e+06	175.000000	3.87241e+06	175.000000	1.19864e+07	175.000000	1.15835e+07	175.000000	1.30595e+07	
180.000000	2.09165e+09	180.000000	1.77856e+09	180.000000	1.78154e+09	180.000000	1.78344e+09	180.000000	1.78214e+09	180.000000	8.75065e+06	180.000000	4.05516e+06	180.000000	1.25756e+07	180.000000	1.21429e+07	180.000000	1.37179e+07	
185.000000	2.23424e+09	185.000000	1.86487e+09	185.000000	1.8681e+09	185.000000	1.87012e+09	185.000000	1.86873e+09	185.000000	9.15744e+06	185.000000	4.24064e+06	185.000000	1.31747e+07	185.000000	1.27118e+07	185.000000	1.43887e+07	
190.000000	2.37931e+09	190.000000	1.95274e+09	190.000000	1.95623e+09	190.000000	1.95837e+09	190.000000	1.95688e+09	190.000000	9.57001e+06	190.000000	4.42891e+06	190.000000	1.37836e+07	190.000000	1.32899e+07	190.000000	1.50716e+07	
195.000000	2.5268e+09	195.000000	2.04213e+09	195.000000	2.0459e+09	195.000000	2.04816e+09	195.000000	2.04657e+09	195.000000	9.98817e+06	195.000000	4.61993e+06	195.000000	1.44021e+07	195.000000	1.38772e+07	195.000000	1.57666e+07	
200.000000	2.67669e+09	200.000000	2.13302e+09	200.000000	2.13707e+09	200.000000	2.13946e+09	200.000000	2.13777e+09	200.000000	1.04118e+07	200.000000	4.81358e+06	200.000000	1.50298e+07	200.000000	1.44734e+07	200.000000	1.64733e+07	
210.000000	2.9835e+09	210.000000	2.3192e+09	210.000000	2.32384e+09	210.000000	2.3265e+09	210.000000	2.32461e+09	210.000000	1.12746e+07	210.000000	5.20834e+06	210.000000	1.63125e+07	210.000000	1.56919e+07	210.000000	1.79213e+07	
220.000000	3.29944e+09	220.000000	2.51111e+09	220.000000	2.51638e+09	220.000000	2.51932e+09	220.000000	2.51721e+09	220.000000	1.21572e+07	220.000000	5.61304e+06	220.000000	1.763e+07 	220.000000	1.69442e+07	220.000000	1.94141e+07	
230.000000	3.62423e+09	230.000000	2.70856e+09	230.000000	2.7145e+09	230.000000	2.71773e+09	230.000000	2.71538e+09	230.000000	1.30585e+07	230.000000	6.02746e+06	230.000000	1.89809e+07	230.000000	1.82291e+07	230.000000	2.09503e+07	
240.000000	3.95761e+09	240.000000	2.91138e+09	240.000000	2.91803e+09	240.000000	2.92155e+09	240.000000	2.91897e+09	240.000000	1.39773e+07	240.000000	6.45088e+06	240.000000	2.03636e+07	240.000000	1.95453e+07	240.000000	2.25283e+07	
250.000000	4.29932e+09	250.000000	3.11941e+09	250.000000	3.12678e+09	250.000000	3.13063e+09	250.000000	3.12779e+09	250.000000	1.49125e+07	250.000000	6.88299e+06	250.000000	2.17768e+07	250.000000	2.08918e+07	250.000000	2.41469e+07	
260.000000	4.64913e+09	260.000000	3.3325e+09	260.000000	3.34062e+09	260.000000	3.3448e+09	260.000000	3.3417e+09	260.000000	1.58632e+07	260.000000	7.32348e+06	260.000000	2.32191e+07	260.000000	2.22674e+07	260.000000	2.58047e+07	
270.000000	5.00681e+09	270.000000	3.55049e+09	270.000000	3.5594e+09	270.000000	3.5639e+09	270.000000	3.56054e+09	270.000000	1.68283e+07	270.000000	7.77209e+06	270.000000	2.46893e+07	270.000000	2.3671e+07	270.000000	2.75005e+07	
280.000000	5.37213e+09	280.000000	3.77326e+09	280.000000	3.78296e+09	280.000000	3.7878e+09	280.000000	3.78415e+09	280.000000	1.78071e+07	280.000000	8.22814e+06	280.000000	2.61861e+07	280.000000	2.51018e+07	280.000000	2.92329e+07	
290.000000	5.74489e+09	290.000000	4.00065e+09	290.000000	4.01115e+09	290.000000	4.01635e+09	290.000000	4.01242e+09	290.000000	1.87985e+07	290.000000	8.69149e+06	290.000000	2.77085e+07	290.000000	2.65586e+07	290.000000	3.10009e+07	
300.000000	6.12488e+09	300.000000	4.23254e+09	300.000000	4.24384e+09	300.000000	4.24942e+09	300.000000	4.24518e+09	300.000000	1.98018e+07	300.000000	9.16208e+06	300.000000	2.92552e+07	300.000000	2.80407e+07	300.000000	3.28033e+07	
310.000000	6.51191e+09	310.000000	4.46879e+09	310.000000	4.48091e+09	310.000000	4.48687e+09	310.000000	4.48232e+09	310.000000	2.08163e+07	310.000000	9.63931e+06	310.000000	3.08252e+07	310.000000	2.95471e+07	310.000000	3.46389e+07	
320.000000	6.90579e+09	320.000000	4.7093e+09	320.000000	4.72223e+09	320.000000	4.72858e+09	320.000000	4.72371e+09	320.000000	2.18412e+07	320.000000	1.01232e+07	320.000000	3.24175e+07	320.000000	3.10769e+07	320.000000	3.65068e+07	
330.000000	7.30634e+09	330.000000	4.95394e+09	330.000000	4.96768e+09	330.000000	4.97443e+09	330.000000	4.96923e+09	330.000000	2.28758e+07	330.000000	1.06136e+07	330.000000	3.40311e+07	330.000000	3.26294e+07	330.000000	3.84059e+07	
340.000000	7.71339e+09	340.000000	5.2026e+09	340.000000	5.21714e+09	340.000000	5.22429e+09	340.000000	5.21876e+09	340.000000	2.39195e+07	340.000000	1.11101e+07	340.000000	3.5665e+07	340.000000	3.42038e+07	340.000000	4.03353e+07	
350.000000	8.12677e+09	350.000000	5.45517e+09	350.000000	5.4705e+09	350.000000	5.47806e+09	350.000000	5.47219e+09	350.000000	2.49715e+07	350.000000	1.16122e+07	350.000000	3.73185e+07	350.000000	3.57992e+07	350.000000	4.22938e+07	
360.000000	8.54632e+09	360.000000	5.71154e+09	360.000000	5.72763e+09	360.000000	5.73563e+09	360.000000	5.72941e+09	360.000000	2.60314e+07	360.000000	1.212e+07 	360.000000	3.89905e+07	360.000000	3.7415e+07	360.000000	4.42807e+07	
370.000000	8.97188e+09	370.000000	5.97162e+09	370.000000	5.98845e+09	370.000000	5.9969e+09	370.000000	5.99031e+09	370.000000	2.70986e+07	370.000000	1.26336e+07	370.000000	4.06803e+07	370.000000	3.90505e+07	370.000000	4.62951e+07	
380.000000	9.40331e+09	380.000000	6.23531e+09	380.000000	6.25286e+09	380.000000	6.26175e+09	380.000000	6.2548e+09	380.000000	2.81726e+07	380.000000	1.31527e+07	380.000000	4.23871e+07	380.000000	4.07049e+07	380.000000	4.8336e+07	
390.000000	9.84045e+09	390.000000	6.5025e+09	390.000000	6.52076e+09	390.000000	6.5301e+09	390.000000	6.52278e+09	390.000000	2.92527e+07	390.000000	1.3677e+07	390.000000	4.41102e+07	390.000000	4.23777e+07	390.000000	5.04027e+07	
400.000000	1.02832e+10	400.000000	6.77312e+09	400.000000	6.79206e+09	400.000000	6.80186e+09	400.000000	6.79415e+09	400.000000	3.03387e+07	400.000000	1.42062e+07	400.000000	4.58488e+07	400.000000	4.40682e+07	400.000000	5.24944e+07	
410.000000	1.07313e+10	410.000000	7.04707e+09	410.000000	7.06666e+09	410.000000	7.07692e+09	410.000000	7.06882e+09	410.000000	3.143e+07 	410.000000	1.47402e+07	410.000000	4.76021e+07	410.000000	4.57757e+07	410.000000	5.46101e+07	
420.000000	1.11848e+10	420.000000	7.32426e+09	420.000000	7.34447e+09	420.000000	7.3552e+09	420.000000	7.3467e+09	420.000000	3.25261e+07	420.000000	1.52786e+07	420.000000	4.93697e+07	420.000000	4.74998e+07	420.000000	5.67493e+07	
430.000000	1.16435e+10	430.000000	7.60462e+09	430.000000	7.62539e+09	430.000000	7.63661e+09	430.000000	7.62771e+09	430.000000	3.36267e+07	430.000000	1.58212e+07	430.000000	5.11506e+07	430.000000	4.92398e+07	430.000000	5.89112e+07	
440.000000	1.21072e+10	440.000000	7.88806e+09	440.000000	7.90935e+09	440.000000	7.92108e+09	440.000000	7.91177e+09	440.000000	3.47313e+07	440.000000	1.6368e+07	440.000000	5.29445e+07	440.000000	5.09952e+07	440.000000	6.1095e+07	
450.000000	1.25758e+10	450.000000	8.17451e+09	450.000000	8.19628e+09	450.000000	8.20852e+09	450.000000	8.19879e+09	450.000000	3.58396e+07	450.000000	1.69189e+07	450.000000	5.47506e+07	450.000000	5.27654e+07	450.000000	6.33e+07  	
460.000000	1.30493e+10	460.000000	8.46389e+09	460.000000	8.4861e+09	460.000000	8.49885e+09	460.000000	8.48869e+09	460.000000	3.69512e+07	460.000000	1.74741e+07	460.000000	5.65684e+07	460.000000	5.455e+07 	460.000000	6.55257e+07	
470.000000	1.35275e+10	470.000000	8.75613e+09	470.000000	8.77873e+09	470.000000	8.792e+09 	470.000000	8.78141e+09	470.000000	3.80658e+07	470.000000	1.80335e+07	470.000000	5.83973e+07	470.000000	5.63484e+07	470.000000	6.77713e+07	
480.000000	1.40102e+10	480.000000	9.05116e+09	480.000000	9.0741e+09	480.000000	9.08789e+09	480.000000	9.07687e+09	480.000000	3.91831e+07	480.000000	1.85966e+07	480.000000	6.02369e+07	480.000000	5.81602e+07	480.000000	7.00362e+07	
490.000000	1.44975e+10	490.000000	9.34891e+09	490.000000	9.37215e+09	490.000000	9.38646e+09	490.000000	9.37499e+09	490.000000	4.03027e+07	490.000000	1.91633e+07	490.000000	6.20865e+07	490.000000	5.99849e+07	490.000000	7.23198e+07	
500.000000	1.49892e+10	500.000000	9.6493e+09	500.000000	9.6728e+09	500.000000	9.68763e+09	500.000000	9.67571e+09	500.000000	4.14244e+07	500.000000	1.97333e+07	500.000000	6.39457e+07	500.000000	6.1822e+07	500.000000	7.46215e+07	
520.000000	1.59852e+10	520.000000	1.02578e+10	520.000000	1.02816e+10	520.000000	1.02975e+10	520.000000	1.02847e+10	520.000000	4.36728e+07	520.000000	2.08837e+07	520.000000	6.76911e+07	520.000000	6.55318e+07	520.000000	7.92771e+07	
540.000000	1.69977e+10	540.000000	1.08762e+10	540.000000	1.09e+10  	540.000000	1.09171e+10	540.000000	1.09033e+10	540.000000	4.59262e+07	540.000000	2.20477e+07	540.000000	7.14695e+07	540.000000	6.92864e+07	540.000000	8.39984e+07	
560.000000	1.80257e+10	560.000000	1.15039e+10	560.000000	1.15276e+10	560.000000	1.15458e+10	560.000000	1.15311e+10	560.000000	4.81829e+07	560.000000	2.32237e+07	560.000000	7.52775e+07	560.000000	7.30826e+07	560.000000	8.87813e+07	
580.000000	1.90688e+10	580.000000	1.21406e+10	580.000000	1.21639e+10	580.000000	1.21833e+10	580.000000	1.21676e+10	580.000000	5.0441e+07	580.000000	2.44108e+07	580.000000	7.91122e+07	580.000000	7.69175e+07	580.000000	9.36221e+07	
600.000000	2.01261e+10	600.000000	1.27859e+10	600.000000	1.28085e+10	600.000000	1.2829e+10	600.000000	1.28123e+10	600.000000	5.26991e+07	600.000000	2.56087e+07	600.000000	8.29705e+07	600.000000	8.07884e+07	600.000000	9.8517e+07	
620.000000	2.1197e+10	620.000000	1.34393e+10	620.000000	1.34609e+10	620.000000	1.34827e+10	620.000000	1.3465e+10	620.000000	5.49558e+07	620.000000	2.68167e+07	620.000000	8.685e+07 	620.000000	8.46927e+07	620.000000	1.03462e+08	
640.000000	2.2281e+10	640.000000	1.41004e+10	640.000000	1.41209e+10	640.000000	1.41439e+10	640.000000	1.41251e+10	640.000000	5.72099e+07	640.000000	2.80345e+07	640.000000	9.07481e+07	640.000000	8.8628e+07	640.000000	1.08455e+08	
660.000000	2.33776e+10	660.000000	1.4769e+10	660.000000	1.4788e+10	660.000000	1.48122e+10	660.000000	1.47924e+10	660.000000	5.94602e+07	660.000000	2.92615e+07	660.000000	9.46627e+07	660.000000	9.2592e+07	660.000000	1.13493e+08	
680.000000	2.4486e+10	680.000000	1.54447e+10	680.000000	1.54619e+10	680.000000	1.54874e+10	680.000000	1.54665e+10	680.000000	6.17057e+07	680.000000	3.04974e+07	680.000000	9.85915e+07	680.000000	9.65825e+07	680.000000	1.18571e+08	
700.000000	2.56059e+10	700.000000	1.61271e+10	700.000000	1.61423e+10	700.000000	1.61691e+10	700.000000	1.61471e+10	700.000000	6.39455e+07	700.000000	3.17417e+07	700.000000	1.02533e+08	700.000000	1.00598e+08	700.000000	1.23689e+08	
720.000000	2.67367e+10	720.000000	1.68159e+10	720.000000	1.68289e+10	720.000000	1.6857e+10	720.000000	1.68339e+10	720.000000	6.61787e+07	720.000000	3.29942e+07	720.000000	1.06484e+08	720.000000	1.04635e+08	720.000000	1.28842e+08	
740.000000	2.78779e+10	740.000000	1.7511e+10	740.000000	1.75214e+10	740.000000	1.75508e+10	740.000000	1.75266e+10	740.000000	6.84047e+07	740.000000	3.42543e+07	740.000000	1.10445e+08	740.000000	1.08694e+08	740.000000	1.34029e+08	
760.000000	2.90292e+10	760.000000	1.82119e+10	760.000000	1.82196e+10	760.000000	1.82503e+10	760.000000	1.8225e+10	760.000000	7.06228e+07	760.000000	3.55221e+07	760.000000	1.14412e+08	760.000000	1.12772e+08	760.000000	1.39248e+08	
780.000000	3.019e+10 	780.000000	1.89185e+10	780.000000	1.89231e+10	780.000000	1.89552e+10	780.000000	1.89287e+10	780.000000	7.28323e+07	780.000000	3.67971e+07	780.000000	1.18386e+08	780.000000	1.16867e+08	780.000000	1.44495e+08	
800.000000	3.136e+10 	800.000000	1.96304e+10	800.000000	1.96318e+10	800.000000	1.96652e+10	800.000000	1.96376e+10	800.000000	7.50327e+07	800.000000	3.80786e+07	800.000000	1.22363e+08	800.000000	1.20978e+08	800.000000	1.49769e+08	
820.000000	3.25388e+10	820.000000	2.03475e+10	820.000000	2.03454e+10	820.000000	2.03801e+10	820.000000	2.03514e+10	820.000000	7.72237e+07	820.000000	3.93659e+07	820.000000	1.26344e+08	820.000000	1.25105e+08	820.000000	1.55069e+08	
840.000000	3.37259e+10	840.000000	2.10695e+10	840.000000	2.10636e+10	840.000000	2.10998e+10	840.000000	2.10698e+10	840.000000	7.94046e+07	840.000000	4.06588e+07	840.000000	1.30327e+08	840.000000	1.29244e+08	840.000000	1.60392e+08	
860.000000	3.49211e+10	860.000000	2.17961e+10	860.000000	2.17864e+10	860.000000	2.18239e+10	860.000000	2.17928e+10	860.000000	8.15752e+07	860.000000	4.19576e+07	860.000000	1.34311e+08	860.000000	1.33395e+08	860.000000	1.65736e+08	
880.000000	3.61239e+10	880.000000	2.25273e+10	880.000000	2.25134e+10	880.000000	2.25524e+10	880.000000	2.252e+10 	880.000000	8.37352e+07	880.000000	4.32625e+07	880.000000	1.38295e+08	880.000000	1.37558e+08	880.000000	1.711e+08 	
900.000000	3.7334e+10	900.000000	2.32628e+10	900.000000	2.32445e+10	900.000000	2.32849e+10	900.000000	2.32514e+10	900.000000	8.58842e+07	900.000000	4.45732e+07	900.000000	1.42277e+08	900.000000	1.4173e+08	900.000000	1.76482e+08	
920.000000	3.85512e+10	920.000000	2.40023e+10	920.000000	2.39795e+10	920.000000	2.40214e+10	920.000000	2.39866e+10	920.000000	8.8022e+07	920.000000	4.58888e+07	920.000000	1.46258e+08	920.000000	1.45911e+08	920.000000	1.8188e+08	
940.000000	3.9775e+10	940.000000	2.47458e+10	940.000000	2.47183e+10	940.000000	2.47616e+10	940.000000	2.47256e+10	940.000000	9.01483e+07	940.000000	4.72091e+07	940.000000	1.50235e+08	940.000000	1.50099e+08	940.000000	1.87294e+08	
960.000000	4.10052e+10	960.000000	2.5493e+10	960.000000	2.54606e+10	960.000000	2.55054e+10	960.000000	2.54681e+10	960.000000	9.2263e+07	960.000000	4.8534e+07	960.000000	1.5421e+08	960.000000	1.54294e+08	960.000000	1.92722e+08	
980.000000	4.22416e+10	980.000000	2.62438e+10	980.000000	2.62064e+10	980.000000	2.62526e+10	980.000000	2.62141e+10	980.000000	9.43659e+07	980.000000	4.98636e+07	980.000000	1.58179e+08	980.000000	1.58495e+08	980.000000	1.98162e+08	
1000.000000	4.34837e+10	1000.000000	2.6998e+10	1000.000000	2.69555e+10	1000.000000	2.70031e+10	1000.000000	2.69634e+10	1000.000000	9.64569e+07	1000.000000	5.11981e+07	1000.000000	1.62144e+08	1000.000000	1.62701e+08	1000.000000	2.03614e+08	
1020.000000	4.47314e+10	1020.000000	2.77554e+10	1020.000000	2.77077e+10	1020.000000	2.77568e+10	1020.000000	2.77158e+10	1020.000000	9.85359e+07	1020.000000	5.25376e+07	1020.000000	1.66103e+08	1020.000000	1.66911e+08	1020.000000	2.09076e+08	
1040.000000	4.59845e+10	1040.000000	2.8516e+10	1040.000000	2.84629e+10	1040.000000	2.85134e+10	1040.000000	2.84712e+10	1040.000000	1.00603e+08	1040.000000	5.38816e+07	1040.000000	1.70057e+08	1040.000000	1.71124e+08	1040.000000	2.14547e+08	
1060.000000	4.72425e+10	1060.000000	2.92795e+10	1060.000000	2.9221e+10	1060.000000	2.9273e+10	1060.000000	2.92295e+10	1060.000000	1.02657e+08	1060.000000	5.52297e+07	1060.000000	1.74003e+08	1060.000000	1.7534e+08	1060.000000	2.20026e+08	
1080.000000	4.85055e+10	1080.000000	3.00459e+10	1080.000000	2.99819e+10	1080.000000	3.00353e+10	1080.000000	2.99905e+10	1080.000000	1.047e+08 	1080.000000	5.65817e+07	1080.000000	1.77943e+08	1080.000000	1.79558e+08	1080.000000	2.25512e+08	
1100.000000	4.97729e+10	1100.000000	3.0815e+10	1100.000000	3.07453e+10	1100.000000	3.08002e+10	1100.000000	3.07542e+10	1100.000000	1.0673e+08	1100.000000	5.79374e+07	1100.000000	1.81874e+08	1100.000000	1.83777e+08	1100.000000	2.31004e+08	
1120.000000	5.10448e+10	1120.000000	3.15866e+10	1120.000000	3.15113e+10	1120.000000	3.15677e+10	1120.000000	3.15203e+10	1120.000000	1.08747e+08	1120.000000	5.92966e+07	1120.000000	1.85798e+08	1120.000000	1.87997e+08	1120.000000	2.36501e+08	
1140.000000	5.23208e+10	1140.000000	3.23608e+10	1140.000000	3.22797e+10	1140.000000	3.23375e+10	1140.000000	3.22889e+10	1140.000000	1.10753e+08	1140.000000	6.06592e+07	1140.000000	1.89713e+08	1140.000000	1.92217e+08	1140.000000	2.42003e+08	
1160.000000	5.36008e+10	1160.000000	3.31372e+10	1160.000000	3.30504e+10	1160.000000	3.31097e+10	1160.000000	3.30598e+10	1160.000000	1.12746e+08	1160.000000	6.20254e+07	1160.000000	1.9362e+08	1160.000000	1.96437e+08	1160.000000	2.47508e+08	
1180.000000	5.48845e+10	1180.000000	3.39159e+10	1180.000000	3.38233e+10	1180.000000	3.38841e+10	1180.000000	3.38329e+10	1180.000000	1.14726e+08	1180.000000	6.3395e+07	1180.000000	1.97517e+08	1180.000000	2.00656e+08	1180.000000	2.53016e+08	
1200.000000	5.61717e+10	1200.000000	3.46967e+10	1200.000000	3.45983e+10	1200.000000	3.46606e+10	1200.000000	3.46081e+10	1200.000000	1.16695e+08	1200.000000	6.47679e+07	1200.000000	2.01405e+08	1200.000000	2.04873e+08	1200.000000	2.58526e+08	
1220.000000	5.74624e+10	1220.000000	3.54795e+10	1220.000000	3.53753e+10	1220.000000	3.54392e+10	1220.000000	3.53853e+10	1220.000000	1.18651e+08	1220.000000	6.61441e+07	1220.000000	2.05283e+08	1220.000000	2.09088e+08	1220.000000	2.64037e+08	
1240.000000	5.87562e+10	1240.000000	3.62643e+10	1240.000000	3.61543e+10	1240.000000	3.62197e+10	1240.000000	3.61645e+10	1240.000000	1.20594e+08	1240.000000	6.75236e+07	1240.000000	2.09152e+08	1240.000000	2.13301e+08	1240.000000	2.69549e+08	
1260.000000	6.0053e+10	1260.000000	3.70508e+10	1260.000000	3.69351e+10	1260.000000	3.7002e+10	1260.000000	3.69456e+10	1260.000000	1.22526e+08	1260.000000	6.89062e+07	1260.000000	2.1301e+08	1260.000000	2.17511e+08	1260.000000	2.75062e+08	
1280.000000	6.13527e+10	1280.000000	3.78392e+10	1280.000000	3.77177e+10	1280.000000	3.77862e+10	1280.000000	3.77284e+10	1280.000000	1.24445e+08	1280.000000	7.02918e+07	1280.000000	2.16857e+08	1280.000000	2.21718e+08	1280.000000	2.80573e+08	
1300.000000	6.26551e+10	1300.000000	3.86291e+10	1300.000000	3.8502e+10	1300.000000	3.8572e+10	1300.000000	3.85129e+10	1300.000000	1.26352e+08	1300.000000	7.16805e+07	1300.000000	2.20694e+08	1300.000000	2.25922e+08	1300.000000	2.86084e+08	
1320.000000	6.396e+10 	1320.000000	3.94206e+10	1320.000000	3.92879e+10	1320.000000	3.93595e+10	1320.000000	3.9299e+10	1320.000000	1.28248e+08	1320.000000	7.30721e+07	1320.000000	2.2452e+08	1320.000000	2.30121e+08	1320.000000	2.91592e+08	
1340.000000	6.52672e+10	1340.000000	4.02136e+10	1340.000000	4.00754e+10	1340.000000	4.01485e+10	1340.000000	4.00867e+10	1340.000000	1.30131e+08	1340.000000	7.44666e+07	1340.000000	2.28335e+08	1340.000000	2.34316e+08	1340.000000	2.97099e+08	
1360.000000	6.65767e+10	1360.000000	4.10079e+10	1360.000000	4.08644e+10	1360.000000	4.09391e+10	1360.000000	4.08759e+10	1360.000000	1.32002e+08	1360.000000	7.5864e+07	1360.000000	2.32139e+08	1360.000000	2.38507e+08	1360.000000	3.02603e+08	
1380.000000	6.78883e+10	1380.000000	4.18036e+10	1380.000000	4.16548e+10	1380.000000	4.1731e+10	1380.000000	4.16666e+10	1380.000000	1.33862e+08	1380.000000	7.72642e+07	1380.000000	2.35932e+08	1380.000000	2.42693e+08	1380.000000	3.08104e+08	
1400.000000	6.92019e+10	1400.000000	4.26006e+10	1400.000000	4.24466e+10	1400.000000	4.25244e+10	1400.000000	4.24586e+10	1400.000000	1.3571e+08	1400.000000	7.86672e+07	1400.000000	2.39713e+08	1400.000000	2.46873e+08	1400.000000	3.13601e+08	
1420.000000	7.05172e+10	1420.000000	4.33987e+10	1420.000000	4.32397e+10	1420.000000	4.3319e+10	1420.000000	4.32518e+10	1420.000000	1.37546e+08	1420.000000	8.00729e+07	1420.000000	2.43483e+08	1420.000000	2.51048e+08	1420.000000	3.19094e+08	
1440.000000	7.18343e+10	1440.000000	4.41979e+10	1440.000000	4.4034e+10	1440.000000	4.41149e+10	1440.000000	4.40464e+10	1440.000000	1.39371e+08	1440.000000	8.14813e+07	1440.000000	2.47241e+08	1440.000000	2.55218e+08	1440.000000	3.24583e+08	
1460.000000	7.31529e+10	1460.000000	4.49981e+10	1460.000000	4.48295e+10	1460.000000	4.4912e+10	1460.000000	4.48421e+10	1460.000000	1.41184e+08	1460.000000	8.28923e+07	1460.000000	2.50987e+08	1460.000000	2.59381e+08	1460.000000	3.30067e+08	
1480.000000	7.4473e+10	1480.000000	4.57993e+10	1480.000000	4.56262e+10	1480.000000	4.57102e+10	1480.000000	4.5639e+10	1480.000000	1.42985e+08	1480.000000	8.43059e+07	1480.000000	2.54721e+08	1480.000000	2.63539e+08	1480.000000	3.35546e+08	
1500.000000	7.57944e+10	1500.000000	4.66014e+10	1500.000000	4.6424e+10	1500.000000	4.65095e+10	1500.000000	4.6437e+10	1500.000000	1.44776e+08	1500.000000	8.57221e+07	1500.000000	2.58444e+08	1500.000000	2.6769e+08	1500.000000	3.4102e+08	
1520.000000	7.7117e+10	1520.000000	4.74044e+10	1520.000000	4.72228e+10	1520.000000	4.73099e+10	1520.000000	4.7236e+10	1520.000000	1.46555e+08	1520.000000	8.71408e+07	1520.000000	2.62154e+08	1520.000000	2.71834e+08	1520.000000	3.46488e+08	
1540.000000	7.84407e+10	1540.000000	4.82082e+10	1540.000000	4.80227e+10	1540.000000	4.81112e+10	1540.000000	4.8036e+10	1540.000000	1.48323e+08	1540.000000	8.8562e+07	1540.000000	2.65853e+08	1540.000000	2.75972e+08	1540.000000	3.51949e+08	
1560.000000	7.97654e+10	1560.000000	4.90127e+10	1560.000000	4.88234e+10	1560.000000	4.89136e+10	1560.000000	4.88369e+10	1560.000000	1.5008e+08	1560.000000	8.99857e+07	1560.000000	2.69539e+08	1560.000000	2.80102e+08	1560.000000	3.57404e+08	
1580.000000	8.1091e+10	1580.000000	4.98178e+10	1580.000000	4.96251e+10	1580.000000	4.97168e+10	1580.000000	4.96388e+10	1580.000000	1.51826e+08	1580.000000	9.14118e+07	1580.000000	2.73214e+08	1580.000000	2.84226e+08	1580.000000	3.62853e+08	
1600.000000	8.24174e+10	1600.000000	5.06236e+10	1600.000000	5.04277e+10	1600.000000	5.05209e+10	1600.000000	5.04415e+10	1600.000000	1.53562e+08	1600.000000	9.28404e+07	1600.000000	2.76876e+08	1600.000000	2.88342e+08	1600.000000	3.68295e+08	
1620.000000	8.37445e+10	1620.000000	5.143e+10 	1620.000000	5.12311e+10	1620.000000	5.13258e+10	1620.000000	5.12451e+10	1620.000000	1.55287e+08	1620.000000	9.42714e+07	1620.000000	2.80526e+08	1620.000000	2.92451e+08	1620.000000	3.73729e+08	
1640.000000	8.50722e+10	1640.000000	5.22369e+10	1640.000000	5.20352e+10	1640.000000	5.21315e+10	1640.000000	5.20494e+10	1640.000000	1.57001e+08	1640.000000	9.57048e+07	1640.000000	2.84164e+08	1640.000000	2.96552e+08	1640.000000	3.79156e+08	
1660.000000	8.64004e+10	1660.000000	5.30443e+10	1660.000000	5.28401e+10	1660.000000	5.29379e+10	1660.000000	5.28545e+10	1660.000000	1.58704e+08	1660.000000	9.71406e+07	1660.000000	2.87789e+08	1660.000000	3.00645e+08	1660.000000	3.84575e+08	
1680.000000	8.77291e+10	1680.000000	5.38521e+10	1680.000000	5.36457e+10	1680.000000	5.37451e+10	1680.000000	5.36603e+10	1680.000000	1.60397e+08	1680.000000	9.85788e+07	1680.000000	2.91403e+08	1680.000000	3.04731e+08	1680.000000	3.89987e+08	
1700.000000	8.90581e+10	1700.000000	5.46603e+10	1700.000000	5.4452e+10	1700.000000	5.4553e+10	1700.000000	5.44668e+10	1700.000000	1.6208e+08	1700.000000	1.00019e+08	1700.000000	2.95004e+08	1700.000000	3.08809e+08	1700.000000	3.9539e+08	
1750.000000	9.23816e+10	1750.000000	5.66822e+10	1750.000000	5.64704e+10	1750.000000	5.65753e+10	1750.000000	5.64858e+10	1750.000000	1.66243e+08	1750.000000	1.03631e+08	1750.000000	3.03954e+08	1750.000000	3.18967e+08	1750.000000	4.08862e+08	
1800.000000	9.57055e+10	1800.000000	5.87057e+10	1800.000000	5.84923e+10	1800.000000	5.86013e+10	1800.000000	5.85083e+10	1800.000000	1.70343e+08	1800.000000	1.07255e+08	1800.000000	3.12827e+08	1800.000000	3.29074e+08	1800.000000	4.22279e+08	
1850.000000	9.90286e+10	1850.000000	6.07301e+10	1850.000000	6.05173e+10	1850.000000	6.06303e+10	1850.000000	6.05339e+10	1850.000000	1.74383e+08	1850.000000	1.10893e+08	1850.000000	3.21625e+08	1850.000000	3.39127e+08	1850.000000	4.35639e+08	
1900.000000	1.0235e+11	1900.000000	6.27549e+10	1900.000000	6.25451e+10	1900.000000	6.2662e+10	1900.000000	6.25622e+10	1900.000000	1.78364e+08	1900.000000	1.14542e+08	1900.000000	3.30347e+08	1900.000000	3.49125e+08	1900.000000	4.48941e+08	
1950.000000	1.05669e+11	1950.000000	6.47796e+10	1950.000000	6.45751e+10	1950.000000	6.46961e+10	1950.000000	6.45928e+10	1950.000000	1.82287e+08	1950.000000	1.18202e+08	1950.000000	3.38995e+08	1950.000000	3.59068e+08	1950.000000	4.62182e+08	
2000.000000	1.08984e+11	2000.000000	6.68037e+10	2000.000000	6.66072e+10	2000.000000	6.67322e+10	2000.000000	6.66254e+10	2000.000000	1.86154e+08	2000.000000	1.21874e+08	2000.000000	3.47568e+08	2000.000000	3.68955e+08	2000.000000	4.7536e+08	
2100.000000	1.15599e+11	2100.000000	7.08486e+10	2100.000000	7.0676e+10	2100.000000	7.0809e+10	2100.000000	7.06954e+10	2100.000000	1.93725e+08	2100.000000	1.29254e+08	2100.000000	3.64494e+08	2100.000000	3.88558e+08	2100.000000	5.01526e+08	
2200.000000	1.22191e+11	2200.000000	7.48864e+10	2200.000000	7.47495e+10	2200.000000	7.48903e+10	2200.000000	7.47699e+10	2200.000000	2.01088e+08	2200.000000	1.36682e+08	2200.000000	3.81132e+08	2200.000000	4.07932e+08	2200.000000	5.2743e+08	
2300.000000	1.28754e+11	2300.000000	7.89147e+10	2300.000000	7.88256e+10	2300.000000	7.89743e+10	2300.000000	7.8847e+10	2300.000000	2.08255e+08	2300.000000	1.44158e+08	2300.000000	3.97489e+08	2300.000000	4.27073e+08	2300.000000	5.53066e+08	
2400.000000	1.35284e+11	2400.000000	8.29311e+10	2400.000000	8.29029e+10	2400.000000	8.30594e+10	2400.000000	8.29253e+10	2400.000000	2.15235e+08	2400.000000	1.51681e+08	2400.000000	4.13571e+08	2400.000000	4.45983e+08	2400.000000	5.78432e+08	
2500.000000	1.41776e+11	2500.000000	8.69338e+10	2500.000000	8.69799e+10	2500.000000	8.71443e+10	2500.000000	8.70033e+10	2500.000000	2.22037e+08	2500.000000	1.59249e+08	2500.000000	4.29388e+08	2500.000000	4.64663e+08	2500.000000	6.03526e+08	
2600.000000	1.48227e+11	2600.000000	9.0921e+10	2600.000000	9.10556e+10	2600.000000	9.12277e+10	2600.000000	9.108e+10 	2600.000000	2.28671e+08	2600.000000	1.6686e+08	2600.000000	4.44945e+08	2600.000000	4.83113e+08	2600.000000	6.28347e+08	
2700.000000	1.54636e+11	2700.000000	9.48914e+10	2700.000000	9.51291e+10	2700.000000	9.53089e+10	2700.000000	9.51544e+10	2700.000000	2.35145e+08	2700.000000	1.74511e+08	2700.000000	4.60252e+08	2700.000000	5.01337e+08	2700.000000	6.52897e+08	
2800.000000	1.60999e+11	2800.000000	9.88437e+10	2800.000000	9.91994e+10	2800.000000	9.93869e+10	2800.000000	9.92257e+10	2800.000000	2.41466e+08	2800.000000	1.82203e+08	2800.000000	4.75315e+08	2800.000000	5.19337e+08	2800.000000	6.77177e+08	
2900.000000	1.67314e+11	2900.000000	1.02777e+11	2900.000000	1.03266e+11	2900.000000	1.03461e+11	2900.000000	1.03293e+11	2900.000000	2.47642e+08	2900.000000	1.89935e+08	2900.000000	4.90142e+08	2900.000000	5.37117e+08	2900.000000	7.0119e+08	
3000.000000	1.73579e+11	3000.000000	1.0669e+11	3000.000000	1.07328e+11	3000.000000	1.07531e+11	3000.000000	1.07356e+11	3000.000000	2.5368e+08	3000.000000	1.97707e+08	3000.000000	5.0474e+08	3000.000000	5.5468e+08	3000.000000	7.24938e+08	
3200.000000	1.85958e+11	3200.000000	1.14454e+11	3200.000000	1.15438e+11	3200.000000	1.15656e+11	3200.000000	1.15468e+11	3200.000000	2.65366e+08	3200.000000	2.13369e+08	3200.000000	5.33279e+08	3200.000000	5.89172e+08	3200.000000	7.71655e+08	
3400.000000	1.98125e+11	3400.000000	1.22131e+11	3400.000000	1.23525e+11	3400.000000	1.23758e+11	3400.000000	1.23556e+11	3400.000000	2.76572e+08	3400.000000	2.29188e+08	3400.000000	5.60985e+08	3400.000000	6.22844e+08	3400.000000	8.17359e+08	
3600.000000	2.10075e+11	3600.000000	1.29717e+11	3600.000000	1.31588e+11	3600.000000	1.31835e+11	3600.000000	1.31621e+11	3600.000000	2.87337e+08	3600.000000	2.45161e+08	3600.000000	5.87909e+08	3600.000000	6.5573e+08	3600.000000	8.62085e+08	
3800.000000	2.21806e+11	3800.000000	1.37211e+11	3800.000000	1.39624e+11	3800.000000	1.39886e+11	3800.000000	1.39659e+11	3800.000000	2.977e+08 	3800.000000	2.61286e+08	3800.000000	6.14099e+08	3800.000000	6.87862e+08	3800.000000	9.05868e+08	
4000.000000	2.33317e+11	4000.000000	1.44611e+11	4000.000000	1.47634e+11	4000.000000	1.4791e+11	4000.000000	1.4767e+11	4000.000000	3.07691e+08	4000.000000	2.77559e+08	4000.000000	6.39597e+08	4000.000000	7.19273e+08	4000.000000	9.48743e+08	
4200.000000	2.44606e+11	4200.000000	1.51917e+11	4200.000000	1.55616e+11	4200.000000	1.55906e+11	4200.000000	1.55653e+11	4200.000000	3.1734e+08	4200.000000	2.93978e+08	4200.000000	6.64444e+08	4200.000000	7.49994e+08	4200.000000	9.90747e+08	
4400.000000	2.55677e+11	4400.000000	1.59129e+11	4400.000000	1.6357e+11	4400.000000	1.63874e+11	4400.000000	1.63609e+11	4400.000000	3.26672e+08	4400.000000	3.10541e+08	4400.000000	6.88677e+08	4400.000000	7.80056e+08	4400.000000	1.03191e+09	
4600.000000	2.66531e+11	4600.000000	1.66248e+11	4600.000000	1.71496e+11	4600.000000	1.71814e+11	4600.000000	1.71536e+11	4600.000000	3.3571e+08	4600.000000	3.27246e+08	4600.000000	7.1233e+08	4600.000000	8.09486e+08	4600.000000	1.07228e+09	
4800.000000	2.77171e+11	4800.000000	1.73273e+11	4800.000000	1.79394e+11	4800.000000	1.79725e+11	4800.000000	1.79435e+11	4800.000000	3.44474e+08	4800.000000	3.44092e+08	4800.000000	7.35435e+08	4800.000000	8.38313e+08	4800.000000	1.11187e+09	
5000.000000	2.87601e+11	5000.000000	1.80207e+11	5000.000000	1.87264e+11	5000.000000	1.87609e+11	5000.000000	1.87306e+11	5000.000000	3.52983e+08	5000.000000	3.61076e+08	5000.000000	7.5802e+08	5000.000000	8.66563e+08	5000.000000	1.15072e+09	
5250.000000	3.00348e+11	5250.000000	1.88747e+11	5250.000000	1.97062e+11	5250.000000	1.97425e+11	5250.000000	1.97107e+11	5250.000000	3.63285e+08	5250.000000	3.82498e+08	5250.000000	7.85562e+08	5250.000000	9.011e+08 	5250.000000	1.19829e+09	
5500.000000	3.1278e+11	5500.000000	1.97149e+11	5500.000000	2.06819e+11	5500.000000	2.07198e+11	5500.000000	2.06865e+11	5500.000000	3.73244e+08	5500.000000	4.04131e+08	5500.000000	8.12383e+08	5500.000000	9.34818e+08	5500.000000	1.2448e+09	
6000.000000	3.36733e+11	6000.000000	2.13546e+11	6000.000000	2.26208e+11	6000.000000	2.2662e+11	6000.000000	2.26258e+11	6000.000000	3.9223e+08	6000.000000	4.48017e+08	6000.000000	8.64031e+08	6000.000000	9.99963e+08	6000.000000	1.33486e+09	
6500.000000	3.59529e+11	6500.000000	2.29424e+11	6500.000000	2.45439e+11	6500.000000	2.45883e+11	6500.000000	2.45492e+11	6500.000000	4.10117e+08	6500.000000	4.92709e+08	6500.000000	9.13272e+08	6500.000000	1.0623e+09	6500.000000	1.42127e+09	
7000.000000	3.81239e+11	7000.000000	2.44809e+11	7000.000000	2.64519e+11	7000.000000	2.64995e+11	7000.000000	2.64575e+11	7000.000000	4.27046e+08	7000.000000	5.38183e+08	7000.000000	9.60362e+08	7000.000000	1.12209e+09	7000.000000	1.50436e+09	
7500.000000	4.0193e+11	7500.000000	2.59725e+11	7500.000000	2.83455e+11	7500.000000	2.83962e+11	7500.000000	2.83515e+11	7500.000000	4.43132e+08	7500.000000	5.84416e+08	7500.000000	1.00552e+09	7500.000000	1.17957e+09	7500.000000	1.58441e+09	
8000.000000	4.21666e+11	8000.000000	2.74197e+11	8000.000000	3.02256e+11	8000.000000	3.02794e+11	8000.000000	3.02319e+11	8000.000000	4.5847e+08	8000.000000	6.31385e+08	8000.000000	1.04893e+09	8000.000000	1.23492e+09	8000.000000	1.66168e+09	
8500.000000	4.40509e+11	8500.000000	2.88249e+11	8500.000000	3.20928e+11	8500.000000	3.21495e+11	8500.000000	3.20994e+11	8500.000000	4.73139e+08	8500.000000	6.79072e+08	8500.000000	1.09075e+09	8500.000000	1.28834e+09	8500.000000	1.73639e+09	
9000.000000	4.58516e+11	9000.000000	3.01902e+11	9000.000000	3.39477e+11	9000.000000	3.40074e+11	9000.000000	3.39547e+11	9000.000000	4.87208e+08	9000.000000	7.27468e+08	9000.000000	1.13112e+09	9000.000000	1.33996e+09	9000.000000	1.80873e+09	
9500.000000	4.75739e+11	9500.000000	3.15178e+11	9500.000000	3.57909e+11	9500.000000	3.58537e+11	9500.000000	3.57984e+11	9500.000000	5.00734e+08	9500.000000	7.76555e+08	9500.000000	1.17016e+09	9500.000000	1.38993e+09	9500.000000	1.87888e+09	
10000.000000	4.92227e+11	10000.000000	3.28095e+11	10000.000000	3.76231e+11	10000.000000	3.76888e+11	10000.000000	3.7631e+11	10000.000000	5.13765e+08	10000.000000	8.26304e+08	10000.000000	1.20797e+09	10000.000000	1.43837e+09	10000.000000	1.947e+09 	
11000.000000	5.23178e+11	11000.000000	3.52928e+11	11000.000000	4.12564e+11	11000.000000	4.13279e+11	11000.000000	4.12651e+11	11000.000000	5.38512e+08	11000.000000	9.2772e+08	11000.000000	1.28028e+09	11000.000000	1.53107e+09	11000.000000	2.07767e+09	
12000.000000	5.51693e+11	12000.000000	3.76531e+11	12000.000000	4.48514e+11	12000.000000	4.49284e+11	12000.000000	4.48609e+11	12000.000000	5.61729e+08	12000.000000	1.03167e+09	12000.000000	1.34867e+09	12000.000000	1.6188e+09	12000.000000	2.2017e+09	
13000.000000	5.78049e+11	13000.000000	3.99021e+11	13000.000000	4.84113e+11	13000.000000	4.84937e+11	13000.000000	4.84216e+11	13000.000000	5.83635e+08	13000.000000	1.13806e+09	13000.000000	1.41364e+09	13000.000000	1.70215e+09	13000.000000	2.31987e+09	
14000.000000	6.02483e+11	14000.000000	4.20498e+11	14000.000000	5.1939e+11	14000.000000	5.20267e+11	14000.000000	5.19501e+11	14000.000000	6.04404e+08	14000.000000	1.24666e+09	14000.000000	1.47559e+09	14000.000000	1.78163e+09	14000.000000	2.43282e+09	
15000.000000	6.25199e+11	15000.000000	4.41049e+11	15000.000000	5.54372e+11	15000.000000	5.55297e+11	15000.000000	5.54489e+11	15000.000000	6.24174e+08	15000.000000	1.35729e+09	15000.000000	1.53485e+09	15000.000000	1.85764e+09	15000.000000	2.5411e+09	
16000.000000	6.46375e+11	16000.000000	4.60752e+11	16000.000000	5.89079e+11	16000.000000	5.9005e+11	16000.000000	5.892e+11 	16000.000000	6.43061e+08	16000.000000	1.46984e+09	16000.000000	1.59171e+09	16000.000000	1.93052e+09	16000.000000	2.64516e+09	
17000.000000	6.66162e+11	17000.000000	4.79675e+11	17000.000000	6.23529e+11	17000.000000	6.24545e+11	17000.000000	6.23655e+11	17000.000000	6.6116e+08	17000.000000	1.58432e+09	17000.000000	1.64641e+09	17000.000000	2.00058e+09	17000.000000	2.7454e+09	
18000.000000	6.84695e+11	18000.000000	4.97878e+11	18000.000000	6.5774e+11	18000.000000	6.58798e+11	18000.000000	6.57869e+11	18000.000000	6.78551e+08	18000.000000	1.70073e+09	18000.000000	1.69913e+09	18000.000000	2.06807e+09	18000.000000	2.84216e+09	
19000.000000	7.0209e+11	19000.000000	5.15415e+11	19000.000000	6.91724e+11	19000.000000	6.92824e+11	19000.000000	6.91859e+11	19000.000000	6.95301e+08	19000.000000	1.81908e+09	19000.000000	1.75005e+09	19000.000000	2.13321e+09	19000.000000	2.93572e+09	
20000.000000	7.18449e+11	20000.000000	5.32334e+11	20000.000000	7.25496e+11	20000.000000	7.26638e+11	20000.000000	7.25637e+11	20000.000000	7.11468e+08	20000.000000	1.93939e+09	20000.000000	1.79933e+09	20000.000000	2.19619e+09	20000.000000	3.02634e+09	
21000.000000	7.33862e+11	21000.000000	5.48679e+11	21000.000000	7.59068e+11	21000.000000	7.60251e+11	21000.000000	7.59215e+11	21000.000000	7.27103e+08	21000.000000	2.06159e+09	21000.000000	1.84709e+09	21000.000000	2.25717e+09	21000.000000	3.11424e+09	
22000.000000	7.48411e+11	22000.000000	5.64487e+11	22000.000000	7.92451e+11	22000.000000	7.93674e+11	22000.000000	7.92605e+11	22000.000000	7.4225e+08	22000.000000	2.18546e+09	22000.000000	1.89345e+09	22000.000000	2.31632e+09	22000.000000	3.19963e+09	
23000.000000	7.62165e+11	23000.000000	5.79793e+11	23000.000000	8.25656e+11	23000.000000	8.26917e+11	23000.000000	8.25817e+11	23000.000000	7.56946e+08	23000.000000	2.3109e+09	23000.000000	1.9385e+09	23000.000000	2.37375e+09	23000.000000	3.28268e+09	
24000.000000	7.75189e+11	24000.000000	5.9463e+11	24000.000000	8.58693e+11	24000.000000	8.59989e+11	24000.000000	8.58859e+11	24000.000000	7.71225e+08	24000.000000	2.43805e+09	24000.000000	1.98235e+09	24000.000000	2.42959e+09	24000.000000	3.36354e+09	
25000.000000	7.87538e+11	25000.000000	6.09025e+11	25000.000000	8.91568e+11	25000.000000	8.92898e+11	25000.000000	8.9174e+11	25000.000000	7.85118e+08	25000.000000	2.56683e+09	25000.000000	2.02506e+09	25000.000000	2.48394e+09	25000.000000	3.44236e+09	
26000.000000	7.99265e+11	26000.000000	6.23005e+11	26000.000000	9.24287e+11	26000.000000	9.25653e+11	26000.000000	9.24467e+11	26000.000000	7.9865e+08	26000.000000	2.69711e+09	26000.000000	2.06671e+09	26000.000000	2.53689e+09	26000.000000	3.51927e+09	
27000.000000	8.10415e+11	27000.000000	6.36594e+11	27000.000000	9.5686e+11	27000.000000	9.58259e+11	27000.000000	9.57047e+11	27000.000000	8.11845e+08	27000.000000	2.82883e+09	27000.000000	2.10737e+09	27000.000000	2.58853e+09	27000.000000	3.59437e+09	
28000.000000	8.21029e+11	28000.000000	6.49814e+11	28000.000000	9.89293e+11	28000.000000	9.90724e+11	28000.000000	9.89487e+11	28000.000000	8.24725e+08	28000.000000	2.96198e+09	28000.000000	2.14709e+09	28000.000000	2.63894e+09	28000.000000	3.66778e+09	
29000.000000	8.31145e+11	29000.000000	6.62684e+11	29000.000000	1.02159e+12	29000.000000	1.02305e+12	29000.000000	1.02179e+12	29000.000000	8.37309e+08	29000.000000	3.09658e+09	29000.000000	2.18593e+09	29000.000000	2.68819e+09	29000.000000	3.73959e+09	
30000.000000	8.40797e+11	30000.000000	6.75224e+11	30000.000000	1.05376e+12	30000.000000	1.05525e+12	30000.000000	1.05397e+12	30000.000000	8.49614e+08	30000.000000	3.23262e+09	30000.000000	2.22394e+09	30000.000000	2.73634e+09	30000.000000	3.80989e+09	
32000.000000	8.5883e+11	32000.000000	6.99378e+11	32000.000000	1.11774e+12	32000.000000	1.11928e+12	32000.000000	1.11796e+12	32000.000000	8.73452e+08	32000.000000	3.5089e+09	32000.000000	2.29762e+09	32000.000000	2.82957e+09	32000.000000	3.94624e+09	
34000.000000	8.75346e+11	34000.000000	7.22397e+11	34000.000000	1.18126e+12	34000.000000	1.18284e+12	34000.000000	1.18149e+12	34000.000000	8.96349e+08	34000.000000	3.79031e+09	34000.000000	2.36846e+09	34000.000000	2.91905e+09	34000.000000	4.07741e+09	
36000.000000	8.90524e+11	36000.000000	7.44386e+11	36000.000000	1.24435e+12	36000.000000	1.24597e+12	36000.000000	1.24459e+12	36000.000000	9.18399e+08	36000.000000	4.07646e+09	36000.000000	2.43671e+09	36000.000000	3.00513e+09	36000.000000	4.20387e+09	
38000.000000	9.04521e+11	38000.000000	7.65435e+11	38000.000000	1.30704e+12	38000.000000	1.3087e+12	38000.000000	1.3073e+12	38000.000000	9.39681e+08	38000.000000	4.36721e+09	38000.000000	2.50262e+09	38000.000000	3.08812e+09	38000.000000	4.32604e+09	
40000.000000	9.17466e+11	40000.000000	7.85623e+11	40000.000000	1.36936e+12	40000.000000	1.37105e+12	40000.000000	1.36963e+12	40000.000000	9.60264e+08	40000.000000	4.66251e+09	40000.000000	2.56636e+09	40000.000000	3.16828e+09	40000.000000	4.44426e+09	
42000.000000	9.29471e+11	42000.000000	8.05021e+11	42000.000000	1.43134e+12	42000.000000	1.43304e+12	42000.000000	1.43162e+12	42000.000000	9.80206e+08	42000.000000	4.96229e+09	42000.000000	2.62812e+09	42000.000000	3.24583e+09	42000.000000	4.55885e+09	
44000.000000	9.40633e+11	44000.000000	8.23689e+11	44000.000000	1.49298e+12	44000.000000	1.4947e+12	44000.000000	1.49328e+12	44000.000000	9.9956e+08	44000.000000	5.26643e+09	44000.000000	2.68805e+09	44000.000000	3.32097e+09	44000.000000	4.67009e+09	
46000.000000	9.51036e+11	46000.000000	8.41681e+11	46000.000000	1.55431e+12	46000.000000	1.55604e+12	46000.000000	1.55462e+12	46000.000000	1.01837e+09	46000.000000	5.57483e+09	46000.000000	2.74627e+09	46000.000000	3.39389e+09	46000.000000	4.77821e+09	
48000.000000	9.60754e+11	48000.000000	8.59047e+11	48000.000000	1.61534e+12	48000.000000	1.61708e+12	48000.000000	1.61568e+12	48000.000000	1.03667e+09	48000.000000	5.88736e+09	48000.000000	2.80291e+09	48000.000000	3.46473e+09	48000.000000	4.88343e+09	
50000.000000	9.69849e+11	50000.000000	8.75829e+11	50000.000000	1.6761e+12	50000.000000	1.67784e+12	50000.000000	1.67645e+12	50000.000000	1.05451e+09	50000.000000	6.20386e+09	50000.000000	2.85807e+09	50000.000000	3.53363e+09	50000.000000	4.98593e+09	
