! 9Li range in Si
! apply ZOOM for details
Energy (MeV/u)1	0 - [He-base] F.Hubert et al, AD&ND Tables 46(1990)1	Energy (MeV/u)2	1 - [H -base] J.F.Ziegler et al,Pergamon Press,NY(low energy)	Energy (MeV/u)3	2 - ATIMA 1.2 LS-theory (recommended for high energy)	Energy (MeV/u)4	3 - ATIMA 1.2 without LS-correction	Energy (MeV/u)5	4 - ATIMA 1.4 H.Weick, improved mean charge formula for HI	Energy (MeV/u)6	5 - Range straggling - method [0] - LISE	Energy (MeV/u)7	6 - Range straggling - method [1] - Atima	Energy (MeV/u)8	7 - Lateral range - method [0] - LISE	Energy (MeV/u)9	8 - Lateral range - method [1] - Atima	Energy (MeV/u)10	9 - Lateral range - method [2] - PDG	
0.001000	0.114203  	0.001000	0.114203  	0.001000	0.0722242 	0.001000	0.0722242 	0.001000	0.0722488 	0.001000	0         	0.001000	0         	0.001000	0.00123252	0.001000	0.00194716	0.001000	0.00093541	
0.002000	0.233657  	0.002000	0.228406  	0.002000	0.144448  	0.002000	0.144448  	0.002000	0.144498  	0.002000	0.00864254	0.002000	0.00864254	0.002000	0.00360953	0.002000	0.0055091 	0.002000	0.00284364	
0.005000	0.530597  	0.005000	0.512294  	0.005000	0.330289  	0.005000	0.330289  	0.005000	0.330367  	0.005000	0.0102686 	0.005000	0.0102686 	0.005000	0.0128946 	0.005000	0.0189951 	0.005000	0.0105049 	
0.008000	0.768559  	0.008000	0.739796  	0.008000	0.489831  	0.008000	0.489831  	0.008000	0.489921  	0.008000	0.0103372 	0.008000	0.0103372 	0.008000	0.0236805 	0.008000	0.0342897 	0.008000	0.0195763 	
0.010000	0.906512  	0.010000	0.871685  	0.010000	0.586977  	0.010000	0.586977  	0.010000	0.587072  	0.010000	0.0105782 	0.010000	0.0105782 	0.010000	0.0313073 	0.010000	0.0449779 	0.010000	0.0260473 	
0.015000	1.20374   	0.015000	1.15585   	0.015000	0.807706  	0.015000	0.807706  	0.015000	0.807808  	0.015000	0.0118148 	0.015000	0.0118148 	0.015000	0.0512324 	0.015000	0.0726019 	0.015000	0.0430822 	
0.020000	1.44469   	0.020000	1.3862    	0.020000	0.997982  	0.020000	0.997982  	0.020000	0.998087  	0.020000	0.0132775 	0.020000	0.0132775 	0.020000	0.0709242 	0.020000	0.0996873 	0.020000	0.0600092 	
0.025000	1.64524   	0.025000	1.57794   	0.025000	1.16348   	0.025000	1.16348   	0.025000	1.16359   	0.025000	0.0145882 	0.025000	0.0145882 	0.025000	0.0897408 	0.025000	0.125455  	0.025000	0.0762324 	
0.030000	1.81829   	0.030000	1.74339   	0.030000	1.31145   	0.030000	1.31145   	0.030000	1.31156   	0.030000	0.0157243 	0.030000	0.0157243 	0.030000	0.107821  	0.030000	0.150118  	0.030000	0.0918616 	
0.035000	1.97205   	0.035000	1.89039   	0.035000	1.44695   	0.035000	1.44695   	0.035000	1.44706   	0.035000	0.0167238 	0.035000	0.0167238 	0.035000	0.125382  	0.035000	0.173928  	0.035000	0.107079  	
0.040000	2.11164   	0.040000	2.02384   	0.040000	1.57279   	0.040000	1.57279   	0.040000	1.5729    	0.040000	0.0176109 	0.040000	0.0176109 	0.040000	0.141289  	0.040000	0.194859  	0.040000	0.120892  	
0.045000	2.24048   	0.045000	2.14702   	0.045000	1.69097   	0.045000	1.69097   	0.045000	1.69108   	0.045000	0.0184083 	0.045000	0.0184083 	0.045000	0.153933  	0.045000	0.210997  	0.045000	0.131895  	
0.050000	2.36102   	0.050000	2.26226   	0.050000	1.803     	0.050000	1.803     	0.050000	1.80311   	0.050000	0.0191346 	0.050000	0.0190906 	0.050000	0.164675  	0.050000	0.224437  	0.050000	0.141261  	
0.055000	2.47507   	0.055000	2.3713    	0.055000	1.91003   	0.055000	1.91003   	0.055000	1.91014   	0.055000	0.0198045 	0.055000	0.0196872 	0.055000	0.174015  	0.055000	0.235983  	0.055000	0.149419  	
0.060000	2.584     	0.060000	2.47544   	0.060000	2.01296   	0.060000	2.01296   	0.060000	2.01308   	0.060000	0.0204297 	0.060000	0.0202366 	0.060000	0.18222   	0.060000	0.246054  	0.060000	0.1566    	
0.070000	2.79048   	0.070000	2.67284   	0.070000	2.20929   	0.070000	2.20929   	0.070000	2.2094    	0.070000	0.0215806 	0.070000	0.0212337 	0.070000	0.196273  	0.070000	0.26321   	0.070000	0.168933  	
0.080000	2.98646   	0.080000	2.86021   	0.080000	2.39629   	0.080000	2.39629   	0.080000	2.3964    	0.080000	0.0226405 	0.080000	0.02214   	0.080000	0.208074  	0.080000	0.277578  	0.080000	0.179328  	
0.090000	3.17578   	0.090000	3.04121   	0.090000	2.57688   	0.090000	2.57688   	0.090000	2.57699   	0.090000	0.0236439 	0.090000	0.022991  	0.090000	0.218556  	0.090000	0.290288  	0.090000	0.188589  	
0.100000	3.36096   	0.100000	3.21824   	0.100000	2.75313   	0.100000	2.75313   	0.100000	2.75324   	0.100000	0.0246141 	0.100000	0.0238093 	0.100000	0.227883  	0.100000	0.301594  	0.100000	0.196859  	
0.120000	3.72287   	0.120000	3.56425   	0.120000	3.09821   	0.120000	3.09821   	0.120000	3.09832   	0.120000	0.0265151 	0.120000	0.0254045 	0.120000	0.244574  	0.120000	0.321745  	0.120000	0.211718  	
0.140000	4.07868   	0.140000	3.90442   	0.140000	3.43935   	0.140000	3.43935   	0.140000	3.43946   	0.140000	0.0284244 	0.140000	0.0270006 	0.140000	0.259392  	0.140000	0.339549  	0.140000	0.224982  	
0.160000	4.4322    	0.160000	4.2424    	0.160000	3.78092   	0.160000	3.78092   	0.160000	3.78104   	0.160000	0.0303834 	0.160000	0.028635  	0.160000	0.273057  	0.160000	0.355876  	0.160000	0.237271  	
0.180000	4.78603   	0.180000	4.58068   	0.180000	4.12538   	0.180000	4.12538   	0.180000	4.1255    	0.180000	0.0324123 	0.180000	0.0303258 	0.180000	0.286004  	0.180000	0.371239  	0.180000	0.24896   	
0.200000	5.14098   	0.200000	4.92002   	0.200000	4.47412   	0.200000	4.47412   	0.200000	4.47423   	0.200000	0.0345196 	0.200000	0.0320803 	0.200000	0.298343  	0.200000	0.385815  	0.200000	0.260142  	
0.250000	6.03673   	0.250000	5.7764    	0.250000	5.36865   	0.250000	5.36865   	0.250000	5.36877   	0.250000	0.04013   	0.250000	0.0367436 	0.250000	0.327764  	0.250000	0.420168  	0.250000	0.286943  	
0.300000	6.93535   	0.300000	6.63552   	0.300000	6.29559   	0.300000	6.29559   	0.300000	6.29571   	0.300000	0.0461369 	0.300000	0.0417204 	0.300000	0.355667  	0.300000	0.452284  	0.300000	0.31253   	
0.350000	7.84039   	0.350000	7.50077   	0.350000	7.24922   	0.350000	7.24922   	0.350000	7.24934   	0.350000	0.0523702 	0.350000	0.0468605 	0.350000	0.382644  	0.350000	0.482903  	0.350000	0.337377  	
0.400000	8.75854   	0.400000	8.37857   	0.400000	8.2306    	0.400000	8.2306    	0.400000	8.23071   	0.400000	0.0588227 	0.400000	0.0521506 	0.400000	0.409043  	0.400000	0.512456  	0.400000	0.361788  	
0.450000	9.6964    	0.450000	9.2752    	0.450000	9.24146   	0.450000	9.24146   	0.450000	9.24158   	0.450000	0.0655127 	0.450000	0.0576    	0.450000	0.435003  	0.450000	0.541199  	0.450000	0.385883  	
0.500000	10.6577   	0.500000	10.1942   	0.500000	10.2822   	0.500000	10.2822   	0.500000	10.2824   	0.500000	0.0724378 	0.500000	0.0632021 	0.500000	0.460883  	0.500000	0.569483  	0.500000	0.409969  	
0.600000	12.6515   	0.600000	12.1004   	0.600000	12.4519   	0.600000	12.4519   	0.600000	12.4521   	0.600000	0.0869436 	0.600000	0.0748113 	0.600000	0.512539  	0.600000	0.625091  	0.600000	0.458215  	
0.700000	14.7585   	0.700000	14.1148   	0.700000	14.737    	0.700000	14.737    	0.700000	14.7371   	0.700000	0.102277  	0.700000	0.0869095 	0.700000	0.564277  	0.700000	0.68006   	0.700000	0.50673   	
0.800000	16.9756   	0.800000	16.2344   	0.800000	17.1355   	0.800000	17.1355   	0.800000	17.1357   	0.800000	0.118413  	0.800000	0.0994663 	0.800000	0.616376  	0.800000	0.735103  	0.800000	0.555734  	
0.900000	19.296    	0.900000	18.4528   	0.900000	19.6463   	0.900000	19.6463   	0.900000	19.6464   	0.900000	0.135345  	0.900000	0.112471  	0.900000	0.669154  	0.900000	0.790603  	0.900000	0.605477  	
1.000000	21.7349   	1.000000	20.7846   	1.000000	22.2716   	1.000000	22.2716   	1.000000	22.2717   	1.000000	0.153138  	1.000000	0.125968  	1.000000	0.72266   	1.000000	0.84668   	1.000000	0.656014  	
1.250000	28.3979   	1.250000	27.1546   	1.250000	29.3436   	1.250000	29.3436   	1.250000	29.3437   	1.250000	0.201593  	1.250000	0.162402  	1.250000	0.860792  	1.250000	0.990718  	1.250000	0.786791  	
1.500000	36.0126   	1.500000	34.4346   	1.500000	37.1218   	1.500000	37.1218   	1.500000	37.1219   	1.500000	0.255456  	1.500000	0.204258  	1.500000	1.00266   	1.500000	1.14075   	1.500000	0.924216  	
1.750000	44.6332   	1.750000	42.6764   	1.750000	45.5989   	1.750000	45.5989   	1.750000	45.599    	1.750000	0.314768  	1.750000	0.250659  	1.750000	1.14972   	1.750000	1.2975    	1.750000	1.06145   	
2.000000	54.1846   	2.000000	51.8078   	2.000000	54.7742   	2.000000	54.7742   	2.000000	54.7742   	2.000000	0.379665  	2.000000	0.300963  	2.000000	1.28104   	2.000000	1.46136   	2.000000	1.18687   	
2.250000	64.6115   	2.250000	61.7765   	2.250000	64.6509   	2.250000	64.6509   	2.250000	64.651    	2.250000	0.450332  	2.250000	0.354927  	2.250000	1.42153   	2.250000	1.63248   	2.250000	1.32105   	
2.500000	75.8742   	2.500000	72.5434   	2.500000	75.2327   	2.500000	75.2327   	2.500000	75.2328   	2.500000	0.526924  	2.500000	0.412454  	2.500000	1.57126   	2.500000	1.795     	2.500000	1.46409   	
3.000000	99.9893   	3.000000	96.3645   	3.000000	98.5154   	3.000000	98.5154   	3.000000	98.5154   	3.000000	0.698231  	3.000000	0.537981  	3.000000	1.89855   	3.000000	2.13331   	3.000000	1.77692   	
3.500000	126.986   	3.500000	123.114   	3.500000	124.615   	3.500000	124.615   	3.500000	124.615   	3.500000	0.893893  	3.500000	0.677196  	3.500000	2.2628    	3.500000	2.5062    	3.500000	2.1254    	
4.000000	156.806   	4.000000	152.693   	4.000000	153.507   	4.000000	153.507   	4.000000	153.507   	4.000000	1.11378   	4.000000	0.829689  	4.000000	2.66367   	4.000000	2.91282   	4.000000	2.50929   	
4.500000	189.397   	4.500000	185.028   	4.500000	185.153   	4.500000	185.153   	4.500000	185.153   	4.500000	1.35754   	4.500000	0.99493   	4.500000	3.10065   	4.500000	3.35226   	4.500000	2.92811   	
5.000000	224.714   	5.000000	220.06    	5.000000	219.51    	5.000000	219.51    	5.000000	219.51    	5.000000	1.62467   	5.000000	1.17241   	5.000000	3.57313   	5.000000	3.82364   	5.000000	3.38133   	
5.500000	262.713   	5.500000	257.735   	5.500000	256.532   	5.500000	256.532   	5.500000	256.532   	5.500000	1.91467   	5.500000	1.36169   	5.500000	4.08041   	5.500000	4.32604   	5.500000	3.86828   	
6.000000	303.355   	6.000000	298.005   	6.000000	296.176   	6.000000	296.176   	6.000000	296.176   	6.000000	2.22702   	6.000000	1.56234   	6.000000	4.62188   	6.000000	4.85866   	6.000000	4.38839   	
6.500000	346.606   	6.500000	340.823   	6.500000	338.396   	6.500000	338.396   	6.500000	338.396   	6.500000	2.56123   	6.500000	1.77398   	6.500000	5.19688   	6.500000	5.42068   	6.500000	4.94104   	
7.000000	392.432   	7.000000	386.148   	7.000000	383.151   	7.000000	383.151   	7.000000	383.151   	7.000000	2.91685   	7.000000	1.99627   	7.000000	5.80483   	7.000000	6.01141   	7.000000	5.52567   	
7.500000	440.802   	7.500000	433.94    	7.500000	430.403   	7.500000	430.403   	7.500000	430.403   	7.500000	3.29346   	7.500000	2.22891   	7.500000	6.44514   	7.500000	6.63016   	7.500000	6.14173   	
8.000000	491.689   	8.000000	484.165   	8.000000	480.115   	8.000000	480.115   	8.000000	480.115   	8.000000	3.69068   	8.000000	2.47161   	8.000000	7.1173    	8.000000	7.27633   	8.000000	6.78873   	
8.500000	545.064   	8.500000	536.788   	8.500000	532.253   	8.500000	532.253   	8.500000	532.252   	8.500000	4.10817   	8.500000	2.72409   	8.500000	7.82081   	8.500000	7.94935   	8.500000	7.4662    	
9.000000	600.904   	9.000000	591.779   	9.000000	586.784   	9.000000	586.784   	9.000000	586.784   	9.000000	4.54563   	9.000000	2.98608   	9.000000	8.55523   	9.000000	8.64871   	9.000000	8.1737    	
9.500000	659.184   	9.500000	649.106   	9.500000	643.68    	9.500000	643.68    	9.500000	643.68    	9.500000	5.00276   	9.500000	3.2574    	9.500000	9.32012   	9.500000	9.37393   	9.500000	8.91084   	
10.000000	719.882   	10.000000	708.736   	10.000000	702.913   	10.000000	702.913   	10.000000	702.913   	10.000000	5.47932   	10.000000	3.53795   	10.000000	10.1151   	10.000000	10.1246   	10.000000	9.67723   	
11.000000	848.444   	11.000000	834.308   	11.000000	828.4     	11.000000	828.388   	11.000000	828.399   	11.000000	6.49234   	11.000000	4.12772   	11.000000	11.7957   	11.000000	11.7021   	11.000000	11.2982   	
12.000000	986.431   	12.000000	968.908   	12.000000	963.195   	12.000000	963.148   	12.000000	963.193   	12.000000	7.58575   	12.000000	4.75589   	12.000000	13.5966   	12.000000	13.3804   	12.000000	13.0363   	
13.000000	1133.7    	13.000000	1112.44   	13.000000	1107.17   	13.000000	1107.07   	13.000000	1107.17   	13.000000	8.75846   	13.000000	5.42144   	13.000000	15.5164   	13.000000	15.1576   	13.000000	14.8901   	
14.000000	1290.1    	14.000000	1264.8    	14.000000	1260.22   	14.000000	1260.06   	14.000000	1260.22   	14.000000	10.0097   	14.000000	6.1236    	14.000000	17.5538   	14.000000	17.0322   	14.000000	16.8585   	
15.000000	1455.52   	15.000000	1425.91   	15.000000	1422.26   	15.000000	1422.01   	15.000000	1422.25   	15.000000	11.339    	15.000000	6.86225   	15.000000	19.7077   	15.000000	19.0027   	15.000000	18.9403   	
16.000000	1629.84   	16.000000	1595.68   	16.000000	1593.19   	16.000000	1592.86   	16.000000	1593.19   	16.000000	12.7458   	16.000000	7.63715   	16.000000	21.9772   	16.000000	21.0682   	16.000000	21.135    	
17.000000	1812.95   	17.000000	1774.02   	17.000000	1772.96   	17.000000	1772.53   	17.000000	1772.96   	17.000000	14.23     	17.000000	8.44773   	17.000000	24.3616   	17.000000	23.2275   	17.000000	23.4417   	
18.000000	2004.73   	18.000000	1960.86   	18.000000	1961.51   	18.000000	1960.98   	18.000000	1961.51   	18.000000	15.7912   	18.000000	9.29364   	18.000000	26.8603   	18.000000	25.4799   	18.000000	25.8601   	
19.000000	2205.1    	19.000000	2156.11   	19.000000	2158.77   	19.000000	2158.14   	19.000000	2158.77   	19.000000	17.4294   	19.000000	10.1748   	19.000000	29.4729   	19.000000	27.8247   	19.000000	28.3896   	
20.000000	2413.96   	20.000000	2359.71   	20.000000	2364.7    	20.000000	2363.97   	20.000000	2364.72   	20.000000	19.1445   	20.000000	11.0911   	20.000000	32.1988   	20.000000	30.2611   	20.000000	31.0299   	
21.000000	2631.21   	21.000000	2571.57   	21.000000	2579.28   	21.000000	2578.44   	21.000000	2579.29   	21.000000	20.9364   	21.000000	12.0425   	21.000000	35.0378   	21.000000	32.7888   	21.000000	33.7808   	
22.000000	2856.78   	22.000000	2791.64   	22.000000	2802.45   	22.000000	2801.5    	22.000000	2802.45   	22.000000	22.8051   	22.000000	13.0289   	22.000000	37.9895   	22.000000	35.407    	22.000000	36.6418   	
23.000000	3090.57   	23.000000	3019.85   	23.000000	3034.17   	23.000000	3033.12   	23.000000	3034.18   	23.000000	24.7505   	23.000000	14.0501   	23.000000	41.0536   	23.000000	38.1155   	23.000000	39.613    	
24.000000	3332.51   	24.000000	3256.12   	24.000000	3274.41   	24.000000	3273.28   	24.000000	3274.42   	24.000000	26.7728   	24.000000	15.1062   	24.000000	44.2299   	24.000000	40.9138   	24.000000	42.6941   	
25.000000	3582.53   	25.000000	3500.41   	25.000000	3523.15   	25.000000	3521.94   	25.000000	3523.17   	25.000000	28.8718   	25.000000	16.197    	25.000000	47.5183   	25.000000	43.8016   	25.000000	45.8849   	
27.000000	4106.51   	27.000000	4012.76   	27.000000	4046.01   	27.000000	4044.67   	27.000000	4046.02   	27.000000	33.3      	27.000000	18.483    	27.000000	54.4303   	27.000000	49.8441   	27.000000	52.5955   	
29.000000	4661.94   	29.000000	4556.42   	29.000000	4602.55   	29.000000	4601.12   	29.000000	4602.53   	29.000000	38.0352   	29.000000	20.9074   	29.000000	61.7882   	29.000000	56.2406   	29.000000	59.744    	
31.000000	5248.3    	31.000000	5130.96   	31.000000	5192.24   	31.000000	5190.8    	31.000000	5192.19   	31.000000	43.0692   	31.000000	23.4641   	31.000000	69.5858   	31.000000	62.9847   	31.000000	67.3249   	
33.000000	5865.12   	33.000000	5735.95   	33.000000	5812.92   	33.000000	5811.53   	33.000000	5812.82   	33.000000	48.3543   	33.000000	26.1303   	33.000000	77.7894   	33.000000	70.0482   	33.000000	75.306    	
35.000000	6511.92   	35.000000	6370.98   	35.000000	6463.84   	35.000000	6462.59   	35.000000	6463.69   	35.000000	53.8819   	35.000000	28.9012   	35.000000	86.3881   	35.000000	77.4212   	35.000000	83.6775   	
38.000000	7537.39   	38.000000	7379      	38.000000	7496.03   	38.000000	7495.15   	38.000000	7495.81   	38.000000	62.6246   	38.000000	33.2512   	38.000000	100.014   	38.000000	89.049    	38.000000	96.9549   	
41.000000	8627.98   	41.000000	8452.49   	41.000000	8594.01   	41.000000	8593.71   	41.000000	8593.75   	41.000000	71.9024   	41.000000	37.833    	41.000000	114.496   	41.000000	101.342   	41.000000	111.081   	
44.000000	9782.4    	44.000000	9590.25   	44.000000	9756.56   	44.000000	9757.05   	44.000000	9756.28   	44.000000	81.7067   	44.000000	42.6394   	44.000000	129.815   	44.000000	114.285   	44.000000	126.04    	
47.000000	10999.4   	47.000000	10791.2   	47.000000	10982.5   	47.000000	10984     	47.000000	10982.3   	47.000000	92.0282   	47.000000	47.6667   	47.000000	145.954   	47.000000	127.862   	47.000000	141.817   	
50.000000	12278     	50.000000	12054.1   	50.000000	12270.8   	50.000000	12273.5   	50.000000	12270.6   	50.000000	102.857   	50.000000	52.9109   	50.000000	162.896   	50.000000	142.059   	50.000000	158.397   	
55.000000	14542.6   	55.000000	14294.2   	55.000000	14553.9   	55.000000	14558.8   	55.000000	14553.6   	55.000000	122.008   	55.000000	62.1227   	55.000000	192.878   	55.000000	167.064   	55.000000	187.779   	
60.000000	16970.4   	60.000000	16699.4   	60.000000	17002.6   	60.000000	17010.5   	60.000000	17002.4   	60.000000	142.498   	60.000000	71.9086   	60.000000	224.981   	60.000000	193.698   	60.000000	219.299   	
65.000000	19557.2   	65.000000	19265.3   	65.000000	19613.2   	65.000000	19624.2   	65.000000	19612.9   	65.000000	164.282   	65.000000	82.2425   	65.000000	259.142   	65.000000	221.912   	65.000000	252.901   	
70.000000	22299     	70.000000	21988     	70.000000	22381.4   	70.000000	22396.2   	70.000000	22381.1   	70.000000	187.32    	70.000000	93.113    	70.000000	295.302   	70.000000	251.657   	70.000000	288.535   	
75.000000	25192.1   	75.000000	24863.7   	75.000000	25303.5   	75.000000	25322.6   	75.000000	25303.3   	75.000000	211.571   	75.000000	104.5     	75.000000	333.404   	75.000000	282.89    	75.000000	326.154   	
80.000000	28233.2   	80.000000	27888.7   	80.000000	28376.1   	80.000000	28400     	80.000000	28376     	80.000000	236.995   	80.000000	116.393   	80.000000	373.394   	80.000000	315.569   	80.000000	365.712   	
85.000000	31418.9   	85.000000	31059.8   	85.000000	31595.9   	85.000000	31625.1   	85.000000	31595.9   	85.000000	263.554   	85.000000	128.769   	85.000000	415.223   	85.000000	349.657   	85.000000	407.167   	
90.000000	34746.3   	90.000000	34373.4   	90.000000	34959.7   	90.000000	34994.5   	90.000000	34959.8   	90.000000	291.213   	90.000000	141.615   	90.000000	458.841   	90.000000	385.116   	90.000000	450.477   	
95.000000	38212.4   	95.000000	37826.7   	95.000000	38464.5   	95.000000	38505.3   	95.000000	38464.6   	95.000000	319.937   	95.000000	154.92    	95.000000	504.201   	95.000000	421.911   	95.000000	495.603   	
100.000000	41814.6   	100.000000	41416.4   	100.000000	42107.2   	100.000000	42154.6   	100.000000	42107.4   	100.000000	349.692   	100.000000	168.671   	100.000000	551.257   	100.000000	460.01    	100.000000	542.508   	
105.000000	45550.1   	105.000000	45139.7   	105.000000	45885.1   	105.000000	45939.5   	105.000000	45885.3   	105.000000	380.445   	105.000000	182.856   	105.000000	599.968   	105.000000	499.381   	105.000000	591.155   	
110.000000	49416.7   	110.000000	48993.9   	110.000000	49795.6   	110.000000	49857.3   	110.000000	49795.8   	110.000000	412.166   	110.000000	197.467   	110.000000	650.291   	110.000000	539.994   	110.000000	641.507   	
115.000000	53411.8   	115.000000	52976.3   	115.000000	53835.8   	115.000000	53905.4   	115.000000	53836.1   	115.000000	444.823   	115.000000	212.488   	115.000000	702.185   	115.000000	581.82    	115.000000	693.534   	
120.000000	57533.2   	120.000000	57084.2   	120.000000	58003.5   	120.000000	58081.3   	120.000000	58003.9   	120.000000	478.389   	120.000000	227.901   	120.000000	755.613   	120.000000	624.832   	120.000000	747.199   	
125.000000	61778.9   	125.000000	61315.2   	125.000000	62296     	125.000000	62382.6   	125.000000	62296.5   	125.000000	512.835   	125.000000	243.707   	125.000000	810.535   	125.000000	669.002   	125.000000	802.473   	
130.000000	66146.6   	130.000000	65666.9   	130.000000	66711     	130.000000	66806.9   	130.000000	66711.7   	130.000000	548.133   	130.000000	259.89    	130.000000	866.916   	130.000000	714.306   	130.000000	859.324   	
135.000000	70634.4   	135.000000	70136.9   	135.000000	71246.7   	135.000000	71351.9   	135.000000	71247.3   	135.000000	584.258   	135.000000	276.434   	135.000000	924.721   	135.000000	760.717   	135.000000	917.723   	
140.000000	75240.4   	140.000000	74722.9   	140.000000	75900.5   	140.000000	76015.4   	140.000000	75900.8   	140.000000	621.184   	140.000000	293.335   	140.000000	983.914   	140.000000	808.213   	140.000000	977.639   	
145.000000	79962.7   	145.000000	79422.9   	145.000000	80670     	145.000000	80795.2   	145.000000	80670.4   	145.000000	658.886   	145.000000	310.582   	145.000000	1044.46   	145.000000	856.77    	145.000000	1039.04   	
150.000000	84799.6   	150.000000	84234.6   	150.000000	85553.4   	150.000000	85689.2   	150.000000	85553.7   	150.000000	697.34    	150.000000	328.169   	150.000000	1106.33   	150.000000	906.365   	150.000000	1101.91   	
155.000000	89817.4   	155.000000	89155.9   	155.000000	90548.7   	155.000000	90695.5   	155.000000	90548.9   	155.000000	736.524   	155.000000	346.088   	155.000000	1169.5    	155.000000	956.977   	155.000000	1166.22   	
160.000000	94944     	160.000000	94185     	160.000000	95653.6   	160.000000	95811.9   	160.000000	95653.9   	160.000000	776.415   	160.000000	364.332   	160.000000	1233.92   	160.000000	1008.58   	160.000000	1231.93   	
165.000000	100175    	165.000000	99319.9   	165.000000	100866    	165.000000	101037    	165.000000	100867    	165.000000	816.99    	165.000000	382.894   	165.000000	1299.58   	165.000000	1061.17   	165.000000	1299.02   	
170.000000	105509    	170.000000	104559    	170.000000	106185    	170.000000	106368    	170.000000	106186    	170.000000	858.23    	170.000000	401.767   	170.000000	1366.44   	170.000000	1114.71   	170.000000	1367.48   	
175.000000	110944    	175.000000	109899    	175.000000	111608    	175.000000	111804    	175.000000	111609    	175.000000	900.114   	175.000000	420.944   	175.000000	1434.48   	175.000000	1169.18   	175.000000	1437.26   	
180.000000	116478    	180.000000	115340    	180.000000	117134    	180.000000	117342    	180.000000	117134    	180.000000	942.621   	180.000000	440.42    	180.000000	1503.66   	180.000000	1224.57   	180.000000	1508.36   	
185.000000	122110    	185.000000	120880    	185.000000	122760    	185.000000	122982    	185.000000	122761    	185.000000	985.733   	185.000000	460.189   	185.000000	1573.96   	185.000000	1280.86   	185.000000	1580.74   	
190.000000	127838    	190.000000	126516    	190.000000	128485    	190.000000	128721    	190.000000	128486    	190.000000	1029.43   	190.000000	480.232   	190.000000	1645.36   	190.000000	1338.03   	190.000000	1654.39   	
195.000000	133660    	195.000000	132248    	195.000000	134308    	195.000000	134558    	195.000000	134309    	195.000000	1073.7    	195.000000	500.544   	195.000000	1717.82   	195.000000	1396.07   	195.000000	1729.28   	
200.000000	139575    	200.000000	138073    	200.000000	140227    	200.000000	140491    	200.000000	140227    	200.000000	1118.51   	200.000000	521.129   	200.000000	1791.34   	200.000000	1454.95   	200.000000	1805.39   	
210.000000	151677    	210.000000	149997    	210.000000	152345    	210.000000	152639    	210.000000	152345    	210.000000	1209.73   	210.000000	563.092   	210.000000	1941.4    	210.000000	1575.19   	210.000000	1961.19   	
220.000000	164133    	220.000000	162277    	220.000000	164827    	220.000000	165152    	220.000000	164827    	220.000000	1302.95   	220.000000	606.039   	220.000000	2095.35   	220.000000	1698.62   	220.000000	2121.62   	
230.000000	176933    	230.000000	174902    	230.000000	177662    	230.000000	178020    	230.000000	177662    	230.000000	1398.04   	230.000000	649.932   	230.000000	2253.04   	230.000000	1825.13   	230.000000	2286.52   	
240.000000	190065    	240.000000	187861    	240.000000	190839    	240.000000	191232    	240.000000	190839    	240.000000	1494.9    	240.000000	694.755   	240.000000	2414.27   	240.000000	1954.6    	240.000000	2455.74   	
250.000000	203519    	250.000000	201142    	250.000000	204347    	250.000000	204775    	250.000000	204347    	250.000000	1593.41   	250.000000	740.49    	250.000000	2578.89   	250.000000	2086.91   	250.000000	2629.14   	
260.000000	217287    	260.000000	214736    	260.000000	218176    	260.000000	218641    	260.000000	218176    	260.000000	1693.47   	260.000000	787.028   	260.000000	2746.76   	260.000000	2221.96   	260.000000	2806.57   	
270.000000	231360    	270.000000	228633    	270.000000	232316    	270.000000	232819    	270.000000	232316    	270.000000	1794.97   	270.000000	834.374   	270.000000	2917.72   	270.000000	2359.66   	270.000000	2987.9    	
280.000000	245728    	280.000000	242825    	280.000000	246757    	280.000000	247300    	280.000000	246758    	280.000000	1897.83   	280.000000	882.51    	280.000000	3091.64   	280.000000	2499.9    	280.000000	3173.01   	
290.000000	260383    	290.000000	257302    	290.000000	261491    	290.000000	262074    	290.000000	261492    	290.000000	2001.96   	290.000000	931.408   	290.000000	3268.38   	290.000000	2642.6    	290.000000	3361.76   	
300.000000	275318    	300.000000	272056    	300.000000	276509    	300.000000	277134    	300.000000	276510    	300.000000	2107.27   	300.000000	981.031   	300.000000	3447.81   	300.000000	2787.65   	300.000000	3554.04   	
310.000000	290525    	310.000000	287079    	310.000000	291803    	310.000000	292470    	310.000000	291804    	310.000000	2213.69   	310.000000	1031.32   	310.000000	3629.81   	310.000000	2934.99   	310.000000	3749.73   	
320.000000	305996    	320.000000	302363    	320.000000	307364    	320.000000	308075    	320.000000	307365    	320.000000	2321.13   	320.000000	1082.27   	320.000000	3814.28   	320.000000	3084.52   	320.000000	3948.71   	
330.000000	321725    	330.000000	317901    	330.000000	323185    	330.000000	323941    	330.000000	323186    	330.000000	2429.53   	330.000000	1133.89   	330.000000	4001.09   	330.000000	3236.17   	330.000000	4150.89   	
340.000000	337704    	340.000000	333685    	340.000000	339258    	340.000000	340060    	340.000000	339259    	340.000000	2538.82   	340.000000	1186.1    	340.000000	4190.14   	340.000000	3389.86   	340.000000	4356.16   	
350.000000	353928    	350.000000	349709    	350.000000	355576    	350.000000	356425    	350.000000	355577    	350.000000	2648.93   	350.000000	1238.88   	350.000000	4381.32   	350.000000	3545.52   	350.000000	4564.41   	
360.000000	370389    	360.000000	365965    	360.000000	372134    	360.000000	373030    	360.000000	372133    	360.000000	2759.81   	360.000000	1292.23   	360.000000	4574.55   	360.000000	3703.07   	360.000000	4775.55   	
370.000000	387082    	370.000000	382448    	370.000000	388921    	370.000000	389866    	370.000000	388921    	370.000000	2871.4    	370.000000	1346.16   	370.000000	4769.72   	370.000000	3862.46   	370.000000	4989.49   	
380.000000	404001    	380.000000	399151    	380.000000	405934    	380.000000	406929    	380.000000	405933    	380.000000	2983.64   	380.000000	1400.65   	380.000000	4966.75   	380.000000	4023.62   	380.000000	5206.13   	
390.000000	421140    	390.000000	416069    	390.000000	423165    	390.000000	424211    	390.000000	423165    	390.000000	3096.49   	390.000000	1455.64   	390.000000	5165.55   	390.000000	4186.48   	390.000000	5425.39   	
400.000000	438493    	400.000000	433195    	400.000000	440610    	400.000000	441707    	400.000000	440609    	400.000000	3209.88   	400.000000	1511.12   	400.000000	5366.04   	400.000000	4350.98   	400.000000	5647.18   	
410.000000	456056    	410.000000	450524    	410.000000	458260    	410.000000	459411    	410.000000	458259    	410.000000	3323.78   	410.000000	1567.08   	410.000000	5568.13   	410.000000	4517.07   	410.000000	5871.43   	
420.000000	473823    	420.000000	468050    	420.000000	476111    	420.000000	477316    	420.000000	476112    	420.000000	3438.14   	420.000000	1623.49   	420.000000	5771.76   	420.000000	4684.68   	420.000000	6098.04   	
430.000000	491789    	430.000000	485769    	430.000000	494159    	430.000000	495419    	430.000000	494160    	430.000000	3552.91   	430.000000	1680.3    	430.000000	5976.85   	430.000000	4853.78   	430.000000	6326.96   	
440.000000	509949    	440.000000	503676    	440.000000	512398    	440.000000	513713    	440.000000	512398    	440.000000	3668.07   	440.000000	1737.53   	440.000000	6183.33   	440.000000	5024.29   	440.000000	6558.09   	
450.000000	528300    	450.000000	521764    	450.000000	530822    	450.000000	532193    	450.000000	530822    	450.000000	3783.56   	450.000000	1795.17   	450.000000	6391.13   	450.000000	5196.18   	450.000000	6791.38   	
460.000000	546835    	460.000000	540031    	460.000000	549428    	460.000000	550854    	460.000000	549427    	460.000000	3899.36   	460.000000	1853.24   	460.000000	6600.2    	460.000000	5369.38   	460.000000	7026.74   	
470.000000	565551    	470.000000	558471    	470.000000	568208    	470.000000	569692    	470.000000	568207    	470.000000	4015.43   	470.000000	1911.71   	470.000000	6810.46   	470.000000	5543.87   	470.000000	7264.12   	
480.000000	584443    	480.000000	577080    	480.000000	587159    	480.000000	588702    	480.000000	587159    	480.000000	4131.74   	480.000000	1970.57   	480.000000	7021.85   	480.000000	5719.59   	480.000000	7503.45   	
490.000000	603507    	490.000000	595853    	490.000000	606277    	490.000000	607880    	490.000000	606277    	490.000000	4248.26   	490.000000	2029.77   	490.000000	7234.33   	490.000000	5896.49   	490.000000	7744.66   	
500.000000	622740    	500.000000	614787    	500.000000	625557    	500.000000	627220    	500.000000	625558    	500.000000	4364.95   	500.000000	2089.3    	500.000000	7447.83   	500.000000	6074.54   	500.000000	7987.7    	
520.000000	661694    	520.000000	653119    	520.000000	664591    	520.000000	666374    	520.000000	664590    	520.000000	4598.75   	520.000000	2209.39   	520.000000	7877.7    	520.000000	6433.9    	520.000000	8479.01   	
540.000000	701276    	540.000000	692047    	540.000000	704226    	540.000000	706132    	540.000000	704223    	540.000000	4832.95   	540.000000	2330.83   	540.000000	8311.07   	540.000000	6797.36   	540.000000	8976.93   	
560.000000	741455    	560.000000	731542    	560.000000	744429    	560.000000	746463    	560.000000	744427    	560.000000	5067.36   	560.000000	2453.44   	560.000000	8747.56   	560.000000	7164.64   	560.000000	9481.04   	
580.000000	782206    	580.000000	771575    	580.000000	785176    	580.000000	787339    	580.000000	785174    	580.000000	5301.8    	580.000000	2577.23   	580.000000	9186.85   	580.000000	7535.44   	580.000000	9990.93   	
600.000000	823503    	600.000000	812121    	600.000000	826440    	600.000000	828734    	600.000000	826437    	600.000000	5536.14   	600.000000	2702.18   	600.000000	9628.6    	600.000000	7909.52   	600.000000	10506.2   	
620.000000	865320    	620.000000	853157    	620.000000	868193    	620.000000	870622    	620.000000	868191    	620.000000	5770.22   	620.000000	2828.14   	620.000000	10072.5   	620.000000	8286.64   	620.000000	11026.6   	
640.000000	907636    	640.000000	894659    	640.000000	910412    	640.000000	912979    	640.000000	910412    	640.000000	6003.94   	640.000000	2955.04   	640.000000	10518.4   	640.000000	8666.57   	640.000000	11551.7   	
660.000000	950427    	660.000000	936605    	660.000000	953077    	660.000000	955783    	660.000000	953078    	660.000000	6237.17   	660.000000	3082.85   	660.000000	10965.9   	660.000000	9049.09   	660.000000	12081.2   	
680.000000	993673    	680.000000	978975    	680.000000	996168    	680.000000	999014    	680.000000	996169    	680.000000	6469.82   	680.000000	3211.53   	680.000000	11414.9   	680.000000	9434.01   	680.000000	12614.8   	
700.000000	1.03735e+06	700.000000	1.02175e+06	700.000000	1.03966e+06	700.000000	1.04265e+06	700.000000	1.03966e+06	700.000000	6701.81   	700.000000	3341.05   	700.000000	11865     	700.000000	9821.13   	700.000000	13152.2   	
720.000000	1.08145e+06	720.000000	1.06491e+06	720.000000	1.08354e+06	720.000000	1.08667e+06	720.000000	1.08354e+06	720.000000	6933.05   	720.000000	3471.38   	720.000000	12316.2   	720.000000	10210.3   	720.000000	13693.2   	
740.000000	1.12594e+06	740.000000	1.10844e+06	740.000000	1.12779e+06	740.000000	1.13107e+06	740.000000	1.12779e+06	740.000000	7163.46   	740.000000	3602.48   	740.000000	12768.2   	740.000000	10601.3   	740.000000	14237.5   	
760.000000	1.17081e+06	760.000000	1.15232e+06	760.000000	1.17239e+06	760.000000	1.17581e+06	760.000000	1.17239e+06	760.000000	7393      	760.000000	3734.26   	760.000000	13220.9   	760.000000	10994.1   	760.000000	14784.9   	
780.000000	1.21605e+06	780.000000	1.19653e+06	780.000000	1.21732e+06	780.000000	1.22089e+06	780.000000	1.21732e+06	780.000000	7621.6    	780.000000	3866.66   	780.000000	13674.1   	780.000000	11388.4   	780.000000	15335.2   	
800.000000	1.26163e+06	800.000000	1.24107e+06	800.000000	1.26257e+06	800.000000	1.26629e+06	800.000000	1.26257e+06	800.000000	7849.2    	800.000000	3999.67   	800.000000	14127.6   	800.000000	11784.1   	800.000000	15888.1   	
820.000000	1.30754e+06	820.000000	1.28591e+06	820.000000	1.30813e+06	820.000000	1.312e+06 	820.000000	1.30813e+06	820.000000	8075.78   	820.000000	4133.33   	820.000000	14581.3   	820.000000	12181.1   	820.000000	16443.5   	
840.000000	1.35377e+06	840.000000	1.33104e+06	840.000000	1.35397e+06	840.000000	1.35799e+06	840.000000	1.35397e+06	840.000000	8301.19   	840.000000	4267.59   	840.000000	15035.1   	840.000000	12579.2   	840.000000	17001     	
860.000000	1.4003e+06	860.000000	1.37645e+06	860.000000	1.40009e+06	860.000000	1.40426e+06	860.000000	1.40009e+06	860.000000	8525.39   	860.000000	4402.42   	860.000000	15488.7   	860.000000	12978.3   	860.000000	17560.6   	
880.000000	1.44712e+06	880.000000	1.42213e+06	880.000000	1.44646e+06	880.000000	1.45079e+06	880.000000	1.44646e+06	880.000000	8748.33   	880.000000	4537.78   	880.000000	15942.1   	880.000000	13378.3   	880.000000	18121.9   	
900.000000	1.49422e+06	900.000000	1.46806e+06	900.000000	1.49308e+06	900.000000	1.49756e+06	900.000000	1.49308e+06	900.000000	8970.01   	900.000000	4673.64   	900.000000	16395.2   	900.000000	13779     	900.000000	18684.9   	
920.000000	1.54157e+06	920.000000	1.51423e+06	920.000000	1.53993e+06	920.000000	1.54457e+06	920.000000	1.53993e+06	920.000000	9190.4    	920.000000	4809.95   	920.000000	16847.9   	920.000000	14180.4   	920.000000	19249.3   	
940.000000	1.58918e+06	940.000000	1.56064e+06	940.000000	1.58701e+06	940.000000	1.59181e+06	940.000000	1.58701e+06	940.000000	9409.5    	940.000000	4946.68   	940.000000	17300     	940.000000	14582.3   	940.000000	19815.1   	
960.000000	1.63703e+06	960.000000	1.60726e+06	960.000000	1.6343e+06	960.000000	1.63926e+06	960.000000	1.6343e+06	960.000000	9627.29   	960.000000	5083.8    	960.000000	17751.6   	960.000000	14984.8   	960.000000	20382.2   	
980.000000	1.68511e+06	980.000000	1.6541e+06	980.000000	1.6818e+06	980.000000	1.68692e+06	980.000000	1.6818e+06	980.000000	9843.77   	980.000000	5221.3    	980.000000	18202.5   	980.000000	15387.7   	980.000000	20950.3   	
1000.000000	1.73341e+06	1000.000000	1.70114e+06	1000.000000	1.7295e+06	1000.000000	1.73478e+06	1000.000000	1.7295e+06	1000.000000	10058.9   	1000.000000	5359.18   	1000.000000	18652.6   	1000.000000	15790.8   	1000.000000	21519.4   	
1020.000000	1.78191e+06	1020.000000	1.74838e+06	1020.000000	1.77739e+06	1020.000000	1.78282e+06	1020.000000	1.77739e+06	1020.000000	10272.8   	1020.000000	5497.43   	1020.000000	19102     	1020.000000	16194.3   	1020.000000	22089.4   	
1040.000000	1.83061e+06	1040.000000	1.79579e+06	1040.000000	1.82546e+06	1040.000000	1.83105e+06	1040.000000	1.82545e+06	1040.000000	10485.3   	1040.000000	5636.09   	1040.000000	19550.5   	1040.000000	16597.9   	1040.000000	22660.1   	
1060.000000	1.8795e+06	1060.000000	1.84338e+06	1060.000000	1.8737e+06	1060.000000	1.87945e+06	1060.000000	1.87369e+06	1060.000000	10696.4   	1060.000000	5775.15   	1060.000000	19998.2   	1060.000000	17001.7   	1060.000000	23231.5   	
1080.000000	1.92857e+06	1080.000000	1.89114e+06	1080.000000	1.9221e+06	1080.000000	1.92801e+06	1080.000000	1.92209e+06	1080.000000	10906.3   	1080.000000	5914.63   	1080.000000	20444.8   	1080.000000	17405.5   	1080.000000	23803.4   	
1100.000000	1.9778e+06	1100.000000	1.93906e+06	1100.000000	1.97066e+06	1100.000000	1.97674e+06	1100.000000	1.97065e+06	1100.000000	11114.8   	1100.000000	6054.51   	1100.000000	20890.5   	1100.000000	17809.4   	1100.000000	24375.8   	
1120.000000	2.0272e+06	1120.000000	1.98713e+06	1120.000000	2.01937e+06	1120.000000	2.02561e+06	1120.000000	2.01937e+06	1120.000000	11321.9   	1120.000000	6194.78   	1120.000000	21335.1   	1120.000000	18213.1   	1120.000000	24948.5   	
1140.000000	2.07676e+06	1140.000000	2.03534e+06	1140.000000	2.06823e+06	1140.000000	2.07464e+06	1140.000000	2.06822e+06	1140.000000	11527.8   	1140.000000	6335.4    	1140.000000	21778.7   	1140.000000	18616.8   	1140.000000	25521.6   	
1160.000000	2.12645e+06	1160.000000	2.08369e+06	1160.000000	2.11722e+06	1160.000000	2.1238e+06	1160.000000	2.11722e+06	1160.000000	11732.3   	1160.000000	6476.34   	1160.000000	22221.1   	1160.000000	19020.4   	1160.000000	26094.9   	
1180.000000	2.17629e+06	1180.000000	2.13217e+06	1180.000000	2.16635e+06	1180.000000	2.17309e+06	1180.000000	2.16634e+06	1180.000000	11935.5   	1180.000000	6617.6    	1180.000000	22662.4   	1180.000000	19423.7   	1180.000000	26668.3   	
1200.000000	2.22625e+06	1200.000000	2.18078e+06	1200.000000	2.2156e+06	1200.000000	2.22251e+06	1200.000000	2.2156e+06	1200.000000	12137.4   	1200.000000	6759.16   	1200.000000	23102.5   	1200.000000	19826.8   	1200.000000	27241.7   	
1220.000000	2.27634e+06	1220.000000	2.2295e+06	1220.000000	2.26498e+06	1220.000000	2.27205e+06	1220.000000	2.26497e+06	1220.000000	12338     	1220.000000	6901.02   	1220.000000	23541.4   	1220.000000	20229.7   	1220.000000	27815.2   	
1240.000000	2.32654e+06	1240.000000	2.27834e+06	1240.000000	2.31447e+06	1240.000000	2.32171e+06	1240.000000	2.31447e+06	1240.000000	12537.3   	1240.000000	7043.17   	1240.000000	23979.1   	1240.000000	20632.2   	1240.000000	28388.6   	
1260.000000	2.37686e+06	1260.000000	2.32728e+06	1260.000000	2.36407e+06	1260.000000	2.37148e+06	1260.000000	2.36407e+06	1260.000000	12735.3   	1260.000000	7185.63   	1260.000000	24415.5   	1260.000000	21034.4   	1260.000000	28961.9   	
1280.000000	2.42727e+06	1280.000000	2.37633e+06	1280.000000	2.41378e+06	1280.000000	2.42136e+06	1280.000000	2.41378e+06	1280.000000	12932.1   	1280.000000	7328.38   	1280.000000	24850.7   	1280.000000	21436.2   	1280.000000	29535     	
1300.000000	2.47779e+06	1300.000000	2.42547e+06	1300.000000	2.46359e+06	1300.000000	2.47134e+06	1300.000000	2.46359e+06	1300.000000	13127.5   	1300.000000	7471.42   	1300.000000	25284.5   	1300.000000	21837.5   	1300.000000	30107.9   	
1320.000000	2.52839e+06	1320.000000	2.4747e+06	1320.000000	2.5135e+06	1320.000000	2.52141e+06	1320.000000	2.5135e+06	1320.000000	13321.7   	1320.000000	7614.74   	1320.000000	25717.1   	1320.000000	22238.4   	1320.000000	30680.5   	
1340.000000	2.57908e+06	1340.000000	2.52402e+06	1340.000000	2.5635e+06	1340.000000	2.57158e+06	1340.000000	2.5635e+06	1340.000000	13514.7   	1340.000000	7758.35   	1340.000000	26148.3   	1340.000000	22638.8   	1340.000000	31252.8   	
1360.000000	2.62985e+06	1360.000000	2.57342e+06	1360.000000	2.61358e+06	1360.000000	2.62184e+06	1360.000000	2.61359e+06	1360.000000	13706.3   	1360.000000	7902.23   	1360.000000	26578.2   	1360.000000	23038.8   	1360.000000	31824.6   	
1380.000000	2.68069e+06	1380.000000	2.62289e+06	1380.000000	2.66376e+06	1380.000000	2.67219e+06	1380.000000	2.66377e+06	1380.000000	13896.8   	1380.000000	8046.38   	1380.000000	27006.7   	1380.000000	23438.1   	1380.000000	32396.1   	
1400.000000	2.7316e+06	1400.000000	2.67244e+06	1400.000000	2.71401e+06	1400.000000	2.72262e+06	1400.000000	2.71402e+06	1400.000000	14086     	1400.000000	8190.81   	1400.000000	27433.8   	1400.000000	23837     	1400.000000	32967.1   	
1420.000000	2.78257e+06	1420.000000	2.72206e+06	1420.000000	2.76435e+06	1420.000000	2.77312e+06	1420.000000	2.76436e+06	1420.000000	14274.1   	1420.000000	8335.5    	1420.000000	27859.6   	1420.000000	24235.2   	1420.000000	33537.5   	
1440.000000	2.83361e+06	1440.000000	2.77174e+06	1440.000000	2.81476e+06	1440.000000	2.8237e+06	1440.000000	2.81477e+06	1440.000000	14460.9   	1440.000000	8480.46   	1440.000000	28284     	1440.000000	24632.9   	1440.000000	34107.4   	
1460.000000	2.88469e+06	1460.000000	2.82148e+06	1460.000000	2.86524e+06	1460.000000	2.87436e+06	1460.000000	2.86525e+06	1460.000000	14646.5   	1460.000000	8625.68   	1460.000000	28707     	1460.000000	25029.9   	1460.000000	34676.8   	
1480.000000	2.93583e+06	1480.000000	2.87127e+06	1480.000000	2.91579e+06	1480.000000	2.92508e+06	1480.000000	2.9158e+06	1480.000000	14831     	1480.000000	8771.16   	1480.000000	29128.7   	1480.000000	25426.2   	1480.000000	35245.5   	
1500.000000	2.98701e+06	1500.000000	2.92112e+06	1500.000000	2.9664e+06	1500.000000	2.97586e+06	1500.000000	2.96642e+06	1500.000000	15014.3   	1500.000000	8916.91   	1500.000000	29548.9   	1500.000000	25822     	1500.000000	35813.6   	
1520.000000	3.03823e+06	1520.000000	2.97102e+06	1520.000000	3.01708e+06	1520.000000	3.02671e+06	1520.000000	3.0171e+06	1520.000000	15196.4   	1520.000000	9062.92   	1520.000000	29967.7   	1520.000000	26217     	1520.000000	36381     	
1540.000000	3.08949e+06	1540.000000	3.02096e+06	1540.000000	3.06782e+06	1540.000000	3.07762e+06	1540.000000	3.06783e+06	1540.000000	15377.4   	1540.000000	9209.19   	1540.000000	30385.1   	1540.000000	26611.3   	1540.000000	36947.7   	
1560.000000	3.14078e+06	1560.000000	3.07095e+06	1560.000000	3.11862e+06	1560.000000	3.12858e+06	1560.000000	3.11863e+06	1560.000000	15557.2   	1560.000000	9355.7    	1560.000000	30801.1   	1560.000000	27004.9   	1560.000000	37513.6   	
1580.000000	3.19209e+06	1580.000000	3.12097e+06	1580.000000	3.16946e+06	1580.000000	3.1796e+06	1580.000000	3.16947e+06	1580.000000	15735.9   	1580.000000	9502.45   	1580.000000	31215.6   	1580.000000	27397.8   	1580.000000	38078.8   	
1600.000000	3.24344e+06	1600.000000	3.17103e+06	1600.000000	3.22037e+06	1600.000000	3.23068e+06	1600.000000	3.22037e+06	1600.000000	15913.5   	1600.000000	9649.43   	1600.000000	31628.8   	1600.000000	27790     	1600.000000	38643.2   	
1620.000000	3.2948e+06	1620.000000	3.22113e+06	1620.000000	3.27132e+06	1620.000000	3.2818e+06	1620.000000	3.27132e+06	1620.000000	16090     	1620.000000	9796.64   	1620.000000	32040.5   	1620.000000	28181.4   	1620.000000	39206.8   	
1640.000000	3.34618e+06	1640.000000	3.27125e+06	1640.000000	3.32231e+06	1640.000000	3.33297e+06	1640.000000	3.32232e+06	1640.000000	16265.4   	1640.000000	9944.07   	1640.000000	32450.8   	1640.000000	28572     	1640.000000	39769.6   	
1660.000000	3.39757e+06	1660.000000	3.3214e+06	1660.000000	3.37336e+06	1660.000000	3.38418e+06	1660.000000	3.37336e+06	1660.000000	16439.7   	1660.000000	10091.7   	1660.000000	32859.7   	1660.000000	28961.9   	1660.000000	40331.5   	
1680.000000	3.44898e+06	1680.000000	3.37157e+06	1680.000000	3.42444e+06	1680.000000	3.43543e+06	1680.000000	3.42445e+06	1680.000000	16613     	1680.000000	10239.6   	1680.000000	33267.2   	1680.000000	29351     	1680.000000	40892.5   	
1700.000000	3.50039e+06	1700.000000	3.42177e+06	1700.000000	3.47556e+06	1700.000000	3.48673e+06	1700.000000	3.47557e+06	1700.000000	16785.2   	1700.000000	10387.6   	1700.000000	33673.3   	1700.000000	29739.3   	1700.000000	41452.7   	
1750.000000	3.62893e+06	1750.000000	3.54734e+06	1750.000000	3.60354e+06	1750.000000	3.61514e+06	1750.000000	3.60355e+06	1750.000000	17211.2   	1750.000000	10758.6   	1750.000000	34682.3   	1750.000000	30706.5   	1750.000000	42849     	
1800.000000	3.75744e+06	1800.000000	3.67299e+06	1800.000000	3.73172e+06	1800.000000	3.74376e+06	1800.000000	3.73174e+06	1800.000000	17630.8   	1800.000000	11130.9   	1800.000000	35682.5   	1800.000000	31668.5   	1800.000000	44239.5   	
1850.000000	3.8859e+06	1850.000000	3.79869e+06	1850.000000	3.86009e+06	1850.000000	3.87257e+06	1850.000000	3.86011e+06	1850.000000	18044.2   	1850.000000	11504.5   	1850.000000	36674     	1850.000000	32625.3   	1850.000000	45623.8   	
1900.000000	4.01425e+06	1900.000000	3.92441e+06	1900.000000	3.98862e+06	1900.000000	4.00154e+06	1900.000000	3.98865e+06	1900.000000	18451.5   	1900.000000	11879.5   	1900.000000	37656.9   	1900.000000	33576.8   	1900.000000	47001.8   	
1950.000000	4.14245e+06	1950.000000	4.05012e+06	1950.000000	4.1173e+06	1950.000000	4.13065e+06	1950.000000	4.11733e+06	1950.000000	18853     	1950.000000	12255.9   	1950.000000	38631.1   	1950.000000	34522.9   	1950.000000	48373.3   	
2000.000000	4.27049e+06	2000.000000	4.17579e+06	2000.000000	4.24609e+06	2000.000000	4.25988e+06	2000.000000	4.24613e+06	2000.000000	19248.8   	2000.000000	12633.7   	2000.000000	39596.9   	2000.000000	35463.5   	2000.000000	49738.2   	
2100.000000	4.5259e+06	2100.000000	4.4269e+06	2100.000000	4.50398e+06	2100.000000	4.51863e+06	2100.000000	4.50402e+06	2100.000000	20023.9   	2100.000000	13393.3   	2100.000000	41503.5   	2100.000000	37328.2   	2100.000000	52447.7   	
2200.000000	4.78027e+06	2200.000000	4.67758e+06	2200.000000	4.76215e+06	2200.000000	4.77766e+06	2200.000000	4.76219e+06	2200.000000	20778     	2200.000000	14158.4   	2200.000000	43377.3   	2200.000000	39170.8   	2200.000000	55129.7   	
2300.000000	5.03339e+06	2300.000000	4.92767e+06	2300.000000	5.0205e+06	2300.000000	5.03686e+06	2300.000000	5.02053e+06	2300.000000	21512.1   	2300.000000	14928.7   	2300.000000	45219.3   	2300.000000	40991.2   	2300.000000	57783.8   	
2400.000000	5.2851e+06	2400.000000	5.17703e+06	2400.000000	5.27892e+06	2400.000000	5.29613e+06	2400.000000	5.27895e+06	2400.000000	22227.4   	2400.000000	15704     	2400.000000	47030.4   	2400.000000	42789.5   	2400.000000	60409.7   	
2500.000000	5.53526e+06	2500.000000	5.42556e+06	2500.000000	5.53735e+06	2500.000000	5.55541e+06	2500.000000	5.53737e+06	2500.000000	22924.8   	2500.000000	16484.1   	2500.000000	48811.4   	2500.000000	44565.8   	2500.000000	63007.4   	
2600.000000	5.78375e+06	2600.000000	5.67316e+06	2600.000000	5.79571e+06	2600.000000	5.81462e+06	2600.000000	5.79573e+06	2600.000000	23605.3   	2600.000000	17269     	2600.000000	50563.4   	2600.000000	46320.4   	2600.000000	65577     	
2700.000000	6.03047e+06	2700.000000	5.91974e+06	2700.000000	6.05395e+06	2700.000000	6.07372e+06	2700.000000	6.05398e+06	2700.000000	24269.6   	2700.000000	18058.4   	2700.000000	52287.3   	2700.000000	48053.5   	2700.000000	68118.6   	
2800.000000	6.27532e+06	2800.000000	6.16523e+06	2800.000000	6.31202e+06	2800.000000	6.33264e+06	2800.000000	6.31205e+06	2800.000000	24918.7   	2800.000000	18852.5   	2800.000000	53983.9   	2800.000000	49765.5   	2800.000000	70632.5   	
2900.000000	6.51824e+06	2900.000000	6.40958e+06	2900.000000	6.56989e+06	2900.000000	6.59136e+06	2900.000000	6.56993e+06	2900.000000	25553.2   	2900.000000	19651     	2900.000000	55654.1   	2900.000000	51456.8   	2900.000000	73118.9   	
3000.000000	6.75916e+06	3000.000000	6.65273e+06	3000.000000	6.82751e+06	3000.000000	6.84984e+06	3000.000000	6.82757e+06	3000.000000	26173.8   	3000.000000	20454.1   	3000.000000	57298.8   	3000.000000	53127.7   	3000.000000	75578.4   	
3200.000000	7.23483e+06	3200.000000	7.13526e+06	3200.000000	7.34195e+06	3200.000000	7.36597e+06	3200.000000	7.34203e+06	3200.000000	27376.1   	3200.000000	22073.9   	3200.000000	60514.9   	3200.000000	56409.8   	3200.000000	80417.7   	
3400.000000	7.70203e+06	3400.000000	7.61254e+06	3400.000000	7.85516e+06	3400.000000	7.88085e+06	3400.000000	7.85525e+06	3400.000000	28530.4   	3400.000000	23711.6   	3400.000000	63638.5   	3400.000000	59615.1   	3400.000000	85153.9   	
3600.000000	8.16058e+06	3600.000000	8.08441e+06	3600.000000	8.36701e+06	3600.000000	8.39437e+06	3600.000000	8.36713e+06	3600.000000	29640.7   	3600.000000	25367.1   	3600.000000	66675.3   	3600.000000	62746.9   	3600.000000	89790.7   	
3800.000000	8.61039e+06	3800.000000	8.55072e+06	3800.000000	8.87744e+06	3800.000000	8.90644e+06	3800.000000	8.87757e+06	3800.000000	30710.8   	3800.000000	27040.3   	3800.000000	69630.8   	3800.000000	65808.4   	3800.000000	94331.9   	
4000.000000	9.05143e+06	4000.000000	9.01141e+06	4000.000000	9.38639e+06	4000.000000	9.41701e+06	4000.000000	9.38651e+06	4000.000000	31744     	4000.000000	28731     	4000.000000	72509.8   	4000.000000	68802.7   	4000.000000	98781.3   	
4200.000000	9.48375e+06	4200.000000	9.46646e+06	4200.000000	9.89381e+06	4200.000000	9.92604e+06	4200.000000	9.89394e+06	4200.000000	32743     	4200.000000	30439.1   	4200.000000	75317     	4200.000000	71732.8   	4200.000000	103143    	
4400.000000	9.90741e+06	4400.000000	9.91585e+06	4400.000000	1.03997e+07	4400.000000	1.04335e+07	4400.000000	1.03998e+07	4400.000000	33710.5   	4400.000000	32164.3   	4400.000000	78056.4   	4400.000000	74601.6   	4400.000000	107419    	
4600.000000	1.03225e+07	4600.000000	1.03596e+07	4600.000000	1.0904e+07	4600.000000	1.09395e+07	4600.000000	1.09042e+07	4600.000000	34648.8   	4600.000000	33906.5   	4600.000000	80731.8   	4600.000000	77411.8   	4600.000000	111615    	
4800.000000	1.07292e+07	4800.000000	1.07978e+07	4800.000000	1.14069e+07	4800.000000	1.14438e+07	4800.000000	1.1407e+07	4800.000000	35559.8   	4800.000000	35665.5   	4800.000000	83347     	4800.000000	80166     	4800.000000	115733    	
5000.000000	1.11276e+07	5000.000000	1.12304e+07	5000.000000	1.19082e+07	5000.000000	1.19467e+07	5000.000000	1.19083e+07	5000.000000	36445.5   	5000.000000	37441.1   	5000.000000	85904.9   	5000.000000	82866.7   	5000.000000	119777    	
5250.000000	1.16142e+07	5250.000000	1.17636e+07	5250.000000	1.25327e+07	5250.000000	1.25731e+07	5250.000000	1.25328e+07	5250.000000	37519.4   	5250.000000	39683.5   	5250.000000	89026.6   	5250.000000	86170.8   	5250.000000	124732    	
5500.000000	1.20885e+07	5500.000000	1.22884e+07	5500.000000	1.31549e+07	5500.000000	1.31973e+07	5500.000000	1.3155e+07	5500.000000	38559.2   	5500.000000	41951.2   	5500.000000	92069     	5500.000000	89399.2   	5500.000000	129580    	
6000.000000	1.30014e+07	6000.000000	1.33135e+07	6000.000000	1.43926e+07	6000.000000	1.44387e+07	6000.000000	1.43927e+07	6000.000000	40546.3   	6000.000000	46561     	6000.000000	97935.2   	6000.000000	95643.8   	6000.000000	138979    	
6500.000000	1.38691e+07	6500.000000	1.43072e+07	6500.000000	1.56217e+07	6500.000000	1.56716e+07	6500.000000	1.56219e+07	6500.000000	42424.2   	6500.000000	51267.6   	6500.000000	103537    	6500.000000	101629    	6500.000000	148012    	
7000.000000	1.46944e+07	7000.000000	1.52709e+07	7000.000000	1.68427e+07	7000.000000	1.68963e+07	7000.000000	1.68429e+07	7000.000000	44207     	7000.000000	56068.7   	7000.000000	108904    	7000.000000	107379    	7000.000000	156712    	
7500.000000	1.54801e+07	7500.000000	1.62063e+07	7500.000000	1.8056e+07	7500.000000	1.81132e+07	7500.000000	1.80562e+07	7500.000000	45905.9   	7500.000000	60960.8   	7500.000000	114059    	7500.000000	112915    	7500.000000	165108    	
8000.000000	1.62288e+07	8000.000000	1.71147e+07	8000.000000	1.92621e+07	8000.000000	1.93228e+07	8000.000000	1.92623e+07	8000.000000	47530.5   	8000.000000	65941.7   	8000.000000	119022    	8000.000000	118255    	8000.000000	173225    	
8500.000000	1.69428e+07	8500.000000	1.79974e+07	8500.000000	2.04613e+07	8500.000000	2.05255e+07	8500.000000	2.04615e+07	8500.000000	49088.7   	8500.000000	71010.5   	8500.000000	123811    	8500.000000	123416    	8500.000000	181085    	
9000.000000	1.76245e+07	9000.000000	1.88558e+07	9000.000000	2.1654e+07	9000.000000	2.17217e+07	9000.000000	2.16543e+07	9000.000000	50587.1   	9000.000000	76164.8   	9000.000000	128442    	9000.000000	128411    	9000.000000	188708    	
9500.000000	1.82758e+07	9500.000000	1.96912e+07	9500.000000	2.28407e+07	9500.000000	2.29117e+07	9500.000000	2.28409e+07	9500.000000	52031.4   	9500.000000	81402.8   	9500.000000	132927    	9500.000000	133254    	9500.000000	196111    	
10000.000000	1.88988e+07	10000.000000	2.05047e+07	10000.000000	2.40215e+07	10000.000000	2.40958e+07	10000.000000	2.40217e+07	10000.000000	53426.5   	10000.000000	86723.6   	10000.000000	137278    	10000.000000	137955    	10000.000000	203311    	
11000.000000	2.00667e+07	11000.000000	2.20701e+07	11000.000000	2.63668e+07	11000.000000	2.64477e+07	11000.000000	2.6367e+07	11000.000000	56085.3   	11000.000000	97605.3   	11000.000000	145616    	11000.000000	146971    	11000.000000	217152    	
12000.000000	2.11409e+07	12000.000000	2.356e+07 	12000.000000	2.86921e+07	12000.000000	2.87794e+07	12000.000000	2.86923e+07	12000.000000	58591.3   	12000.000000	108787    	12000.000000	153525    	12000.000000	155527    	12000.000000	230326    	
13000.000000	2.21321e+07	13000.000000	2.49813e+07	13000.000000	3.09992e+07	13000.000000	3.10927e+07	13000.000000	3.09994e+07	13000.000000	60966.1   	13000.000000	120256    	13000.000000	161059    	13000.000000	163678    	13000.000000	242912    	
14000.000000	2.30496e+07	14000.000000	2.63401e+07	14000.000000	3.32897e+07	14000.000000	3.33893e+07	14000.000000	3.32899e+07	14000.000000	63226.9   	14000.000000	132008    	14000.000000	168262    	14000.000000	171469    	14000.000000	254973    	
15000.000000	2.39014e+07	15000.000000	2.76416e+07	15000.000000	3.5565e+07	15000.000000	3.56704e+07	15000.000000	3.55651e+07	15000.000000	65387.4   	15000.000000	144043    	15000.000000	175170    	15000.000000	178939    	15000.000000	266564    	
16000.000000	2.46944e+07	16000.000000	2.88905e+07	16000.000000	3.78262e+07	16000.000000	3.79373e+07	16000.000000	3.78262e+07	16000.000000	67459     	16000.000000	156353    	16000.000000	181814    	16000.000000	186119    	16000.000000	277731    	
17000.000000	2.54344e+07	17000.000000	3.0091e+07	17000.000000	4.00743e+07	17000.000000	4.0191e+07	17000.000000	4.00741e+07	17000.000000	69451.2   	17000.000000	168924    	17000.000000	188219    	17000.000000	193036    	17000.000000	288512    	
18000.000000	2.61266e+07	18000.000000	3.12467e+07	18000.000000	4.23102e+07	18000.000000	4.24324e+07	18000.000000	4.231e+07 	18000.000000	71371.8   	18000.000000	181741    	18000.000000	194407    	18000.000000	199713    	18000.000000	298940    	
19000.000000	2.67755e+07	19000.000000	3.2361e+07	19000.000000	4.45347e+07	19000.000000	4.46623e+07	19000.000000	4.45344e+07	19000.000000	73227.5   	19000.000000	194790    	19000.000000	200397    	19000.000000	206172    	19000.000000	309046    	
20000.000000	2.7385e+07	20000.000000	3.34367e+07	20000.000000	4.67485e+07	20000.000000	4.68813e+07	20000.000000	4.67481e+07	20000.000000	75024.2   	20000.000000	208062    	20000.000000	206206    	20000.000000	212429    	20000.000000	318854    	
21000.000000	2.79587e+07	21000.000000	3.44766e+07	21000.000000	4.89522e+07	21000.000000	4.90903e+07	21000.000000	4.89519e+07	21000.000000	76766.9   	21000.000000	221547    	21000.000000	211846    	21000.000000	218499    	21000.000000	328386    	
22000.000000	2.84996e+07	22000.000000	3.54828e+07	22000.000000	5.11465e+07	22000.000000	5.12897e+07	22000.000000	5.11462e+07	22000.000000	78459.8   	22000.000000	235253    	22000.000000	217332    	22000.000000	224398    	22000.000000	337664    	
23000.000000	2.90104e+07	23000.000000	3.64577e+07	23000.000000	5.33318e+07	23000.000000	5.348e+07 	23000.000000	5.33316e+07	23000.000000	80106.7   	23000.000000	249179    	23000.000000	222673    	23000.000000	230136    	23000.000000	346703    	
24000.000000	2.94936e+07	24000.000000	3.74032e+07	24000.000000	5.55088e+07	24000.000000	5.56618e+07	24000.000000	5.55085e+07	24000.000000	81711.1   	24000.000000	263311    	24000.000000	227880    	24000.000000	235724    	24000.000000	355521    	
25000.000000	2.99513e+07	25000.000000	3.8321e+07	25000.000000	5.76777e+07	25000.000000	5.78355e+07	25000.000000	5.76775e+07	25000.000000	83275.9   	25000.000000	277643    	25000.000000	232962    	25000.000000	241173    	25000.000000	364131    	
26000.000000	3.03855e+07	26000.000000	3.92127e+07	26000.000000	5.9839e+07	26000.000000	6.00014e+07	26000.000000	5.98388e+07	26000.000000	84803.8   	26000.000000	292171    	26000.000000	237926    	26000.000000	246491    	26000.000000	372545    	
27000.000000	3.0798e+07	27000.000000	4.00799e+07	27000.000000	6.1993e+07	27000.000000	6.21599e+07	27000.000000	6.19929e+07	27000.000000	86297.1   	27000.000000	306893    	27000.000000	242779    	27000.000000	251685    	27000.000000	380776    	
28000.000000	3.11903e+07	28000.000000	4.09238e+07	28000.000000	6.41402e+07	28000.000000	6.43114e+07	28000.000000	6.414e+07 	28000.000000	87758     	28000.000000	321805    	28000.000000	247529    	28000.000000	256764    	28000.000000	388834    	
29000.000000	3.15638e+07	29000.000000	4.17457e+07	29000.000000	6.62808e+07	29000.000000	6.64562e+07	29000.000000	6.62806e+07	29000.000000	89188.4   	29000.000000	336906    	29000.000000	252180    	29000.000000	261732    	29000.000000	396728    	
30000.000000	3.19199e+07	30000.000000	4.25468e+07	30000.000000	6.8415e+07	30000.000000	6.85945e+07	30000.000000	6.84148e+07	30000.000000	90590.1   	30000.000000	352195    	30000.000000	256738    	30000.000000	266598    	30000.000000	404467    	
32000.000000	3.25844e+07	32000.000000	4.40907e+07	32000.000000	7.26656e+07	32000.000000	7.28529e+07	32000.000000	7.26653e+07	32000.000000	93313.5   	32000.000000	383318    	32000.000000	265595    	32000.000000	276039    	32000.000000	419511    	
34000.000000	3.31919e+07	34000.000000	4.5563e+07	34000.000000	7.68937e+07	34000.000000	7.70884e+07	34000.000000	7.68934e+07	34000.000000	95939.4   	34000.000000	415134    	34000.000000	274133    	34000.000000	285125    	34000.000000	434023    	
36000.000000	3.37494e+07	36000.000000	4.69701e+07	36000.000000	8.11012e+07	36000.000000	8.13027e+07	36000.000000	8.11009e+07	36000.000000	98477.4   	36000.000000	447603    	36000.000000	282382    	36000.000000	293889    	36000.000000	448050    	
38000.000000	3.42628e+07	38000.000000	4.83178e+07	38000.000000	8.52894e+07	38000.000000	8.54972e+07	38000.000000	8.52891e+07	38000.000000	100935    	38000.000000	480700    	38000.000000	290367    	38000.000000	302359    	38000.000000	461635    	
40000.000000	3.47368e+07	40000.000000	4.96111e+07	40000.000000	8.94596e+07	40000.000000	8.96732e+07	40000.000000	8.94593e+07	40000.000000	103320    	40000.000000	514406    	40000.000000	298110    	40000.000000	310559    	40000.000000	474813    	
42000.000000	3.51759e+07	42000.000000	5.08542e+07	42000.000000	9.3613e+07	42000.000000	9.38319e+07	42000.000000	9.36127e+07	42000.000000	105638    	42000.000000	548702    	42000.000000	305629    	42000.000000	318511    	42000.000000	487615    	
44000.000000	3.55835e+07	44000.000000	5.20511e+07	44000.000000	9.77505e+07	44000.000000	9.79742e+07	44000.000000	9.77503e+07	44000.000000	107894    	44000.000000	583566    	44000.000000	312942    	44000.000000	326233    	44000.000000	500070    	
46000.000000	3.5963e+07	46000.000000	5.3205e+07	46000.000000	1.01873e+08	46000.000000	1.02101e+08	46000.000000	1.01873e+08	46000.000000	110093    	46000.000000	618982    	46000.000000	320062    	46000.000000	333742    	46000.000000	512201    	
48000.000000	3.6317e+07	48000.000000	5.43192e+07	48000.000000	1.05982e+08	48000.000000	1.06213e+08	48000.000000	1.05982e+08	48000.000000	112238    	48000.000000	654931    	48000.000000	327003    	48000.000000	341052    	48000.000000	524031    	
50000.000000	3.66479e+07	50000.000000	5.53962e+07	50000.000000	1.10077e+08	50000.000000	1.10312e+08	50000.000000	1.10077e+08	50000.000000	114334    	50000.000000	691396    	50000.000000	333777    	50000.000000	348177    	50000.000000	535578    	
