! 9Li range in H190C5F20
! apply ZOOM for details
Energy (MeV/u)1	0 - [He-base] F.Hubert et al, AD&ND Tables 46(1990)1	Energy (MeV/u)2	1 - [H -base] J.F.Ziegler et al,Pergamon Press,NY(low energy)	Energy (MeV/u)3	2 - ATIMA 1.2 LS-theory (recommended for high energy)	Energy (MeV/u)4	3 - ATIMA 1.2 without LS-correction	Energy (MeV/u)5	4 - ATIMA 1.4 H.Weick, improved mean charge formula for HI	Energy (MeV/u)6	5 - Range straggling - method [0] - LISE	Energy (MeV/u)7	6 - Range straggling - method [1] - Atima	Energy (MeV/u)8	7 - Lateral range - method [0] - LISE	Energy (MeV/u)9	8 - Lateral range - method [1] - Atima	Energy (MeV/u)10	9 - Lateral range - method [2] - PDG	
0.001000	579.923   	0.001000	579.923   	0.001000	437.104   	0.001000	437.104   	0.001000	437.175   	0.001000	0         	0.001000	0         	0.001000	6.6597    	0.001000	15.0787   	0.001000	7.17112   	
0.002000	1159.85   	0.002000	1159.85   	0.002000	874.208   	0.002000	874.208   	0.002000	874.35    	0.002000	29.956    	0.002000	29.956    	0.002000	19.5029   	0.002000	42.6704   	0.002000	22.0073   	
0.005000	2665.36   	0.005000	2665.36   	0.005000	1962.51   	0.005000	1962.51   	0.005000	1962.72   	0.005000	35.3729   	0.005000	35.3729   	0.005000	67.59     	0.005000	143.103   	0.005000	79.372    	
0.008000	3879.47   	0.008000	3879.47   	0.008000	2835.85   	0.008000	2835.85   	0.008000	2836.09   	0.008000	35.5429   	0.008000	35.5429   	0.008000	118.979   	0.008000	248.374   	0.008000	141.971   	
0.010000	4582.02   	0.010000	4582.02   	0.010000	3344.8    	0.010000	3344.8    	0.010000	3345.05   	0.010000	36.0887   	0.010000	36.0887   	0.010000	153.337   	0.010000	318.111   	0.010000	184.232   	
0.015000	6090.46   	0.015000	6090.46   	0.015000	4460.75   	0.015000	4460.75   	0.015000	4461      	0.015000	38.6757   	0.015000	38.6757   	0.015000	231.268   	0.015000	470.353   	0.015000	289.67    	
0.020000	7346.89   	0.020000	7346.89   	0.020000	5446.04   	0.020000	5446.04   	0.020000	5446.3    	0.020000	42.1105   	0.020000	42.1105   	0.020000	296.942   	0.020000	588.785   	0.020000	369.053   	
0.025000	8418.17   	0.025000	8418.17   	0.025000	6336.66   	0.025000	6336.66   	0.025000	6336.92   	0.025000	45.6354   	0.025000	45.6354   	0.025000	356.291   	0.025000	690.315   	0.025000	425.654   	
0.030000	9354.88   	0.030000	9354.88   	0.030000	7147.8    	0.030000	7147.8    	0.030000	7148.07   	0.030000	48.8941   	0.030000	48.8941   	0.030000	409.755   	0.030000	777.356   	0.030000	469.495   	
0.035000	10196.5   	0.035000	10196.5   	0.035000	7892.24   	0.035000	7892.24   	0.035000	7892.51   	0.035000	51.7941   	0.035000	51.7941   	0.035000	452.628   	0.035000	846.523   	0.035000	504.577   	
0.040000	10967.2   	0.040000	10967.2   	0.040000	8583.47   	0.040000	8583.47   	0.040000	8583.73   	0.040000	54.376    	0.040000	54.376    	0.040000	487.155   	0.040000	902.073   	0.040000	533.713   	
0.045000	11682.3   	0.045000	11682.3   	0.045000	9231.37   	0.045000	9231.37   	0.045000	9231.64   	0.045000	56.6896   	0.045000	56.6896   	0.045000	516.113   	0.045000	948.517   	0.045000	558.939   	
0.050000	12352.1   	0.050000	12352.1   	0.050000	9843.47   	0.050000	9843.47   	0.050000	9843.74   	0.050000	58.7808   	0.050000	58.7776   	0.050000	540.988   	0.050000	988.362   	0.050000	580.507   	
0.055000	12984     	0.055000	12984     	0.055000	10425.6   	0.055000	10425.6   	0.055000	10425.9   	0.055000	60.6885   	0.055000	60.6734   	0.055000	562.905   	0.055000	1023.38   	0.055000	599.78    	
0.060000	13583.7   	0.060000	13583.7   	0.060000	10982.5   	0.060000	10982.5   	0.060000	10982.7   	0.060000	62.4444   	0.060000	62.4161   	0.060000	582.404   	0.060000	1054.46   	0.060000	617.144   	
0.070000	14704.4   	0.070000	14704.4   	0.070000	12034.6   	0.070000	12034.6   	0.070000	12034.8   	0.070000	65.5999   	0.070000	65.5564   	0.070000	615.834   	0.070000	1107.52   	0.070000	647.426   	
0.080000	15742.5   	0.080000	15742.5   	0.080000	13022.7   	0.080000	13022.7   	0.080000	13023     	0.080000	68.4022   	0.080000	68.369    	0.080000	644.033   	0.080000	1151.94   	0.080000	673.512   	
0.090000	16718.2   	0.090000	16718.2   	0.090000	13962.9   	0.090000	13962.9   	0.090000	13963.2   	0.090000	70.9556   	0.090000	70.9564   	0.090000	668.964   	0.090000	1190.82   	0.090000	696.522   	
0.100000	17646.2   	0.100000	17646.2   	0.100000	14866.9   	0.100000	14866.9   	0.100000	14867.2   	0.100000	73.3326   	0.100000	73.334    	0.100000	690.811   	0.100000	1224.67   	0.100000	717.472   	
0.120000	19390.2   	0.120000	19390.2   	0.120000	16599.2   	0.120000	16599.2   	0.120000	16599.5   	0.120000	77.7497   	0.120000	77.6471   	0.120000	729.408   	0.120000	1283.56   	0.120000	754.366   	
0.140000	21029.6   	0.140000	21029.6   	0.140000	18268.4   	0.140000	18268.4   	0.140000	18268.6   	0.140000	81.9259   	0.140000	81.6225   	0.140000	763.17    	0.140000	1333.99   	0.140000	787.499   	
0.160000	22604.4   	0.160000	22604.4   	0.160000	19904.8   	0.160000	19904.8   	0.160000	19905.1   	0.160000	86.0202   	0.160000	85.4435   	0.160000	793.922   	0.160000	1379.17   	0.160000	818.31    	
0.180000	24144     	0.180000	24144     	0.180000	21528.5   	0.180000	21528.5   	0.180000	21528.8   	0.180000	90.1324   	0.180000	89.2203   	0.180000	822.546   	0.180000	1420.79   	0.180000	847.168   	
0.200000	25665.6   	0.200000	25665.6   	0.200000	23153.1   	0.200000	23153.1   	0.200000	23153.4   	0.200000	94.3291   	0.200000	93.0233   	0.200000	849.898   	0.200000	1460.19   	0.200000	875.215   	
0.250000	29468.1   	0.250000	29468.1   	0.250000	27274.7   	0.250000	27274.7   	0.250000	27275     	0.250000	105.458   	0.250000	102.919   	0.250000	914.322   	0.250000	1551.89   	0.250000	942.796   	
0.300000	33298.6   	0.300000	33298.6   	0.300000	31534.4   	0.300000	31534.4   	0.300000	31534.6   	0.300000	117.695   	0.300000	113.577   	0.300000	976.301   	0.300000	1638.86   	0.300000	1009.49   	
0.350000	37212.4   	0.350000	37212.4   	0.350000	35947.7   	0.350000	35947.7   	0.350000	35947.9   	0.350000	130.988   	0.350000	124.979   	0.350000	1036.86   	0.350000	1723.27   	0.350000	1075.36   	
0.400000	41253     	0.400000	41253     	0.400000	40543.3   	0.400000	40543.3   	0.400000	40543.5   	0.400000	145.464   	0.400000	137.239   	0.400000	1097.17   	0.400000	1806.82   	0.400000	1141.89   	
0.450000	45452.3   	0.450000	45452.3   	0.450000	45342     	0.450000	45342     	0.450000	45342.2   	0.450000	161.225   	0.450000	150.439   	0.450000	1157.96   	0.450000	1890.68   	0.450000	1209.78   	
0.500000	49825.9   	0.500000	49825.9   	0.500000	50352     	0.500000	50352     	0.500000	50352.2   	0.500000	178.274   	0.500000	164.577   	0.500000	1219.68   	0.500000	1975.49   	0.500000	1278.95   	
0.600000	59093.1   	0.600000	59093.1   	0.600000	61004.7   	0.600000	61004.7   	0.600000	61005     	0.600000	216.006   	0.600000	195.63    	0.600000	1328.41   	0.600000	2148.79   	0.600000	1422.12   	
0.700000	69124.7   	0.700000	69124.7   	0.700000	72484.8   	0.700000	72484.8   	0.700000	72485     	0.700000	258.176   	0.700000	230.792   	0.700000	1437.99   	0.700000	2326.7    	0.700000	1549.8    	
0.800000	79877.4   	0.800000	79877.4   	0.800000	84767     	0.800000	84767     	0.800000	84767.3   	0.800000	304.361   	0.800000	269.395   	0.800000	1552.38   	0.800000	2492.51   	0.800000	1633.87   	
0.900000	91290.7   	0.900000	91290.7   	0.900000	97828     	0.900000	97828     	0.900000	97828.3   	0.900000	354.251   	0.900000	310.862   	0.900000	1671.2    	0.900000	2647.68   	0.900000	1723.5    	
1.000000	103433    	1.000000	103433    	1.000000	111665    	1.000000	111665    	1.000000	111665    	1.000000	407.82    	1.000000	354.97    	1.000000	1794.52   	1.000000	2808.51   	1.000000	1819.25   	
1.250000	137157    	1.250000	137157    	1.250000	149622    	1.250000	149622    	1.250000	149622    	1.250000	557.553   	1.250000	475.812   	1.250000	2119.68   	1.250000	3231.89   	1.250000	2082.8    	
1.500000	176475    	1.500000	176475    	1.500000	192182    	1.500000	192182    	1.500000	192182    	1.500000	728.06    	1.500000	609.488   	1.500000	2428.83   	1.500000	3638.56   	1.500000	2378.55   	
1.750000	221730    	1.750000	221730    	1.750000	239236    	1.750000	239236    	1.750000	239236    	1.750000	918.886   	1.750000	755.093   	1.750000	2746.01   	1.750000	4058.39   	1.750000	2705.36   	
2.000000	272492    	2.000000	272492    	2.000000	290744    	2.000000	290744    	2.000000	290745    	2.000000	1130.27   	2.000000	912.492   	2.000000	3093.11   	2.000000	4516.23   	2.000000	3063      	
2.250000	328470    	2.250000	328470    	2.250000	346713    	2.250000	346713    	2.250000	346714    	2.250000	1362.82   	2.250000	1081.9    	2.250000	3470.04   	2.250000	5011.1    	2.250000	3451.56   	
2.500000	389515    	2.500000	389462    	2.500000	407159    	2.500000	407159    	2.500000	407159    	2.500000	1617.11   	2.500000	1263.58   	2.500000	3876.84   	2.500000	5542.5    	2.500000	3871.24   	
3.000000	529121    	3.000000	525909    	3.000000	541527    	3.000000	541527    	3.000000	541527    	3.000000	2192.61   	3.000000	1664.39   	3.000000	4780.42   	3.000000	6713.39   	3.000000	4804.68   	
3.500000	687499    	3.500000	681042    	3.500000	693882    	3.500000	693882    	3.500000	693882    	3.500000	2859.08   	3.500000	2115.7    	3.500000	5804.12   	3.500000	8026.27   	3.500000	5864.15   	
4.000000	864325    	4.000000	854419    	4.000000	864175    	4.000000	864175    	4.000000	864174    	4.000000	3617.38   	4.000000	2617.36   	4.000000	6947.89   	4.000000	9478.85   	4.000000	7049.97   	
4.500000	1.05931e+06	4.500000	1.04575e+06	4.500000	1.05229e+06	4.500000	1.05229e+06	4.500000	1.05229e+06	4.500000	4467.55   	4.500000	3168.47   	4.500000	8211.23   	4.500000	11068.8   	4.500000	8361.88   	
5.000000	1.2722e+06	5.000000	1.25479e+06	5.000000	1.25809e+06	5.000000	1.25809e+06	5.000000	1.25809e+06	5.000000	5409.1    	5.000000	3767.98   	5.000000	9593.42   	5.000000	12793.8   	5.000000	9799.31   	
5.500000	1.50276e+06	5.500000	1.48134e+06	5.500000	1.48139e+06	5.500000	1.48139e+06	5.500000	1.48139e+06	5.500000	6441.27   	5.500000	4414.97   	5.500000	11093.4   	5.500000	14651.3   	5.500000	11361.3   	
6.000000	1.75077e+06	6.000000	1.72519e+06	6.000000	1.72202e+06	6.000000	1.72202e+06	6.000000	1.72202e+06	6.000000	7563.21   	6.000000	5108.46   	6.000000	12710.3   	6.000000	16639.3   	6.000000	13047     	
6.500000	2.01604e+06	6.500000	1.98617e+06	6.500000	1.9798e+06	6.500000	1.9798e+06	6.500000	1.9798e+06	6.500000	8774.06   	6.500000	5847.51   	6.500000	14443     	6.500000	18755.5   	6.500000	14855.5   	
7.000000	2.29838e+06	7.000000	2.2641e+06	7.000000	2.25457e+06	7.000000	2.25457e+06	7.000000	2.25457e+06	7.000000	10073     	7.000000	6631.29   	7.000000	16290.7   	7.000000	20998.1   	7.000000	16785.7   	
7.500000	2.59763e+06	7.500000	2.55883e+06	7.500000	2.54616e+06	7.500000	2.54616e+06	7.500000	2.54615e+06	7.500000	11459.1   	7.500000	7459.08   	7.500000	18252.1   	7.500000	23365     	7.500000	18836.8   	
8.000000	2.91362e+06	8.000000	2.87022e+06	8.000000	2.85441e+06	8.000000	2.85441e+06	8.000000	2.85441e+06	8.000000	12931.8   	8.000000	8330.12   	8.000000	20326.6   	8.000000	25854.6   	8.000000	21007.8   	
8.500000	3.24621e+06	8.500000	3.19812e+06	8.500000	3.17919e+06	8.500000	3.17919e+06	8.500000	3.17919e+06	8.500000	14490.3   	8.500000	9243.57   	8.500000	22513.2   	8.500000	28465.4   	8.500000	23297.9   	
9.000000	3.59524e+06	9.000000	3.54241e+06	9.000000	3.52036e+06	9.000000	3.52036e+06	9.000000	3.52036e+06	9.000000	16134.1   	9.000000	10198.7   	9.000000	24811.1   	9.000000	31195.8   	9.000000	25706.4   	
9.500000	3.96058e+06	9.500000	3.90297e+06	9.500000	3.87779e+06	9.500000	3.87779e+06	9.500000	3.87779e+06	9.500000	17862.7   	9.500000	11195.2   	9.500000	27219.6   	9.500000	34044.6   	9.500000	28232.5   	
10.000000	4.34211e+06	10.000000	4.2799e+06	10.000000	4.25136e+06	10.000000	4.25136e+06	10.000000	4.25136e+06	10.000000	19675.4   	10.000000	12232.6   	10.000000	29738     	10.000000	37010.3   	10.000000	30875.5   	
11.000000	5.15322e+06	11.000000	5.0944e+06	11.000000	5.04702e+06	11.000000	5.04696e+06	11.000000	5.04702e+06	11.000000	23559.1   	11.000000	14433.6   	11.000000	35106.3   	11.000000	43293.2   	11.000000	36514.4   	
12.000000	6.02763e+06	12.000000	5.9711e+06	12.000000	5.90702e+06	12.000000	5.90678e+06	12.000000	5.90704e+06	12.000000	27787.8   	12.000000	16802.3   	12.000000	40915.7   	12.000000	50040.9   	12.000000	42623.1   	
13.000000	6.96449e+06	13.000000	6.90926e+06	13.000000	6.8306e+06	13.000000	6.83009e+06	13.000000	6.83067e+06	13.000000	32357     	13.000000	19334     	13.000000	47162.1   	13.000000	57246.1   	13.000000	49197.8   	
14.000000	7.963e+06 	14.000000	7.90819e+06	14.000000	7.81705e+06	14.000000	7.81618e+06	14.000000	7.81719e+06	14.000000	37262.6   	14.000000	22024.7   	14.000000	53841.6   	14.000000	64901.9   	14.000000	56234.5   	
15.000000	9.02241e+06	15.000000	8.96722e+06	15.000000	8.86568e+06	15.000000	8.86439e+06	15.000000	8.86592e+06	15.000000	42500.8   	15.000000	24873     	15.000000	60950.4   	15.000000	73001.7   	15.000000	63729.6   	
16.000000	1.0142e+07	16.000000	1.00857e+07	16.000000	9.97582e+06	16.000000	9.97408e+06	16.000000	9.97621e+06	16.000000	48067.9   	16.000000	27876.3   	16.000000	68484.5   	16.000000	81539.5   	16.000000	71679.3   	
17.000000	1.13211e+07	17.000000	1.12632e+07	17.000000	1.11469e+07	17.000000	1.11446e+07	17.000000	1.11474e+07	17.000000	53960.3   	17.000000	31030.8   	17.000000	76440.5   	17.000000	90509.4   	17.000000	80080.2   	
18.000000	1.25591e+07	18.000000	1.24989e+07	18.000000	1.23782e+07	18.000000	1.23754e+07	18.000000	1.2379e+07	18.000000	60174     	18.000000	34333.4   	18.000000	84814.2   	18.000000	99905.4   	18.000000	88928.3   	
19.000000	1.38554e+07	19.000000	1.37925e+07	19.000000	1.36691e+07	19.000000	1.36658e+07	19.000000	1.36702e+07	19.000000	66705.2   	19.000000	37781.9   	19.000000	93601.8   	19.000000	109722    	19.000000	98219.8   	
20.000000	1.52093e+07	20.000000	1.51434e+07	20.000000	1.5019e+07	20.000000	1.50152e+07	20.000000	1.50204e+07	20.000000	73549.8   	20.000000	41373.8   	20.000000	102799    	20.000000	119953    	20.000000	107951    	
21.000000	1.66205e+07	21.000000	1.65511e+07	21.000000	1.64274e+07	21.000000	1.6423e+07	21.000000	1.64291e+07	21.000000	80703.4   	21.000000	45106.4   	21.000000	112402    	21.000000	130593    	21.000000	118117    	
22.000000	1.80882e+07	22.000000	1.80151e+07	22.000000	1.78936e+07	22.000000	1.78885e+07	22.000000	1.78956e+07	22.000000	88161.6   	22.000000	48977.1   	22.000000	122407    	22.000000	141636    	22.000000	128714    	
23.000000	1.96121e+07	23.000000	1.9535e+07	23.000000	1.94168e+07	23.000000	1.94113e+07	23.000000	1.94193e+07	23.000000	95919.7   	23.000000	52983.3   	23.000000	132808    	23.000000	153077    	23.000000	139738    	
24.000000	2.11916e+07	24.000000	2.11103e+07	24.000000	2.09965e+07	24.000000	2.09905e+07	24.000000	2.09995e+07	24.000000	103973    	24.000000	57122.1   	24.000000	143601    	24.000000	164909    	24.000000	151183    	
25.000000	2.28262e+07	25.000000	2.27407e+07	25.000000	2.26321e+07	25.000000	2.26256e+07	25.000000	2.26355e+07	25.000000	112316    	25.000000	61390.7   	25.000000	154782    	25.000000	177127    	25.000000	163046    	
27.000000	2.62591e+07	27.000000	2.61649e+07	27.000000	2.6068e+07	27.000000	2.60609e+07	27.000000	2.60726e+07	27.000000	129850    	27.000000	70306.8   	27.000000	178286    	27.000000	202696    	27.000000	188003    	
29.000000	2.99073e+07	29.000000	2.98044e+07	29.000000	2.97192e+07	29.000000	2.97116e+07	29.000000	2.9725e+07	29.000000	148477    	29.000000	79706.5   	29.000000	203277    	29.000000	229734    	29.000000	214568    	
31.000000	3.37675e+07	31.000000	3.36562e+07	31.000000	3.35805e+07	31.000000	3.35728e+07	31.000000	3.35876e+07	31.000000	168157    	31.000000	89563     	31.000000	229717    	31.000000	258197    	31.000000	242699    	
33.000000	3.78366e+07	33.000000	3.77175e+07	33.000000	3.76504e+07	33.000000	3.7643e+07	33.000000	3.7659e+07	33.000000	188900    	33.000000	99886.9   	33.000000	257595    	33.000000	288067    	33.000000	272388    	
35.000000	4.21117e+07	35.000000	4.19856e+07	35.000000	4.19266e+07	35.000000	4.192e+07 	35.000000	4.19366e+07	35.000000	210699    	35.000000	110673    	35.000000	286893    	35.000000	319325    	35.000000	303620    	
38.000000	4.89044e+07	38.000000	4.87699e+07	38.000000	4.87219e+07	38.000000	4.87173e+07	38.000000	4.87342e+07	38.000000	245347    	38.000000	127700    	38.000000	333461    	38.000000	368762    	38.000000	353318    	
41.000000	5.61455e+07	41.000000	5.60053e+07	41.000000	5.5967e+07	41.000000	5.59655e+07	41.000000	5.59818e+07	41.000000	282294    	41.000000	145734    	41.000000	383118    	41.000000	421196    	41.000000	406387    	
44.000000	6.38265e+07	44.000000	6.3684e+07	44.000000	6.36539e+07	44.000000	6.36568e+07	44.000000	6.36717e+07	44.000000	321493    	44.000000	164739    	44.000000	435807    	44.000000	476559    	44.000000	462770    	
47.000000	7.19397e+07	47.000000	7.17985e+07	47.000000	7.17753e+07	47.000000	7.17837e+07	47.000000	7.17963e+07	47.000000	362901    	47.000000	184697    	47.000000	491471    	47.000000	534791    	47.000000	522416    	
50.000000	8.04776e+07	50.000000	8.03417e+07	50.000000	8.03241e+07	50.000000	8.03392e+07	50.000000	8.03486e+07	50.000000	406474    	50.000000	205588    	50.000000	550057    	50.000000	595833    	50.000000	585275    	
55.000000	9.56326e+07	55.000000	9.55147e+07	55.000000	9.55055e+07	55.000000	9.55329e+07	55.000000	9.55351e+07	55.000000	483788    	55.000000	242431    	55.000000	654057    	55.000000	703668    	55.000000	697055    	
60.000000	1.11918e+08	60.000000	1.1183e+08	60.000000	1.11826e+08	60.000000	1.11869e+08	60.000000	1.11862e+08	60.000000	566805    	60.000000	281737    	60.000000	765807    	60.000000	818922    	60.000000	817423    	
65.000000	1.29305e+08	65.000000	1.29259e+08	65.000000	1.2926e+08	65.000000	1.29321e+08	65.000000	1.29302e+08	65.000000	655341    	65.000000	323394    	65.000000	885095    	65.000000	941378    	65.000000	946185    	
70.000000	1.47768e+08	70.000000	1.47776e+08	70.000000	1.4778e+08	70.000000	1.47862e+08	70.000000	1.47829e+08	70.000000	749220    	70.000000	367354    	70.000000	1.01172e+06	70.000000	1.07083e+06	70.000000	1.08316e+06	
75.000000	1.67284e+08	75.000000	1.67355e+08	75.000000	1.67362e+08	75.000000	1.67469e+08	75.000000	1.67418e+08	75.000000	848274    	75.000000	413532    	75.000000	1.14549e+06	75.000000	1.2071e+06	75.000000	1.22816e+06	
80.000000	1.87828e+08	80.000000	1.87974e+08	80.000000	1.87983e+08	80.000000	1.88117e+08	80.000000	1.88048e+08	80.000000	952341    	80.000000	461882    	80.000000	1.28622e+06	80.000000	1.35e+06  	80.000000	1.38103e+06	
85.000000	2.09379e+08	85.000000	2.09608e+08	85.000000	2.09622e+08	85.000000	2.09785e+08	85.000000	2.09694e+08	85.000000	1.06127e+06	85.000000	512308    	85.000000	1.43373e+06	85.000000	1.49937e+06	85.000000	1.54161e+06	
90.000000	2.31917e+08	90.000000	2.32236e+08	90.000000	2.32256e+08	90.000000	2.32451e+08	90.000000	2.32337e+08	90.000000	1.1749e+06	90.000000	564760    	90.000000	1.58786e+06	90.000000	1.65504e+06	90.000000	1.70974e+06	
95.000000	2.55423e+08	95.000000	2.55838e+08	95.000000	2.55866e+08	95.000000	2.56096e+08	95.000000	2.55955e+08	95.000000	1.29309e+06	95.000000	619184    	95.000000	1.74843e+06	95.000000	1.81687e+06	95.000000	1.88527e+06	
100.000000	2.79879e+08	100.000000	2.80394e+08	100.000000	2.80432e+08	100.000000	2.80699e+08	100.000000	2.8053e+08	100.000000	1.41571e+06	100.000000	675532    	100.000000	1.9153e+06	100.000000	1.98471e+06	100.000000	2.06805e+06	
105.000000	3.05266e+08	105.000000	3.05884e+08	105.000000	3.05935e+08	105.000000	3.06241e+08	105.000000	3.06042e+08	105.000000	1.54262e+06	105.000000	733754    	105.000000	2.08831e+06	105.000000	2.15842e+06	105.000000	2.25796e+06	
110.000000	3.31569e+08	110.000000	3.3229e+08	110.000000	3.32358e+08	110.000000	3.32706e+08	110.000000	3.32473e+08	110.000000	1.67369e+06	110.000000	793812    	110.000000	2.26731e+06	110.000000	2.33786e+06	110.000000	2.45485e+06	
115.000000	3.58771e+08	115.000000	3.59593e+08	115.000000	3.59681e+08	115.000000	3.60074e+08	115.000000	3.59807e+08	115.000000	1.80879e+06	115.000000	855640    	115.000000	2.45216e+06	115.000000	2.52292e+06	115.000000	2.65859e+06	
120.000000	3.86857e+08	120.000000	3.87778e+08	120.000000	3.87889e+08	120.000000	3.8833e+08	120.000000	3.88024e+08	120.000000	1.94781e+06	120.000000	919163    	120.000000	2.64271e+06	120.000000	2.71346e+06	120.000000	2.86906e+06	
125.000000	4.15812e+08	125.000000	4.16826e+08	125.000000	4.16965e+08	125.000000	4.17456e+08	125.000000	4.17111e+08	125.000000	2.09062e+06	125.000000	984387    	125.000000	2.83885e+06	125.000000	2.90937e+06	125.000000	3.08613e+06	
130.000000	4.45623e+08	130.000000	4.46723e+08	130.000000	4.46892e+08	130.000000	4.47437e+08	130.000000	4.4705e+08	130.000000	2.23711e+06	130.000000	1.05124e+06	130.000000	3.04043e+06	130.000000	3.11053e+06	130.000000	3.30968e+06	
135.000000	4.76276e+08	135.000000	4.77452e+08	135.000000	4.77659e+08	135.000000	4.78257e+08	135.000000	4.77825e+08	135.000000	2.38718e+06	135.000000	1.11967e+06	135.000000	3.24733e+06	135.000000	3.31684e+06	135.000000	3.53959e+06	
140.000000	5.07757e+08	140.000000	5.08998e+08	140.000000	5.09247e+08	140.000000	5.09901e+08	140.000000	5.09423e+08	140.000000	2.54071e+06	140.000000	1.18964e+06	140.000000	3.45942e+06	140.000000	3.52818e+06	140.000000	3.77576e+06	
145.000000	5.40055e+08	145.000000	5.41347e+08	145.000000	5.41641e+08	145.000000	5.42354e+08	145.000000	5.41828e+08	145.000000	2.6976e+06	145.000000	1.26111e+06	145.000000	3.6766e+06	145.000000	3.74446e+06	145.000000	4.01806e+06	
150.000000	5.73158e+08	150.000000	5.74483e+08	150.000000	5.74829e+08	150.000000	5.75604e+08	150.000000	5.75026e+08	150.000000	2.85775e+06	150.000000	1.33406e+06	150.000000	3.89872e+06	150.000000	3.96556e+06	150.000000	4.26639e+06	
155.000000	6.2869e+08	155.000000	6.08395e+08	155.000000	6.08797e+08	155.000000	6.09634e+08	155.000000	6.09004e+08	155.000000	3.02107e+06	155.000000	1.40845e+06	155.000000	4.1257e+06	155.000000	4.19139e+06	155.000000	4.52065e+06	
160.000000	6.86174e+08	160.000000	6.43067e+08	160.000000	6.43528e+08	160.000000	6.44433e+08	160.000000	6.43748e+08	160.000000	3.18746e+06	160.000000	1.48426e+06	160.000000	4.35741e+06	160.000000	4.42187e+06	160.000000	4.78073e+06	
165.000000	7.44852e+08	165.000000	6.78487e+08	165.000000	6.79013e+08	165.000000	6.79987e+08	165.000000	6.79244e+08	165.000000	3.35682e+06	165.000000	1.56145e+06	165.000000	4.59375e+06	165.000000	4.65689e+06	165.000000	5.04653e+06	
170.000000	8.04702e+08	170.000000	7.14643e+08	170.000000	7.15238e+08	170.000000	7.16283e+08	170.000000	7.15481e+08	170.000000	3.52908e+06	170.000000	1.63999e+06	170.000000	4.83461e+06	170.000000	4.89636e+06	170.000000	5.31795e+06	
175.000000	8.65706e+08	175.000000	7.51521e+08	175.000000	7.5219e+08	175.000000	7.53309e+08	175.000000	7.52445e+08	175.000000	3.70413e+06	175.000000	1.71985e+06	175.000000	5.07989e+06	175.000000	5.1402e+06	175.000000	5.59489e+06	
180.000000	9.27842e+08	180.000000	7.8911e+08	180.000000	7.89856e+08	180.000000	7.91052e+08	180.000000	7.90125e+08	180.000000	3.88191e+06	180.000000	1.80103e+06	180.000000	5.3295e+06	180.000000	5.38833e+06	180.000000	5.87727e+06	
185.000000	9.91093e+08	185.000000	8.27398e+08	185.000000	8.28226e+08	185.000000	8.29501e+08	185.000000	8.28508e+08	185.000000	4.06232e+06	185.000000	1.88347e+06	185.000000	5.58332e+06	185.000000	5.64065e+06	185.000000	6.16498e+06	
190.000000	1.05544e+09	190.000000	8.66374e+08	190.000000	8.6729e+08	190.000000	8.68644e+08	190.000000	8.67584e+08	190.000000	4.2453e+06	190.000000	1.96712e+06	190.000000	5.84128e+06	190.000000	5.8971e+06	190.000000	6.45793e+06	
195.000000	1.12087e+09	195.000000	9.06025e+08	195.000000	9.07035e+08	195.000000	9.0847e+08	195.000000	9.0734e+08	195.000000	4.43075e+06	195.000000	2.05194e+06	195.000000	6.10327e+06	195.000000	6.15758e+06	195.000000	6.75604e+06	
200.000000	1.18735e+09	200.000000	9.46342e+08	200.000000	9.47449e+08	200.000000	9.48967e+08	200.000000	9.47766e+08	200.000000	4.61861e+06	200.000000	2.13795e+06	200.000000	6.36921e+06	200.000000	6.42203e+06	200.000000	7.05923e+06	
210.000000	1.32345e+09	210.000000	1.02893e+09	210.000000	1.03024e+09	210.000000	1.03193e+09	210.000000	1.03058e+09	210.000000	5.00127e+06	210.000000	2.31344e+06	210.000000	6.91258e+06	210.000000	6.96252e+06	210.000000	7.68046e+06	
220.000000	1.46359e+09	220.000000	1.11406e+09	220.000000	1.11558e+09	220.000000	1.11746e+09	220.000000	1.11595e+09	220.000000	5.3927e+06	220.000000	2.49325e+06	220.000000	7.4707e+06	220.000000	7.51799e+06	220.000000	8.32097e+06	
230.000000	1.60766e+09	230.000000	1.20164e+09	230.000000	1.20339e+09	230.000000	1.20547e+09	230.000000	1.2038e+09	230.000000	5.7924e+06	230.000000	2.6772e+06	230.000000	8.04294e+06	230.000000	8.08789e+06	230.000000	8.98013e+06	
240.000000	1.75553e+09	240.000000	1.29161e+09	240.000000	1.29361e+09	240.000000	1.29588e+09	240.000000	1.29403e+09	240.000000	6.19985e+06	240.000000	2.86523e+06	240.000000	8.62866e+06	240.000000	8.67168e+06	240.000000	9.65732e+06	
250.000000	1.90711e+09	250.000000	1.38388e+09	250.000000	1.38614e+09	250.000000	1.38862e+09	250.000000	1.38659e+09	250.000000	6.61458e+06	250.000000	3.05726e+06	250.000000	9.22728e+06	250.000000	9.26887e+06	250.000000	1.0352e+07	
260.000000	2.06228e+09	260.000000	1.47841e+09	260.000000	1.48092e+09	260.000000	1.48362e+09	260.000000	1.48141e+09	260.000000	7.03616e+06	260.000000	3.25283e+06	260.000000	9.83824e+06	260.000000	9.87897e+06	260.000000	1.10635e+07	
270.000000	2.22093e+09	270.000000	1.5751e+09	270.000000	1.57789e+09	270.000000	1.58081e+09	270.000000	1.5784e+09	270.000000	7.46415e+06	270.000000	3.45196e+06	270.000000	1.0461e+07	270.000000	1.05015e+07	270.000000	1.17913e+07	
280.000000	2.38298e+09	280.000000	1.67392e+09	280.000000	1.67697e+09	280.000000	1.68012e+09	280.000000	1.67752e+09	280.000000	7.89815e+06	280.000000	3.65456e+06	280.000000	1.1095e+07	280.000000	1.11361e+07	280.000000	1.2535e+07	
290.000000	2.54833e+09	290.000000	1.77478e+09	290.000000	1.77811e+09	290.000000	1.7815e+09	290.000000	1.77869e+09	290.000000	8.33779e+06	290.000000	3.86052e+06	290.000000	1.17399e+07	290.000000	1.17822e+07	290.000000	1.32939e+07	
300.000000	2.71688e+09	300.000000	1.87764e+09	300.000000	1.88124e+09	300.000000	1.88488e+09	300.000000	1.88186e+09	300.000000	8.78271e+06	300.000000	4.06968e+06	300.000000	1.2395e+07	300.000000	1.24395e+07	300.000000	1.40677e+07	
310.000000	2.88856e+09	310.000000	1.98244e+09	310.000000	1.98632e+09	310.000000	1.99021e+09	310.000000	1.98696e+09	310.000000	9.23255e+06	310.000000	4.28177e+06	310.000000	1.306e+07 	310.000000	1.31076e+07	310.000000	1.48557e+07	
320.000000	3.06327e+09	320.000000	2.08913e+09	320.000000	2.09328e+09	320.000000	2.09742e+09	320.000000	2.09395e+09	320.000000	9.68701e+06	320.000000	4.49683e+06	320.000000	1.37344e+07	320.000000	1.3786e+07	320.000000	1.56577e+07	
330.000000	3.24095e+09	330.000000	2.19764e+09	330.000000	2.20206e+09	330.000000	2.20647e+09	330.000000	2.20277e+09	330.000000	1.01458e+07	330.000000	4.71479e+06	330.000000	1.44179e+07	330.000000	1.44746e+07	330.000000	1.64731e+07	
340.000000	3.4215e+09	340.000000	2.30794e+09	340.000000	2.31262e+09	340.000000	2.3173e+09	340.000000	2.31336e+09	340.000000	1.06085e+07	340.000000	4.93542e+06	340.000000	1.51099e+07	340.000000	1.51727e+07	340.000000	1.73016e+07	
350.000000	3.60487e+09	350.000000	2.41998e+09	350.000000	2.42491e+09	350.000000	2.42987e+09	350.000000	2.42568e+09	350.000000	1.1075e+07	350.000000	5.15856e+06	350.000000	1.58102e+07	350.000000	1.58803e+07	350.000000	1.81426e+07	
360.000000	3.79097e+09	360.000000	2.5337e+09	360.000000	2.53888e+09	360.000000	2.54412e+09	360.000000	2.53968e+09	360.000000	1.1545e+07	360.000000	5.38422e+06	360.000000	1.65184e+07	360.000000	1.65968e+07	360.000000	1.89958e+07	
370.000000	3.97974e+09	370.000000	2.64906e+09	370.000000	2.65448e+09	370.000000	2.66001e+09	370.000000	2.65532e+09	370.000000	1.20182e+07	370.000000	5.61246e+06	370.000000	1.72341e+07	370.000000	1.73221e+07	370.000000	1.98609e+07	
380.000000	4.17111e+09	380.000000	2.76603e+09	380.000000	2.77167e+09	380.000000	2.77749e+09	380.000000	2.77254e+09	380.000000	1.24944e+07	380.000000	5.84316e+06	380.000000	1.7957e+07	380.000000	1.80558e+07	380.000000	2.07374e+07	
390.000000	4.36501e+09	390.000000	2.88455e+09	390.000000	2.8904e+09	390.000000	2.89653e+09	390.000000	2.8913e+09	390.000000	1.29733e+07	390.000000	6.07613e+06	390.000000	1.86868e+07	390.000000	1.87976e+07	390.000000	2.1625e+07	
400.000000	4.56139e+09	400.000000	3.00459e+09	400.000000	3.01063e+09	400.000000	3.01707e+09	400.000000	3.01157e+09	400.000000	1.34548e+07	400.000000	6.31129e+06	400.000000	1.94231e+07	400.000000	1.95473e+07	400.000000	2.25233e+07	
410.000000	4.76019e+09	410.000000	3.12611e+09	410.000000	3.13233e+09	410.000000	3.13908e+09	410.000000	3.13331e+09	410.000000	1.39387e+07	410.000000	6.54859e+06	410.000000	2.01657e+07	410.000000	2.03045e+07	410.000000	2.34321e+07	
420.000000	4.96134e+09	420.000000	3.24906e+09	420.000000	3.25544e+09	420.000000	3.26252e+09	420.000000	3.25646e+09	420.000000	1.44247e+07	420.000000	6.78787e+06	420.000000	2.09143e+07	420.000000	2.10691e+07	420.000000	2.4351e+07	
430.000000	5.16478e+09	430.000000	3.37343e+09	430.000000	3.37994e+09	430.000000	3.38734e+09	430.000000	3.381e+09 	430.000000	1.49127e+07	430.000000	7.02899e+06	430.000000	2.16686e+07	430.000000	2.18407e+07	430.000000	2.52796e+07	
440.000000	5.37047e+09	440.000000	3.49915e+09	440.000000	3.5058e+09	440.000000	3.51353e+09	440.000000	3.50689e+09	440.000000	1.54025e+07	440.000000	7.27194e+06	440.000000	2.24283e+07	440.000000	2.26191e+07	440.000000	2.62177e+07	
450.000000	5.57835e+09	450.000000	3.62622e+09	450.000000	3.63297e+09	450.000000	3.64103e+09	450.000000	3.6341e+09	450.000000	1.58939e+07	450.000000	7.51678e+06	450.000000	2.31932e+07	450.000000	2.34041e+07	450.000000	2.71649e+07	
460.000000	5.78837e+09	460.000000	3.75458e+09	460.000000	3.76141e+09	460.000000	3.76981e+09	460.000000	3.76258e+09	460.000000	1.63867e+07	460.000000	7.7635e+06	460.000000	2.39631e+07	460.000000	2.41955e+07	460.000000	2.8121e+07	
470.000000	6.00048e+09	470.000000	3.88421e+09	470.000000	3.8911e+09	470.000000	3.89984e+09	470.000000	3.89231e+09	470.000000	1.68809e+07	470.000000	8.01204e+06	470.000000	2.47377e+07	470.000000	2.49929e+07	470.000000	2.90857e+07	
480.000000	6.21463e+09	480.000000	4.01508e+09	480.000000	4.022e+09 	480.000000	4.03109e+09	480.000000	4.02325e+09	480.000000	1.73763e+07	480.000000	8.2623e+06	480.000000	2.55167e+07	480.000000	2.57964e+07	480.000000	3.00588e+07	
490.000000	6.43076e+09	490.000000	4.14715e+09	490.000000	4.15408e+09	490.000000	4.16353e+09	490.000000	4.15537e+09	490.000000	1.78727e+07	490.000000	8.51411e+06	490.000000	2.63e+07  	490.000000	2.66055e+07	490.000000	3.10399e+07	
500.000000	6.64885e+09	500.000000	4.2804e+09	500.000000	4.28732e+09	500.000000	4.29712e+09	500.000000	4.28864e+09	500.000000	1.837e+07 	500.000000	8.76741e+06	500.000000	2.70874e+07	500.000000	2.74201e+07	500.000000	3.20288e+07	
520.000000	7.09068e+09	520.000000	4.55032e+09	520.000000	4.55713e+09	520.000000	4.56766e+09	520.000000	4.55853e+09	520.000000	1.93668e+07	520.000000	9.27864e+06	520.000000	2.86736e+07	520.000000	2.90652e+07	520.000000	3.40291e+07	
540.000000	7.53977e+09	540.000000	4.82461e+09	540.000000	4.83122e+09	540.000000	4.84248e+09	540.000000	4.83268e+09	540.000000	2.03659e+07	540.000000	9.7959e+06	540.000000	3.02737e+07	540.000000	3.073e+07 	540.000000	3.60578e+07	
560.000000	7.9958e+09	560.000000	5.10306e+09	560.000000	5.10934e+09	560.000000	5.12136e+09	560.000000	5.11089e+09	560.000000	2.13664e+07	560.000000	1.03184e+07	560.000000	3.18864e+07	560.000000	3.24133e+07	560.000000	3.81131e+07	
580.000000	8.45846e+09	580.000000	5.38549e+09	580.000000	5.39133e+09	580.000000	5.40412e+09	580.000000	5.39296e+09	580.000000	2.23676e+07	580.000000	1.08463e+07	580.000000	3.35103e+07	580.000000	3.41138e+07	580.000000	4.01933e+07	
600.000000	8.92745e+09	600.000000	5.67171e+09	600.000000	5.67698e+09	600.000000	5.69056e+09	600.000000	5.67869e+09	600.000000	2.33688e+07	600.000000	1.13793e+07	600.000000	3.51442e+07	600.000000	3.58302e+07	600.000000	4.22969e+07	
620.000000	9.4025e+09	620.000000	5.96154e+09	620.000000	5.96612e+09	620.000000	5.98051e+09	620.000000	5.96792e+09	620.000000	2.43693e+07	620.000000	1.19169e+07	620.000000	3.67871e+07	620.000000	3.75614e+07	620.000000	4.44224e+07	
640.000000	9.88334e+09	640.000000	6.25481e+09	640.000000	6.25857e+09	640.000000	6.27379e+09	640.000000	6.26047e+09	640.000000	2.53686e+07	640.000000	1.24588e+07	640.000000	3.84379e+07	640.000000	3.93063e+07	640.000000	4.65683e+07	
660.000000	1.03697e+10	660.000000	6.55138e+09	660.000000	6.5542e+09	660.000000	6.57026e+09	660.000000	6.55619e+09	660.000000	2.63663e+07	660.000000	1.30047e+07	660.000000	4.00956e+07	660.000000	4.1064e+07	660.000000	4.87334e+07	
680.000000	1.08614e+10	680.000000	6.85108e+09	680.000000	6.85286e+09	680.000000	6.86975e+09	680.000000	6.85492e+09	680.000000	2.73618e+07	680.000000	1.35546e+07	680.000000	4.17593e+07	680.000000	4.28334e+07	680.000000	5.09163e+07	
700.000000	1.13581e+10	700.000000	7.15379e+09	700.000000	7.1544e+09	700.000000	7.17213e+09	700.000000	7.15654e+09	700.000000	2.83548e+07	700.000000	1.41083e+07	700.000000	4.34282e+07	700.000000	4.46137e+07	700.000000	5.3116e+07	
720.000000	1.18597e+10	720.000000	7.45935e+09	720.000000	7.45868e+09	720.000000	7.47727e+09	720.000000	7.4609e+09	720.000000	2.93449e+07	720.000000	1.46656e+07	720.000000	4.51016e+07	720.000000	4.6404e+07	720.000000	5.53312e+07	
740.000000	1.2366e+10	740.000000	7.76765e+09	740.000000	7.76556e+09	740.000000	7.78503e+09	740.000000	7.76788e+09	740.000000	3.03317e+07	740.000000	1.52264e+07	740.000000	4.67787e+07	740.000000	4.82035e+07	740.000000	5.7561e+07	
760.000000	1.28766e+10	760.000000	8.07857e+09	760.000000	8.07494e+09	760.000000	8.0953e+09	760.000000	8.07735e+09	760.000000	3.13151e+07	760.000000	1.57902e+07	760.000000	4.84588e+07	760.000000	5.00116e+07	760.000000	5.98044e+07	
780.000000	1.33916e+10	780.000000	8.39198e+09	780.000000	8.3867e+09	780.000000	8.40797e+09	780.000000	8.38921e+09	780.000000	3.22946e+07	780.000000	1.63568e+07	780.000000	5.01414e+07	780.000000	5.18274e+07	780.000000	6.20603e+07	
800.000000	1.39105e+10	800.000000	8.70778e+09	800.000000	8.70076e+09	800.000000	8.72292e+09	800.000000	8.70335e+09	800.000000	3.32702e+07	800.000000	1.69261e+07	800.000000	5.18258e+07	800.000000	5.36504e+07	800.000000	6.43279e+07	
820.000000	1.44334e+10	820.000000	9.02586e+09	820.000000	9.01699e+09	820.000000	9.04005e+09	820.000000	9.01966e+09	820.000000	3.42415e+07	820.000000	1.74984e+07	820.000000	5.35116e+07	820.000000	5.54798e+07	820.000000	6.66064e+07	
840.000000	1.496e+10 	840.000000	9.34611e+09	840.000000	9.3353e+09	840.000000	9.35927e+09	840.000000	9.33805e+09	840.000000	3.52084e+07	840.000000	1.80736e+07	840.000000	5.51982e+07	840.000000	5.73151e+07	840.000000	6.88948e+07	
860.000000	1.54901e+10	860.000000	9.66845e+09	860.000000	9.6556e+09	860.000000	9.68048e+09	860.000000	9.65843e+09	860.000000	3.61707e+07	860.000000	1.86516e+07	860.000000	5.68851e+07	860.000000	5.91558e+07	860.000000	7.11926e+07	
880.000000	1.60237e+10	880.000000	9.99278e+09	880.000000	9.97778e+09	880.000000	1.00036e+10	880.000000	9.9807e+09	880.000000	3.71283e+07	880.000000	1.92323e+07	880.000000	5.8572e+07	880.000000	6.10013e+07	880.000000	7.34989e+07	
900.000000	1.65604e+10	900.000000	1.0319e+10	900.000000	1.03018e+10	900.000000	1.03285e+10	900.000000	1.03048e+10	900.000000	3.8081e+07	900.000000	1.98154e+07	900.000000	6.02583e+07	900.000000	6.28511e+07	900.000000	7.58131e+07	
920.000000	1.71003e+10	920.000000	1.06471e+10	920.000000	1.06275e+10	920.000000	1.06552e+10	920.000000	1.06306e+10	920.000000	3.90287e+07	920.000000	2.04009e+07	920.000000	6.19439e+07	920.000000	6.47048e+07	920.000000	7.81346e+07	
940.000000	1.76432e+10	940.000000	1.09768e+10	940.000000	1.09549e+10	940.000000	1.09835e+10	940.000000	1.09581e+10	940.000000	3.99714e+07	940.000000	2.09884e+07	940.000000	6.36282e+07	940.000000	6.65618e+07	940.000000	8.04626e+07	
960.000000	1.81889e+10	960.000000	1.13083e+10	960.000000	1.12838e+10	960.000000	1.13135e+10	960.000000	1.12871e+10	960.000000	4.09089e+07	960.000000	2.1578e+07	960.000000	6.5311e+07	960.000000	6.84218e+07	960.000000	8.27967e+07	
980.000000	1.87373e+10	980.000000	1.16413e+10	980.000000	1.16143e+10	980.000000	1.16449e+10	980.000000	1.16177e+10	980.000000	4.18412e+07	980.000000	2.21694e+07	980.000000	6.6992e+07	980.000000	7.02844e+07	980.000000	8.51362e+07	
1000.000000	1.92883e+10	1000.000000	1.19759e+10	1000.000000	1.19463e+10	1000.000000	1.19778e+10	1000.000000	1.19498e+10	1000.000000	4.27682e+07	1000.000000	2.27627e+07	1000.000000	6.86709e+07	1000.000000	7.21491e+07	1000.000000	8.74806e+07	
1020.000000	1.98418e+10	1020.000000	1.23119e+10	1020.000000	1.22796e+10	1020.000000	1.23121e+10	1020.000000	1.22832e+10	1020.000000	4.36898e+07	1020.000000	2.33579e+07	1020.000000	7.03475e+07	1020.000000	7.40157e+07	1020.000000	8.98296e+07	
1040.000000	2.03976e+10	1040.000000	1.26492e+10	1040.000000	1.26143e+10	1040.000000	1.26478e+10	1040.000000	1.26179e+10	1040.000000	4.46061e+07	1040.000000	2.3955e+07	1040.000000	7.20214e+07	1040.000000	7.58838e+07	1040.000000	9.21824e+07	
1060.000000	2.09556e+10	1060.000000	1.29879e+10	1060.000000	1.29502e+10	1060.000000	1.29847e+10	1060.000000	1.29539e+10	1060.000000	4.5517e+07	1060.000000	2.45541e+07	1060.000000	7.36925e+07	1060.000000	7.7753e+07	1060.000000	9.45388e+07	
1080.000000	2.15158e+10	1080.000000	1.33279e+10	1080.000000	1.32874e+10	1080.000000	1.33228e+10	1080.000000	1.32912e+10	1080.000000	4.64224e+07	1080.000000	2.51552e+07	1080.000000	7.53606e+07	1080.000000	7.96232e+07	1080.000000	9.68983e+07	
1100.000000	2.2078e+10	1100.000000	1.3669e+10	1100.000000	1.36257e+10	1100.000000	1.36621e+10	1100.000000	1.36296e+10	1100.000000	4.73224e+07	1100.000000	2.57582e+07	1100.000000	7.70254e+07	1100.000000	8.14938e+07	1100.000000	9.92604e+07	
1120.000000	2.26422e+10	1120.000000	1.40113e+10	1120.000000	1.39651e+10	1120.000000	1.40025e+10	1120.000000	1.39691e+10	1120.000000	4.82169e+07	1120.000000	2.6363e+07	1120.000000	7.86869e+07	1120.000000	8.33648e+07	1120.000000	1.01625e+08	
1140.000000	2.32082e+10	1140.000000	1.43547e+10	1140.000000	1.43056e+10	1140.000000	1.4344e+10	1140.000000	1.43097e+10	1140.000000	4.91059e+07	1140.000000	2.69696e+07	1140.000000	8.03447e+07	1140.000000	8.52359e+07	1140.000000	1.03991e+08	
1160.000000	2.3776e+10	1160.000000	1.46991e+10	1160.000000	1.46471e+10	1160.000000	1.46866e+10	1160.000000	1.46513e+10	1160.000000	4.99894e+07	1160.000000	2.75776e+07	1160.000000	8.19989e+07	1160.000000	8.71067e+07	1160.000000	1.06359e+08	
1180.000000	2.43454e+10	1180.000000	1.50445e+10	1180.000000	1.49896e+10	1180.000000	1.50301e+10	1180.000000	1.49939e+10	1180.000000	5.08675e+07	1180.000000	2.81872e+07	1180.000000	8.36492e+07	1180.000000	8.89771e+07	1180.000000	1.08728e+08	
1200.000000	2.49164e+10	1200.000000	1.53908e+10	1200.000000	1.53331e+10	1200.000000	1.53745e+10	1200.000000	1.53374e+10	1200.000000	5.17401e+07	1200.000000	2.87982e+07	1200.000000	8.52955e+07	1200.000000	9.08469e+07	1200.000000	1.11098e+08	
1220.000000	2.54889e+10	1220.000000	1.57381e+10	1220.000000	1.56774e+10	1220.000000	1.57199e+10	1220.000000	1.56819e+10	1220.000000	5.26072e+07	1220.000000	2.94107e+07	1220.000000	8.69377e+07	1220.000000	9.27158e+07	1220.000000	1.13469e+08	
1240.000000	2.60628e+10	1240.000000	1.60862e+10	1240.000000	1.60226e+10	1240.000000	1.60661e+10	1240.000000	1.60271e+10	1240.000000	5.3469e+07	1240.000000	3.00245e+07	1240.000000	8.85756e+07	1240.000000	9.45837e+07	1240.000000	1.1584e+08	
1260.000000	2.6638e+10	1260.000000	1.64351e+10	1260.000000	1.63686e+10	1260.000000	1.64131e+10	1260.000000	1.63732e+10	1260.000000	5.43253e+07	1260.000000	3.06397e+07	1260.000000	9.02092e+07	1260.000000	9.64503e+07	1260.000000	1.18211e+08	
1280.000000	2.72145e+10	1280.000000	1.67847e+10	1280.000000	1.67154e+10	1280.000000	1.67609e+10	1280.000000	1.67201e+10	1280.000000	5.51762e+07	1280.000000	3.12563e+07	1280.000000	9.18384e+07	1280.000000	9.83155e+07	1280.000000	1.20582e+08	
1300.000000	2.77922e+10	1300.000000	1.71351e+10	1300.000000	1.7063e+10	1300.000000	1.71095e+10	1300.000000	1.70678e+10	1300.000000	5.60217e+07	1300.000000	3.18743e+07	1300.000000	9.34631e+07	1300.000000	1.00179e+08	1300.000000	1.22953e+08	
1320.000000	2.8371e+10	1320.000000	1.74862e+10	1320.000000	1.74112e+10	1320.000000	1.74588e+10	1320.000000	1.74162e+10	1320.000000	5.6862e+07	1320.000000	3.24936e+07	1320.000000	9.50832e+07	1320.000000	1.02041e+08	1320.000000	1.25323e+08	
1340.000000	2.89509e+10	1340.000000	1.7838e+10	1340.000000	1.77602e+10	1340.000000	1.78088e+10	1340.000000	1.77652e+10	1340.000000	5.76969e+07	1340.000000	3.31142e+07	1340.000000	9.66986e+07	1340.000000	1.03901e+08	1340.000000	1.27692e+08	
1360.000000	2.95318e+10	1360.000000	1.81903e+10	1360.000000	1.81098e+10	1360.000000	1.81595e+10	1360.000000	1.81149e+10	1360.000000	5.85265e+07	1360.000000	3.3736e+07	1360.000000	9.83093e+07	1360.000000	1.05759e+08	1360.000000	1.3006e+08	
1380.000000	3.01136e+10	1380.000000	1.85433e+10	1380.000000	1.846e+10 	1380.000000	1.85108e+10	1380.000000	1.84653e+10	1380.000000	5.93509e+07	1380.000000	3.43591e+07	1380.000000	9.99152e+07	1380.000000	1.07615e+08	1380.000000	1.32426e+08	
1400.000000	3.06962e+10	1400.000000	1.88968e+10	1400.000000	1.88109e+10	1400.000000	1.88627e+10	1400.000000	1.88163e+10	1400.000000	6.01701e+07	1400.000000	3.49834e+07	1400.000000	1.01516e+08	1400.000000	1.09468e+08	1400.000000	1.34791e+08	
1420.000000	3.12797e+10	1420.000000	1.92508e+10	1420.000000	1.91623e+10	1420.000000	1.92151e+10	1420.000000	1.91678e+10	1420.000000	6.09841e+07	1420.000000	3.5609e+07	1420.000000	1.03112e+08	1420.000000	1.11319e+08	1420.000000	1.37155e+08	
1440.000000	3.18639e+10	1440.000000	1.96053e+10	1440.000000	1.95143e+10	1440.000000	1.95682e+10	1440.000000	1.95199e+10	1440.000000	6.17931e+07	1440.000000	3.62357e+07	1440.000000	1.04704e+08	1440.000000	1.13168e+08	1440.000000	1.39516e+08	
1460.000000	3.24488e+10	1460.000000	1.99603e+10	1460.000000	1.98668e+10	1460.000000	1.99217e+10	1460.000000	1.98725e+10	1460.000000	6.25969e+07	1460.000000	3.68637e+07	1460.000000	1.0629e+08	1460.000000	1.15014e+08	1460.000000	1.41876e+08	
1480.000000	3.30343e+10	1480.000000	2.03157e+10	1480.000000	2.02199e+10	1480.000000	2.02758e+10	1480.000000	2.02256e+10	1480.000000	6.33956e+07	1480.000000	3.74928e+07	1480.000000	1.07871e+08	1480.000000	1.16857e+08	1480.000000	1.44233e+08	
1500.000000	3.36205e+10	1500.000000	2.06715e+10	1500.000000	2.05734e+10	1500.000000	2.06304e+10	1500.000000	2.05792e+10	1500.000000	6.41894e+07	1500.000000	3.81231e+07	1500.000000	1.09447e+08	1500.000000	1.18697e+08	1500.000000	1.46588e+08	
1520.000000	3.42071e+10	1520.000000	2.10277e+10	1520.000000	2.09274e+10	1520.000000	2.09854e+10	1520.000000	2.09333e+10	1520.000000	6.49782e+07	1520.000000	3.87546e+07	1520.000000	1.11019e+08	1520.000000	1.20535e+08	1520.000000	1.48941e+08	
1540.000000	3.47943e+10	1540.000000	2.13842e+10	1540.000000	2.12818e+10	1540.000000	2.13409e+10	1540.000000	2.12878e+10	1540.000000	6.57621e+07	1540.000000	3.93872e+07	1540.000000	1.12585e+08	1540.000000	1.22369e+08	1540.000000	1.51291e+08	
1560.000000	3.53819e+10	1560.000000	2.1741e+10	1560.000000	2.16367e+10	1560.000000	2.16968e+10	1560.000000	2.16428e+10	1560.000000	6.6541e+07	1560.000000	4.00209e+07	1560.000000	1.14146e+08	1560.000000	1.24201e+08	1560.000000	1.53638e+08	
1580.000000	3.59699e+10	1580.000000	2.20982e+10	1580.000000	2.19919e+10	1580.000000	2.2053e+10	1580.000000	2.19981e+10	1580.000000	6.73152e+07	1580.000000	4.06557e+07	1580.000000	1.15702e+08	1580.000000	1.26029e+08	1580.000000	1.55982e+08	
1600.000000	3.65583e+10	1600.000000	2.24556e+10	1600.000000	2.23475e+10	1600.000000	2.24097e+10	1600.000000	2.23538e+10	1600.000000	6.80846e+07	1600.000000	4.12915e+07	1600.000000	1.17252e+08	1600.000000	1.27854e+08	1600.000000	1.58324e+08	
1620.000000	3.71469e+10	1620.000000	2.28133e+10	1620.000000	2.27035e+10	1620.000000	2.27668e+10	1620.000000	2.27099e+10	1620.000000	6.88492e+07	1620.000000	4.19283e+07	1620.000000	1.18798e+08	1620.000000	1.29676e+08	1620.000000	1.60662e+08	
1640.000000	3.77359e+10	1640.000000	2.31712e+10	1640.000000	2.30599e+10	1640.000000	2.31241e+10	1640.000000	2.30663e+10	1640.000000	6.96091e+07	1640.000000	4.2566e+07	1640.000000	1.20338e+08	1640.000000	1.31494e+08	1640.000000	1.62998e+08	
1660.000000	3.83251e+10	1660.000000	2.35294e+10	1660.000000	2.34166e+10	1660.000000	2.34819e+10	1660.000000	2.34231e+10	1660.000000	7.03644e+07	1660.000000	4.32047e+07	1660.000000	1.21873e+08	1660.000000	1.33309e+08	1660.000000	1.65329e+08	
1680.000000	3.89144e+10	1680.000000	2.38877e+10	1680.000000	2.37735e+10	1680.000000	2.38399e+10	1680.000000	2.37802e+10	1680.000000	7.1115e+07	1680.000000	4.38443e+07	1680.000000	1.23403e+08	1680.000000	1.3512e+08	1680.000000	1.67658e+08	
1700.000000	3.95039e+10	1700.000000	2.42462e+10	1700.000000	2.41308e+10	1700.000000	2.41983e+10	1700.000000	2.41376e+10	1700.000000	7.18611e+07	1700.000000	4.44847e+07	1700.000000	1.24928e+08	1700.000000	1.36928e+08	1700.000000	1.69983e+08	
1750.000000	4.09781e+10	1750.000000	2.51431e+10	1750.000000	2.50253e+10	1750.000000	2.50953e+10	1750.000000	2.50322e+10	1750.000000	7.37066e+07	1750.000000	4.60898e+07	1750.000000	1.28718e+08	1750.000000	1.41432e+08	1750.000000	1.75781e+08	
1800.000000	4.24525e+10	1800.000000	2.60406e+10	1800.000000	2.59212e+10	1800.000000	2.5994e+10	1800.000000	2.59285e+10	1800.000000	7.55245e+07	1800.000000	4.77003e+07	1800.000000	1.32475e+08	1800.000000	1.45913e+08	1800.000000	1.81555e+08	
1850.000000	4.39266e+10	1850.000000	2.69386e+10	1850.000000	2.68186e+10	1850.000000	2.6894e+10	1850.000000	2.68261e+10	1850.000000	7.73155e+07	1850.000000	4.93166e+07	1850.000000	1.362e+08 	1850.000000	1.5037e+08	1850.000000	1.87305e+08	
1900.000000	4.53999e+10	1900.000000	2.78368e+10	1900.000000	2.77172e+10	1900.000000	2.77952e+10	1900.000000	2.77249e+10	1900.000000	7.90803e+07	1900.000000	5.09386e+07	1900.000000	1.39894e+08	1900.000000	1.54803e+08	1900.000000	1.93029e+08	
1950.000000	4.68719e+10	1950.000000	2.87349e+10	1950.000000	2.86168e+10	1950.000000	2.86975e+10	1950.000000	2.86248e+10	1950.000000	8.08195e+07	1950.000000	5.25666e+07	1950.000000	1.43555e+08	1950.000000	1.59211e+08	1950.000000	1.98728e+08	
2000.000000	4.83424e+10	2000.000000	2.96327e+10	2000.000000	2.95172e+10	2000.000000	2.96006e+10	2000.000000	2.95255e+10	2000.000000	8.25339e+07	2000.000000	5.42003e+07	2000.000000	1.47185e+08	2000.000000	1.63595e+08	2000.000000	2.044e+08 	
2100.000000	5.1277e+10	2100.000000	3.14269e+10	2100.000000	3.13203e+10	2100.000000	3.1409e+10	2100.000000	3.13291e+10	2100.000000	8.58906e+07	2100.000000	5.74852e+07	2100.000000	1.54352e+08	2100.000000	1.72286e+08	2100.000000	2.15662e+08	
2200.000000	5.4201e+10	2200.000000	3.3218e+10	2200.000000	3.31255e+10	2200.000000	3.32194e+10	2200.000000	3.31347e+10	2200.000000	8.91553e+07	2200.000000	6.07925e+07	2200.000000	1.61398e+08	2200.000000	1.80875e+08	2200.000000	2.26812e+08	
2300.000000	5.71121e+10	2300.000000	3.50049e+10	2300.000000	3.49318e+10	2300.000000	3.5031e+10	2300.000000	3.49414e+10	2300.000000	9.23327e+07	2300.000000	6.41212e+07	2300.000000	1.68324e+08	2300.000000	1.89362e+08	2300.000000	2.37848e+08	
2400.000000	6.00084e+10	2400.000000	3.67864e+10	2400.000000	3.67387e+10	2400.000000	3.6843e+10	2400.000000	3.67487e+10	2400.000000	9.54273e+07	2400.000000	6.74704e+07	2400.000000	1.75134e+08	2400.000000	1.97746e+08	2400.000000	2.48768e+08	
2500.000000	6.28881e+10	2500.000000	3.85619e+10	2500.000000	3.85454e+10	2500.000000	3.86549e+10	2500.000000	3.85558e+10	2500.000000	9.84432e+07	2500.000000	7.08391e+07	2500.000000	1.81831e+08	2500.000000	2.06028e+08	2500.000000	2.59571e+08	
2600.000000	6.57499e+10	2600.000000	4.03306e+10	2600.000000	4.03515e+10	2600.000000	4.04663e+10	2600.000000	4.03624e+10	2600.000000	1.01384e+08	2600.000000	7.42267e+07	2600.000000	1.88418e+08	2600.000000	2.14208e+08	2600.000000	2.70257e+08	
2700.000000	6.85925e+10	2700.000000	4.20917e+10	2700.000000	4.21566e+10	2700.000000	4.22766e+10	2700.000000	4.21679e+10	2700.000000	1.04255e+08	2700.000000	7.76327e+07	2700.000000	1.949e+08 	2700.000000	2.22288e+08	2700.000000	2.80827e+08	
2800.000000	7.14149e+10	2800.000000	4.38449e+10	2800.000000	4.39603e+10	2800.000000	4.40855e+10	2800.000000	4.39721e+10	2800.000000	1.07057e+08	2800.000000	8.10567e+07	2800.000000	2.01278e+08	2800.000000	2.30269e+08	2800.000000	2.91281e+08	
2900.000000	7.42161e+10	2900.000000	4.55896e+10	2900.000000	4.57623e+10	2900.000000	4.58927e+10	2900.000000	4.57746e+10	2900.000000	1.09796e+08	2900.000000	8.44985e+07	2900.000000	2.07556e+08	2900.000000	2.38152e+08	2900.000000	3.0162e+08	
3000.000000	7.69954e+10	3000.000000	4.73254e+10	3000.000000	4.75624e+10	3000.000000	4.7698e+10	3000.000000	4.75752e+10	3000.000000	1.12473e+08	3000.000000	8.79581e+07	3000.000000	2.13738e+08	3000.000000	2.45939e+08	3000.000000	3.11846e+08	
3200.000000	8.24861e+10	3200.000000	5.07693e+10	3200.000000	5.11559e+10	3200.000000	5.13018e+10	3200.000000	5.11697e+10	3200.000000	1.17654e+08	3200.000000	9.49301e+07	3200.000000	2.25822e+08	3200.000000	2.61231e+08	3200.000000	3.31963e+08	
3400.000000	8.78831e+10	3400.000000	5.41745e+10	3400.000000	5.47395e+10	3400.000000	5.48957e+10	3400.000000	5.47543e+10	3400.000000	1.22622e+08	3400.000000	1.01972e+08	3400.000000	2.37555e+08	3400.000000	2.76161e+08	3400.000000	3.51646e+08	
3600.000000	9.3184e+10	3600.000000	5.75395e+10	3600.000000	5.83123e+10	3600.000000	5.84786e+10	3600.000000	5.8328e+10	3600.000000	1.27396e+08	3600.000000	1.09082e+08	3600.000000	2.48956e+08	3600.000000	2.90741e+08	3600.000000	3.70908e+08	
3800.000000	9.83876e+10	3800.000000	6.08636e+10	3800.000000	6.18736e+10	3800.000000	6.20498e+10	3800.000000	6.18902e+10	3800.000000	1.31991e+08	3800.000000	1.1626e+08	3800.000000	2.60046e+08	3800.000000	3.04988e+08	3800.000000	3.89766e+08	
4000.000000	1.03493e+11	4000.000000	6.41461e+10	4000.000000	6.54229e+10	4000.000000	6.5609e+10	4000.000000	6.54403e+10	4000.000000	1.36421e+08	4000.000000	1.23505e+08	4000.000000	2.70843e+08	4000.000000	3.18915e+08	4000.000000	4.08233e+08	
4200.000000	1.08501e+11	4200.000000	6.73869e+10	4200.000000	6.896e+10 	4200.000000	6.91559e+10	4200.000000	6.89783e+10	4200.000000	1.40699e+08	4200.000000	1.30816e+08	4200.000000	2.81365e+08	4200.000000	3.32537e+08	4200.000000	4.26326e+08	
4400.000000	1.13412e+11	4400.000000	7.0586e+10	4400.000000	7.24847e+10	4400.000000	7.26903e+10	4400.000000	7.25038e+10	4400.000000	1.44837e+08	4400.000000	1.38192e+08	4400.000000	2.91626e+08	4400.000000	3.45865e+08	4400.000000	4.4406e+08	
4600.000000	1.18226e+11	4600.000000	7.37436e+10	4600.000000	7.59969e+10	4600.000000	7.62121e+10	4600.000000	7.60169e+10	4600.000000	1.48845e+08	4600.000000	1.45632e+08	4600.000000	3.01643e+08	4600.000000	3.58915e+08	4600.000000	4.61448e+08	
4800.000000	1.22946e+11	4800.000000	7.686e+10 	4800.000000	7.94968e+10	4800.000000	7.97215e+10	4800.000000	7.95175e+10	4800.000000	1.52731e+08	4800.000000	1.53135e+08	4800.000000	3.11427e+08	4800.000000	3.71696e+08	4800.000000	4.78504e+08	
5000.000000	1.27572e+11	5000.000000	7.99357e+10	5000.000000	8.29844e+10	5000.000000	8.32185e+10	5000.000000	8.30059e+10	5000.000000	1.56504e+08	5000.000000	1.607e+08 	5000.000000	3.20991e+08	5000.000000	3.84222e+08	5000.000000	4.95243e+08	
5250.000000	1.33227e+11	5250.000000	8.37238e+10	5250.000000	8.73267e+10	5250.000000	8.75725e+10	5250.000000	8.73492e+10	5250.000000	1.61072e+08	5250.000000	1.70243e+08	5250.000000	3.32654e+08	5250.000000	3.99536e+08	5250.000000	5.15738e+08	
5500.000000	1.38741e+11	5500.000000	8.74504e+10	5500.000000	9.16503e+10	5500.000000	9.19077e+10	5500.000000	9.16738e+10	5500.000000	1.65488e+08	5500.000000	1.7988e+08	5500.000000	3.44012e+08	5500.000000	4.14486e+08	5500.000000	5.35779e+08	
6000.000000	1.49366e+11	6000.000000	9.47239e+10	6000.000000	1.00243e+11	6000.000000	1.00523e+11	6000.000000	1.00268e+11	6000.000000	1.73908e+08	6000.000000	1.9943e+08	6000.000000	3.65884e+08	6000.000000	4.43372e+08	6000.000000	5.74587e+08	
6500.000000	1.59478e+11	6500.000000	1.01767e+11	6500.000000	1.08765e+11	6500.000000	1.09068e+11	6500.000000	1.08792e+11	6500.000000	1.8184e+08	6500.000000	2.19338e+08	6500.000000	3.86736e+08	6500.000000	4.71013e+08	6500.000000	6.11825e+08	
7000.000000	1.69108e+11	7000.000000	1.08591e+11	7000.000000	1.17221e+11	7000.000000	1.17545e+11	7000.000000	1.1725e+11	7000.000000	1.89347e+08	7000.000000	2.39595e+08	7000.000000	4.06678e+08	7000.000000	4.97525e+08	7000.000000	6.47635e+08	
7500.000000	1.78286e+11	7500.000000	1.15208e+11	7500.000000	1.25613e+11	7500.000000	1.25958e+11	7500.000000	1.25644e+11	7500.000000	1.9648e+08	7500.000000	2.60186e+08	7500.000000	4.25802e+08	7500.000000	5.23011e+08	7500.000000	6.82139e+08	
8000.000000	1.8704e+11	8000.000000	1.21627e+11	8000.000000	1.33944e+11	8000.000000	1.34312e+11	8000.000000	1.33977e+11	8000.000000	2.03282e+08	8000.000000	2.81101e+08	8000.000000	4.44186e+08	8000.000000	5.47557e+08	8000.000000	7.15446e+08	
8500.000000	1.95399e+11	8500.000000	1.2786e+11	8500.000000	1.42219e+11	8500.000000	1.42607e+11	8500.000000	1.42254e+11	8500.000000	2.09788e+08	8500.000000	3.02336e+08	8500.000000	4.61897e+08	8500.000000	5.71242e+08	8500.000000	7.47651e+08	
9000.000000	2.03386e+11	9000.000000	1.33916e+11	9000.000000	1.5044e+11	9000.000000	1.50848e+11	9000.000000	1.50477e+11	9000.000000	2.16027e+08	9000.000000	3.23882e+08	9000.000000	4.78994e+08	9000.000000	5.94134e+08	9000.000000	7.78838e+08	
9500.000000	2.11026e+11	9500.000000	1.39805e+11	9500.000000	1.58609e+11	9500.000000	1.59038e+11	9500.000000	1.58648e+11	9500.000000	2.22026e+08	9500.000000	3.45731e+08	9500.000000	4.95527e+08	9500.000000	6.16293e+08	9500.000000	8.09083e+08	
10000.000000	2.18339e+11	10000.000000	1.45535e+11	10000.000000	1.6673e+11	10000.000000	1.67178e+11	10000.000000	1.6677e+11	10000.000000	2.27805e+08	10000.000000	3.67881e+08	10000.000000	5.11541e+08	10000.000000	6.37773e+08	10000.000000	8.38451e+08	
11000.000000	2.32069e+11	11000.000000	1.5655e+11	11000.000000	1.82833e+11	11000.000000	1.8332e+11	11000.000000	1.82876e+11	11000.000000	2.3878e+08	11000.000000	4.13046e+08	11000.000000	5.42164e+08	11000.000000	6.7888e+08	11000.000000	8.94795e+08	
12000.000000	2.44717e+11	12000.000000	1.6702e+11	12000.000000	1.98767e+11	12000.000000	1.99291e+11	12000.000000	1.98813e+11	12000.000000	2.49077e+08	12000.000000	4.59287e+08	12000.000000	5.71128e+08	12000.000000	7.17783e+08	12000.000000	9.48279e+08	
13000.000000	2.56408e+11	13000.000000	1.76996e+11	13000.000000	2.14545e+11	13000.000000	2.15106e+11	13000.000000	2.14595e+11	13000.000000	2.58793e+08	13000.000000	5.06545e+08	13000.000000	5.98643e+08	13000.000000	7.54746e+08	13000.000000	9.99241e+08	
14000.000000	2.67246e+11	14000.000000	1.86522e+11	14000.000000	2.30181e+11	14000.000000	2.30777e+11	14000.000000	2.30233e+11	14000.000000	2.68004e+08	14000.000000	5.54814e+08	14000.000000	6.2488e+08	14000.000000	7.89989e+08	14000.000000	1.04796e+09	
15000.000000	2.77322e+11	15000.000000	1.95638e+11	15000.000000	2.45686e+11	15000.000000	2.46316e+11	15000.000000	2.4574e+11	15000.000000	2.76772e+08	15000.000000	6.04093e+08	15000.000000	6.49982e+08	15000.000000	8.23695e+08	15000.000000	1.09466e+09	
16000.000000	2.86715e+11	16000.000000	2.04378e+11	16000.000000	2.61068e+11	16000.000000	2.61731e+11	16000.000000	2.61125e+11	16000.000000	2.85149e+08	16000.000000	6.54349e+08	16000.000000	6.74065e+08	16000.000000	8.56017e+08	16000.000000	1.13955e+09	
17000.000000	2.95492e+11	17000.000000	2.12772e+11	17000.000000	2.76337e+11	17000.000000	2.77032e+11	17000.000000	2.76396e+11	17000.000000	2.93177e+08	17000.000000	7.05526e+08	17000.000000	6.97229e+08	17000.000000	8.87087e+08	17000.000000	1.1828e+09	
18000.000000	3.03713e+11	18000.000000	2.20846e+11	18000.000000	2.91499e+11	18000.000000	2.92226e+11	18000.000000	2.91561e+11	18000.000000	3.0089e+08	18000.000000	7.57566e+08	18000.000000	7.19559e+08	18000.000000	9.17016e+08	18000.000000	1.22454e+09	
19000.000000	3.11429e+11	19000.000000	2.28625e+11	19000.000000	3.06562e+11	19000.000000	3.07319e+11	19000.000000	3.06626e+11	19000.000000	3.08319e+08	19000.000000	8.10418e+08	19000.000000	7.41128e+08	19000.000000	9.45904e+08	19000.000000	1.2649e+09	
20000.000000	3.18685e+11	20000.000000	2.3613e+11	20000.000000	3.2153e+11	20000.000000	3.22318e+11	20000.000000	3.21597e+11	20000.000000	3.1549e+08	20000.000000	8.64038e+08	20000.000000	7.61999e+08	20000.000000	9.73833e+08	20000.000000	1.304e+09 	
21000.000000	3.25522e+11	21000.000000	2.4338e+11	21000.000000	3.3641e+11	21000.000000	3.37228e+11	21000.000000	3.3648e+11	21000.000000	3.22425e+08	21000.000000	9.18396e+08	21000.000000	7.82228e+08	21000.000000	1.00088e+09	21000.000000	1.34193e+09	
22000.000000	3.31976e+11	22000.000000	2.50392e+11	22000.000000	3.51207e+11	22000.000000	3.52053e+11	22000.000000	3.51279e+11	22000.000000	3.29143e+08	22000.000000	9.73518e+08	22000.000000	8.01863e+08	22000.000000	1.02711e+09	22000.000000	1.37878e+09	
23000.000000	3.38077e+11	23000.000000	2.57182e+11	23000.000000	3.65924e+11	23000.000000	3.66799e+11	23000.000000	3.66e+11  	23000.000000	3.35662e+08	23000.000000	1.0294e+09	23000.000000	8.20946e+08	23000.000000	1.05258e+09	23000.000000	1.41462e+09	
24000.000000	3.43854e+11	24000.000000	2.63763e+11	24000.000000	3.80567e+11	24000.000000	3.81469e+11	24000.000000	3.80645e+11	24000.000000	3.41995e+08	24000.000000	1.086e+09 	24000.000000	8.39516e+08	24000.000000	1.07734e+09	24000.000000	1.44952e+09	
25000.000000	3.49332e+11	25000.000000	2.70148e+11	25000.000000	3.95138e+11	25000.000000	3.96067e+11	25000.000000	3.95219e+11	25000.000000	3.48157e+08	25000.000000	1.14329e+09	25000.000000	8.57607e+08	25000.000000	1.10144e+09	25000.000000	1.48353e+09	
26000.000000	3.54534e+11	26000.000000	2.76349e+11	26000.000000	4.09641e+11	26000.000000	4.10596e+11	26000.000000	4.09725e+11	26000.000000	3.5416e+08	26000.000000	1.20125e+09	26000.000000	8.75249e+08	26000.000000	1.12493e+09	26000.000000	1.51673e+09	
27000.000000	3.59479e+11	27000.000000	2.82377e+11	27000.000000	4.24079e+11	27000.000000	4.25059e+11	27000.000000	4.24166e+11	27000.000000	3.60012e+08	27000.000000	1.25987e+09	27000.000000	8.9247e+08	27000.000000	1.14783e+09	27000.000000	1.54914e+09	
28000.000000	3.64187e+11	28000.000000	2.88241e+11	28000.000000	4.38455e+11	28000.000000	4.3946e+11	28000.000000	4.38544e+11	28000.000000	3.65725e+08	28000.000000	1.31914e+09	28000.000000	9.09295e+08	28000.000000	1.17019e+09	28000.000000	1.58083e+09	
29000.000000	3.68675e+11	29000.000000	2.9395e+11	29000.000000	4.52772e+11	29000.000000	4.538e+11 	29000.000000	4.52864e+11	29000.000000	3.71307e+08	29000.000000	1.37906e+09	29000.000000	9.25746e+08	29000.000000	1.19203e+09	29000.000000	1.61182e+09	
30000.000000	3.72956e+11	30000.000000	2.99512e+11	30000.000000	4.67032e+11	30000.000000	4.68083e+11	30000.000000	4.67126e+11	30000.000000	3.76765e+08	30000.000000	1.43962e+09	30000.000000	9.41845e+08	30000.000000	1.21338e+09	30000.000000	1.64217e+09	
32000.000000	3.80955e+11	32000.000000	3.10227e+11	32000.000000	4.95389e+11	32000.000000	4.96483e+11	32000.000000	4.95488e+11	32000.000000	3.87339e+08	32000.000000	1.56261e+09	32000.000000	9.73055e+08	32000.000000	1.25473e+09	32000.000000	1.70103e+09	
34000.000000	3.88281e+11	34000.000000	3.20437e+11	34000.000000	5.23543e+11	34000.000000	5.24678e+11	34000.000000	5.23647e+11	34000.000000	3.97495e+08	34000.000000	1.68795e+09	34000.000000	1.00306e+09	34000.000000	1.29442e+09	34000.000000	1.75766e+09	
36000.000000	3.95014e+11	36000.000000	3.30191e+11	36000.000000	5.51508e+11	36000.000000	5.52681e+11	36000.000000	5.51617e+11	36000.000000	4.07275e+08	36000.000000	1.81549e+09	36000.000000	1.03197e+09	36000.000000	1.33259e+09	36000.000000	1.81226e+09	
38000.000000	4.01222e+11	38000.000000	3.39528e+11	38000.000000	5.79298e+11	38000.000000	5.80506e+11	38000.000000	5.79411e+11	38000.000000	4.16715e+08	38000.000000	1.94514e+09	38000.000000	1.05988e+09	38000.000000	1.3694e+09	38000.000000	1.865e+09 	
40000.000000	4.06964e+11	40000.000000	3.48483e+11	40000.000000	6.06923e+11	40000.000000	6.08162e+11	40000.000000	6.07041e+11	40000.000000	4.25845e+08	40000.000000	2.07683e+09	40000.000000	1.08688e+09	40000.000000	1.40495e+09	40000.000000	1.91605e+09	
42000.000000	4.12289e+11	42000.000000	3.57087e+11	42000.000000	6.34393e+11	42000.000000	6.35661e+11	42000.000000	6.34516e+11	42000.000000	4.34691e+08	42000.000000	2.21048e+09	42000.000000	1.11304e+09	42000.000000	1.43934e+09	42000.000000	1.96553e+09	
44000.000000	4.17241e+11	44000.000000	3.65368e+11	44000.000000	6.61717e+11	44000.000000	6.63011e+11	44000.000000	6.61845e+11	44000.000000	4.43275e+08	44000.000000	2.34602e+09	44000.000000	1.13843e+09	44000.000000	1.47267e+09	44000.000000	2.01357e+09	
46000.000000	4.21855e+11	46000.000000	3.73349e+11	46000.000000	6.88903e+11	46000.000000	6.9022e+11	46000.000000	6.89037e+11	46000.000000	4.51618e+08	46000.000000	2.48339e+09	46000.000000	1.16309e+09	46000.000000	1.50501e+09	46000.000000	2.06026e+09	
48000.000000	4.26166e+11	48000.000000	3.81051e+11	48000.000000	7.15959e+11	48000.000000	7.17296e+11	48000.000000	7.16098e+11	48000.000000	4.59737e+08	48000.000000	2.62252e+09	48000.000000	1.18708e+09	48000.000000	1.53642e+09	48000.000000	2.1057e+09	
50000.000000	4.302e+11 	50000.000000	3.88496e+11	50000.000000	7.4289e+11	50000.000000	7.44245e+11	50000.000000	7.43036e+11	50000.000000	4.67649e+08	50000.000000	2.76335e+09	50000.000000	1.21045e+09	50000.000000	1.56698e+09	50000.000000	2.14997e+09	
