# 178 angles,  1 tensor ranks for 0=projectile
@subtitle   "7Li + d g.s with DA1p OMP;"                                                    
@legend ON
@legend x1 0.2
@legend y1 0.8
@g0 type LOGY
@yaxis ticklabel format power
@xaxis label "Scattering angle (degrees)"
@yaxis label "Cross section (mb/sr)"
@legend string   0 "Partition=  1 Excit=  1 near/far= 1"
#legend string   0 "Lab energy =   14.5311"
@s0 linestyle   1
#  Theta       sigma       iT11        T20         T21         T22         Kyy for projectile
   3.000      0.1586E+06
   4.000      0.4401E+05
   5.000      0.1580E+05
   6.000       6932.    
   7.000       3705.    
   8.000       2414.    
   9.000       1860.    
   10.00       1601.    
   11.00       1462.    
   12.00       1369.    
   13.00       1292.    
   14.00       1217.    
   15.00       1140.    
   16.00       1059.    
   17.00       976.4    
   18.00       892.5    
   19.00       808.9    
   20.00       727.1    
   21.00       648.3    
   22.00       573.4    
   23.00       503.2    
   24.00       438.2    
   25.00       378.7    
   26.00       324.7    
   27.00       276.3    
   28.00       233.4    
   29.00       195.6    
   30.00       162.7    
   31.00       134.3    
   32.00       110.1    
   33.00       89.54    
   34.00       72.33    
   35.00       58.05    
   36.00       46.34    
   37.00       36.85    
   38.00       29.27    
   39.00       23.33    
   40.00       18.77    
   41.00       15.38    
   42.00       12.97    
   43.00       11.38    
   44.00       10.46    
   45.00       10.10    
   46.00       10.19    
   47.00       10.64    
   48.00       11.37    
   49.00       12.32    
   50.00       13.42    
   51.00       14.61    
   52.00       15.83    
   53.00       17.05    
   54.00       18.21    
   55.00       19.28    
   56.00       20.21    
   57.00       20.98    
   58.00       21.56    
   59.00       21.93    
   60.00       22.09    
   61.00       22.01    
   62.00       21.70    
   63.00       21.18    
   64.00       20.44    
   65.00       19.52    
   66.00       18.43    
   67.00       17.22    
   68.00       15.90    
   69.00       14.52    
   70.00       13.12    
   71.00       11.73    
   72.00       10.39    
   73.00       9.141    
   74.00       8.014    
   75.00       7.038    
   76.00       6.240    
   77.00       5.638    
   78.00       5.249    
   79.00       5.080    
   80.00       5.134    
   81.00       5.409    
   82.00       5.895    
   83.00       6.578    
   84.00       7.439    
   85.00       8.454    
   86.00       9.597    
   87.00       10.84    
   88.00       12.14    
   89.00       13.49    
   90.00       14.83    
   91.00       16.14    
   92.00       17.38    
   93.00       18.54    
   94.00       19.58    
   95.00       20.48    
   96.00       21.22    
   97.00       21.79    
   98.00       22.17    
   99.00       22.36    
   100.0       22.36    
   101.0       22.17    
   102.0       21.80    
   103.0       21.25    
   104.0       20.54    
   105.0       19.69    
   106.0       18.71    
   107.0       17.63    
   108.0       16.48    
   109.0       15.27    
   110.0       14.02    
   111.0       12.78    
   112.0       11.55    
   113.0       10.36    
   114.0       9.239    
   115.0       8.198    
   116.0       7.257    
   117.0       6.433    
   118.0       5.736    
   119.0       5.176    
   120.0       4.761    
   121.0       4.492    
   122.0       4.372    
   123.0       4.397    
   124.0       4.561    
   125.0       4.858    
   126.0       5.277    
   127.0       5.804    
   128.0       6.427    
   129.0       7.129    
   130.0       7.893    
   131.0       8.702    
   132.0       9.537    
   133.0       10.38    
   134.0       11.21    
   135.0       12.02    
   136.0       12.79    
   137.0       13.50    
   138.0       14.13    
   139.0       14.69    
   140.0       15.16    
   141.0       15.53    
   142.0       15.80    
   143.0       15.97    
   144.0       16.03    
   145.0       16.00    
   146.0       15.88    
   147.0       15.67    
   148.0       15.38    
   149.0       15.03    
   150.0       14.62    
   151.0       14.18    
   152.0       13.71    
   153.0       13.23    
   154.0       12.75    
   155.0       12.29    
   156.0       11.86    
   157.0       11.47    
   158.0       11.14    
   159.0       10.86    
   160.0       10.66    
   161.0       10.52    
   162.0       10.47    
   163.0       10.49    
   164.0       10.59    
   165.0       10.76    
   166.0       10.99    
   167.0       11.28    
   168.0       11.62    
   169.0       11.99    
   170.0       12.39    
   171.0       12.81    
   172.0       13.22    
   173.0       13.62    
   174.0       14.00    
   175.0       14.34    
   176.0       14.63    
   177.0       14.87    
   178.0       15.05    
   179.0       15.15    
   180.0       15.19    
 END
@legend string   1 "Partition=  1 Excit=  2 near/far= 1"
#legend string   0 "Lab energy =   14.5311"
@s1 linestyle   2
#  Theta       sigma       iT11        T20         T21         T22         Kyy for projectile
   3.000       3.121    
   4.000       3.165    
   5.000       3.234    
   6.000       3.333    
   7.000       3.465    
   8.000       3.628    
   9.000       3.820    
   10.00       4.039    
   11.00       4.283    
   12.00       4.554    
   13.00       4.853    
   14.00       5.180    
   15.00       5.528    
   16.00       5.890    
   17.00       6.256    
   18.00       6.619    
   19.00       6.972    
   20.00       7.312    
   21.00       7.632    
   22.00       7.925    
   23.00       8.182    
   24.00       8.397    
   25.00       8.565    
   26.00       8.686    
   27.00       8.760    
   28.00       8.787    
   29.00       8.770    
   30.00       8.709    
   31.00       8.607    
   32.00       8.470    
   33.00       8.303    
   34.00       8.113    
   35.00       7.908    
   36.00       7.692    
   37.00       7.472    
   38.00       7.251    
   39.00       7.035    
   40.00       6.829    
   41.00       6.636    
   42.00       6.458    
   43.00       6.296    
   44.00       6.152    
   45.00       6.025    
   46.00       5.914    
   47.00       5.818    
   48.00       5.734    
   49.00       5.662    
   50.00       5.597    
   51.00       5.538    
   52.00       5.483    
   53.00       5.429    
   54.00       5.375    
   55.00       5.319    
   56.00       5.259    
   57.00       5.196    
   58.00       5.128    
   59.00       5.056    
   60.00       4.980    
   61.00       4.902    
   62.00       4.822    
   63.00       4.741    
   64.00       4.660    
   65.00       4.581    
   66.00       4.506    
   67.00       4.435    
   68.00       4.370    
   69.00       4.311    
   70.00       4.258    
   71.00       4.213    
   72.00       4.174    
   73.00       4.142    
   74.00       4.117    
   75.00       4.097    
   76.00       4.081    
   77.00       4.069    
   78.00       4.059    
   79.00       4.050    
   80.00       4.041    
   81.00       4.030    
   82.00       4.016    
   83.00       3.999    
   84.00       3.977    
   85.00       3.950    
   86.00       3.918    
   87.00       3.880    
   88.00       3.837    
   89.00       3.788    
   90.00       3.734    
   91.00       3.677    
   92.00       3.616    
   93.00       3.554    
   94.00       3.490    
   95.00       3.427    
   96.00       3.364    
   97.00       3.305    
   98.00       3.249    
   99.00       3.198    
   100.0       3.153    
   101.0       3.114    
   102.0       3.082    
   103.0       3.058    
   104.0       3.042    
   105.0       3.033    
   106.0       3.033    
   107.0       3.041    
   108.0       3.056    
   109.0       3.078    
   110.0       3.107    
   111.0       3.142    
   112.0       3.183    
   113.0       3.228    
   114.0       3.277    
   115.0       3.329    
   116.0       3.385    
   117.0       3.442    
   118.0       3.501    
   119.0       3.561    
   120.0       3.622    
   121.0       3.683    
   122.0       3.744    
   123.0       3.804    
   124.0       3.864    
   125.0       3.923    
   126.0       3.980    
   127.0       4.035    
   128.0       4.089    
   129.0       4.139    
   130.0       4.187    
   131.0       4.230    
   132.0       4.270    
   133.0       4.304    
   134.0       4.333    
   135.0       4.355    
   136.0       4.370    
   137.0       4.377    
   138.0       4.375    
   139.0       4.364    
   140.0       4.343    
   141.0       4.312    
   142.0       4.270    
   143.0       4.218    
   144.0       4.155    
   145.0       4.083    
   146.0       4.001    
   147.0       3.910    
   148.0       3.812    
   149.0       3.707    
   150.0       3.597    
   151.0       3.484    
   152.0       3.369    
   153.0       3.254    
   154.0       3.141    
   155.0       3.032    
   156.0       2.929    
   157.0       2.832    
   158.0       2.745    
   159.0       2.667    
   160.0       2.601    
   161.0       2.546    
   162.0       2.504    
   163.0       2.475    
   164.0       2.459    
   165.0       2.455    
   166.0       2.462    
   167.0       2.479    
   168.0       2.506    
   169.0       2.540    
   170.0       2.580    
   171.0       2.624    
   172.0       2.670    
   173.0       2.716    
   174.0       2.761    
   175.0       2.802    
   176.0       2.838    
   177.0       2.867    
   178.0       2.889    
   179.0       2.902    
   180.0       2.907    
 END
