# Fusion cross sections for ELAB=  14.570, ECM=  11.320
     0.5   13.54      1
     0.5   27.84     -1
     1.5   40.60      1
     1.5   84.25     -1
     2.5   69.33      1
     2.5   149.3     -1
     3.5   93.47      1
     3.5   181.5     -1
     4.5   103.4      1
     4.5   188.1     -1
     5.5   108.6      1
     5.5   161.3     -1
     6.5   64.62      1
     6.5   99.42     -1
     7.5   42.31      1
     7.5   62.51     -1
     8.5   1.575      1
     8.5   17.80     -1
     9.5   1.296      1
     9.5   1.398     -1
    10.5  0.6423E-02  1
    10.5  0.9196E-01 -1
    11.5  0.5447E-02  1
    11.5  0.5829E-02 -1
    12.5  0.2176E-04  1
    12.5  0.3513E-03 -1
    13.5  0.1901E-04  1
    13.5  0.2021E-04 -1
    14.5  0.6557E-07  1
    14.5  0.1127E-05 -1
    15.5  0.5830E-07  1
    15.5  0.6182E-07 -1
    16.5  0.1132E-09  1
    16.5  0.3314E-08 -1
    17.5  0.1301E-09  1
    17.5  0.3371E-10 -1
    18.5 -0.8656E-10  1
    18.5 -0.8729E-10 -1
    19.5  0.7823E-11  1
    19.5 -0.9765E-10 -1
    20.5 -0.1006E-09  1
    20.5 -0.1131E-09 -1
    21.5  0.7287E-11  1
    21.5 -0.6659E-10 -1
    22.5 -0.6428E-10  1
    22.5 -0.4739E-10 -1
    23.5 -0.2263E-11  1
    23.5 -0.9190E-10 -1
    24.5 -0.5434E-10  1
    24.5 -0.2995E-10 -1
    25.5 -0.9150E-11  1
    25.5 -0.9188E-10 -1
    26.5 -0.6005E-10  1
    26.5 -0.5812E-10 -1
    27.5  0.1512E-13  1
    27.5 -0.6333E-10 -1
    28.5 -0.3562E-10  1
    28.5 -0.9423E-12 -1
    29.5  0.8063E-11  1
    29.5 -0.3404E-10 -1
    30.5 -0.6534E-10  1
    30.5 -0.6673E-10 -1
    31.5  0.3775E-10  1
    31.5  0.3779E-11 -1
    32.5 -0.8162E-12  1
    32.5  0.1642E-10 -1
    33.5  0.2374E-10  1
    33.5  0.2205E-11 -1
    34.5 -0.4393E-10  1
    34.5 -0.1005E-11 -1
    35.5  0.3157E-10  1
    35.5 -0.1210E-10 -1
    36.5 -0.5031E-11  1
    36.5  0.3322E-10 -1
    37.5  0.7568E-12  1
    37.5 -0.1107E-10 -1
    38.5 -0.1713E-10  1
    38.5  0.3966E-10 -1
    39.5  0.5665E-10  1
    39.5  0.5471E-10 -1
    40.5 -0.8989E-11  1
    40.5  0.1132E-10 -1
    41.5  0.4584E-10  1
    41.5  0.5299E-10 -1
    42.5 -0.8590E-11  1
    42.5  0.2214E-10 -1
    43.5  0.7977E-10  1
    43.5  0.8108E-10 -1
    44.5  0.3213E-10  1
    44.5  0.8458E-10 -1
    45.5  0.4042E-10  1
    45.5  0.5731E-10 -1
    46.5  0.5846E-11  1
    46.5  0.6759E-10 -1
    47.5  0.4498E-10  1
    47.5  0.5193E-10 -1
    48.5  0.1084E-10  1
    48.5  0.5959E-10 -1
    49.5  0.5544E-10  1
    49.5  0.8691E-10 -1
    50.5  0.1138E-10  1
    50.5  0.4804E-10 -1
 &
