# Fusion cross sections for ELAB=  14.570, ECM=  11.320
     0.5   27.84       32.70       4.853    
     1.5   84.25       101.1       16.81    
     2.5   149.3       171.9       22.63    
     3.5   181.5       204.4       22.85    
     4.5   188.1       204.8       16.73    
     5.5   161.3       170.3       8.996    
     6.5   99.42       103.5       4.068    
     7.5   62.51       63.60       1.091    
     8.5   17.80       18.02      0.2221    
     9.5   1.398       1.420      0.2116E-01
    10.5  0.9196E-01  0.9363E-01  0.1666E-02
    11.5  0.5829E-02  0.5967E-02  0.1375E-03
    12.5  0.3513E-03  0.4191E-03  0.6776E-04
    13.5  0.2021E-04  0.9306E-04  0.7284E-04
    14.5  0.1127E-05  0.6908E-04  0.6795E-04
    15.5  0.6182E-07  0.5908E-04  0.5902E-04
    16.5  0.3314E-08  0.5025E-04  0.5025E-04
    17.5  0.3371E-10  0.4278E-04  0.4278E-04
    18.5 -0.8729E-10  0.3663E-04  0.3663E-04
    19.5 -0.9765E-10  0.3157E-04  0.3157E-04
    20.5 -0.1131E-09  0.2742E-04  0.2742E-04
    21.5 -0.6659E-10  0.2396E-04  0.2396E-04
    22.5 -0.4739E-10  0.2106E-04  0.2106E-04
    23.5 -0.9190E-10  0.1861E-04  0.1861E-04
    24.5 -0.2995E-10  0.1652E-04  0.1652E-04
    25.5 -0.9188E-10  0.1473E-04  0.1473E-04
    26.5 -0.5812E-10  0.1318E-04  0.1318E-04
    27.5 -0.6333E-10  0.1183E-04  0.1183E-04
    28.5 -0.9423E-12  0.1065E-04  0.1065E-04
    29.5 -0.3404E-10  0.9605E-05  0.9605E-05
    30.5 -0.6673E-10  0.8695E-05  0.8695E-05
    31.5  0.3779E-11  0.7882E-05  0.7882E-05
    32.5  0.1642E-10  0.7136E-05  0.7136E-05
    33.5  0.2205E-11  0.6487E-05  0.6487E-05
    34.5 -0.1005E-11  0.5919E-05  0.5919E-05
    35.5 -0.1210E-10  0.5369E-05  0.5369E-05
    36.5  0.3322E-10  0.4858E-05  0.4858E-05
    37.5 -0.1107E-10  0.4441E-05  0.4441E-05
    38.5  0.3966E-10  0.4066E-05  0.4066E-05
    39.5  0.5471E-10  0.3659E-05  0.3659E-05
    40.5  0.1132E-10  0.3268E-05  0.3268E-05
    41.5  0.5299E-10  0.2976E-05  0.2976E-05
    42.5  0.2214E-10  0.2741E-05  0.2741E-05
    43.5  0.8108E-10  0.2457E-05  0.2457E-05
    44.5  0.8458E-10  0.2112E-05  0.2112E-05
    45.5  0.5731E-10  0.1804E-05  0.1804E-05
    46.5  0.6759E-10  0.1611E-05  0.1610E-05
    47.5  0.5193E-10  0.1491E-05  0.1491E-05
    48.5  0.5959E-10  0.1338E-05  0.1338E-05
    49.5  0.8691E-10  0.1085E-05  0.1085E-05
    50.5  0.4804E-10  0.7605E-06  0.7604E-06
 &
