           2           1           1
    0.5+     1 1   4.248      0.3571      0.1672       3.724    
    0.5+     1 2   5.705      0.2679      0.7220       4.715    
    0.5+     3 3   6.066      0.1338      0.5871       5.345    
    0.5-     0 1   6.013      0.3529      0.3465       5.314    
    0.5-     2 2   5.475      0.2865      0.5406       4.648    
    0.5-     2 3   5.475      0.2865      0.5406       4.648    
    1.5+     1 1   8.874      0.8880      0.7269       7.259    
    1.5+     1 2   10.13       1.008       1.104       8.022    
    1.5+     1 3   9.983       1.020      0.7898       8.173    
    1.5+     3 4   10.23      0.9290       1.368       7.935    
    1.5+     3 5   11.87      0.6502       1.223       10.00    
    1.5-     0 1   12.03      0.7058      0.6930       10.63    
    1.5-     2 2   12.10      0.5356      0.4988       11.06    
    1.5-     2 3   11.76      0.7281      0.7576       10.28    
    1.5-     2 4   10.53      0.4128       1.161       8.961    
    1.5-     4 5   4.375      0.1967      0.5623       3.616    
    2.5+     1 1   11.92      0.9746      0.9097       10.03    
    2.5+     1 2   11.39      0.6958      0.4388       10.26    
    2.5+     3 3   11.13      0.4880       1.379       9.266    
    2.5+     3 4   14.41       1.302       1.914       11.20    
    2.5+     3 5   17.94      0.8423       1.809       15.29    
    2.5+     5 6   14.88      0.1955      0.5041       14.18    
    2.5-     0 1   18.04       1.059       1.039       15.94    
    2.5-     2 2   17.41      0.7319      0.6901       15.99    
    2.5-     2 3   18.11      0.7727      0.6604       16.67    
    2.5-     2 4   17.91      0.9944       1.054       15.86    
    2.5-     4 5   12.34      0.6764      0.9828       10.69    
    2.5-     4 6   7.377      0.4619      0.8602       6.055    
    3.5+     1 1   16.30       1.465       1.684       13.15    
    3.5+     3 2   20.40      0.8158      0.6901       18.89    
    3.5+     3 3   15.55      0.8978       1.674       12.98    
    3.5+     3 4   18.20       1.398       2.662       14.14    
    3.5+     5 5   16.86      0.4372      0.3636       16.06    
    3.5+     5 6   19.66      0.3008      0.6501       18.71    
    3.5-     2 1   23.09      0.9308      0.9238       21.23    
    3.5-     2 2   24.30      0.6707      0.5794       23.05    
    3.5-     4 3   18.20      0.2295      0.9944       16.98    
    3.5-     4 4   16.81      0.8513       1.275       14.69    
    3.5-     4 5   9.604      0.5722       1.141       7.891    
    3.5-     6 6   5.594      0.1125      0.3065       5.175    
    4.5+     3 1   25.58      0.9227      0.8236       23.83    
    4.5+     3 2   18.24      0.7588       1.917       15.57    
    4.5+     5 3   20.23      0.7495E-01  0.7243       19.43    
    4.5+     5 4   20.97      0.5102      0.4717       19.99    
    4.5+     5 5   24.62      0.3670      0.8179       23.43    
    4.5+     7 6  0.7277      0.3728E-01  0.1141      0.5764    
    4.5-     2 1   28.27      0.9468       1.241       26.09    
    4.5-     4 2   10.90      0.4149      0.3702       10.11    
    4.5-     4 3   22.13      0.4399       1.175       20.51    
    4.5-     4 4   21.62      0.9185       1.623       19.08    
    4.5-     6 5   3.975      0.2381      0.2331       3.504    
    4.5-     6 6   6.866      0.1616      0.3760       6.328    
    5.5+     3 1   31.08      0.6271      0.8572       29.59    
    5.5+     5 2   30.04      0.1613      0.1175       29.77    
    5.5+     5 3   24.63      0.1803      0.8369       23.61    
    5.5+     5 4   24.88      0.5960      0.5349       23.75    
    5.5+     7 5  0.3912      0.6317E-01  0.2429E-01  0.3038    
    5.5+     7 6  0.8580      0.4656E-01  0.1330      0.6785    
    5.5-     4 1   12.85      0.4582      0.4304       11.96    
    5.5-     4 2   26.79      0.3683       1.373       25.05    
    5.5-     6 3   4.505      0.3620E-01  0.2749       4.194    
    5.5-     6 4   4.735      0.2714      0.2785       4.185    
    5.5-     6 5   8.262      0.1901      0.4525       7.620    
    5.5-     8 6  0.1725      0.2287E-01  0.5216E-01  0.9745E-01
    6.5+     5 1   35.08      0.1705      0.1308       34.78    
    6.5+     5 2   28.63      0.1514       1.009       27.47    
    6.5+     7 3  0.3456      0.5208E-02  0.2392E-01  0.3164    
    6.5+     7 4  0.4500      0.7098E-01  0.2770E-01  0.3513    
    6.5+     7 5   1.003      0.5403E-01  0.1558      0.7936    
    6.5+     9 6  0.1376E-01  0.2514E-02  0.5244E-02  0.6004E-02
    6.5-     4 1   13.77      0.3145      0.4348       13.02    
    6.5-     6 2   12.06      0.6225E-01  0.5301E-01   11.95    
    6.5-     6 3   5.509      0.6793E-01  0.3116       5.130    
    6.5-     6 4   5.338      0.3027      0.3165       4.719    
    6.5-     8 5  0.8230E-01  0.3379E-01  0.3711E-02  0.4480E-01
    6.5-     8 6  0.1983      0.2697E-01  0.5939E-01  0.1119    
    7.5+     5 1   40.29      0.8335E-01  0.1077       40.10    
    7.5+     7 2   1.024      0.5570E-02  0.5347E-02   1.014    
    7.5+     7 3  0.4121      0.7468E-02  0.2673E-01  0.3780    
    7.5+     7 4  0.4946      0.8072E-01  0.2727E-01  0.3866    
    7.5+     9 5  0.6512E-02  0.3630E-02  0.2653E-03  0.2617E-02
    7.5+     9 6  0.1555E-01  0.2894E-02  0.5878E-02  0.6777E-02
    7.5-     6 1   13.82      0.6688E-01  0.5920E-01   13.69    
    7.5-     6 2   6.255      0.5915E-01  0.3576       5.838    
    7.5-     8 3  0.2403E-01  0.1353E-02  0.1909E-02  0.2077E-01
    7.5-     8 4  0.9162E-01  0.3751E-01  0.4012E-02  0.5010E-01
    7.5-     8 5  0.2270      0.3078E-01  0.6807E-01  0.1282    
    7.5-    10 6  0.9513E-03  0.2237E-03  0.4083E-03  0.3193E-03
    8.5+     7 1   1.154      0.6000E-02  0.5941E-02   1.142    
    8.5+     7 2  0.4574      0.5177E-02  0.3014E-01  0.4221    
    8.5+     9 3  0.1450E-02  0.1100E-03  0.1212E-03  0.1219E-02
    8.5+     9 4  0.7168E-02  0.3990E-02  0.2830E-03  0.2895E-02
    8.5+     9 5  0.1751E-01  0.3253E-02  0.6626E-02  0.7634E-02
    8.5+    11 6  0.4882E-04  0.1478E-04  0.1711E-04  0.1693E-04
    8.5-     6 1   15.77      0.4353E-01  0.5643E-01   15.67    
    8.5-     8 2  0.7027E-01  0.4351E-03  0.4572E-03  0.6937E-01
    8.5-     8 3  0.2777E-01  0.1494E-02  0.2098E-02  0.2417E-01
    8.5-     8 4  0.9975E-01  0.4241E-01  0.2867E-02  0.5448E-01
    8.5-    10 5  0.4469E-03  0.3106E-03  0.8903E-05  0.1273E-03
    8.5-    10 6  0.1060E-02  0.2527E-03  0.4521E-03  0.3555E-03
    9.5+     7 1   1.298      0.4548E-02  0.5981E-02   1.288    
    9.5+     9 2  0.4584E-02  0.2653E-04  0.3276E-04  0.4525E-02
    9.5+     9 3  0.1651E-02  0.1175E-03  0.1321E-03  0.1401E-02
    9.5+     9 4  0.7767E-02  0.4453E-02  0.1873E-03  0.3126E-02
    9.5+    11 5  0.2965E-04  0.1994E-04  0.3557E-05  0.6150E-05
    9.5+    11 6  0.5399E-04  0.1654E-04  0.1881E-04  0.1865E-04
    9.5-     8 1  0.7815E-01  0.4633E-03  0.5040E-03  0.7719E-01
    9.5-     8 2  0.2852E-01  0.3992E-03  0.2312E-02  0.2581E-01
    9.5-    10 3  0.7522E-04  0.6666E-05  0.1374E-05  0.6718E-04
    9.5-    10 4  0.4875E-03  0.3387E-03  0.9079E-05  0.1397E-03
    9.5-    10 5  0.1179E-02  0.2807E-03  0.5031E-03  0.3954E-03
    9.5-    12 6  0.1648E-05  0.1000E-06  0.6498E-06  0.8977E-06
   10.5+     9 1  0.5046E-02  0.2809E-04  0.3587E-04  0.4982E-02
   10.5+     9 2  0.1662E-02  0.2436E-04  0.1441E-03  0.1493E-02
   10.5+    11 3  0.7345E-05  0.9187E-06  0.2867E-05  0.3560E-05
   10.5+    11 4  0.3218E-04  0.2160E-04  0.3879E-05  0.6700E-05
   10.5+    11 5  0.5942E-04  0.1818E-04  0.2071E-04  0.2053E-04
   10.5+    13 6  0.5598E-05  0.5808E-06  0.4970E-05  0.4771E-07
   10.5-     8 1  0.8683E-01  0.3807E-03  0.5183E-03  0.8593E-01
   10.5-    10 2  0.2797E-03  0.2357E-06  0.8480E-06  0.2786E-03
   10.5-    10 3  0.8464E-04  0.6739E-05  0.1461E-05  0.7644E-04
   10.5-    10 4  0.5260E-03  0.3742E-03  0.2040E-05  0.1498E-03
   10.5-    12 5  0.7060E-05  0.2654E-06  0.6496E-05  0.2988E-06
   10.5-    12 6  0.2003E-05  0.2447E-06  0.7783E-06  0.9799E-06
   11.5+     9 1  0.5553E-02  0.2390E-04  0.3739E-04  0.5491E-02
   11.5+    11 2  0.1737E-04  0.8163E-06  0.2619E-06  0.1629E-04
   11.5+    11 3  0.8152E-05  0.1043E-05  0.3094E-05  0.4014E-05
   11.5+    11 4  0.3470E-04  0.2356E-04  0.4011E-05  0.7132E-05
   11.5+    13 5  0.7469E-05  0.8637E-06  0.6591E-05  0.1483E-07
   11.5+    13 6  0.6239E-05  0.7549E-06  0.5433E-05  0.5172E-07
   11.5-    10 1  0.3053E-03  0.2240E-06  0.9243E-06  0.3042E-03
   11.5-    10 2  0.8345E-04  0.2014E-06  0.1583E-05  0.8167E-04
   11.5-    12 3  0.6900E-05  0.1068E-05  0.5646E-05  0.1855E-06
   11.5-    12 4  0.7689E-05  0.2929E-06  0.7072E-05  0.3235E-06
   11.5-    12 5  0.2169E-05  0.2554E-06  0.8435E-06  0.1070E-05
   11.5-    14 6  0.7466E-05  0.1078E-05  0.6386E-05  0.2424E-08
   12.5+    11 1  0.1882E-04  0.8772E-06  0.2810E-06  0.1766E-04
   12.5+    11 2  0.8385E-05  0.7595E-06  0.3340E-05  0.4285E-05
   12.5+    13 3  0.6881E-05  0.1134E-05  0.5738E-05  0.9781E-08
   12.5+    13 4  0.8073E-05  0.9319E-06  0.7125E-05  0.1597E-07
   12.5+    13 5  0.6749E-05  0.8083E-06  0.5884E-05  0.5606E-07
   12.5+    15 6  0.7365E-05  0.1135E-05  0.6230E-05 -0.7777E-11
   12.5-    10 1  0.3336E-03  0.1551E-06  0.9926E-06  0.3325E-03
   12.5-    12 2  0.3145E-05  0.1488E-05  0.7370E-06  0.9193E-06
   12.5-    12 3  0.7566E-05  0.1294E-05  0.6065E-05  0.2075E-06
   12.5-    12 4  0.8245E-05  0.1704E-06  0.7732E-05  0.3425E-06
   12.5-    14 5  0.7177E-05  0.1446E-05  0.5731E-05  0.8054E-09
   12.5-    14 6  0.8172E-05  0.1261E-05  0.6908E-05  0.2629E-08
   13.5+    11 1  0.2030E-04  0.8685E-06  0.2690E-06  0.1917E-04
   13.5+    13 2  0.2375E-05  0.1523E-05  0.8006E-06  0.5093E-07
   13.5+    13 3  0.7488E-05  0.1342E-05  0.6135E-05  0.1087E-07
   13.5+    13 4  0.8577E-05  0.8745E-06  0.7686E-05  0.1683E-07
   13.5+    15 5  0.6216E-05  0.1470E-05  0.4746E-05  0.7202E-10
   13.5+    15 6  0.7987E-05  0.1291E-05  0.6696E-05 -0.8833E-11
   13.5-    12 1  0.3373E-05  0.1593E-05  0.7897E-06  0.9906E-06
   13.5-    12 2  0.8128E-05  0.1394E-05  0.6513E-05  0.2210E-06
   13.5-    14 3  0.6065E-05  0.1048E-05  0.5017E-05  0.6012E-09
   13.5-    14 4  0.7708E-05  0.1547E-05  0.6159E-05  0.8748E-09
   13.5-    14 5  0.8794E-05  0.1351E-05  0.7441E-05  0.2829E-08
   13.5-    16 6  0.6626E-05  0.1042E-05  0.5583E-05 -0.1380E-09
   14.5+    13 1  0.2533E-05  0.1624E-05  0.8545E-06  0.5459E-07
   14.5+    13 2  0.8002E-05  0.1431E-05  0.6559E-05  0.1153E-07
   14.5+    15 3  0.5100E-05  0.9175E-06  0.4182E-05  0.1208E-09
   14.5+    15 4  0.6643E-05  0.1567E-05  0.5076E-05  0.7082E-10
   14.5+    15 5  0.8554E-05  0.1378E-05  0.7175E-05 -0.1722E-11
   14.5+    17 6  0.5833E-05  0.9114E-06  0.4922E-05 -0.1451E-09
   14.5-    12 1  0.3425E-05  0.1564E-05  0.7927E-06  0.1069E-05
   14.5-    14 2  0.2059E-05  0.1362E-05  0.6939E-06  0.2813E-08
   14.5-    14 3  0.6557E-05  0.1215E-05  0.5342E-05  0.6589E-09
   14.5-    14 4  0.8152E-05  0.1561E-05  0.6590E-05  0.9012E-09
   14.5-    16 5  0.5227E-05  0.1320E-05  0.3907E-05  0.3165E-10
   14.5-    16 6  0.7137E-05  0.1167E-05  0.5970E-05 -0.1513E-09
   15.5+    13 1  0.2529E-05  0.1605E-05  0.8659E-06  0.5860E-07
   15.5+    15 2  0.1740E-05  0.1165E-05  0.5752E-06  0.1760E-09
   15.5+    15 3  0.5484E-05  0.1046E-05  0.4437E-05  0.1206E-09
   15.5+    15 4  0.7001E-05  0.1601E-05  0.5400E-05  0.7516E-10
   15.5+    17 5  0.4368E-05  0.1134E-05  0.3234E-05  0.1038E-10
   15.5+    17 6  0.6248E-05  0.1010E-05  0.5239E-05 -0.1577E-09
   15.5-    14 1  0.2188E-05  0.1447E-05  0.7379E-06  0.2986E-08
   15.5-    14 2  0.6973E-05  0.1284E-05  0.5688E-05  0.7006E-09
   15.5-    16 3  0.4277E-05  0.8104E-06  0.3467E-05  0.8439E-10
   15.5-    16 4  0.5563E-05  0.1401E-05  0.4162E-05  0.2889E-10
   15.5-    16 5  0.7610E-05  0.1242E-05  0.6368E-05 -0.1613E-09
   15.5-    18 6  0.5146E-05  0.8056E-06  0.4341E-05 -0.1370E-09
   16.5+    15 1  0.1843E-05  0.1233E-05  0.6096E-06  0.1747E-09
   16.5+    15 2  0.5809E-05  0.1101E-05  0.4708E-05  0.1318E-09
   16.5+    17 3  0.3593E-05  0.7059E-06  0.2887E-05  0.7036E-10
   16.5+    17 4  0.4632E-05  0.1200E-05  0.3432E-05  0.2797E-10
   16.5+    17 5  0.6637E-05  0.1070E-05  0.5567E-05 -0.1706E-09
   16.5+    19 6  0.4503E-05  0.7024E-06  0.3801E-05 -0.1348E-09
   16.5-    14 1  0.2194E-05  0.1441E-05  0.7496E-06  0.3208E-08
   16.5-    16 2  0.1487E-05  0.1009E-05  0.4776E-06  0.2235E-10
   16.5-    16 3  0.4576E-05  0.9105E-06  0.3666E-05  0.6425E-10
   16.5-    16 4  0.5846E-05  0.1438E-05  0.4409E-05  0.4404E-10
   16.5-    18 5  0.3663E-05  0.9871E-06  0.2676E-05  0.2496E-10
   16.5-    18 6  0.5487E-05  0.8839E-06  0.4603E-05 -0.1462E-09
   17.5+    15 1  0.1856E-05  0.1235E-05  0.6206E-06  0.1844E-09
   17.5+    17 2  0.1253E-05  0.8653E-06  0.3872E-06  0.2115E-10
   17.5+    17 3  0.3828E-05  0.7842E-06  0.3044E-05  0.7045E-10
   17.5+    17 4  0.4855E-05  0.1233E-05  0.3623E-05  0.2491E-10
   17.5+    19 5  0.3102E-05  0.8495E-06  0.2252E-05  0.2373E-10
   17.5+    19 6  0.4782E-05  0.7649E-06  0.4017E-05 -0.1471E-09
   17.5-    16 1  0.1570E-05  0.1065E-05  0.5046E-06  0.2592E-10
   17.5-    16 2  0.4833E-05  0.9562E-06  0.3877E-05  0.7687E-10
   17.5-    18 3  0.3027E-05  0.6241E-06  0.2402E-05  0.6766E-10
   17.5-    18 4  0.3872E-05  0.1041E-05  0.2831E-05  0.2502E-10
   17.5-    18 5  0.5808E-05  0.9343E-06  0.4874E-05 -0.1583E-09
   17.5-    20 6  0.4010E-05  0.6214E-06  0.3389E-05 -0.1371E-09
   18.5+    17 1  0.1319E-05  0.9113E-06  0.4080E-06  0.1085E-10
   18.5+    17 2  0.4032E-05  0.8221E-06  0.3210E-05  0.8305E-10
   18.5+    19 3  0.2592E-05  0.5595E-06  0.2032E-05  0.8193E-10
   18.5+    19 4  0.3269E-05  0.8940E-06  0.2375E-05  0.2394E-10
   18.5+    19 5  0.5047E-05  0.8063E-06  0.4240E-05 -0.1523E-09
   18.5+    21 6  0.3559E-05  0.5576E-06  0.3001E-05 -0.1236E-09
   18.5-    16 1  0.1588E-05  0.1073E-05  0.5145E-06  0.1362E-10
   18.5-    18 2  0.1086E-05  0.7542E-06  0.3313E-06  0.2443E-10
   18.5-    18 3  0.3213E-05  0.6862E-06  0.2526E-05  0.8260E-10
   18.5-    18 4  0.4049E-05  0.1071E-05  0.2978E-05  0.2265E-10
   18.5-    20 5  0.2637E-05  0.7429E-06  0.1894E-05  0.1537E-10
   18.5-    20 6  0.4243E-05  0.6723E-06  0.3571E-05 -0.1425E-09
   19.5+    17 1  0.1337E-05  0.9211E-06  0.4161E-06  0.1310E-10
   19.5+    19 2  0.9460E-06  0.6680E-06  0.2780E-06  0.3137E-10
   19.5+    19 3  0.2742E-05  0.6099E-06  0.2132E-05  0.8420E-10
   19.5+    19 4  0.3412E-05  0.9196E-06  0.2492E-05  0.1063E-10
   19.5+    21 5  0.2262E-05  0.6596E-06  0.1603E-05  0.5976E-11
   19.5+    21 6  0.3753E-05  0.5996E-06  0.3154E-05 -0.1401E-09
   19.5-    18 1  0.1141E-05  0.7925E-06  0.3482E-06  0.1914E-10
   19.5-    18 2  0.3375E-05  0.7182E-06  0.2657E-05  0.7403E-10
   19.5-    20 3  0.2211E-05  0.4938E-06  0.1717E-05  0.8089E-10
   19.5-    20 4  0.2772E-05  0.7800E-06  0.1992E-05  0.1763E-10
   19.5-    20 5  0.4466E-05  0.7069E-06  0.3759E-05 -0.1455E-09
   19.5-    22 6  0.3161E-05  0.4923E-06  0.2669E-05 -0.1247E-09
   20.5+    19 1  0.9918E-06  0.7003E-06  0.2915E-06  0.1061E-10
   20.5+    19 2  0.2875E-05  0.6374E-06  0.2237E-05  0.7287E-10
   20.5+    21 3  0.1909E-05  0.4500E-06  0.1459E-05  0.6649E-10
   20.5+    21 4  0.2373E-05  0.6910E-06  0.1682E-05  0.1087E-10
   20.5+    21 5  0.3941E-05  0.6290E-06  0.3312E-05 -0.1410E-09
   20.5+    23 6  0.2861E-05  0.4490E-06  0.2412E-05 -0.1248E-09
   20.5-    18 1  0.1159E-05  0.8036E-06  0.3558E-06  0.1458E-10
   20.5-    20 2  0.8195E-06  0.5834E-06  0.2361E-06  0.2506E-10
   20.5-    20 3  0.2332E-05  0.5346E-06  0.1797E-05  0.6599E-10
   20.5-    20 4  0.2887E-05  0.8024E-06  0.2085E-05  0.1838E-10
   20.5-    22 5  0.1954E-05  0.5771E-06  0.1377E-05  0.9207E-11
   20.5-    22 6  0.3325E-05  0.5269E-06  0.2798E-05 -0.1232E-09
   21.5+    19 1  0.1010E-05  0.7121E-06  0.2979E-06  0.3401E-11
   21.5+    21 2  0.7386E-06  0.5264E-06  0.2121E-06  0.2668E-10
   21.5+    21 3  0.2008E-05  0.4839E-06  0.1524E-05  0.6994E-10
   21.5+    21 4  0.2467E-05  0.7112E-06  0.1756E-05  0.1693E-10
   21.5+    23 5  0.1694E-05  0.5218E-06  0.1172E-05  0.1180E-10
   21.5+    23 6  0.3001E-05  0.4782E-06  0.2523E-05 -0.1401E-09
   21.5-    20 1  0.8575E-06  0.6104E-06  0.2471E-06  0.2484E-10
   21.5-    20 2  0.2439E-05  0.5578E-06  0.1882E-05  0.6972E-10
   21.5-    22 3  0.1666E-05  0.4074E-06  0.1259E-05  0.5965E-10
   21.5-    22 4  0.2045E-05  0.6035E-06  0.1442E-05  0.2662E-10
   21.5-    22 5  0.3483E-05  0.5515E-06  0.2931E-05 -0.1476E-09
   21.5-    24 6  0.2550E-05  0.4066E-06  0.2143E-05 -0.1113E-09
   22.5+    21 1  0.7714E-06  0.5498E-06  0.2215E-06  0.2961E-10
   22.5+    21 2  0.2097E-05  0.5042E-06  0.1593E-05  0.6168E-10
   22.5+    23 3  0.1441E-05  0.3653E-06  0.1075E-05  0.6932E-10
   22.5+    23 4  0.1769E-05  0.5446E-06  0.1225E-05  0.6721E-11
   22.5+    23 5  0.3137E-05  0.4996E-06  0.2637E-05 -0.1299E-09
   22.5+    25 6  0.2297E-05  0.3647E-06  0.1932E-05 -0.1197E-09
   22.5-    20 1  0.8741E-06  0.6215E-06  0.2526E-06  0.6208E-11
   22.5-    22 2  0.6535E-06  0.4726E-06  0.1809E-06  0.1660E-10
   22.5-    22 3  0.1749E-05  0.4357E-06  0.1313E-05  0.5634E-10
   22.5-    22 4  0.2124E-05  0.6209E-06  0.1503E-05  0.1154E-10
   22.5-    24 5  0.1481E-05  0.4690E-06  0.1012E-05  0.1079E-10
   22.5-    24 6  0.2669E-05  0.4313E-06  0.2238E-05 -0.1189E-09
   23.5+    21 1  0.7877E-06  0.5609E-06  0.2268E-06  0.2332E-10
   23.5+    23 2  0.5830E-06  0.4206E-06  0.1623E-06  0.3088E-10
   23.5+    23 3  0.1508E-05  0.3890E-06  0.1119E-05  0.5630E-10
   23.5+    23 4  0.1834E-05  0.5604E-06  0.1274E-05  0.5231E-11
   23.5+    25 5  0.1300E-05  0.4179E-06  0.8818E-06  0.1224E-10
   23.5+    25 6  0.2399E-05  0.3856E-06  0.2014E-05 -0.1111E-09
   23.5-    22 1  0.6813E-06  0.4927E-06  0.1886E-06  0.7592E-11
   23.5-    22 2  0.1823E-05  0.4534E-06  0.1369E-05  0.6911E-10
   23.5-    24 3  0.1271E-05  0.3403E-06  0.9310E-06  0.5344E-10
   23.5-    24 4  0.1544E-05  0.4887E-06  0.1055E-05  0.6574E-11
   23.5-    24 5  0.2785E-05  0.4498E-06  0.2335E-05 -0.1373E-09
   23.5-    26 6  0.2098E-05  0.3398E-06  0.1758E-05 -0.9611E-10
   24.5+    23 1  0.6068E-06  0.4378E-06  0.1690E-06  0.2431E-10
   24.5+    23 2  0.1570E-05  0.4042E-06  0.1165E-05  0.7866E-10
   24.5+    25 3  0.1124E-05  0.3099E-06  0.8142E-06  0.5591E-10
   24.5+    25 4  0.1353E-05  0.4347E-06  0.9181E-06  0.8359E-11
   24.5+    25 5  0.2499E-05  0.4014E-06  0.2098E-05 -0.1244E-09
   24.5+    27 6  0.1874E-05  0.3095E-06  0.1565E-05 -0.1118E-09
   24.5-    22 1  0.6962E-06  0.5032E-06  0.1930E-06  0.1613E-10
   24.5-    24 2  0.5402E-06  0.3890E-06  0.1513E-06  0.2198E-10
   24.5-    24 3  0.1329E-05  0.3607E-06  0.9678E-06  0.4761E-10
   24.5-    24 4  0.1598E-05  0.5028E-06  0.1096E-05  0.4708E-11
   24.5-    26 5  0.1144E-05  0.3869E-06  0.7569E-06  0.6366E-11
   24.5-    26 6  0.2187E-05  0.3581E-06  0.1829E-05 -0.1178E-09
   25.5+    23 1  0.6205E-06  0.4474E-06  0.1731E-06  0.3704E-10
   25.5+    25 2  0.4836E-06  0.3520E-06  0.1316E-06  0.3455E-10
   25.5+    25 3  0.1172E-05  0.3273E-06  0.8451E-06  0.5308E-10
   25.5+    25 4  0.1399E-05  0.4471E-06  0.9520E-06  0.9074E-11
   25.5+    27 5  0.1013E-05  0.3503E-06  0.6625E-06  0.1369E-10
   25.5+    27 6  0.1950E-05  0.3252E-06  0.1625E-05 -0.1091E-09
   25.5-    24 1  0.5615E-06  0.4043E-06  0.1572E-06  0.2806E-10
   25.5-    24 2  0.1381E-05  0.3743E-06  0.1006E-05  0.5808E-10
   25.5-    26 3  0.9817E-06  0.2809E-06  0.7007E-06  0.6340E-10
   25.5-    26 4  0.1189E-05  0.4019E-06  0.7868E-06  0.1428E-10
   25.5-    26 5  0.2274E-05  0.3722E-06  0.1902E-05 -0.1012E-09
   25.5-    28 6  0.1702E-05  0.2806E-06  0.1422E-05 -0.1119E-09
   26.5+    25 1  0.5020E-06  0.3654E-06  0.1366E-06  0.4055E-10
   26.5+    25 2  0.1217E-05  0.3392E-06  0.8773E-06  0.4885E-10
   26.5+    27 3  0.8808E-06  0.2657E-06  0.6150E-06  0.5908E-10
   26.5+    27 4  0.1051E-05  0.3635E-06  0.6877E-06  0.7205E-11
   26.5+    27 5  0.2025E-05  0.3375E-06  0.1688E-05 -0.1177E-09
   26.5+    29 6  0.1566E-05  0.2655E-06  0.1300E-05 -0.9836E-10
   26.5-    24 1  0.5748E-06  0.4135E-06  0.1612E-06  0.2275E-10
   26.5-    26 2  0.4407E-06  0.3173E-06  0.1233E-06  0.3181E-10
   26.5-    26 3  0.1022E-05  0.2958E-06  0.7264E-06  0.5001E-10
   26.5-    26 4  0.1228E-05  0.4133E-06  0.8145E-06 -0.6496E-11
   26.5-    28 5  0.9006E-06  0.3161E-06  0.5846E-06  0.9847E-11
   26.5-    28 6  0.1769E-05  0.2941E-06  0.1474E-05 -0.9607E-10
   27.5+    25 1  0.5138E-06  0.3738E-06  0.1399E-06  0.3287E-10
   27.5+    27 2  0.4178E-06  0.2985E-06  0.1193E-06  0.3683E-10
   27.5+    27 3  0.9156E-06  0.2788E-06  0.6368E-06  0.5278E-10
   27.5+    27 4  0.1085E-05  0.3736E-06  0.7110E-06 -0.6205E-11
   27.5+    29 5  0.8019E-06  0.2975E-06  0.5043E-06  0.4428E-11
   27.5+    29 6  0.1624E-05  0.2775E-06  0.1347E-05 -0.1025E-09
   27.5-    26 1  0.4568E-06  0.3289E-06  0.1279E-06  0.4401E-10
   27.5-    26 2  0.1059E-05  0.3062E-06  0.7531E-06  0.6003E-10
   27.5-    28 3  0.7880E-06  0.2438E-06  0.5441E-06  0.6976E-10
   27.5-    28 4  0.9335E-06  0.3275E-06  0.6060E-06  0.1787E-10
   27.5-    28 5  0.1834E-05  0.3049E-06  0.1529E-05 -0.1082E-09
   27.5-    30 6  0.1400E-05  0.2437E-06  0.1156E-05 -0.9438E-10
   28.5+    27 1  0.4326E-06  0.3091E-06  0.1235E-06  0.2531E-10
   28.5+    27 2  0.9478E-06  0.2884E-06  0.6594E-06  0.5847E-10
   28.5+    29 3  0.6916E-06  0.2211E-06  0.4704E-06  0.5406E-10
   28.5+    29 4  0.8301E-06  0.3079E-06  0.5222E-06  0.1762E-10
   28.5+    29 5  0.1682E-05  0.2874E-06  0.1395E-05 -0.1107E-09
   28.5+    31 6  0.1271E-05  0.2210E-06  0.1050E-05 -0.9628E-10
   28.5-    26 1  0.4678E-06  0.3366E-06  0.1311E-06  0.3901E-10
   28.5-    28 2  0.3785E-06  0.2727E-06  0.1058E-06  0.1382E-10
   28.5-    28 3  0.8180E-06  0.2552E-06  0.5627E-06  0.4934E-10
   28.5-    28 4  0.9623E-06  0.3365E-06  0.6259E-06  0.5149E-11
   28.5-    30 5  0.7159E-06  0.2719E-06  0.4440E-06  0.3620E-13
   28.5-    30 6  0.1450E-05  0.2542E-06  0.1196E-05 -0.1031E-09
   29.5+    27 1  0.4432E-06  0.3164E-06  0.1267E-06  0.3311E-10
   29.5+    29 2  0.3472E-06  0.2462E-06  0.1010E-06  0.2713E-10
   29.5+    29 3  0.7170E-06  0.2309E-06  0.4860E-06  0.5455E-10
   29.5+    29 4  0.8549E-06  0.3163E-06  0.5386E-06  0.5299E-12
   29.5+    31 5  0.6430E-06  0.2456E-06  0.3974E-06 -0.1925E-11
   29.5+    31 6  0.1315E-05  0.2301E-06  0.1085E-05 -0.9765E-10
   29.5-    28 1  0.3914E-06  0.2820E-06  0.1094E-06  0.3268E-10
   29.5-    28 2  0.8457E-06  0.2637E-06  0.5819E-06  0.5149E-10
   29.5-    30 3  0.6263E-06  0.2111E-06  0.4151E-06  0.4425E-10
   29.5-    30 4  0.7402E-06  0.2810E-06  0.4592E-06 -0.2612E-11
   29.5-    30 5  0.1500E-05  0.2629E-06  0.1238E-05 -0.9788E-10
   29.5-    32 6  0.1179E-05  0.2110E-06  0.9684E-06 -0.8843E-10
   30.5+    29 1  0.3587E-06  0.2543E-06  0.1043E-06  0.3651E-10
   30.5+    29 2  0.7405E-06  0.2384E-06  0.5021E-06  0.5236E-10
   30.5+    31 3  0.5694E-06  0.1970E-06  0.3723E-06  0.4204E-10
   30.5+    31 4  0.6641E-06  0.2536E-06  0.4105E-06  0.7304E-12
   30.5+    31 5  0.1359E-05  0.2377E-06  0.1121E-05 -0.9480E-10
   30.5+    33 6  0.1058E-05  0.1969E-06  0.8613E-06 -0.8209E-10
   30.5-    28 1  0.4009E-06  0.2887E-06  0.1122E-06  0.3961E-10
   30.5-    30 2  0.3364E-06  0.2340E-06  0.1024E-06  0.3773E-10
   30.5-    30 3  0.6484E-06  0.2199E-06  0.4284E-06  0.5540E-10
   30.5-    30 4  0.7618E-06  0.2886E-06  0.4732E-06 -0.4392E-11
   30.5-    32 5  0.5782E-06  0.2335E-06  0.3447E-06 -0.5853E-11
   30.5-    32 6  0.1219E-05  0.2193E-06  0.9997E-06 -0.9099E-10
   31.5+    29 1  0.3674E-06  0.2603E-06  0.1070E-06  0.2338E-10
   31.5+    31 2  0.3111E-06  0.2176E-06  0.9342E-07  0.4314E-10
   31.5+    31 3  0.5888E-06  0.2049E-06  0.3839E-06  0.4599E-10
   31.5+    31 4  0.6830E-06  0.2603E-06  0.4227E-06  0.1519E-10
   31.5+    33 5  0.5182E-06  0.2172E-06  0.3010E-06 -0.8486E-11
   31.5+    33 6  0.1093E-05  0.2043E-06  0.8883E-06 -0.7853E-10
   31.5-    30 1  0.3472E-06  0.2415E-06  0.1056E-06  0.4863E-10
   31.5-    30 2  0.6690E-06  0.2268E-06  0.4422E-06  0.4928E-10
   31.5-    32 3  0.5005E-06  0.1769E-06  0.3236E-06  0.4272E-10
   31.5-    32 4  0.5967E-06  0.2409E-06  0.3557E-06  0.3090E-11
   31.5-    32 5  0.1258E-05  0.2263E-06  0.1032E-05 -0.7911E-10
   31.5-    34 6  0.9470E-06  0.1768E-06  0.7703E-06 -0.8546E-10
   32.5+    31 1  0.3207E-06  0.2244E-06  0.9633E-07  0.2834E-10
   32.5+    31 2  0.6070E-06  0.2111E-06  0.3959E-06  0.4624E-10
   32.5+    33 3  0.4504E-06  0.1673E-06  0.2831E-06  0.3236E-10
   32.5+    33 4  0.5342E-06  0.2239E-06  0.3103E-06 -0.5444E-11
   32.5+    33 5  0.1127E-05  0.2107E-06  0.9161E-06 -0.8530E-10
   32.5+    35 6  0.8823E-06  0.1672E-06  0.7151E-06 -0.6752E-10
   32.5-    30 1  0.3557E-06  0.2473E-06  0.1084E-06  0.3180E-10
   32.5-    32 2  0.2820E-06  0.1948E-06  0.8722E-07  0.3163E-10
   32.5-    32 3  0.5170E-06  0.1837E-06  0.3333E-06  0.3990E-10
   32.5-    32 4  0.6130E-06  0.2472E-06  0.3659E-06 -0.5828E-11
   32.5-    34 5  0.4671E-06  0.1944E-06  0.2727E-06 -0.4536E-11
   32.5-    34 6  0.9768E-06  0.1832E-06  0.7937E-06 -0.8226E-10
   33.5+    31 1  0.3285E-06  0.2297E-06  0.9880E-07  0.2836E-10
   33.5+    33 2  0.2752E-06  0.1835E-06  0.9162E-07  0.4384E-10
   33.5+    33 3  0.4648E-06  0.1733E-06  0.2914E-06  0.4271E-10
   33.5+    33 4  0.5485E-06  0.2296E-06  0.3189E-06 -0.1023E-10
   33.5+    35 5  0.4245E-06  0.1833E-06  0.2413E-06 -0.4309E-11
   33.5+    35 6  0.9091E-06  0.1730E-06  0.7362E-06 -0.8464E-10
   33.5-    32 1  0.2905E-06  0.2006E-06  0.8986E-07  0.3187E-10
   33.5-    32 2  0.5325E-06  0.1891E-06  0.3434E-06  0.4112E-10
   33.5-    34 3  0.4179E-06  0.1609E-06  0.2569E-06  0.4335E-10
   33.5-    34 4  0.4811E-06  0.2002E-06  0.2809E-06 -0.9513E-11
   33.5-    34 5  0.1006E-05  0.1887E-06  0.8177E-06 -0.8588E-10
   33.5-    36 6  0.8068E-06  0.1609E-06  0.6460E-06 -0.8242E-10
   34.5+    33 1  0.2832E-06  0.1889E-06  0.9431E-07  0.3218E-10
   34.5+    33 2  0.4783E-06  0.1783E-06  0.2999E-06  0.5515E-10
   34.5+    35 3  0.3729E-06  0.1452E-06  0.2276E-06  0.3977E-10
   34.5+    35 4  0.4369E-06  0.1886E-06  0.2483E-06  0.2947E-12
   34.5+    35 5  0.9358E-06  0.1781E-06  0.7578E-06 -0.6541E-10
   34.5+    37 6  0.7083E-06  0.1452E-06  0.5632E-06 -0.7491E-10
   34.5-    32 1  0.2974E-06  0.2053E-06  0.9214E-07  0.2657E-10
   34.5-    34 2  0.2660E-06  0.1760E-06  0.8987E-07  0.4304E-10
   34.5-    34 3  0.4308E-06  0.1665E-06  0.2643E-06  0.5294E-10
   34.5-    34 4  0.4937E-06  0.2053E-06  0.2885E-06 -0.1826E-11
   34.5-    36 5  0.3824E-06  0.1758E-06  0.2066E-06 -0.9788E-11
   34.5-    36 6  0.8307E-06  0.1662E-06  0.6645E-06 -0.6867E-10
   35.5+    33 1  0.2900E-06  0.1933E-06  0.9673E-07  0.4074E-10
   35.5+    35 2  0.2391E-06  0.1584E-06  0.8068E-07  0.3384E-10
   35.5+    35 3  0.3841E-06  0.1501E-06  0.2340E-06  0.4508E-10
   35.5+    35 4  0.4480E-06  0.1932E-06  0.2548E-06  0.5035E-11
   35.5+    37 5  0.3419E-06  0.1582E-06  0.1838E-06 -0.3140E-11
   35.5+    37 6  0.7286E-06  0.1498E-06  0.5788E-06 -0.6482E-10
   35.5-    34 1  0.2735E-06  0.1810E-06  0.9243E-07  0.5195E-10
   35.5-    34 2  0.4430E-06  0.1712E-06  0.2718E-06  0.4692E-10
   35.5-    36 3  0.3262E-06  0.1310E-06  0.1952E-06  0.4401E-10
   35.5-    36 4  0.3932E-06  0.1808E-06  0.2125E-06  0.1176E-11
   35.5-    36 5  0.8544E-06  0.1710E-06  0.6835E-06 -0.8253E-10
   35.5-    38 6  0.6408E-06  0.1309E-06  0.5099E-06 -0.5176E-10
   36.5+    35 1  0.2457E-06  0.1628E-06  0.8292E-07  0.4060E-10
   36.5+    35 2  0.3946E-06  0.1541E-06  0.2404E-06  0.3689E-10
   36.5+    37 3  0.3007E-06  0.1268E-06  0.1739E-06  0.2751E-10
   36.5+    37 4  0.3514E-06  0.1625E-06  0.1888E-06 -0.3183E-11
   36.5+    37 5  0.7488E-06  0.1539E-06  0.5949E-06 -0.7439E-10
   36.5+    39 6  0.6018E-06  0.1268E-06  0.4751E-06 -0.6540E-10
   36.5-    34 1  0.2800E-06  0.1852E-06  0.9478E-07  0.4332E-10
   36.5-    36 2  0.2230E-06  0.1425E-06  0.8053E-07  0.3496E-10
   36.5-    36 3  0.3357E-06  0.1352E-06  0.2005E-06  0.3351E-10
   36.5-    36 4  0.4030E-06  0.1852E-06  0.2178E-06 -0.1349E-10
   36.5-    38 5  0.3107E-06  0.1423E-06  0.1684E-06 -0.8869E-11
   36.5-    38 6  0.6586E-06  0.1350E-06  0.5237E-06 -0.8141E-10
   37.5+    35 1  0.2515E-06  0.1664E-06  0.8498E-07  0.5848E-10
   37.5+    37 2  0.2246E-06  0.1376E-06  0.8698E-07  0.4627E-10
   37.5+    37 3  0.3093E-06  0.1307E-06  0.1785E-06  0.3254E-10
   37.5+    37 4  0.3599E-06  0.1664E-06  0.1935E-06  0.7348E-12
   37.5+    39 5  0.2846E-06  0.1375E-06  0.1471E-06 -0.9687E-11
   37.5+    39 6  0.6181E-06  0.1306E-06  0.4876E-06 -0.6979E-10
   37.5-    36 1  0.2291E-06  0.1463E-06  0.8271E-07  0.4209E-10
   37.5-    36 2  0.3447E-06  0.1387E-06  0.2059E-06  0.4835E-10
   37.5-    38 3  0.2809E-06  0.1212E-06  0.1596E-06  0.4582E-10
   37.5-    38 4  0.3191E-06  0.1461E-06  0.1729E-06 -0.1572E-10
   37.5-    38 5  0.6764E-06  0.1386E-06  0.5378E-06 -0.6408E-10
   37.5-    40 6  0.5420E-06  0.1212E-06  0.4208E-06 -0.6336E-10
   38.5+    37 1  0.2305E-06  0.1412E-06  0.8926E-07  0.3647E-10
   38.5+    37 2  0.3173E-06  0.1341E-06  0.1832E-06  0.4015E-10
   38.5+    39 3  0.2466E-06  0.1069E-06  0.1396E-06  0.2930E-10
   38.5+    39 4  0.2920E-06  0.1411E-06  0.1510E-06 -0.7741E-11
   38.5+    39 5  0.6344E-06  0.1340E-06  0.5005E-06 -0.6352E-10
   38.5+    41 6  0.4643E-06  0.1069E-06  0.3575E-06 -0.4869E-10
   38.5-    36 1  0.2343E-06  0.1496E-06  0.8475E-07  0.3568E-10
   38.5-    38 2  0.2153E-06  0.1313E-06  0.8397E-07  0.4674E-10
   38.5-    38 3  0.2886E-06  0.1248E-06  0.1638E-06  0.3448E-10
   38.5-    38 4  0.3267E-06  0.1496E-06  0.1771E-06 -0.3084E-11
   38.5-    40 5  0.2546E-06  0.1312E-06  0.1235E-06 -0.2747E-10
   38.5-    40 6  0.5563E-06  0.1247E-06  0.4316E-06 -0.6072E-10
   39.5+    37 1  0.2358E-06  0.1443E-06  0.9145E-07  0.4396E-10
   39.5+    39 2  0.1899E-06  0.1155E-06  0.7436E-07  0.4985E-10
   39.5+    39 3  0.2532E-06  0.1100E-06  0.1431E-06  0.4857E-10
   39.5+    39 4  0.2988E-06  0.1443E-06  0.1545E-06 -0.1018E-10
   39.5+    41 5  0.2240E-06  0.1154E-06  0.1086E-06 -0.1945E-10
   39.5+    41 6  0.4762E-06  0.1099E-06  0.3664E-06 -0.5188E-10
   39.5-    38 1  0.2208E-06  0.1346E-06  0.8612E-07  0.5342E-10
   39.5-    38 2  0.2960E-06  0.1280E-06  0.1680E-06  0.3547E-10
   39.5-    40 3  0.2115E-06  0.9417E-07  0.1173E-06  0.3163E-10
   39.5-    40 4  0.2611E-06  0.1345E-06  0.1266E-06  0.2235E-11
   39.5-    40 5  0.5705E-06  0.1279E-06  0.4427E-06 -0.5628E-10
   39.5-    42 6  0.4118E-06  0.9416E-07  0.3177E-06 -0.5003E-10
   40.5+    39 1  0.1946E-06  0.1184E-06  0.7622E-07  0.4302E-10
   40.5+    39 2  0.2594E-06  0.1127E-06  0.1467E-06  0.3024E-10
   40.5+    41 3  0.1937E-06  0.9039E-07  0.1033E-06  0.3109E-10
   40.5+    41 4  0.2295E-06  0.1183E-06  0.1113E-06 -0.7963E-11
   40.5+    41 5  0.4881E-06  0.1126E-06  0.3756E-06 -0.4778E-10
   40.5+    43 6  0.3875E-06  0.9039E-07  0.2972E-06 -0.5398E-10
   40.5-    38 1  0.2258E-06  0.1376E-06  0.8819E-07  0.5027E-10
   40.5-    40 2  0.1748E-06  0.1015E-06  0.7322E-07  0.3094E-10
   40.5-    40 3  0.2171E-06  0.9681E-07  0.1202E-06  0.2785E-10
   40.5-    40 4  0.2671E-06  0.1376E-06  0.1295E-06 -0.1014E-10
   40.5-    42 5  0.2021E-06  0.1015E-06  0.1006E-06 -0.1772E-10
   40.5-    42 6  0.4221E-06  0.9671E-07  0.3255E-06 -0.4276E-10
   41.5+    39 1  0.1990E-06  0.1209E-06  0.7801E-07  0.4009E-10
   41.5+    41 2  0.1779E-06  0.9725E-07  0.8062E-07  0.5051E-10
   41.5+    41 3  0.1987E-06  0.9282E-07  0.1058E-06  0.3581E-10
   41.5+    41 4  0.2347E-06  0.1209E-06  0.1137E-06 -0.7202E-11
   41.5+    43 5  0.1869E-06  0.9723E-07  0.8965E-07  0.3251E-11
   41.5+    43 6  0.3970E-06  0.9277E-07  0.3043E-06 -0.4935E-10
   41.5-    40 1  0.1790E-06  0.1040E-06  0.7500E-07  0.4200E-10
   41.5-    40 2  0.2223E-06  0.9912E-07  0.1232E-06  0.3304E-10
   41.5-    42 3  0.1843E-06  0.8838E-07  0.9588E-07  0.2138E-10
   41.5-    42 4  0.2070E-06  0.1039E-06  0.1031E-06 -0.3601E-11
   41.5-    42 5  0.4324E-06  0.9907E-07  0.3334E-06 -0.4633E-10
   41.5-    44 6  0.3550E-06  0.8840E-07  0.2667E-06 -0.4317E-10
   42.5+    41 1  0.1821E-06  0.9956E-07  0.8254E-07  0.4590E-10
   42.5+    41 2  0.2033E-06  0.9500E-07  0.1083E-06  0.2344E-10
   42.5+    43 3  0.1644E-06  0.7884E-07  0.8550E-07  0.3490E-10
   42.5+    43 4  0.1913E-06  0.9952E-07  0.9177E-07 -0.1261E-10
   42.5+    43 5  0.4064E-06  0.9498E-07  0.3115E-06 -0.5008E-10
   42.5+    45 6  0.2976E-06  0.7885E-07  0.2188E-06 -0.4658E-10
   42.5-    40 1  0.1830E-06  0.1062E-06  0.7674E-07  0.4243E-10
   42.5-    42 2  0.1773E-06  0.9492E-07  0.8234E-07  0.4278E-10
   42.5-    42 3  0.1889E-06  0.9068E-07  0.9815E-07  0.3134E-10
   42.5-    42 4  0.2115E-06  0.1062E-06  0.1053E-06 -0.1352E-10
   42.5-    44 5  0.1680E-06  0.9490E-07  0.7309E-07 -0.1732E-10
   42.5-    44 6  0.3635E-06  0.9064E-07  0.2729E-06 -0.4078E-10
   43.5+    41 1  0.1861E-06  0.1016E-06  0.8443E-07  0.4701E-10
   43.5+    43 2  0.1567E-06  0.8453E-07  0.7217E-07  0.5250E-10
   43.5+    43 3  0.1683E-06  0.8084E-07  0.8747E-07  0.1893E-10
   43.5+    43 4  0.1954E-06  0.1017E-06  0.9372E-07 -0.1441E-10
   43.5+    45 5  0.1427E-06  0.8450E-07  0.5817E-07 -0.1311E-10
   43.5+    45 6  0.3045E-06  0.8079E-07  0.2238E-06 -0.3618E-10
   43.5-    42 1  0.1814E-06  0.9712E-07  0.8425E-07  0.5557E-10
   43.5-    42 2  0.1932E-06  0.9277E-07  0.1004E-06  0.3503E-10
   43.5-    44 3  0.1343E-06  0.6455E-07  0.6977E-07  0.1013E-10
   43.5-    44 4  0.1718E-06  0.9707E-07  0.7478E-07 -0.8139E-11
   43.5-    44 5  0.3719E-06  0.9275E-07  0.2792E-06 -0.5047E-10
   43.5-    46 6  0.2396E-06  0.6454E-07  0.1751E-06 -0.3746E-10
   44.5+    43 1  0.1603E-06  0.8644E-07  0.7381E-07  0.2869E-10
   44.5+    43 2  0.1721E-06  0.8265E-07  0.8945E-07  0.2542E-10
   44.5+    45 3  0.1101E-06  0.5449E-07  0.5558E-07  0.2103E-10
   44.5+    45 4  0.1459E-06  0.8639E-07  0.5949E-07 -0.1254E-10
   44.5+    45 5  0.3115E-06  0.8263E-07  0.2289E-06 -0.3753E-10
   44.5+    47 6  0.2055E-06  0.5448E-07  0.1511E-06 -0.3304E-10
   44.5-    42 1  0.1853E-06  0.9913E-07  0.8616E-07  0.4795E-10
   44.5-    44 2  0.1302E-06  0.6908E-07  0.6108E-07  0.3988E-10
   44.5-    44 3  0.1375E-06  0.6615E-07  0.7134E-07  0.3827E-10
   44.5-    44 4  0.1754E-06  0.9914E-07  0.7632E-07 -0.1846E-10
   44.5-    46 5  0.1191E-06  0.6906E-07  0.5004E-07 -0.6007E-11
   44.5-    46 6  0.2450E-06  0.6610E-07  0.1790E-06 -0.5045E-10
   45.5+    43 1  0.1637E-06  0.8819E-07  0.7544E-07  0.4583E-10
   45.5+    45 2  0.1175E-06  0.5822E-07  0.5924E-07  0.3133E-10
   45.5+    45 3  0.1127E-06  0.5581E-07  0.5682E-07  0.3005E-10
   45.5+    45 4  0.1489E-06  0.8820E-07  0.6068E-07 -0.1235E-10
   45.5+    47 5  0.1049E-06  0.5821E-07  0.4670E-07 -0.6622E-11
   45.5+    47 6  0.2101E-06  0.5577E-07  0.1544E-06 -0.3654E-10
   45.5-    44 1  0.1331E-06  0.7062E-07  0.6243E-07  0.5097E-10
   45.5-    44 2  0.1405E-06  0.6759E-07  0.7292E-07  0.2498E-10
   45.5-    46 3  0.9939E-07  0.5150E-07  0.4787E-07  0.1703E-10
   45.5-    46 4  0.1217E-06  0.7057E-07  0.5115E-07  0.5749E-11
   45.5-    46 5  0.2505E-06  0.6756E-07  0.1830E-06 -0.3999E-10
   45.5-    48 6  0.1925E-06  0.5151E-07  0.1410E-06 -0.3132E-10
   46.5+    45 1  0.1200E-06  0.5948E-07  0.6052E-07  0.3119E-10
   46.5+    45 2  0.1150E-06  0.5698E-07  0.5805E-07  0.9153E-11
   46.5+    47 3  0.9586E-07  0.5111E-07  0.4473E-07  0.2102E-10
   46.5+    47 4  0.1072E-06  0.5947E-07  0.4771E-07 -0.1066E-10
   46.5+    47 5  0.2147E-06  0.5698E-07  0.1577E-06 -0.2361E-10
   46.5+    49 6  0.1795E-06  0.5113E-07  0.1284E-06 -0.2296E-10
   46.5-    44 1  0.1358E-06  0.7201E-07  0.6378E-07  0.3857E-10
   46.5-    46 2  0.1205E-06  0.5495E-07  0.6546E-07  0.4688E-10
   46.5-    46 3  0.1016E-06  0.5270E-07  0.4892E-07  0.1896E-10
   46.5-    46 4  0.1242E-06  0.7203E-07  0.5216E-07 -0.9490E-11
   46.5-    48 5  0.9753E-07  0.5495E-07  0.4258E-07 -0.2991E-11
   46.5-    48 6  0.1967E-06  0.5269E-07  0.1440E-06 -0.2587E-10
   47.5+    45 1  0.1225E-06  0.6064E-07  0.6181E-07  0.4388E-10
   47.5+    47 2  0.1244E-06  0.5446E-07  0.6991E-07  0.4771E-10
   47.5+    47 3  0.9799E-07  0.5227E-07  0.4570E-07  0.2600E-10
   47.5+    47 4  0.1093E-06  0.6066E-07  0.4865E-07 -0.9496E-11
   47.5+    49 5  0.8848E-07  0.5447E-07  0.3403E-07 -0.1413E-10
   47.5+    49 6  0.1833E-06  0.5227E-07  0.1311E-06 -0.3369E-10
   47.5-    46 1  0.1230E-06  0.5611E-07  0.6686E-07  0.4040E-10
   47.5-    46 2  0.1038E-06  0.5381E-07  0.4996E-07  0.2535E-10
   47.5-    48 3  0.8749E-07  0.4667E-07  0.4081E-07  0.6942E-11
   47.5-    48 4  0.9958E-07  0.5611E-07  0.4348E-07 -0.1264E-10
   47.5-    48 5  0.2009E-06  0.5381E-07  0.1471E-06 -0.3198E-10
   47.5-    50 6  0.1491E-06  0.4669E-07  0.1024E-06 -0.1344E-10
   48.5+    47 1  0.1270E-06  0.5559E-07  0.7137E-07  0.4093E-10
   48.5+    47 2  0.1000E-06  0.5335E-07  0.4664E-07  0.2071E-10
   48.5+    49 3  0.6847E-07  0.3582E-07  0.3263E-07  0.2028E-10
   48.5+    49 4  0.9030E-07  0.5558E-07  0.3473E-07 -0.1438E-10
   48.5+    49 5  0.1871E-06  0.5336E-07  0.1338E-06 -0.2466E-10
   48.5+    51 6  0.1034E-06  0.3582E-07  0.6758E-07 -0.2616E-10
   48.5-    46 1  0.1255E-06  0.5720E-07  0.6826E-07  0.4865E-10
   48.5-    48 2  0.1127E-06  0.4966E-07  0.6297E-07  0.5838E-10
   48.5-    48 3  0.8941E-07  0.4771E-07  0.4168E-07  0.2484E-10
   48.5-    48 4  0.1015E-06  0.5722E-07  0.4432E-07 -0.3435E-11
   48.5-    50 5  0.7214E-07  0.4966E-07  0.2249E-07 -0.1508E-10
   48.5-    50 6  0.1522E-06  0.4770E-07  0.1045E-06 -0.2049E-10
   49.5+    47 1  0.1296E-06  0.5665E-07  0.7284E-07  0.5554E-10
   49.5+    49 2  0.8336E-07  0.3806E-07  0.4528E-07  0.2516E-10
   49.5+    49 3  0.6992E-07  0.3660E-07  0.3331E-07  0.1452E-10
   49.5+    49 4  0.9204E-07  0.5667E-07  0.3538E-07 -0.7816E-11
   49.5+    51 5  0.5012E-07  0.3805E-07  0.1208E-07 -0.1015E-10
   49.5+    51 6  0.1055E-06  0.3657E-07  0.6893E-07 -0.2432E-10
   49.5-    48 1  0.1150E-06  0.5067E-07  0.6425E-07  0.4858E-10
   49.5-    48 2  0.9121E-07  0.4867E-07  0.4253E-07  0.1249E-10
   49.5-    50 3  0.4389E-07  0.2230E-07  0.2158E-07  0.1589E-10
   49.5-    50 4  0.7359E-07  0.5065E-07  0.2295E-07 -0.1229E-10
   49.5-    50 5  0.1553E-06  0.4867E-07  0.1066E-06 -0.1937E-10
   49.5-    52 6  0.5854E-07  0.2229E-07  0.3626E-07 -0.9598E-11
   50.5+    49 1  0.8503E-07  0.3882E-07  0.4618E-07  0.2892E-10
   50.5+    49 2  0.7130E-07  0.3731E-07  0.3397E-07  0.1572E-10
   50.5+    51 3  0.2282E-07  0.1122E-07  0.1160E-07  0.1103E-10
   50.5+    51 4  0.5110E-07  0.3879E-07  0.1232E-07 -0.5952E-11
   50.5+    51 5  0.1076E-06  0.3730E-07  0.7031E-07 -0.2363E-10
   50.5+    53 6  0.2705E-07  0.1120E-07  0.1585E-07 -0.1086E-10
   50.5-    48 1  0.1172E-06  0.5162E-07  0.6555E-07  0.3906E-10
   50.5-    50 2  0.4947E-07  0.2366E-07  0.2580E-07  0.1528E-10
   50.5-    50 3  0.4481E-07  0.2278E-07  0.2201E-07  0.1758E-10
   50.5-    50 4  0.7498E-07  0.5163E-07  0.2336E-07 -0.4990E-11
   50.5-    52 5  0.2893E-07  0.2364E-07  0.5288E-08 -0.3534E-11
   50.5-    52 6  0.5970E-07  0.2275E-07  0.3697E-07 -0.1450E-10
