# 178 angles,  1 tensor ranks for 0=projectile
@subtitle   "7Li + d g.s with DA1p OMP;"                                                    
@legend ON
@legend x1 0.2
@legend y1 0.8
@g0 type LOGY
@yaxis ticklabel format power
@legend string   0 "Lab energy =   14.5700"
#legend string   0 "Partition=  1 Excit=  1 near/far= 1"
#  Theta       sigma       iT11        T20         T21         T22         Kyy for projectile
   3.000      0.1573E+06
   4.000      0.4357E+05
   5.000      0.1561E+05
   6.000       6847.    
   7.000       3667.    
   8.000       2402.    
   9.000       1862.    
   10.00       1610.    
   11.00       1475.    
   12.00       1384.    
   13.00       1307.    
   14.00       1232.    
   15.00       1154.    
   16.00       1072.    
   17.00       987.6    
   18.00       902.1    
   19.00       816.9    
   20.00       733.6    
   21.00       653.4    
   22.00       577.2    
   23.00       505.8    
   24.00       439.8    
   25.00       379.4    
   26.00       324.8    
   27.00       275.9    
   28.00       232.5    
   29.00       194.5    
   30.00       161.4    
   31.00       132.9    
   32.00       108.7    
   33.00       88.17    
   34.00       71.05    
   35.00       56.91    
   36.00       45.36    
   37.00       36.04    
   38.00       28.65    
   39.00       22.88    
   40.00       18.49    
   41.00       15.26    
   42.00       12.99    
   43.00       11.51    
   44.00       10.70    
   45.00       10.43    
   46.00       10.59    
   47.00       11.09    
   48.00       11.87    
   49.00       12.84    
   50.00       13.95    
   51.00       15.15    
   52.00       16.38    
   53.00       17.59    
   54.00       18.74    
   55.00       19.79    
   56.00       20.71    
   57.00       21.46    
   58.00       22.03    
   59.00       22.39    
   60.00       22.53    
   61.00       22.44    
   62.00       22.13    
   63.00       21.60    
   64.00       20.86    
   65.00       19.94    
   66.00       18.85    
   67.00       17.64    
   68.00       16.33    
   69.00       14.95    
   70.00       13.56    
   71.00       12.18    
   72.00       10.85    
   73.00       9.613    
   74.00       8.498    
   75.00       7.535    
   76.00       6.749    
   77.00       6.162    
   78.00       5.786    
   79.00       5.631    
   80.00       5.699    
   81.00       5.988    
   82.00       6.488    
   83.00       7.184    
   84.00       8.058    
   85.00       9.086    
   86.00       10.24    
   87.00       11.49    
   88.00       12.81    
   89.00       14.16    
   90.00       15.51    
   91.00       16.82    
   92.00       18.08    
   93.00       19.24    
   94.00       20.28    
   95.00       21.18    
   96.00       21.92    
   97.00       22.48    
   98.00       22.85    
   99.00       23.03    
   100.0       23.02    
   101.0       22.81    
   102.0       22.42    
   103.0       21.85    
   104.0       21.12    
   105.0       20.24    
   106.0       19.24    
   107.0       18.13    
   108.0       16.95    
   109.0       15.70    
   110.0       14.43    
   111.0       13.15    
   112.0       11.89    
   113.0       10.68    
   114.0       9.526    
   115.0       8.461    
   116.0       7.500    
   117.0       6.657    
   118.0       5.948    
   119.0       5.380    
   120.0       4.962    
   121.0       4.696    
   122.0       4.585    
   123.0       4.625    
   124.0       4.811    
   125.0       5.135    
   126.0       5.587    
   127.0       6.153    
   128.0       6.818    
   129.0       7.567    
   130.0       8.381    
   131.0       9.242    
   132.0       10.13    
   133.0       11.03    
   134.0       11.91    
   135.0       12.77    
   136.0       13.58    
   137.0       14.32    
   138.0       14.99    
   139.0       15.57    
   140.0       16.06    
   141.0       16.44    
   142.0       16.70    
   143.0       16.86    
   144.0       16.90    
   145.0       16.84    
   146.0       16.67    
   147.0       16.41    
   148.0       16.06    
   149.0       15.64    
   150.0       15.16    
   151.0       14.64    
   152.0       14.08    
   153.0       13.52    
   154.0       12.96    
   155.0       12.41    
   156.0       11.90    
   157.0       11.44    
   158.0       11.03    
   159.0       10.69    
   160.0       10.43    
   161.0       10.26    
   162.0       10.17    
   163.0       10.16    
   164.0       10.24    
   165.0       10.40    
   166.0       10.64    
   167.0       10.94    
   168.0       11.29    
   169.0       11.69    
   170.0       12.12    
   171.0       12.57    
   172.0       13.02    
   173.0       13.45    
   174.0       13.86    
   175.0       14.23    
   176.0       14.55    
   177.0       14.81    
   178.0       15.01    
   179.0       15.12    
   180.0       15.16    
 END
