# 178 angles,  1 tensor ranks for 0=projectile
@subtitle   "11Li + d g.s with DA1p OMP;"                                                   
@legend ON
@legend x1 0.2
@legend y1 0.8
@g0 type LOGY
@yaxis ticklabel format power
@legend string   0 "Lab energy =   14.7438"
#legend string   0 "Partition=  1 Excit=  1 near/far= 1"
#  Theta       sigma       iT11        T20         T21         T22         Kyy for projectile
   3.000      0.1384E+06
   4.000      0.4242E+05
   5.000      0.1790E+05
   6.000       9662.    
   7.000       6321.    
   8.000       4740.    
   9.000       3875.    
   10.00       3330.    
   11.00       2939.    
   12.00       2626.    
   13.00       2357.    
   14.00       2115.    
   15.00       1892.    
   16.00       1684.    
   17.00       1489.    
   18.00       1307.    
   19.00       1137.    
   20.00       980.8    
   21.00       837.6    
   22.00       707.7    
   23.00       591.0    
   24.00       487.4    
   25.00       396.4    
   26.00       317.4    
   27.00       249.7    
   28.00       192.7    
   29.00       145.3    
   30.00       106.7    
   31.00       75.88    
   32.00       51.92    
   33.00       33.86    
   34.00       20.79    
   35.00       11.85    
   36.00       6.259    
   37.00       3.286    
   38.00       2.296    
   39.00       2.732    
   40.00       4.119    
   41.00       6.061    
   42.00       8.242    
   43.00       10.41    
   44.00       12.39    
   45.00       14.05    
   46.00       15.31    
   47.00       16.13    
   48.00       16.53    
   49.00       16.51    
   50.00       16.12    
   51.00       15.41    
   52.00       14.46    
   53.00       13.33    
   54.00       12.08    
   55.00       10.78    
   56.00       9.476    
   57.00       8.225    
   58.00       7.064    
   59.00       6.025    
   60.00       5.129    
   61.00       4.389    
   62.00       3.811    
   63.00       3.392    
   64.00       3.126    
   65.00       3.000    
   66.00       2.998    
   67.00       3.102    
   68.00       3.291    
   69.00       3.544    
   70.00       3.841    
   71.00       4.163    
   72.00       4.490    
   73.00       4.808    
   74.00       5.101    
   75.00       5.358    
   76.00       5.570    
   77.00       5.730    
   78.00       5.833    
   79.00       5.878    
   80.00       5.864    
   81.00       5.793    
   82.00       5.669    
   83.00       5.494    
   84.00       5.275    
   85.00       5.018    
   86.00       4.729    
   87.00       4.416    
   88.00       4.084    
   89.00       3.742    
   90.00       3.395    
   91.00       3.049    
   92.00       2.711    
   93.00       2.384    
   94.00       2.075    
   95.00       1.786    
   96.00       1.522    
   97.00       1.284    
   98.00       1.075    
   99.00      0.8956    
   100.0      0.7476    
   101.0      0.6311    
   102.0      0.5460    
   103.0      0.4918    
   104.0      0.4677    
   105.0      0.4723    
   106.0      0.5042    
   107.0      0.5614    
   108.0      0.6421    
   109.0      0.7439    
   110.0      0.8644    
   111.0       1.001    
   112.0       1.151    
   113.0       1.312    
   114.0       1.481    
   115.0       1.655    
   116.0       1.832    
   117.0       2.007    
   118.0       2.180    
   119.0       2.347    
   120.0       2.505    
   121.0       2.652    
   122.0       2.786    
   123.0       2.905    
   124.0       3.006    
   125.0       3.089    
   126.0       3.151    
   127.0       3.193    
   128.0       3.212    
   129.0       3.208    
   130.0       3.182    
   131.0       3.133    
   132.0       3.063    
   133.0       2.971    
   134.0       2.860    
   135.0       2.730    
   136.0       2.584    
   137.0       2.424    
   138.0       2.252    
   139.0       2.070    
   140.0       1.883    
   141.0       1.692    
   142.0       1.501    
   143.0       1.313    
   144.0       1.131    
   145.0      0.9580    
   146.0      0.7978    
   147.0      0.6530    
   148.0      0.5263    
   149.0      0.4203    
   150.0      0.3373    
   151.0      0.2791    
   152.0      0.2475    
   153.0      0.2436    
   154.0      0.2682    
   155.0      0.3219    
   156.0      0.4044    
   157.0      0.5155    
   158.0      0.6540    
   159.0      0.8187    
   160.0       1.008    
   161.0       1.219    
   162.0       1.450    
   163.0       1.698    
   164.0       1.959    
   165.0       2.231    
   166.0       2.509    
   167.0       2.791    
   168.0       3.071    
   169.0       3.346    
   170.0       3.613    
   171.0       3.868    
   172.0       4.106    
   173.0       4.325    
   174.0       4.522    
   175.0       4.694    
   176.0       4.838    
   177.0       4.952    
   178.0       5.034    
   179.0       5.084    
   180.0       5.101    
 END
