           1           2           1
    0.5+     1 1   5.984       0.000    
    0.5+     1 2   5.984       0.000    
    0.5+     3 3   6.131       0.000    
    0.5-     0 1   5.670       0.000    
    0.5-     2 2   5.694       0.000    
    0.5-     2 3   5.694       0.000    
    1.5+     1 1   11.97       0.000    
    1.5+     1 2   11.97       0.000    
    1.5+     1 3   11.97       0.000    
    1.5+     3 4   12.26       0.000    
    1.5+     3 5   12.26       0.000    
    1.5-     0 1   11.34       0.000    
    1.5-     2 2   11.39       0.000    
    1.5-     2 3   11.39       0.000    
    1.5-     2 4   11.39       0.000    
    1.5-     4 5   11.25       0.000    
    2.5+     1 1   17.95       0.000    
    2.5+     1 2   17.95       0.000    
    2.5+     3 3   18.39       0.000    
    2.5+     3 4   18.39       0.000    
    2.5+     3 5   18.39       0.000    
    2.5+     5 6   11.53       0.000    
    2.5-     0 1   17.01       0.000    
    2.5-     2 2   17.08       0.000    
    2.5-     2 3   17.08       0.000    
    2.5-     2 4   17.08       0.000    
    2.5-     4 5   16.87       0.000    
    2.5-     4 6   16.87       0.000    
    3.5+     1 1   23.94       0.000    
    3.5+     3 2   24.53       0.000    
    3.5+     3 3   24.53       0.000    
    3.5+     3 4   24.53       0.000    
    3.5+     5 5   15.37       0.000    
    3.5+     5 6   15.37       0.000    
    3.5-     2 1   22.78       0.000    
    3.5-     2 2   22.78       0.000    
    3.5-     4 3   22.50       0.000    
    3.5-     4 4   22.50       0.000    
    3.5-     4 5   22.50       0.000    
    3.5-     6 6   5.904       0.000    
    4.5+     3 1   30.66       0.000    
    4.5+     3 2   30.66       0.000    
    4.5+     5 3   19.21       0.000    
    4.5+     5 4   19.21       0.000    
    4.5+     5 5   19.21       0.000    
    4.5+     7 6   2.272       0.000    
    4.5-     2 1   28.47       0.000    
    4.5-     4 2   28.12       0.000    
    4.5-     4 3   28.12       0.000    
    4.5-     4 4   28.12       0.000    
    4.5-     6 5   7.380       0.000    
    4.5-     6 6   7.380       0.000    
    5.5+     3 1   36.79       0.000    
    5.5+     5 2   23.05       0.000    
    5.5+     5 3   23.05       0.000    
    5.5+     5 4   23.05       0.000    
    5.5+     7 5   2.727       0.000    
    5.5+     7 6   2.727       0.000    
    5.5-     4 1   33.74       0.000    
    5.5-     4 2   33.74       0.000    
    5.5-     6 3   8.856       0.000    
    5.5-     6 4   8.856       0.000    
    5.5-     6 5   8.856       0.000    
    5.5-     8 6  0.7731       0.000    
    6.5+     5 1   26.90       0.000    
    6.5+     5 2   26.90       0.000    
    6.5+     7 3   3.181       0.000    
    6.5+     7 4   3.181       0.000    
    6.5+     7 5   3.181       0.000    
    6.5+     9 6  0.2480       0.000    
    6.5-     4 1   39.37       0.000    
    6.5-     6 2   10.33       0.000    
    6.5-     6 3   10.33       0.000    
    6.5-     6 4   10.33       0.000    
    6.5-     8 5  0.9019       0.000    
    6.5-     8 6  0.9019       0.000    
    7.5+     5 1   30.74       0.000    
    7.5+     7 2   3.635       0.000    
    7.5+     7 3   3.635       0.000    
    7.5+     7 4   3.635       0.000    
    7.5+     9 5  0.2834       0.000    
    7.5+     9 6  0.2834       0.000    
    7.5-     6 1   11.81       0.000    
    7.5-     6 2   11.81       0.000    
    7.5-     8 3   1.031       0.000    
    7.5-     8 4   1.031       0.000    
    7.5-     8 5   1.031       0.000    
    7.5-    10 6  0.7689E-01   0.000    
    8.5+     7 1   4.090       0.000    
    8.5+     7 2   4.090       0.000    
    8.5+     9 3  0.3188       0.000    
    8.5+     9 4  0.3188       0.000    
    8.5+     9 5  0.3188       0.000    
    8.5+    11 6  0.2331E-01   0.000    
    8.5-     6 1   13.28       0.000    
    8.5-     8 2   1.160       0.000    
    8.5-     8 3   1.160       0.000    
    8.5-     8 4   1.160       0.000    
    8.5-    10 5  0.8650E-01   0.000    
    8.5-    10 6  0.8650E-01   0.000    
    9.5+     7 1   4.544       0.000    
    9.5+     9 2  0.3542       0.000    
    9.5+     9 3  0.3542       0.000    
    9.5+     9 4  0.3542       0.000    
    9.5+    11 5  0.2590E-01   0.000    
    9.5+    11 6  0.2590E-01   0.000    
    9.5-     8 1   1.288       0.000    
    9.5-     8 2   1.288       0.000    
    9.5-    10 3  0.9612E-01   0.000    
    9.5-    10 4  0.9612E-01   0.000    
    9.5-    10 5  0.9612E-01   0.000    
    9.5-    12 6  0.6950E-02   0.000    
   10.5+     9 1  0.3897       0.000    
   10.5+     9 2  0.3897       0.000    
   10.5+    11 3  0.2849E-01   0.000    
   10.5+    11 4  0.2849E-01   0.000    
   10.5+    11 5  0.2849E-01   0.000    
   10.5+    13 6  0.2045E-02   0.000    
   10.5-     8 1   1.417       0.000    
   10.5-    10 2  0.1057       0.000    
   10.5-    10 3  0.1057       0.000    
   10.5-    10 4  0.1057       0.000    
   10.5-    12 5  0.7646E-02   0.000    
   10.5-    12 6  0.7646E-02   0.000    
   11.5+     9 1  0.4251       0.000    
   11.5+    11 2  0.3108E-01   0.000    
   11.5+    11 3  0.3108E-01   0.000    
   11.5+    11 4  0.3108E-01   0.000    
   11.5+    13 5  0.2231E-02   0.000    
   11.5+    13 6  0.2231E-02   0.000    
   11.5-    10 1  0.1153       0.000    
   11.5-    10 2  0.1153       0.000    
   11.5-    12 3  0.8341E-02   0.000    
   11.5-    12 4  0.8341E-02   0.000    
   11.5-    12 5  0.8341E-02   0.000    
   11.5-    14 6  0.5954E-03   0.000    
   12.5+    11 1  0.3367E-01   0.000    
   12.5+    11 2  0.3367E-01   0.000    
   12.5+    13 3  0.2417E-02   0.000    
   12.5+    13 4  0.2417E-02   0.000    
   12.5+    13 5  0.2417E-02   0.000    
   12.5+    15 6  0.1718E-03   0.000    
   12.5-    10 1  0.1249       0.000    
   12.5-    12 2  0.9036E-02   0.000    
   12.5-    12 3  0.9036E-02   0.000    
   12.5-    12 4  0.9036E-02   0.000    
   12.5-    14 5  0.6450E-03   0.000    
   12.5-    14 6  0.6450E-03   0.000    
   13.5+    11 1  0.3626E-01   0.000    
   13.5+    13 2  0.2603E-02   0.000    
   13.5+    13 3  0.2603E-02   0.000    
   13.5+    13 4  0.2603E-02   0.000    
   13.5+    15 5  0.1850E-03   0.000    
   13.5+    15 6  0.1850E-03   0.000    
   13.5-    12 1  0.9731E-02   0.000    
   13.5-    12 2  0.9731E-02   0.000    
   13.5-    14 3  0.6946E-03   0.000    
   13.5-    14 4  0.6946E-03   0.000    
   13.5-    14 5  0.6946E-03   0.000    
   13.5-    16 6  0.4916E-04   0.000    
   14.5+    13 1  0.2789E-02   0.000    
   14.5+    13 2  0.2789E-02   0.000    
   14.5+    15 3  0.1982E-03   0.000    
   14.5+    15 4  0.1982E-03   0.000    
   14.5+    15 5  0.1982E-03   0.000    
   14.5+    17 6  0.1398E-04   0.000    
   14.5-    12 1  0.1043E-01   0.000    
   14.5-    14 2  0.7442E-03   0.000    
   14.5-    14 3  0.7442E-03   0.000    
   14.5-    14 4  0.7442E-03   0.000    
   14.5-    16 5  0.5267E-04   0.000    
   14.5-    16 6  0.5267E-04   0.000    
   15.5+    13 1  0.2975E-02   0.000    
   15.5+    15 2  0.2114E-03   0.000    
   15.5+    15 3  0.2114E-03   0.000    
   15.5+    15 4  0.2114E-03   0.000    
   15.5+    17 5  0.1491E-04   0.000    
   15.5+    17 6  0.1491E-04   0.000    
   15.5-    14 1  0.7938E-03   0.000    
   15.5-    14 2  0.7938E-03   0.000    
   15.5-    16 3  0.5619E-04   0.000    
   15.5-    16 4  0.5619E-04   0.000    
   15.5-    16 5  0.5619E-04   0.000    
   15.5-    18 6  0.3951E-05   0.000    
   16.5+    15 1  0.2246E-03   0.000    
   16.5+    15 2  0.2246E-03   0.000    
   16.5+    17 3  0.1584E-04   0.000    
   16.5+    17 4  0.1584E-04   0.000    
   16.5+    17 5  0.1584E-04   0.000    
   16.5+    19 6  0.1111E-05   0.000    
   16.5-    14 1  0.8435E-03   0.000    
   16.5-    16 2  0.5970E-04   0.000    
   16.5-    16 3  0.5970E-04   0.000    
   16.5-    16 4  0.5970E-04   0.000    
   16.5-    18 5  0.4198E-05   0.000    
   16.5-    18 6  0.4198E-05   0.000    
   17.5+    15 1  0.2378E-03   0.000    
   17.5+    17 2  0.1677E-04   0.000    
   17.5+    17 3  0.1677E-04   0.000    
   17.5+    17 4  0.1677E-04   0.000    
   17.5+    19 5  0.1176E-05   0.000    
   17.5+    19 6  0.1176E-05   0.000    
   17.5-    16 1  0.6321E-04   0.000    
   17.5-    16 2  0.6321E-04   0.000    
   17.5-    18 3  0.4445E-05   0.000    
   17.5-    18 4  0.4445E-05   0.000    
   17.5-    18 5  0.4445E-05   0.000    
   17.5-    20 6  0.3109E-06   0.000    
   18.5+    17 1  0.1771E-04   0.000    
   18.5+    17 2  0.1771E-04   0.000    
   18.5+    19 3  0.1242E-05   0.000    
   18.5+    19 4  0.1242E-05   0.000    
   18.5+    19 5  0.1242E-05   0.000    
   18.5+    21 6  0.8665E-07   0.000    
   18.5-    16 1  0.6672E-04   0.000    
   18.5-    18 2  0.4692E-05   0.000    
   18.5-    18 3  0.4692E-05   0.000    
   18.5-    18 4  0.4692E-05   0.000    
   18.5-    20 5  0.3282E-06   0.000    
   18.5-    20 6  0.3282E-06   0.000    
   19.5+    17 1  0.1864E-04   0.000    
   19.5+    19 2  0.1307E-05   0.000    
   19.5+    19 3  0.1307E-05   0.000    
   19.5+    19 4  0.1307E-05   0.000    
   19.5+    21 5  0.9121E-07   0.000    
   19.5+    21 6  0.9121E-07   0.000    
   19.5-    18 1  0.4939E-05   0.000    
   19.5-    18 2  0.4939E-05   0.000    
   19.5-    20 3  0.3455E-06   0.000    
   19.5-    20 4  0.3455E-06   0.000    
   19.5-    20 5  0.3455E-06   0.000    
   19.5-    22 6  0.2405E-07   0.000    
   20.5+    19 1  0.1372E-05   0.000    
   20.5+    19 2  0.1372E-05   0.000    
   20.5+    21 3  0.9577E-07   0.000    
   20.5+    21 4  0.9577E-07   0.000    
   20.5+    21 5  0.9577E-07   0.000    
   20.5+    23 6  0.6663E-08   0.000    
   20.5-    18 1  0.5186E-05   0.000    
   20.5-    20 2  0.3627E-06   0.000    
   20.5-    20 3  0.3627E-06   0.000    
   20.5-    20 4  0.3627E-06   0.000    
   20.5-    22 5  0.2526E-07   0.000    
   20.5-    22 6  0.2526E-07   0.000    
   21.5+    19 1  0.1438E-05   0.000    
   21.5+    21 2  0.1003E-06   0.000    
   21.5+    21 3  0.1003E-06   0.000    
   21.5+    21 4  0.1003E-06   0.000    
   21.5+    23 5  0.6981E-08   0.000    
   21.5+    23 6  0.6981E-08   0.000    
   21.5-    20 1  0.3800E-06   0.000    
   21.5-    20 2  0.3800E-06   0.000    
   21.5-    22 3  0.2646E-07   0.000    
   21.5-    22 4  0.2646E-07   0.000    
   21.5-    22 5  0.2646E-07   0.000    
   21.5-    24 6  0.1834E-08   0.000    
   22.5+    21 1  0.1049E-06   0.000    
   22.5+    21 2  0.1049E-06   0.000    
   22.5+    23 3  0.7298E-08   0.000    
   22.5+    23 4  0.7298E-08   0.000    
   22.5+    23 5  0.7298E-08   0.000    
   22.5+    25 6  0.5101E-09   0.000    
   22.5-    20 1  0.3973E-06   0.000    
   22.5-    22 2  0.2766E-07   0.000    
   22.5-    22 3  0.2766E-07   0.000    
   22.5-    22 4  0.2766E-07   0.000    
   22.5-    24 5  0.1917E-08   0.000    
   22.5-    24 6  0.1917E-08   0.000    
   23.5+    21 1  0.1095E-06   0.000    
   23.5+    23 2  0.7615E-08   0.000    
   23.5+    23 3  0.7615E-08   0.000    
   23.5+    23 4  0.7615E-08   0.000    
   23.5+    25 5  0.5324E-09   0.000    
   23.5+    25 6  0.5324E-09   0.000    
   23.5-    22 1  0.2886E-07   0.000    
   23.5-    22 2  0.2886E-07   0.000    
   23.5-    24 3  0.2000E-08   0.000    
   23.5-    24 4  0.2000E-08   0.000    
   23.5-    24 5  0.2000E-08   0.000    
   23.5-    26 6  0.1358E-09   0.000    
   24.5+    23 1  0.7932E-08   0.000    
   24.5+    23 2  0.7932E-08   0.000    
   24.5+    25 3  0.5546E-09   0.000    
   24.5+    25 4  0.5546E-09   0.000    
   24.5+    25 5  0.5546E-09   0.000    
   24.5+    27 6  0.4024E-10   0.000    
   24.5-    22 1  0.3007E-07   0.000    
   24.5-    24 2  0.2084E-08   0.000    
   24.5-    24 3  0.2084E-08   0.000    
   24.5-    24 4  0.2084E-08   0.000    
   24.5-    26 5  0.1414E-09   0.000    
   24.5-    26 6  0.1414E-09   0.000    
   25.5+    23 1  0.8250E-08   0.000    
   25.5+    25 2  0.5765E-09   0.000    
   25.5+    25 3  0.5765E-09   0.000    
   25.5+    25 4  0.5765E-09   0.000    
   25.5+    27 5  0.4206E-10   0.000    
   25.5+    27 6  0.4206E-10   0.000    
   25.5-    24 1  0.2167E-08   0.000    
   25.5-    24 2  0.2167E-08   0.000    
   25.5-    26 3  0.1471E-09   0.000    
   25.5-    26 4  0.1471E-09   0.000    
   25.5-    26 5  0.1471E-09   0.000    
   25.5-    28 6  0.1224E-10   0.000    
   26.5+    25 1  0.5987E-09   0.000    
   26.5+    25 2  0.5987E-09   0.000    
   26.5+    27 3  0.4345E-10   0.000    
   26.5+    27 4  0.4345E-10   0.000    
   26.5+    27 5  0.4345E-10   0.000    
   26.5+    29 6 -0.7928E-11   0.000    
   26.5-    24 1  0.2250E-08   0.000    
   26.5-    26 2  0.1527E-09   0.000    
   26.5-    26 3  0.1527E-09   0.000    
   26.5-    26 4  0.1527E-09   0.000    
   26.5-    28 5  0.1260E-10   0.000    
   26.5-    28 6  0.1260E-10   0.000    
   27.5+    25 1  0.6209E-09   0.000    
   27.5+    27 2  0.4529E-10   0.000    
   27.5+    27 3  0.4529E-10   0.000    
   27.5+    27 4  0.4529E-10   0.000    
   27.5+    29 5 -0.8452E-11   0.000    
   27.5+    29 6 -0.8452E-11   0.000    
   27.5-    26 1  0.1584E-09   0.000    
   27.5-    26 2  0.1584E-09   0.000    
   27.5-    28 3  0.1318E-10   0.000    
   27.5-    28 4  0.1318E-10   0.000    
   27.5-    28 5  0.1318E-10   0.000    
   27.5-    30 6  0.9720E-11   0.000    
   28.5+    27 1  0.4667E-10   0.000    
   28.5+    27 2  0.4667E-10   0.000    
   28.5+    29 3 -0.8515E-11   0.000    
   28.5+    29 4 -0.8515E-11   0.000    
   28.5+    29 5 -0.8515E-11   0.000    
   28.5+    31 6 -0.1194E-11   0.000    
   28.5-    26 1  0.1641E-09   0.000    
   28.5-    28 2  0.1333E-10   0.000    
   28.5-    28 3  0.1333E-10   0.000    
   28.5-    28 4  0.1333E-10   0.000    
   28.5-    30 5  0.1023E-10   0.000    
   28.5-    30 6  0.1023E-10   0.000    
   29.5+    27 1  0.4828E-10   0.000    
   29.5+    29 2 -0.8891E-11   0.000    
   29.5+    29 3 -0.8891E-11   0.000    
   29.5+    29 4 -0.8891E-11   0.000    
   29.5+    31 5 -0.1235E-11   0.000    
   29.5+    31 6 -0.1235E-11   0.000    
   29.5-    28 1  0.1400E-10   0.000    
   29.5-    28 2  0.1400E-10   0.000    
   29.5-    30 3  0.1062E-10   0.000    
   29.5-    30 4  0.1062E-10   0.000    
   29.5-    30 5  0.1062E-10   0.000    
   29.5-    32 6  0.6833E-11   0.000    
   30.5+    29 1 -0.9443E-11   0.000    
   30.5+    29 2 -0.9443E-11   0.000    
   30.5+    31 3 -0.1446E-11   0.000    
   30.5+    31 4 -0.1446E-11   0.000    
   30.5+    31 5 -0.1446E-11   0.000    
   30.5+    33 6 -0.4424E-11   0.000    
   30.5-    28 1  0.1446E-10   0.000    
   30.5-    30 2  0.1055E-10   0.000    
   30.5-    30 3  0.1055E-10   0.000    
   30.5-    30 4  0.1055E-10   0.000    
   30.5-    32 5  0.7061E-11   0.000    
   30.5-    32 6  0.7061E-11   0.000    
   31.5+    29 1 -0.9659E-11   0.000    
   31.5+    31 2 -0.1142E-11   0.000    
   31.5+    31 3 -0.1142E-11   0.000    
   31.5+    31 4 -0.1142E-11   0.000    
   31.5+    33 5 -0.4566E-11   0.000    
   31.5+    33 6 -0.4566E-11   0.000    
   31.5-    30 1  0.1067E-10   0.000    
   31.5-    30 2  0.1067E-10   0.000    
   31.5-    32 3  0.6762E-11   0.000    
   31.5-    32 4  0.6762E-11   0.000    
   31.5-    32 5  0.6762E-11   0.000    
   31.5-    34 6  0.1361E-11   0.000    
   32.5+    31 1 -0.1358E-11   0.000    
   32.5+    31 2 -0.1358E-11   0.000    
   32.5+    33 3 -0.4981E-11   0.000    
   32.5+    33 4 -0.4981E-11   0.000    
   32.5+    33 5 -0.4981E-11   0.000    
   32.5+    35 6  0.4483E-11   0.000    
   32.5-    30 1  0.1123E-10   0.000    
   32.5-    32 2  0.7516E-11   0.000    
   32.5-    32 3  0.7516E-11   0.000    
   32.5-    32 4  0.7516E-11   0.000    
   32.5-    34 5  0.1494E-11   0.000    
   32.5-    34 6  0.1494E-11   0.000    
   33.5+    31 1 -0.1213E-11   0.000    
   33.5+    33 2 -0.5411E-11   0.000    
   33.5+    33 3 -0.5411E-11   0.000    
   33.5+    33 4 -0.5411E-11   0.000    
   33.5+    35 5  0.4199E-11   0.000    
   33.5+    35 6  0.4199E-11   0.000    
   33.5-    32 1  0.7464E-11   0.000    
   33.5-    32 2  0.7464E-11   0.000    
   33.5-    34 3  0.1633E-11   0.000    
   33.5-    34 4  0.1633E-11   0.000    
   33.5-    34 5  0.1633E-11   0.000    
   33.5-    36 6 -0.3732E-12   0.000    
   34.5+    33 1 -0.5186E-11   0.000    
   34.5+    33 2 -0.5186E-11   0.000    
   34.5+    35 3  0.4370E-11   0.000    
   34.5+    35 4  0.4370E-11   0.000    
   34.5+    35 5  0.4370E-11   0.000    
   34.5+    37 6  0.4946E-11   0.000    
   34.5-    32 1  0.7684E-11   0.000    
   34.5-    34 2  0.1681E-11   0.000    
   34.5-    34 3  0.1681E-11   0.000    
   34.5-    34 4  0.1681E-11   0.000    
   34.5-    36 5 -0.5763E-12   0.000    
   34.5-    36 6 -0.5763E-12   0.000    
   35.5+    33 1 -0.5137E-11   0.000    
   35.5+    35 2  0.4446E-11   0.000    
   35.5+    35 3  0.4446E-11   0.000    
   35.5+    35 4  0.4446E-11   0.000    
   35.5+    37 5  0.5335E-11   0.000    
   35.5+    37 6  0.5335E-11   0.000    
   35.5-    34 1  0.1729E-11   0.000    
   35.5-    34 2  0.1729E-11   0.000    
   35.5-    36 3 -0.4939E-12   0.000    
   35.5-    36 4 -0.4939E-12   0.000    
   35.5-    36 5 -0.4939E-12   0.000    
   35.5-    38 6 -0.9187E-11   0.000    
   36.5+    35 1  0.4620E-11   0.000    
   36.5+    35 2  0.4620E-11   0.000    
   36.5+    37 3  0.5737E-11   0.000    
   36.5+    37 4  0.5737E-11   0.000    
   36.5+    37 5  0.5737E-11   0.000    
   36.5+    39 6 -0.2843E-11   0.000    
   36.5-    34 1  0.1675E-11   0.000    
   36.5-    36 2 -0.5077E-12   0.000    
   36.5-    36 3 -0.5077E-12   0.000    
   36.5-    36 4 -0.5077E-12   0.000    
   36.5-    38 5 -0.9443E-11   0.000    
   36.5-    38 6 -0.9443E-11   0.000    
   37.5+    35 1  0.5162E-11   0.000    
   37.5+    37 2  0.5683E-11   0.000    
   37.5+    37 3  0.5683E-11   0.000    
   37.5+    37 4  0.5683E-11   0.000    
   37.5+    39 5 -0.3963E-11   0.000    
   37.5+    39 6 -0.3963E-11   0.000    
   37.5-    36 1 -0.8342E-12   0.000    
   37.5-    36 2 -0.8342E-12   0.000    
   37.5-    38 3 -0.9698E-11   0.000    
   37.5-    38 4 -0.9698E-11   0.000    
   37.5-    38 5 -0.9698E-11   0.000    
   37.5-    40 6  0.2242E-11   0.000    
   38.5+    37 1  0.5512E-11   0.000    
   38.5+    37 2  0.5512E-11   0.000    
   38.5+    39 3 -0.3532E-11   0.000    
   38.5+    39 4 -0.3532E-11   0.000    
   38.5+    39 5 -0.3532E-11   0.000    
   38.5+    41 6  0.3692E-11   0.000    
   38.5-    36 1 -0.6421E-12   0.000    
   38.5-    38 2 -0.1006E-10   0.000    
   38.5-    38 3 -0.1006E-10   0.000    
   38.5-    38 4 -0.1006E-10   0.000    
   38.5-    40 5  0.2301E-11   0.000    
   38.5-    40 6  0.2301E-11   0.000    
   39.5+    37 1  0.5982E-11   0.000    
   39.5+    39 2 -0.3952E-11   0.000    
   39.5+    39 3 -0.3952E-11   0.000    
   39.5+    39 4 -0.3952E-11   0.000    
   39.5+    41 5  0.4116E-11   0.000    
   39.5+    41 6  0.4116E-11   0.000    
   39.5-    38 1 -0.1032E-10   0.000    
   39.5-    38 2 -0.1032E-10   0.000    
   39.5-    40 3  0.2470E-11   0.000    
   39.5-    40 4  0.2470E-11   0.000    
   39.5-    40 5  0.2470E-11   0.000    
   39.5-    42 6 -0.6586E-12   0.000    
   40.5+    39 1 -0.4275E-11   0.000    
   40.5+    39 2 -0.4275E-11   0.000    
   40.5+    41 3  0.4219E-11   0.000    
   40.5+    41 4  0.4219E-11   0.000    
   40.5+    41 5  0.4219E-11   0.000    
   40.5+    43 6 -0.1688E-11   0.000    
   40.5-    38 1 -0.1046E-10   0.000    
   40.5-    40 2  0.2419E-11   0.000    
   40.5-    40 3  0.2419E-11   0.000    
   40.5-    40 4  0.2419E-11   0.000    
   40.5-    42 5 -0.6751E-12   0.000    
   40.5-    42 6 -0.6751E-12   0.000    
   41.5+    39 1 -0.3803E-11   0.000    
   41.5+    41 2  0.3976E-11   0.000    
   41.5+    41 3  0.3976E-11   0.000    
   41.5+    41 4  0.3976E-11   0.000    
   41.5+    43 5 -0.1614E-11   0.000    
   41.5+    43 6 -0.1614E-11   0.000    
   41.5-    40 1  0.2478E-11   0.000    
   41.5-    40 2  0.2478E-11   0.000    
   41.5-    42 3 -0.5763E-12   0.000    
   41.5-    42 4 -0.5763E-12   0.000    
   41.5-    42 5 -0.5763E-12   0.000    
   41.5-    44 6 -0.5763E-11   0.000    
   42.5+    41 1  0.4425E-11   0.000    
   42.5+    41 2  0.4425E-11   0.000    
   42.5+    43 3 -0.1770E-11   0.000    
   42.5+    43 4 -0.1770E-11   0.000    
   42.5+    43 5 -0.1770E-11   0.000    
   42.5+    45 6 -0.2242E-11   0.000    
   42.5-    40 1  0.2655E-11   0.000    
   42.5-    42 2 -0.5900E-12   0.000    
   42.5-    42 3 -0.5900E-12   0.000    
   42.5-    42 4 -0.5900E-12   0.000    
   42.5-    44 5 -0.5074E-11   0.000    
   42.5-    44 6 -0.5074E-11   0.000    
   43.5+    41 1  0.4166E-11   0.000    
   43.5+    43 2 -0.2173E-11   0.000    
   43.5+    43 3 -0.2173E-11   0.000    
   43.5+    43 4 -0.2173E-11   0.000    
   43.5+    45 5 -0.1932E-11   0.000    
   43.5+    45 6 -0.1932E-11   0.000    
   43.5-    42 1 -0.6037E-12   0.000    
   43.5-    42 2 -0.6037E-12   0.000    
   43.5-    44 3 -0.5192E-11   0.000    
   43.5-    44 4 -0.5192E-11   0.000    
   43.5-    44 5 -0.5192E-11   0.000    
   43.5-    46 6 -0.2536E-11   0.000    
   44.5+    43 1 -0.1358E-11   0.000    
   44.5+    43 2 -0.1358E-11   0.000    
   44.5+    45 3 -0.1976E-11   0.000    
   44.5+    45 4 -0.1976E-11   0.000    
   44.5+    45 5 -0.1976E-11   0.000    
   44.5+    47 6  0.2778E-11   0.000    
   44.5-    42 1 -0.6174E-12   0.000    
   44.5-    44 2 -0.5680E-11   0.000    
   44.5-    44 3 -0.5680E-11   0.000    
   44.5-    44 4 -0.5680E-11   0.000    
   44.5-    46 5 -0.2593E-11   0.000    
   44.5-    46 6 -0.2593E-11   0.000    
   45.5+    43 1 -0.1893E-11   0.000    
   45.5+    45 2 -0.1641E-11   0.000    
   45.5+    45 3 -0.1641E-11   0.000    
   45.5+    45 4 -0.1641E-11   0.000    
   45.5+    47 5  0.2651E-11   0.000    
   45.5+    47 6  0.2651E-11   0.000    
   45.5-    44 1 -0.5807E-11   0.000    
   45.5-    44 2 -0.5807E-11   0.000    
   45.5-    46 3 -0.2651E-11   0.000    
   45.5-    46 4 -0.2651E-11   0.000    
   45.5-    46 5 -0.2651E-11   0.000    
   45.5-    48 6  0.1275E-10   0.000    
   46.5+    45 1 -0.1935E-11   0.000    
   46.5+    45 2 -0.1935E-11   0.000    
   46.5+    47 3  0.2579E-11   0.000    
   46.5+    47 4  0.2579E-11   0.000    
   46.5+    47 5  0.2579E-11   0.000    
   46.5+    49 6  0.2322E-11   0.000    
   46.5-    44 1 -0.5546E-11   0.000    
   46.5-    46 2 -0.3095E-11   0.000    
   46.5-    46 3 -0.3095E-11   0.000    
   46.5-    46 4 -0.3095E-11   0.000    
   46.5-    48 5  0.1251E-10   0.000    
   46.5-    48 6  0.1251E-10   0.000    
   47.5+    45 1 -0.1976E-11   0.000    
   47.5+    47 2  0.2634E-11   0.000    
   47.5+    47 3  0.2634E-11   0.000    
   47.5+    47 4  0.2634E-11   0.000    
   47.5+    49 5  0.3952E-11   0.000    
   47.5+    49 6  0.3952E-11   0.000    
   47.5-    46 1 -0.2371E-11   0.000    
   47.5-    46 2 -0.2371E-11   0.000    
   47.5-    48 3  0.1278E-10   0.000    
   47.5-    48 4  0.1278E-10   0.000    
   47.5-    48 5  0.1278E-10   0.000    
   47.5-    50 6  0.6849E-11   0.000    
   48.5+    47 1  0.2824E-11   0.000    
   48.5+    47 2  0.2824E-11   0.000    
   48.5+    49 3  0.2420E-11   0.000    
   48.5+    49 4  0.2420E-11   0.000    
   48.5+    49 5  0.2420E-11   0.000    
   48.5+    51 6 -0.1345E-11   0.000    
   48.5-    46 1 -0.3227E-11   0.000    
   48.5-    48 2  0.1331E-10   0.000    
   48.5-    48 3  0.1331E-10   0.000    
   48.5-    48 4  0.1331E-10   0.000    
   48.5-    50 5  0.6992E-11   0.000    
   48.5-    50 6  0.6992E-11   0.000    
   49.5+    47 1  0.2744E-11   0.000    
   49.5+    49 2  0.2470E-11   0.000    
   49.5+    49 3  0.2470E-11   0.000    
   49.5+    49 4  0.2470E-11   0.000    
   49.5+    51 5 -0.1784E-11   0.000    
   49.5+    51 6 -0.1784E-11   0.000    
   49.5-    48 1  0.1386E-10   0.000    
   49.5-    48 2  0.1386E-10   0.000    
   49.5-    50 3  0.6517E-11   0.000    
   49.5-    50 4  0.6517E-11   0.000    
   49.5-    50 5  0.6517E-11   0.000    
   49.5-    52 6  0.2676E-11   0.000    
   50.5+    49 1  0.3359E-11   0.000    
   50.5+    49 2  0.3359E-11   0.000    
   50.5+    51 3 -0.1400E-11   0.000    
   50.5+    51 4 -0.1400E-11   0.000    
   50.5+    51 5 -0.1400E-11   0.000    
   50.5+    53 6 -0.1260E-11   0.000    
   50.5-    48 1  0.1379E-10   0.000    
   50.5-    50 2  0.7347E-11   0.000    
   50.5-    50 3  0.7347E-11   0.000    
   50.5-    50 4  0.7347E-11   0.000    
   50.5-    52 5  0.2029E-11   0.000    
   50.5-    52 6  0.2029E-11   0.000    
