# Fusion cross sections for ELAB=  14.744, ECM=  12.470
     0.5   14.89      1
     0.5   29.55     -1
     1.5   49.72      1
     1.5   98.32     -1
     2.5   88.43      1
     2.5   175.5     -1
     3.5   116.1      1
     3.5   222.4     -1
     4.5   122.7      1
     4.5   244.0     -1
     5.5   123.1      1
     5.5   228.5     -1
     6.5   85.02      1
     6.5   177.2     -1
     7.5   62.38      1
     7.5   112.3     -1
     8.5   21.77      1
     8.5   55.01     -1
     9.5   13.88      1
     9.5   21.89     -1
    10.5   2.734      1
    10.5   7.733     -1
    11.5   1.685      1
    11.5   2.588     -1
    12.5  0.2927      1
    12.5  0.8443     -1
    13.5  0.1776      1
    13.5  0.2715     -1
    14.5  0.2984E-01  1
    14.5  0.8647E-01 -1
    15.5  0.1791E-01  1
    15.5  0.2733E-01 -1
    16.5  0.2955E-02  1
    16.5  0.8585E-02 -1
    17.5  0.1760E-02  1
    17.5  0.2682E-02 -1
    18.5  0.2865E-03  1
    18.5  0.8338E-03 -1
    19.5  0.1695E-03  1
    19.5  0.2581E-03 -1
    20.5  0.2732E-04  1
    20.5  0.7961E-04 -1
    21.5  0.1608E-04  1
    21.5  0.2447E-04 -1
    22.5  0.2569E-05  1
    22.5  0.7495E-05 -1
    23.5  0.1505E-05  1
    23.5  0.2290E-05 -1
    24.5  0.2389E-06  1
    24.5  0.6976E-06 -1
    25.5  0.1395E-06  1
    25.5  0.2120E-06 -1
    26.5  0.2201E-07  1
    26.5  0.6432E-07 -1
    27.5  0.1280E-07  1
    27.5  0.1949E-07 -1
    28.5  0.1988E-08  1
    28.5  0.5895E-08 -1
    29.5  0.1140E-08  1
    29.5  0.1794E-08 -1
    30.5  0.1611E-09  1
    30.5  0.5628E-09 -1
    31.5  0.9359E-10  1
    31.5  0.2063E-09 -1
    32.5  0.2507E-10  1
    32.5  0.1211E-09 -1
    33.5  0.2661E-10  1
    33.5  0.9711E-10 -1
    34.5  0.2611E-10  1
    34.5  0.8991E-10 -1
    35.5  0.2183E-10  1
    35.5  0.6764E-10 -1
    36.5  0.1545E-10  1
    36.5  0.5203E-10 -1
    37.5  0.1191E-10  1
    37.5  0.3935E-10 -1
    38.5  0.2030E-10  1
    38.5  0.4945E-10 -1
    39.5  0.3250E-10  1
    39.5  0.5808E-10 -1
    40.5  0.3650E-10  1
    40.5  0.5691E-10 -1
    41.5  0.2956E-10  1
    41.5  0.2783E-10 -1
    42.5  0.1545E-10  1
    42.5 -0.3198E-11 -1
    43.5  0.1032E-10  1
    43.5 -0.2004E-10 -1
    44.5  0.9268E-12  1
    44.5 -0.2533E-10 -1
    45.5 -0.3685E-12  1
    45.5 -0.1695E-10 -1
    46.5 -0.1162E-10  1
    46.5 -0.2323E-10 -1
    47.5 -0.2175E-10  1
    47.5 -0.3438E-10 -1
    48.5 -0.3162E-10  1
    48.5 -0.4923E-10 -1
    49.5 -0.3376E-10  1
    49.5 -0.4869E-10 -1
    50.5 -0.2270E-10  1
    50.5 -0.2562E-10 -1
 &
