# 178 angles,  1 tensor ranks for 0=projectile
@subtitle   "7Li + d g.s with DA1p OMP;"                                                    
@legend ON
@legend x1 0.2
@legend y1 0.8
@g0 type LOGY
@yaxis ticklabel format power
@legend string   0 "Lab energy =   14.5311"
#legend string   0 "Partition=  1 Excit=  1 near/far= 1"
#  Theta       sigma       iT11        T20         T21         T22         Kyy for projectile
   3.000      0.1778E+06
   4.000      0.5338E+05
   5.000      0.2077E+05
   6.000       9607.    
   7.000       5078.    
   8.000       3007.    
   9.000       1972.    
   10.00       1414.    
   11.00       1095.    
   12.00       900.8    
   13.00       775.0    
   14.00       688.2    
   15.00       624.0    
   16.00       573.5    
   17.00       531.3    
   18.00       494.3    
   19.00       460.7    
   20.00       429.4    
   21.00       399.7    
   22.00       371.3    
   23.00       344.1    
   24.00       317.8    
   25.00       292.5    
   26.00       268.2    
   27.00       244.9    
   28.00       222.7    
   29.00       201.6    
   30.00       181.6    
   31.00       162.8    
   32.00       145.2    
   33.00       128.8    
   34.00       113.5    
   35.00       99.48    
   36.00       86.60    
   37.00       74.87    
   38.00       64.25    
   39.00       54.70    
   40.00       46.17    
   41.00       38.62    
   42.00       32.00    
   43.00       26.24    
   44.00       21.30    
   45.00       17.10    
   46.00       13.60    
   47.00       10.72    
   48.00       8.420    
   49.00       6.630    
   50.00       5.297    
   51.00       4.367    
   52.00       3.788    
   53.00       3.511    
   54.00       3.491    
   55.00       3.684    
   56.00       4.051    
   57.00       4.554    
   58.00       5.162    
   59.00       5.844    
   60.00       6.573    
   61.00       7.326    
   62.00       8.082    
   63.00       8.823    
   64.00       9.534    
   65.00       10.20    
   66.00       10.82    
   67.00       11.37    
   68.00       11.86    
   69.00       12.28    
   70.00       12.62    
   71.00       12.89    
   72.00       13.08    
   73.00       13.20    
   74.00       13.25    
   75.00       13.23    
   76.00       13.15    
   77.00       13.00    
   78.00       12.80    
   79.00       12.55    
   80.00       12.26    
   81.00       11.92    
   82.00       11.55    
   83.00       11.15    
   84.00       10.73    
   85.00       10.28    
   86.00       9.823    
   87.00       9.354    
   88.00       8.878    
   89.00       8.401    
   90.00       7.926    
   91.00       7.456    
   92.00       6.994    
   93.00       6.543    
   94.00       6.105    
   95.00       5.683    
   96.00       5.278    
   97.00       4.891    
   98.00       4.524    
   99.00       4.178    
   100.0       3.853    
   101.0       3.550    
   102.0       3.268    
   103.0       3.008    
   104.0       2.770    
   105.0       2.552    
   106.0       2.355    
   107.0       2.177    
   108.0       2.019    
   109.0       1.878    
   110.0       1.755    
   111.0       1.647    
   112.0       1.554    
   113.0       1.475    
   114.0       1.409    
   115.0       1.354    
   116.0       1.310    
   117.0       1.274    
   118.0       1.247    
   119.0       1.228    
   120.0       1.214    
   121.0       1.206    
   122.0       1.202    
   123.0       1.203    
   124.0       1.206    
   125.0       1.212    
   126.0       1.219    
   127.0       1.228    
   128.0       1.238    
   129.0       1.249    
   130.0       1.260    
   131.0       1.272    
   132.0       1.283    
   133.0       1.295    
   134.0       1.307    
   135.0       1.319    
   136.0       1.331    
   137.0       1.343    
   138.0       1.356    
   139.0       1.370    
   140.0       1.384    
   141.0       1.400    
   142.0       1.417    
   143.0       1.435    
   144.0       1.455    
   145.0       1.477    
   146.0       1.502    
   147.0       1.529    
   148.0       1.558    
   149.0       1.589    
   150.0       1.624    
   151.0       1.661    
   152.0       1.701    
   153.0       1.743    
   154.0       1.788    
   155.0       1.836    
   156.0       1.885    
   157.0       1.937    
   158.0       1.991    
   159.0       2.046    
   160.0       2.102    
   161.0       2.160    
   162.0       2.218    
   163.0       2.276    
   164.0       2.334    
   165.0       2.391    
   166.0       2.447    
   167.0       2.502    
   168.0       2.554    
   169.0       2.605    
   170.0       2.652    
   171.0       2.696    
   172.0       2.737    
   173.0       2.774    
   174.0       2.806    
   175.0       2.834    
   176.0       2.858    
   177.0       2.876    
   178.0       2.889    
   179.0       2.897    
   180.0       2.900    
 END
