           1           2           1
    0.5+     1 1   5.775       0.000    
    0.5+     1 2   5.887       0.000    
    0.5+     3 3   4.935       0.000    
    0.5-     0 1   5.565       0.000    
    0.5-     2 2   6.084       0.000    
    0.5-     2 3   5.786       0.000    
    1.5+     1 1   11.43       0.000    
    1.5+     1 2   11.55       0.000    
    1.5+     1 3   11.77       0.000    
    1.5+     3 4   9.870       0.000    
    1.5+     3 5   11.13       0.000    
    1.5-     0 1   11.13       0.000    
    1.5-     2 2   12.17       0.000    
    1.5-     2 3   11.57       0.000    
    1.5-     2 4   10.84       0.000    
    1.5-     4 5   3.383       0.000    
    2.5+     1 1   17.33       0.000    
    2.5+     1 2   17.66       0.000    
    2.5+     3 3   14.81       0.000    
    2.5+     3 4   16.69       0.000    
    2.5+     3 5   17.81       0.000    
    2.5+     5 6   1.276       0.000    
    2.5-     0 1   16.69       0.000    
    2.5-     2 2   18.25       0.000    
    2.5-     2 3   17.36       0.000    
    2.5-     2 4   16.25       0.000    
    2.5-     4 5   5.074       0.000    
    2.5-     4 6   5.644       0.000    
    3.5+     1 1   23.55       0.000    
    3.5+     3 2   19.74       0.000    
    3.5+     3 3   22.26       0.000    
    3.5+     3 4   23.75       0.000    
    3.5+     5 5   1.701       0.000    
    3.5+     5 6   1.767       0.000    
    3.5-     2 1   23.15       0.000    
    3.5-     2 2   21.67       0.000    
    3.5-     4 3   6.765       0.000    
    3.5-     4 4   7.525       0.000    
    3.5-     4 5   9.047       0.000    
    3.5-     6 6  0.4178       0.000    
    4.5+     3 1   27.82       0.000    
    4.5+     3 2   29.69       0.000    
    4.5+     5 3   2.127       0.000    
    4.5+     5 4   2.208       0.000    
    4.5+     5 5   2.332       0.000    
    4.5+     7 6  0.1290       0.000    
    4.5-     2 1   27.09       0.000    
    4.5-     4 2   8.457       0.000    
    4.5-     4 3   9.406       0.000    
    4.5-     4 4   11.31       0.000    
    4.5-     6 5  0.5223       0.000    
    4.5-     6 6  0.5286       0.000    
    5.5+     3 1   35.63       0.000    
    5.5+     5 2   2.552       0.000    
    5.5+     5 3   2.650       0.000    
    5.5+     5 4   2.798       0.000    
    5.5+     7 5  0.1548       0.000    
    5.5+     7 6  0.1554       0.000    
    5.5-     4 1   11.29       0.000    
    5.5-     4 2   13.57       0.000    
    5.5-     6 3  0.6267       0.000    
    5.5-     6 4  0.6343       0.000    
    5.5-     6 5  0.6441       0.000    
    5.5-     8 6  0.3827E-01   0.000    
    6.5+     5 1   3.091       0.000    
    6.5+     5 2   3.264       0.000    
    6.5+     7 3  0.1806       0.000    
    6.5+     7 4  0.1813       0.000    
    6.5+     7 5  0.1821       0.000    
    6.5+     9 6  0.1102E-01   0.000    
    6.5-     4 1   15.83       0.000    
    6.5-     6 2  0.7312       0.000    
    6.5-     6 3  0.7400       0.000    
    6.5-     6 4  0.7514       0.000    
    6.5-     8 5  0.4465E-01   0.000    
    6.5-     8 6  0.4470E-01   0.000    
    7.5+     5 1   3.731       0.000    
    7.5+     7 2  0.2064       0.000    
    7.5+     7 3  0.2072       0.000    
    7.5+     7 4  0.2081       0.000    
    7.5+     9 5  0.1259E-01   0.000    
    7.5+     9 6  0.1260E-01   0.000    
    7.5-     6 1  0.8457       0.000    
    7.5-     6 2  0.8588       0.000    
    7.5-     8 3  0.5102E-01   0.000    
    7.5-     8 4  0.5109E-01   0.000    
    7.5-     8 5  0.5116E-01   0.000    
    7.5-    10 6  0.3097E-02   0.000    
    8.5+     7 1  0.2330       0.000    
    8.5+     7 2  0.2341       0.000    
    8.5+     9 3  0.1416E-01   0.000    
    8.5+     9 4  0.1417E-01   0.000    
    8.5+     9 5  0.1418E-01   0.000    
    8.5+    11 6  0.8541E-03   0.000    
    8.5-     6 1  0.9661       0.000    
    8.5-     8 2  0.5740E-01   0.000    
    8.5-     8 3  0.5747E-01   0.000    
    8.5-     8 4  0.5755E-01   0.000    
    8.5-    10 5  0.3484E-02   0.000    
    8.5-    10 6  0.3484E-02   0.000    
    9.5+     7 1  0.2601       0.000    
    9.5+     9 2  0.1574E-01   0.000    
    9.5+     9 3  0.1574E-01   0.000    
    9.5+     9 4  0.1575E-01   0.000    
    9.5+    11 5  0.9490E-03   0.000    
    9.5+    11 6  0.9490E-03   0.000    
    9.5-     8 1  0.6386E-01   0.000    
    9.5-     8 2  0.6395E-01   0.000    
    9.5-    10 3  0.3871E-02   0.000    
    9.5-    10 4  0.3871E-02   0.000    
    9.5-    10 5  0.3872E-02   0.000    
    9.5-    12 6  0.2320E-03   0.000    
   10.5+     9 1  0.1732E-01   0.000    
   10.5+     9 2  0.1733E-01   0.000    
   10.5+    11 3  0.1044E-02   0.000    
   10.5+    11 4  0.1044E-02   0.000    
   10.5+    11 5  0.1044E-02   0.000    
   10.5+    13 6  0.6220E-04   0.000    
   10.5-     8 1  0.7034E-01   0.000    
   10.5-    10 2  0.4258E-02   0.000    
   10.5-    10 3  0.4258E-02   0.000    
   10.5-    10 4  0.4259E-02   0.000    
   10.5-    12 5  0.2552E-03   0.000    
   10.5-    12 6  0.2552E-03   0.000    
   11.5+     9 1  0.1890E-01   0.000    
   11.5+    11 2  0.1139E-02   0.000    
   11.5+    11 3  0.1139E-02   0.000    
   11.5+    11 4  0.1139E-02   0.000    
   11.5+    13 5  0.6786E-04   0.000    
   11.5+    13 6  0.6786E-04   0.000    
   11.5-    10 1  0.4646E-02   0.000    
   11.5-    10 2  0.4646E-02   0.000    
   11.5-    12 3  0.2784E-03   0.000    
   11.5-    12 4  0.2784E-03   0.000    
   11.5-    12 5  0.2784E-03   0.000    
   11.5-    14 6  0.1650E-04   0.000    
   12.5+    11 1  0.1234E-02   0.000    
   12.5+    11 2  0.1234E-02   0.000    
   12.5+    13 3  0.7351E-04   0.000    
   12.5+    13 4  0.7351E-04   0.000    
   12.5+    13 5  0.7351E-04   0.000    
   12.5+    15 6  0.4340E-05   0.000    
   12.5-    10 1  0.5033E-02   0.000    
   12.5-    12 2  0.3016E-03   0.000    
   12.5-    12 3  0.3016E-03   0.000    
   12.5-    12 4  0.3016E-03   0.000    
   12.5-    14 5  0.1788E-04   0.000    
   12.5-    14 6  0.1788E-04   0.000    
   13.5+    11 1  0.1329E-02   0.000    
   13.5+    13 2  0.7917E-04   0.000    
   13.5+    13 3  0.7917E-04   0.000    
   13.5+    13 4  0.7917E-04   0.000    
   13.5+    15 5  0.4673E-05   0.000    
   13.5+    15 6  0.4673E-05   0.000    
   13.5-    12 1  0.3248E-03   0.000    
   13.5-    12 2  0.3248E-03   0.000    
   13.5-    14 3  0.1925E-04   0.000    
   13.5-    14 4  0.1925E-04   0.000    
   13.5-    14 5  0.1925E-04   0.000    
   13.5-    16 6  0.1132E-05   0.000    
   14.5+    13 1  0.8482E-04   0.000    
   14.5+    13 2  0.8482E-04   0.000    
   14.5+    15 3  0.5007E-05   0.000    
   14.5+    15 4  0.5007E-05   0.000    
   14.5+    15 5  0.5007E-05   0.000    
   14.5+    17 6  0.2934E-06   0.000    
   14.5-    12 1  0.3480E-03   0.000    
   14.5-    14 2  0.2063E-04   0.000    
   14.5-    14 3  0.2063E-04   0.000    
   14.5-    14 4  0.2063E-04   0.000    
   14.5-    16 5  0.1213E-05   0.000    
   14.5-    16 6  0.1213E-05   0.000    
   15.5+    13 1  0.9048E-04   0.000    
   15.5+    15 2  0.5341E-05   0.000    
   15.5+    15 3  0.5341E-05   0.000    
   15.5+    15 4  0.5341E-05   0.000    
   15.5+    17 5  0.3130E-06   0.000    
   15.5+    17 6  0.3130E-06   0.000    
   15.5-    14 1  0.2201E-04   0.000    
   15.5-    14 2  0.2201E-04   0.000    
   15.5-    16 3  0.1294E-05   0.000    
   15.5-    16 4  0.1294E-05   0.000    
   15.5-    16 5  0.1294E-05   0.000    
   15.5-    18 6  0.7560E-07   0.000    
   16.5+    15 1  0.5675E-05   0.000    
   16.5+    15 2  0.5675E-05   0.000    
   16.5+    17 3  0.3326E-06   0.000    
   16.5+    17 4  0.3326E-06   0.000    
   16.5+    17 5  0.3326E-06   0.000    
   16.5+    19 6  0.1938E-07   0.000    
   16.5-    14 1  0.2338E-04   0.000    
   16.5-    16 2  0.1375E-05   0.000    
   16.5-    16 3  0.1375E-05   0.000    
   16.5-    16 4  0.1375E-05   0.000    
   16.5-    18 5  0.8033E-07   0.000    
   16.5-    18 6  0.8033E-07   0.000    
   17.5+    15 1  0.6009E-05   0.000    
   17.5+    17 2  0.3521E-06   0.000    
   17.5+    17 3  0.3521E-06   0.000    
   17.5+    17 4  0.3521E-06   0.000    
   17.5+    19 5  0.2052E-07   0.000    
   17.5+    19 6  0.2052E-07   0.000    
   17.5-    16 1  0.1456E-05   0.000    
   17.5-    16 2  0.1456E-05   0.000    
   17.5-    18 3  0.8505E-07   0.000    
   17.5-    18 4  0.8505E-07   0.000    
   17.5-    18 5  0.8505E-07   0.000    
   17.5-    20 6  0.4947E-08   0.000    
   18.5+    17 1  0.3717E-06   0.000    
   18.5+    17 2  0.3717E-06   0.000    
   18.5+    19 3  0.2166E-07   0.000    
   18.5+    19 4  0.2166E-07   0.000    
   18.5+    19 5  0.2166E-07   0.000    
   18.5+    21 6  0.1259E-08   0.000    
   18.5-    16 1  0.1537E-05   0.000    
   18.5-    18 2  0.8978E-07   0.000    
   18.5-    18 3  0.8978E-07   0.000    
   18.5-    18 4  0.8978E-07   0.000    
   18.5-    20 5  0.5221E-08   0.000    
   18.5-    20 6  0.5220E-08   0.000    
   19.5+    17 1  0.3913E-06   0.000    
   19.5+    19 2  0.2280E-07   0.000    
   19.5+    19 3  0.2280E-07   0.000    
   19.5+    19 4  0.2280E-07   0.000    
   19.5+    21 5  0.1325E-08   0.000    
   19.5+    21 6  0.1320E-08   0.000    
   19.5-    18 1  0.9450E-07   0.000    
   19.5-    18 2  0.9450E-07   0.000    
   19.5-    20 3  0.5496E-08   0.000    
   19.5-    20 4  0.5495E-08   0.000    
   19.5-    20 5  0.5487E-08   0.000    
   19.5-    22 6  0.3149E-09   0.000    
   20.5+    19 1  0.2394E-07   0.000    
   20.5+    19 2  0.2394E-07   0.000    
   20.5+    21 3  0.1391E-08   0.000    
   20.5+    21 4  0.1386E-08   0.000    
   20.5+    21 5  0.1388E-08   0.000    
   20.5+    23 6  0.7772E-10   0.000    
   20.5-    18 1  0.9923E-07   0.000    
   20.5-    20 2  0.5771E-08   0.000    
   20.5-    20 3  0.5769E-08   0.000    
   20.5-    20 4  0.5761E-08   0.000    
   20.5-    22 5  0.3307E-09   0.000    
   20.5-    22 6  0.3359E-09   0.000    
   21.5+    19 1  0.2508E-07   0.000    
   21.5+    21 2  0.1457E-08   0.000    
   21.5+    21 3  0.1451E-08   0.000    
   21.5+    21 4  0.1454E-08   0.000    
   21.5+    23 5  0.8154E-10   0.000    
   21.5+    23 6  0.9035E-10   0.000    
   21.5-    20 1  0.6044E-08   0.000    
   21.5-    20 2  0.6035E-08   0.000    
   21.5-    22 3  0.3463E-09   0.000    
   21.5-    22 4  0.3520E-09   0.000    
   21.5-    22 5  0.3481E-09   0.000    
   21.5-    24 6  0.2252E-10   0.000    
   22.5+    21 1  0.1518E-08   0.000    
   22.5+    21 2  0.1520E-08   0.000    
   22.5+    23 3  0.8512E-10   0.000    
   22.5+    23 4  0.9423E-10   0.000    
   22.5+    23 5  0.8942E-10   0.000    
   22.5+    25 6  0.9334E-11   0.000    
   22.5-    20 1  0.6309E-08   0.000    
   22.5-    22 2  0.3622E-09   0.000    
   22.5-    22 3  0.3679E-09   0.000    
   22.5-    22 4  0.3639E-09   0.000    
   22.5-    24 5  0.2354E-10   0.000    
   22.5-    24 6  0.3031E-10   0.000    
   23.5+    21 1  0.1586E-08   0.000    
   23.5+    23 2  0.8872E-10   0.000    
   23.5+    23 3  0.9856E-10   0.000    
   23.5+    23 4  0.9337E-10   0.000    
   23.5+    25 5  0.9575E-11   0.000    
   23.5+    25 6  0.3467E-11   0.000    
   23.5-    22 1  0.3839E-09   0.000    
   23.5-    22 2  0.3798E-09   0.000    
   23.5-    24 3  0.2457E-10   0.000    
   23.5-    24 4  0.3163E-10   0.000    
   23.5-    24 5  0.2199E-10   0.000    
   23.5-    26 6  0.4887E-11   0.000    
   24.5+    23 1  0.1027E-09   0.000    
   24.5+    23 2  0.9737E-10   0.000    
   24.5+    25 3  0.1011E-10   0.000    
   24.5+    25 4  0.3818E-11   0.000    
   24.5+    25 5  0.3061E-11   0.000    
   24.5+    27 6  0.4849E-11   0.000    
   24.5-    22 1  0.3955E-09   0.000    
   24.5-    24 2  0.2573E-10   0.000    
   24.5-    24 3  0.3326E-10   0.000    
   24.5-    24 4  0.2304E-10   0.000    
   24.5-    26 5  0.5021E-11   0.000    
   24.5-    26 6 -0.4815E-12   0.000    
   25.5+    23 1  0.1011E-09   0.000    
   25.5+    25 2  0.1019E-10   0.000    
   25.5+    25 3  0.3613E-11   0.000    
   25.5+    25 4  0.3255E-11   0.000    
   25.5+    27 5  0.4936E-11   0.000    
   25.5+    27 6  0.3327E-11   0.000    
   25.5-    24 1  0.3412E-10   0.000    
   25.5-    24 2  0.2368E-10   0.000    
   25.5-    26 3  0.5258E-11   0.000    
   25.5-    26 4 -0.5008E-12   0.000    
   25.5-    26 5 -0.1431E-11   0.000    
   25.5-    28 6  0.5830E-11   0.000    
   26.5+    25 1  0.4086E-11   0.000    
   26.5+    25 2  0.3269E-11   0.000    
   26.5+    27 3  0.5089E-11   0.000    
   26.5+    27 4  0.3640E-11   0.000    
   26.5+    27 5 -0.1114E-11   0.000    
   26.5+    29 6  0.2637E-11   0.000    
   26.5-    24 1  0.2489E-10   0.000    
   26.5-    26 2  0.5535E-11   0.000    
   26.5-    26 3 -0.4457E-12   0.000    
   26.5-    26 4 -0.1412E-11   0.000    
   26.5-    28 5  0.6018E-11   0.000    
   26.5-    28 6  0.3715E-12   0.000    
   27.5+    25 1  0.3351E-11   0.000    
   27.5+    27 2  0.5586E-11   0.000    
   27.5+    27 3  0.3582E-11   0.000    
   27.5+    27 4 -0.1156E-11   0.000    
   27.5+    29 5  0.2619E-11   0.000    
   27.5+    29 6  0.3390E-11   0.000    
   27.5-    26 1 -0.5393E-12   0.000    
   27.5-    26 2 -0.1464E-11   0.000    
   27.5-    28 3  0.6471E-11   0.000    
   27.5-    28 4  0.1541E-12   0.000    
   27.5-    28 5 -0.1079E-11   0.000    
   27.5-    30 6 -0.7396E-11   0.000    
   28.5+    27 1  0.3710E-11   0.000    
   28.5+    27 2 -0.1037E-11   0.000    
   28.5+    29 3  0.2713E-11   0.000    
   28.5+    29 4  0.3232E-11   0.000    
   28.5+    29 5  0.6383E-12   0.000    
   28.5+    31 6 -0.4788E-12   0.000    
   28.5-    26 1 -0.1436E-11   0.000    
   28.5-    28 2  0.6304E-11   0.000    
   28.5-    28 3  0.5586E-12   0.000    
   28.5-    28 4 -0.1277E-11   0.000    
   28.5-    30 5 -0.7421E-11   0.000    
   28.5-    30 6 -0.2075E-11   0.000    
   29.5+    27 1 -0.1238E-11   0.000    
   29.5+    29 2  0.2807E-11   0.000    
   29.5+    29 3  0.3508E-11   0.000    
   29.5+    29 4  0.6604E-12   0.000    
   29.5+    31 5 -0.5778E-12   0.000    
   29.5+    31 6 -0.3632E-11   0.000    
   29.5-    28 1  0.1651E-12   0.000    
   29.5-    28 2 -0.9905E-12   0.000    
   29.5-    30 3 -0.7924E-11   0.000    
   29.5-    30 4 -0.1981E-11   0.000    
   29.5-    30 5  0.2476E-11   0.000    
   29.5-    32 6 -0.6604E-12   0.000    
   30.5+    29 1  0.3454E-11   0.000    
   30.5+    29 2  0.8530E-12   0.000    
   30.5+    31 3 -0.5118E-12   0.000    
   30.5+    31 4 -0.3582E-11   0.000    
   30.5+    31 5 -0.4435E-11   0.000    
   30.5+    33 6  0.1450E-11   0.000    
   30.5-    28 1 -0.1194E-11   0.000    
   30.5-    30 2 -0.8188E-11   0.000    
   30.5-    30 3 -0.2047E-11   0.000    
   30.5-    30 4  0.2388E-11   0.000    
   30.5-    32 5 -0.9383E-12   0.000    
   30.5-    32 6  0.1322E-11   0.000    
   31.5+    29 1  0.1013E-11   0.000    
   31.5+    31 2 -0.5283E-12   0.000    
   31.5+    31 3 -0.3962E-11   0.000    
   31.5+    31 4 -0.4578E-11   0.000    
   31.5+    33 5  0.1057E-11   0.000    
   31.5+    33 6 -0.5019E-11   0.000    
   31.5-    30 1 -0.2113E-11   0.000    
   31.5-    30 2  0.2465E-11   0.000    
   31.5-    32 3 -0.1145E-11   0.000    
   31.5-    32 4  0.1233E-11   0.000    
   31.5-    32 5  0.5635E-11   0.000    
   31.5-    34 6 -0.7924E-11   0.000    
   32.5+    31 1 -0.3995E-11   0.000    
   32.5+    31 2 -0.4903E-11   0.000    
   32.5+    33 3  0.1090E-11   0.000    
   32.5+    33 4 -0.4812E-11   0.000    
   32.5+    33 5 -0.3632E-12   0.000    
   32.5+    35 6  0.9670E-11   0.000    
   32.5-    30 1  0.2769E-11   0.000    
   32.5-    32 2 -0.1180E-11   0.000    
   32.5-    32 3  0.1135E-11   0.000    
   32.5-    32 4  0.6265E-11   0.000    
   32.5-    34 5 -0.8172E-11   0.000    
   32.5-    34 6  0.3541E-11   0.000    
   33.5+    31 1 -0.5052E-11   0.000    
   33.5+    33 2  0.9823E-12   0.000    
   33.5+    33 3 -0.4958E-11   0.000    
   33.5+    33 4 -0.8420E-12   0.000    
   33.5+    35 5  0.9542E-11   0.000    
   33.5+    35 6 -0.4116E-11   0.000    
   33.5-    32 1  0.1123E-11   0.000    
   33.5-    32 2  0.6315E-11   0.000    
   33.5-    34 3 -0.8420E-11   0.000    
   33.5-    34 4  0.3648E-11   0.000    
   33.5-    34 5 -0.4865E-11   0.000    
   33.5-    36 6  0.1263E-11   0.000    
   34.5+    33 1 -0.5008E-11   0.000    
   34.5+    33 2 -0.2889E-12   0.000    
   34.5+    35 3  0.1026E-10   0.000    
   34.5+    35 4 -0.4719E-11   0.000    
   34.5+    35 5 -0.7704E-11   0.000    
   34.5+    37 6  0.1878E-11   0.000    
   34.5-    32 1  0.6645E-11   0.000    
   34.5-    34 2 -0.8667E-11   0.000    
   34.5-    34 3  0.3756E-11   0.000    
   34.5-    34 4 -0.4911E-11   0.000    
   34.5-    36 5  0.1348E-11   0.000    
   34.5-    36 6 -0.1733E-11   0.000    
   35.5+    33 1 -0.6934E-12   0.000    
   35.5+    35 2  0.1055E-10   0.000    
   35.5+    35 3 -0.4358E-11   0.000    
   35.5+    35 4 -0.7429E-11   0.000    
   35.5+    37 5  0.2179E-11   0.000    
   35.5+    37 6  0.2179E-11   0.000    
   35.5-    34 1  0.3962E-11   0.000    
   35.5-    34 2 -0.5151E-11   0.000    
   35.5-    36 3  0.1436E-11   0.000    
   35.5-    36 4 -0.1783E-11   0.000    
   35.5-    36 5  0.1932E-11   0.000    
   35.5-    38 6 -0.3566E-11   0.000    
   36.5+    35 1 -0.4988E-11   0.000    
   36.5+    35 2 -0.8144E-11   0.000    
   36.5+    37 3  0.1731E-11   0.000    
   36.5+    37 4  0.1985E-11   0.000    
   36.5+    37 5 -0.3054E-12   0.000    
   36.5+    39 6  0.8348E-11   0.000    
   36.5-    34 1 -0.5294E-11   0.000    
   36.5-    36 2  0.1374E-11   0.000    
   36.5-    36 3 -0.1731E-11   0.000    
   36.5-    36 4  0.1832E-11   0.000    
   36.5-    38 5 -0.3767E-11   0.000    
   36.5-    38 6 -0.1832E-11   0.000    
   37.5+    35 1 -0.7842E-11   0.000    
   37.5+    37 2  0.2039E-11   0.000    
   37.5+    37 3  0.2039E-11   0.000    
   37.5+    37 4 -0.3137E-12   0.000    
   37.5+    39 5  0.8312E-11   0.000    
   37.5+    39 6  0.4391E-11   0.000    
   37.5-    36 1 -0.1777E-11   0.000    
   37.5-    36 2  0.1934E-11   0.000    
   37.5-    38 3 -0.3973E-11   0.000    
   37.5-    38 4 -0.1987E-11   0.000    
   37.5-    38 5 -0.2614E-11   0.000    
   37.5-    40 6  0.2509E-11   0.000    
   38.5+    37 1  0.2093E-11   0.000    
   38.5+    37 2 -0.5365E-12   0.000    
   38.5+    39 3  0.8531E-11   0.000    
   38.5+    39 4  0.4239E-11   0.000    
   38.5+    39 5  0.1985E-11   0.000    
   38.5+    41 6 -0.4829E-11   0.000    
   38.5-    36 1  0.1985E-11   0.000    
   38.5-    38 2 -0.3970E-11   0.000    
   38.5-    38 3 -0.1824E-11   0.000    
   38.5-    38 4 -0.2790E-11   0.000    
   38.5-    40 5  0.2575E-11   0.000    
   38.5-    40 6 -0.5258E-11   0.000    
   39.5+    37 1   0.000       0.000    
   39.5+    39 2  0.8750E-11   0.000    
   39.5+    39 3  0.4678E-11   0.000    
   39.5+    39 4  0.2366E-11   0.000    
   39.5+    41 5 -0.4953E-11   0.000    
   39.5+    41 6  0.1211E-11   0.000    
   39.5-    38 1 -0.2091E-11   0.000    
   39.5-    38 2 -0.2751E-11   0.000    
   39.5-    40 3  0.2641E-11   0.000    
   39.5-    40 4 -0.5393E-11   0.000    
   39.5-    40 5  0.1541E-11   0.000    
   39.5-    42 6  0.4402E-12   0.000    
   40.5+    39 1  0.4456E-11   0.000    
   40.5+    39 2  0.2087E-11   0.000    
   40.5+    41 3 -0.4738E-11   0.000    
   40.5+    41 4  0.9589E-12   0.000    
   40.5+    41 5  0.1523E-11   0.000    
   40.5+    43 6   0.000       0.000    
   40.5-    38 1 -0.3046E-11   0.000    
   40.5-    40 2  0.2707E-11   0.000    
   40.5-    40 3 -0.5528E-11   0.000    
   40.5-    40 4  0.1467E-11   0.000    
   40.5-    42 5  0.4512E-12   0.000    
   40.5-    42 6  0.1974E-11   0.000    
   41.5+    39 1  0.2485E-11   0.000    
   41.5+    41 2 -0.5200E-11   0.000    
   41.5+    41 3  0.9245E-12   0.000    
   41.5+    41 4  0.1618E-11   0.000    
   41.5+    43 5 -0.4622E-12   0.000    
   41.5+    43 6  0.4622E-12   0.000    
   41.5-    40 1 -0.5547E-11   0.000    
   41.5-    40 2  0.1618E-11   0.000    
   41.5-    42 3  0.4622E-12   0.000    
   41.5-    42 4  0.2022E-11   0.000    
   41.5-    42 5  0.2658E-11   0.000    
   41.5-    44 6  0.1271E-11   0.000    
   42.5+    41 1  0.1006E-11   0.000    
   42.5+    41 2  0.1301E-11   0.000    
   42.5+    43 3   0.000       0.000    
   42.5+    43 4  0.4733E-12   0.000    
   42.5+    43 5  0.6921E-11   0.000    
   42.5+    45 6   0.000       0.000    
   42.5-    40 1  0.1538E-11   0.000    
   42.5-    42 2  0.4733E-12   0.000    
   42.5-    42 3  0.2130E-11   0.000    
   42.5-    42 4  0.2662E-11   0.000    
   42.5-    44 5  0.1716E-11   0.000    
   42.5-    44 6 -0.4733E-12   0.000    
   43.5+    41 1  0.1332E-11   0.000    
   43.5+    43 2   0.000       0.000    
   43.5+    43 3  0.4843E-12   0.000    
   43.5+    43 4  0.6598E-11   0.000    
   43.5+    45 5  0.1816E-12   0.000    
   43.5+    45 6 -0.2421E-12   0.000    
   43.5-    42 1  0.2119E-11   0.000    
   43.5-    42 2  0.2845E-11   0.000    
   43.5-    44 3  0.1332E-11   0.000    
   43.5-    44 4 -0.4843E-12   0.000    
   43.5-    44 5  0.3995E-11   0.000    
   43.5-    46 6  0.7264E-12   0.000    
   44.5+    43 1  0.9905E-12   0.000    
   44.5+    43 2  0.7243E-11   0.000    
   44.5+    45 3  0.1857E-12   0.000    
   44.5+    45 4 -0.4953E-12   0.000    
   44.5+    45 5 -0.2229E-11   0.000    
   44.5+    47 6  0.6500E-11   0.000    
   44.5-    42 1  0.2910E-11   0.000    
   44.5-    44 2  0.1362E-11   0.000    
   44.5-    44 3 -0.4953E-12   0.000    
   44.5-    44 4  0.4086E-11   0.000    
   44.5-    46 5  0.3715E-12   0.000    
   44.5-    46 6 -0.1486E-11   0.000    
   45.5+    43 1  0.7974E-11   0.000    
   45.5+    45 2 -0.2531E-12   0.000    
   45.5+    45 3 -0.5063E-12   0.000    
   45.5+    45 4 -0.2278E-11   0.000    
   45.5+    47 5  0.6455E-11   0.000    
   45.5+    47 6  0.9493E-12   0.000    
   45.5-    44 1 -0.5063E-12   0.000    
   45.5-    44 2  0.4113E-11   0.000    
   45.5-    46 3  0.7594E-12   0.000    
   45.5-    46 4 -0.1139E-11   0.000    
   45.5-    46 5 -0.1013E-11   0.000    
   45.5-    48 6  0.9493E-12   0.000    
   46.5+    45 1 -0.5173E-12   0.000    
   46.5+    45 2 -0.2069E-11   0.000    
   46.5+    47 3  0.6789E-11   0.000    
   46.5+    47 4  0.9052E-12   0.000    
   46.5+    47 5 -0.5043E-11   0.000    
   46.5+    49 6 -0.7759E-12   0.000    
   46.5-    44 1  0.4268E-11   0.000    
   46.5-    46 2  0.1099E-11   0.000    
   46.5-    46 3 -0.6466E-12   0.000    
   46.5-    46 4 -0.1164E-11   0.000    
   46.5-    48 5  0.6466E-12   0.000    
   46.5-    48 6 -0.3880E-11   0.000    
   47.5+    45 1 -0.2113E-11   0.000    
   47.5+    47 2  0.6802E-11   0.000    
   47.5+    47 3  0.1123E-11   0.000    
   47.5+    47 4 -0.5415E-11   0.000    
   47.5+    49 5 -0.1717E-11   0.000    
   47.5+    49 6  0.1651E-11   0.000    
   47.5-    46 1 -0.1189E-11   0.000    
   47.5-    46 2 -0.1849E-11   0.000    
   47.5-    48 3  0.9905E-12   0.000    
   47.5-    48 4 -0.4490E-11   0.000    
   47.5-    48 5 -0.1321E-11   0.000    
   47.5-    50 6 -0.1717E-11   0.000    
   48.5+    47 1  0.8763E-12   0.000    
   48.5+    47 2 -0.5663E-11   0.000    
   48.5+    49 3 -0.8089E-12   0.000    
   48.5+    49 4  0.2494E-11   0.000    
   48.5+    49 5  0.1685E-11   0.000    
   48.5+    51 6  0.5393E-12   0.000    
   48.5-    46 1 -0.1213E-11   0.000    
   48.5-    48 2  0.1011E-11   0.000    
   48.5-    48 3 -0.4314E-11   0.000    
   48.5-    48 4 -0.1348E-11   0.000    
   48.5-    50 5 -0.1213E-11   0.000    
   48.5-    50 6 -0.2292E-11   0.000    
   49.5+    47 1 -0.5503E-11   0.000    
   49.5+    49 2 -0.8254E-12   0.000    
   49.5+    49 3  0.2545E-11   0.000    
   49.5+    49 4  0.2545E-11   0.000    
   49.5+    51 5  0.6879E-12   0.000    
   49.5+    51 6  0.1376E-11   0.000    
   49.5-    48 1 -0.5090E-11   0.000    
   49.5-    48 2 -0.9630E-12   0.000    
   49.5-    50 3 -0.1788E-11   0.000    
   49.5-    50 4 -0.2339E-11   0.000    
   49.5-    50 5  0.1788E-11   0.000    
   49.5-    52 6  0.2751E-11   0.000    
   50.5+    49 1  0.1754E-11   0.000    
   50.5+    49 2  0.3508E-11   0.000    
   50.5+    51 3  0.5613E-12   0.000    
   50.5+    51 4  0.1333E-11   0.000    
   50.5+    51 5  0.1614E-11   0.000    
   50.5+    53 6  0.1263E-11   0.000    
   50.5-    48 1 -0.9823E-12   0.000    
   50.5-    50 2 -0.1965E-11   0.000    
   50.5-    50 3 -0.2526E-11   0.000    
   50.5-    50 4  0.1824E-11   0.000    
   50.5-    52 5  0.2736E-11   0.000    
   50.5-    52 6 -0.1403E-11   0.000    
