# Fusion cross sections for ELAB=  14.531, ECM=  11.290
     0.5   16.60      1
     0.5   34.03     -1
     1.5   55.75      1
     1.5   104.8     -1
     2.5   85.57      1
     2.5   164.9     -1
     3.5   92.76      1
     3.5   161.3     -1
     4.5   64.30      1
     4.5   121.6     -1
     5.5   43.94      1
     5.5   70.74     -1
     6.5   6.911      1
     6.5   25.06     -1
     7.5   4.377      1
     7.5   6.238     -1
     8.5  0.5105      1
     8.5   1.656     -1
     9.5  0.3093      1
     9.5  0.4489     -1
    10.5  0.3784E-01  1
    10.5  0.1215     -1
    11.5  0.2245E-01  1
    11.5  0.3260E-01 -1
    12.5  0.2692E-02  1
    12.5  0.8666E-02 -1
    13.5  0.1576E-02  1
    13.5  0.2284E-02 -1
    14.5  0.1850E-03  1
    14.5  0.5972E-03 -1
    15.5  0.1071E-03  1
    15.5  0.1551E-03 -1
    16.5  0.1237E-04  1
    16.5  0.4003E-04 -1
    17.5  0.7106E-05  1
    17.5  0.1028E-04 -1
    18.5  0.8096E-06  1
    18.5  0.2626E-05 -1
    19.5  0.4623E-06  1
    19.5  0.6681E-06 -1
    20.5  0.5212E-07  1
    20.5  0.1693E-06 -1
    21.5  0.2961E-07  1
    21.5  0.4276E-07 -1
    22.5  0.3316E-08  1
    22.5  0.1077E-07 -1
    23.5  0.1880E-08  1
    23.5  0.2727E-08 -1
    24.5  0.2219E-09  1
    24.5  0.7040E-09 -1
    25.5  0.1264E-09  1
    25.5  0.1934E-09 -1
    26.5  0.1761E-10  1
    26.5  0.5256E-10 -1
    27.5  0.1737E-10  1
    27.5  0.1352E-10 -1
    28.5  0.8777E-11  1
    28.5  0.3431E-11 -1
    29.5  0.1527E-11  1
    29.5 -0.7388E-11 -1
    30.5 -0.2772E-11  1
    30.5 -0.1143E-10 -1
    31.5 -0.1202E-10  1
    31.5 -0.1387E-10 -1
    32.5 -0.3314E-11  1
    32.5  0.1044E-11 -1
    33.5 -0.4444E-11  1
    33.5 -0.5379E-11 -1
    34.5 -0.5586E-11  1
    34.5 -0.9149E-11 -1
    35.5  0.2427E-11  1
    35.5 -0.7429E-12 -1
    36.5 -0.1374E-11  1
    36.5 -0.1079E-10 -1
    37.5  0.8626E-11  1
    37.5  0.2718E-11 -1
    38.5  0.1148E-10  1
    38.5  0.2200E-11 -1
    39.5  0.1205E-10  1
    39.5  0.6438E-11 -1
    40.5  0.4287E-11  1
    40.5  0.2313E-11 -1
    41.5 -0.1733E-12  1
    41.5  0.2311E-11 -1
    42.5  0.9702E-11  1
    42.5  0.1775E-10 -1
    43.5  0.8354E-11  1
    43.5  0.1889E-10 -1
    44.5  0.1220E-10  1
    44.5  0.1894E-10 -1
    45.5  0.1234E-10  1
    45.5  0.1550E-10 -1
    46.5 -0.7113E-12  1
    46.5 -0.3880E-12 -1
    47.5  0.3302E-12  1
    47.5 -0.9245E-11 -1
    48.5 -0.8763E-12  1
    48.5 -0.1025E-10 -1
    49.5  0.8254E-12  1
    49.5 -0.4815E-11 -1
    50.5  0.1003E-10  1
    50.5  0.7718E-11 -1
 &
