# Fusion cross sections for ELAB=  14.700, ECM=  11.421
     0.5   17.29      1
     0.5   34.42     -1
     1.5   57.68      1
     1.5   114.4     -1
     2.5   100.4      1
     2.5   202.2     -1
     3.5   129.2      1
     3.5   245.0     -1
     4.5   127.8      1
     4.5   248.7     -1
     5.5   120.1      1
     5.5   203.9     -1
     6.5   69.68      1
     6.5   129.4     -1
     7.5   43.59      1
     7.5   61.00     -1
     8.5   6.030      1
     8.5   17.32     -1
     9.5   3.970      1
     9.5   6.349     -1
    10.5  0.9748      1
    10.5   2.542     -1
    11.5  0.6389      1
    11.5   1.042     -1
    12.5  0.1662      1
    12.5  0.4286     -1
    13.5  0.1076      1
    13.5  0.1759     -1
    14.5  0.2784E-01  1
    14.5  0.7179E-01 -1
    15.5  0.1785E-01  1
    15.5  0.2915E-01 -1
    16.5  0.4558E-02  1
    16.5  0.1177E-01 -1
    17.5  0.2898E-02  1
    17.5  0.4728E-02 -1
    18.5  0.7314E-03  1
    18.5  0.1891E-02 -1
    19.5  0.4619E-03  1
    19.5  0.7530E-03 -1
    20.5  0.1154E-03  1
    20.5  0.2988E-03 -1
    21.5  0.7251E-04  1
    21.5  0.1181E-03 -1
    22.5  0.1797E-04  1
    22.5  0.4656E-04 -1
    23.5  0.1124E-04  1
    23.5  0.1830E-04 -1
    24.5  0.2767E-05  1
    24.5  0.7173E-05 -1
    25.5  0.1723E-05  1
    25.5  0.2805E-05 -1
    26.5  0.4219E-06  1
    26.5  0.1094E-05 -1
    27.5  0.2619E-06  1
    27.5  0.4261E-06 -1
    28.5  0.6380E-07  1
    28.5  0.1656E-06 -1
    29.5  0.3949E-07  1
    29.5  0.6423E-07 -1
    30.5  0.9570E-08  1
    30.5  0.2487E-07 -1
    31.5  0.5907E-08  1
    31.5  0.9622E-08 -1
    32.5  0.1424E-08  1
    32.5  0.3724E-08 -1
    33.5  0.8780E-09  1
    33.5  0.1440E-08 -1
    34.5  0.2105E-09  1
    34.5  0.5523E-09 -1
    35.5  0.1268E-09  1
    35.5  0.1957E-09 -1
    36.5  0.2737E-10  1
    36.5  0.5943E-10 -1
    37.5  0.1933E-10  1
    37.5  0.1504E-10 -1
    38.5  0.1024E-10  1
    38.5  0.8221E-11 -1
    39.5  0.1023E-10  1
    39.5  0.9955E-11 -1
    40.5  0.5743E-11  1
    40.5  0.4572E-11 -1
    41.5  0.8568E-12  1
    41.5 -0.1428E-11 -1
    42.5 -0.4093E-11  1
    42.5 -0.7544E-11 -1
    43.5 -0.5565E-11  1
    43.5 -0.1490E-10 -1
    44.5 -0.1224E-12  1
    44.5 -0.1383E-10 -1
    45.5  0.9258E-11  1
    45.5 -0.7757E-11 -1
    46.5  0.1860E-10  1
    46.5  0.9588E-12 -1
    47.5  0.1599E-10  1
    47.5  0.3329E-11 -1
    48.5  0.1013E-10  1
    48.5  0.2665E-11 -1
    49.5  0.4760E-11  1
    49.5  0.9792E-11 -1
    50.5 -0.2497E-11  1
    50.5  0.5410E-11 -1
 &
