# Fusion cross sections for ELAB=  14.531, ECM=  11.290
     0.5   17.27      1
     0.5   35.48     -1
     1.5   57.22      1
     1.5   113.9     -1
     2.5   88.27      1
     2.5   186.7     -1
     3.5   99.19      1
     3.5   202.0     -1
     4.5   73.26      1
     4.5   172.2     -1
     5.5   55.05      1
     5.5   114.5     -1
     6.5   18.26      1
     6.5   56.35     -1
     7.5   11.73      1
     7.5   15.92     -1
     8.5   1.037      1
     8.5   3.605     -1
     9.5  0.6239      1
     9.5  0.8884     -1
    10.5  0.6767E-01  1
    10.5  0.2249     -1
    11.5  0.3986E-01  1
    11.5  0.5707E-01 -1
    12.5  0.4343E-02  1
    12.5  0.1440E-01 -1
    13.5  0.2523E-02  1
    13.5  0.3609E-02 -1
    14.5  0.2700E-03  1
    14.5  0.8978E-03 -1
    15.5  0.1552E-03  1
    15.5  0.2218E-03 -1
    16.5  0.1634E-04  1
    16.5  0.5449E-04 -1
    17.5  0.9323E-05  1
    17.5  0.1331E-04 -1
    18.5  0.9688E-06  1
    18.5  0.3236E-05 -1
    19.5  0.5492E-06  1
    19.5  0.7835E-06 -1
    20.5  0.5646E-07  1
    20.5  0.1890E-06 -1
    21.5  0.3184E-07  1
    21.5  0.4540E-07 -1
    22.5  0.3218E-08  1
    22.5  0.1085E-07 -1
    23.5  0.1793E-08  1
    23.5  0.2583E-08 -1
    24.5  0.1531E-09  1
    24.5  0.6021E-09 -1
    25.5  0.8592E-10  1
    25.5  0.1385E-09 -1
    26.5  0.1486E-12  1
    26.5  0.3874E-10 -1
    27.5 -0.8320E-11  1
    27.5  0.2812E-11 -1
    28.5 -0.5665E-11  1
    28.5  0.3272E-11 -1
    29.5 -0.7058E-11  1
    29.5  0.2394E-10 -1
    30.5  0.1220E-10  1
    30.5  0.2670E-10 -1
    31.5  0.2421E-10  1
    31.5  0.2963E-10 -1
    32.5  0.1798E-10  1
    32.5  0.3319E-10 -1
    33.5  0.1689E-10  1
    33.5  0.2914E-10 -1
    34.5 -0.3130E-11  1
    34.5  0.1363E-10 -1
    35.5 -0.1981E-11  1
    35.5  0.1144E-10 -1
    36.5 -0.6821E-11  1
    36.5 -0.4479E-11 -1
    37.5  0.5228E-12  1
    37.5 -0.1098E-10 -1
    38.5  0.2125E-10  1
    38.5  0.1502E-10 -1
    39.5  0.1403E-10  1
    39.5  0.1431E-11 -1
    40.5  0.1134E-10  1
    40.5  0.4061E-11 -1
    41.5  0.1341E-10  1
    41.5  0.2427E-11 -1
    42.5 -0.6744E-11  1
    42.5 -0.2248E-10 -1
    43.5 -0.1090E-11  1
    43.5 -0.7446E-11 -1
    44.5  0.9905E-11  1
    44.5  0.3343E-11 -1
    45.5 -0.2278E-11  1
    45.5  0.6961E-12 -1
    46.5 -0.3880E-12  1
    46.5  0.3298E-11 -1
    47.5 -0.1123E-10  1
    47.5 -0.7462E-11 -1
    48.5 -0.2022E-11  1
    48.5 -0.1348E-12 -1
    49.5  0.3508E-11  1
    49.5  0.1169E-11 -1
    50.5  0.4911E-11  1
    50.5  0.1403E-11 -1
 &
