           1           2           1
    0.5+     1 1   5.758       0.000    
    0.5+     1 2   5.727       0.000    
    0.5+     3 3   5.748       0.000    
    0.5-     0 1   5.952       0.000    
    0.5-     2 2   6.073       0.000    
    0.5-     2 3   6.134       0.000    
    1.5+     1 1   11.59       0.000    
    1.5+     1 2   11.52       0.000    
    1.5+     1 3   11.45       0.000    
    1.5+     3 4   11.50       0.000    
    1.5+     3 5   11.05       0.000    
    1.5-     0 1   11.90       0.000    
    1.5-     2 2   12.15       0.000    
    1.5-     2 3   12.27       0.000    
    1.5-     2 4   12.15       0.000    
    1.5-     4 5   8.104       0.000    
    2.5+     1 1   17.27       0.000    
    2.5+     1 2   17.18       0.000    
    2.5+     3 3   17.24       0.000    
    2.5+     3 4   16.57       0.000    
    2.5+     3 5   16.68       0.000    
    2.5+     5 6   3.179       0.000    
    2.5-     0 1   17.86       0.000    
    2.5-     2 2   18.22       0.000    
    2.5-     2 3   18.40       0.000    
    2.5-     2 4   18.22       0.000    
    2.5-     4 5   12.16       0.000    
    2.5-     4 6   13.46       0.000    
    3.5+     1 1   22.91       0.000    
    3.5+     3 2   22.99       0.000    
    3.5+     3 3   22.09       0.000    
    3.5+     3 4   22.24       0.000    
    3.5+     5 5   4.239       0.000    
    3.5+     5 6   4.614       0.000    
    3.5-     2 1   24.54       0.000    
    3.5-     2 2   24.30       0.000    
    3.5-     4 3   16.21       0.000    
    3.5-     4 4   17.95       0.000    
    3.5-     4 5   18.82       0.000    
    3.5-     6 6  0.9330       0.000    
    4.5+     3 1   27.61       0.000    
    4.5+     3 2   27.80       0.000    
    4.5+     5 3   5.299       0.000    
    4.5+     5 4   5.767       0.000    
    4.5+     5 5   6.559       0.000    
    4.5+     7 6  0.2649       0.000    
    4.5-     2 1   30.37       0.000    
    4.5-     4 2   20.26       0.000    
    4.5-     4 3   22.43       0.000    
    4.5-     4 4   23.53       0.000    
    4.5-     6 5   1.166       0.000    
    4.5-     6 6   1.201       0.000    
    5.5+     3 1   33.35       0.000    
    5.5+     5 2   6.359       0.000    
    5.5+     5 3   6.921       0.000    
    5.5+     5 4   7.871       0.000    
    5.5+     7 5  0.3179       0.000    
    5.5+     7 6  0.3209       0.000    
    5.5-     4 1   26.92       0.000    
    5.5-     4 2   28.23       0.000    
    5.5-     6 3   1.400       0.000    
    5.5-     6 4   1.441       0.000    
    5.5-     6 5   1.498       0.000    
    5.5-     8 6  0.7377E-01   0.000    
    6.5+     5 1   8.074       0.000    
    6.5+     5 2   9.183       0.000    
    6.5+     7 3  0.3709       0.000    
    6.5+     7 4  0.3744       0.000    
    6.5+     7 5  0.3788       0.000    
    6.5+     9 6  0.2011E-01   0.000    
    6.5-     4 1   32.94       0.000    
    6.5-     6 2   1.633       0.000    
    6.5-     6 3   1.681       0.000    
    6.5-     6 4   1.748       0.000    
    6.5-     8 5  0.8606E-01   0.000    
    6.5-     8 6  0.8633E-01   0.000    
    7.5+     5 1   10.49       0.000    
    7.5+     7 2  0.4239       0.000    
    7.5+     7 3  0.4279       0.000    
    7.5+     7 4  0.4329       0.000    
    7.5+     9 5  0.2299E-01   0.000    
    7.5+     9 6  0.2301E-01   0.000    
    7.5-     6 1   1.921       0.000    
    7.5-     6 2   1.998       0.000    
    7.5-     8 3  0.9836E-01   0.000    
    7.5-     8 4  0.9867E-01   0.000    
    7.5-     8 5  0.9903E-01   0.000    
    7.5-    10 6  0.5376E-02   0.000    
    8.5+     7 1  0.4814       0.000    
    8.5+     7 2  0.4870       0.000    
    8.5+     9 3  0.2586E-01   0.000    
    8.5+     9 4  0.2589E-01   0.000    
    8.5+     9 5  0.2592E-01   0.000    
    8.5+    11 6  0.1412E-02   0.000    
    8.5-     6 1   2.247       0.000    
    8.5-     8 2  0.1107       0.000    
    8.5-     8 3  0.1110       0.000    
    8.5-     8 4  0.1114       0.000    
    8.5-    10 5  0.6048E-02   0.000    
    8.5-    10 6  0.6050E-02   0.000    
    9.5+     7 1  0.5411       0.000    
    9.5+     9 2  0.2873E-01   0.000    
    9.5+     9 3  0.2876E-01   0.000    
    9.5+     9 4  0.2880E-01   0.000    
    9.5+    11 5  0.1569E-02   0.000    
    9.5+    11 6  0.1569E-02   0.000    
    9.5-     8 1  0.1233       0.000    
    9.5-     8 2  0.1238       0.000    
    9.5-    10 3  0.6720E-02   0.000    
    9.5-    10 4  0.6722E-02   0.000    
    9.5-    10 5  0.6725E-02   0.000    
    9.5-    12 6  0.3654E-03   0.000    
   10.5+     9 1  0.3164E-01   0.000    
   10.5+     9 2  0.3168E-01   0.000    
   10.5+    11 3  0.1726E-02   0.000    
   10.5+    11 4  0.1726E-02   0.000    
   10.5+    11 5  0.1726E-02   0.000    
   10.5+    13 6  0.9338E-04   0.000    
   10.5-     8 1  0.1362       0.000    
   10.5-    10 2  0.7392E-02   0.000    
   10.5-    10 3  0.7394E-02   0.000    
   10.5-    10 4  0.7397E-02   0.000    
   10.5-    12 5  0.4019E-03   0.000    
   10.5-    12 6  0.4019E-03   0.000    
   11.5+     9 1  0.3456E-01   0.000    
   11.5+    11 2  0.1882E-02   0.000    
   11.5+    11 3  0.1883E-02   0.000    
   11.5+    11 4  0.1883E-02   0.000    
   11.5+    13 5  0.1019E-03   0.000    
   11.5+    13 6  0.1019E-03   0.000    
   11.5-    10 1  0.8066E-02   0.000    
   11.5-    10 2  0.8070E-02   0.000    
   11.5-    12 3  0.4384E-03   0.000    
   11.5-    12 4  0.4385E-03   0.000    
   11.5-    12 5  0.4385E-03   0.000    
   11.5-    14 6  0.2361E-04   0.000    
   12.5+    11 1  0.2040E-02   0.000    
   12.5+    11 2  0.2040E-02   0.000    
   12.5+    13 3  0.1104E-03   0.000    
   12.5+    13 4  0.1104E-03   0.000    
   12.5+    13 5  0.1104E-03   0.000    
   12.5+    15 6  0.5919E-05   0.000    
   12.5-    10 1  0.8742E-02   0.000    
   12.5-    12 2  0.4750E-03   0.000    
   12.5-    12 3  0.4750E-03   0.000    
   12.5-    12 4  0.4750E-03   0.000    
   12.5-    14 5  0.2558E-04   0.000    
   12.5-    14 6  0.2558E-04   0.000    
   13.5+    11 1  0.2197E-02   0.000    
   13.5+    13 2  0.1188E-03   0.000    
   13.5+    13 3  0.1188E-03   0.000    
   13.5+    13 4  0.1188E-03   0.000    
   13.5+    15 5  0.6374E-05   0.000    
   13.5+    15 6  0.6374E-05   0.000    
   13.5-    12 1  0.5115E-03   0.000    
   13.5-    12 2  0.5116E-03   0.000    
   13.5-    14 3  0.2755E-04   0.000    
   13.5-    14 4  0.2755E-04   0.000    
   13.5-    14 5  0.2755E-04   0.000    
   13.5-    16 6  0.1472E-05   0.000    
   14.5+    13 1  0.1273E-03   0.000    
   14.5+    13 2  0.1273E-03   0.000    
   14.5+    15 3  0.6829E-05   0.000    
   14.5+    15 4  0.6829E-05   0.000    
   14.5+    15 5  0.6829E-05   0.000    
   14.5+    17 6  0.3636E-06   0.000    
   14.5-    12 1  0.5481E-03   0.000    
   14.5-    14 2  0.2952E-04   0.000    
   14.5-    14 3  0.2952E-04   0.000    
   14.5-    14 4  0.2952E-04   0.000    
   14.5-    16 5  0.1577E-05   0.000    
   14.5-    16 6  0.1577E-05   0.000    
   15.5+    13 1  0.1358E-03   0.000    
   15.5+    15 2  0.7284E-05   0.000    
   15.5+    15 3  0.7284E-05   0.000    
   15.5+    15 4  0.7285E-05   0.000    
   15.5+    17 5  0.3879E-06   0.000    
   15.5+    17 6  0.3879E-06   0.000    
   15.5-    14 1  0.3149E-04   0.000    
   15.5-    14 2  0.3149E-04   0.000    
   15.5-    16 3  0.1682E-05   0.000    
   15.5-    16 4  0.1682E-05   0.000    
   15.5-    16 5  0.1682E-05   0.000    
   15.5-    18 6  0.8930E-07   0.000    
   16.5+    15 1  0.7740E-05   0.000    
   16.5+    15 2  0.7740E-05   0.000    
   16.5+    17 3  0.4121E-06   0.000    
   16.5+    17 4  0.4121E-06   0.000    
   16.5+    17 5  0.4121E-06   0.000    
   16.5+    19 6  0.2181E-07   0.000    
   16.5-    14 1  0.3345E-04   0.000    
   16.5-    16 2  0.1787E-05   0.000    
   16.5-    16 3  0.1787E-05   0.000    
   16.5-    16 4  0.1787E-05   0.000    
   16.5-    18 5  0.9488E-07   0.000    
   16.5-    18 6  0.9488E-07   0.000    
   17.5+    15 1  0.8195E-05   0.000    
   17.5+    17 2  0.4363E-06   0.000    
   17.5+    17 3  0.4364E-06   0.000    
   17.5+    17 4  0.4363E-06   0.000    
   17.5+    19 5  0.2309E-07   0.000    
   17.5+    19 6  0.2309E-07   0.000    
   17.5-    16 1  0.1893E-05   0.000    
   17.5-    16 2  0.1893E-05   0.000    
   17.5-    18 3  0.1005E-06   0.000    
   17.5-    18 4  0.1005E-06   0.000    
   17.5-    18 5  0.1005E-06   0.000    
   17.5-    20 6  0.5304E-08   0.000    
   18.5+    17 1  0.4606E-06   0.000    
   18.5+    17 2  0.4606E-06   0.000    
   18.5+    19 3  0.2438E-07   0.000    
   18.5+    19 4  0.2437E-07   0.000    
   18.5+    19 5  0.2437E-07   0.000    
   18.5+    21 6  0.1284E-08   0.000    
   18.5-    16 1  0.1998E-05   0.000    
   18.5-    18 2  0.1060E-06   0.000    
   18.5-    18 3  0.1060E-06   0.000    
   18.5-    18 4  0.1060E-06   0.000    
   18.5-    20 5  0.5598E-08   0.000    
   18.5-    20 6  0.5597E-08   0.000    
   19.5+    17 1  0.4848E-06   0.000    
   19.5+    19 2  0.2566E-07   0.000    
   19.5+    19 3  0.2566E-07   0.000    
   19.5+    19 4  0.2566E-07   0.000    
   19.5+    21 5  0.1352E-08   0.000    
   19.5+    21 6  0.1349E-08   0.000    
   19.5-    18 1  0.1116E-06   0.000    
   19.5-    18 2  0.1116E-06   0.000    
   19.5-    20 3  0.5893E-08   0.000    
   19.5-    20 4  0.5892E-08   0.000    
   19.5-    20 5  0.5912E-08   0.000    
   19.5-    22 6  0.3120E-09   0.000    
   20.5+    19 1  0.2694E-07   0.000    
   20.5+    19 2  0.2694E-07   0.000    
   20.5+    21 3  0.1419E-08   0.000    
   20.5+    21 4  0.1416E-08   0.000    
   20.5+    21 5  0.1417E-08   0.000    
   20.5+    23 6  0.7863E-10   0.000    
   20.5-    18 1  0.1172E-06   0.000    
   20.5-    20 2  0.6188E-08   0.000    
   20.5-    20 3  0.6187E-08   0.000    
   20.5-    20 4  0.6207E-08   0.000    
   20.5-    22 5  0.3276E-09   0.000    
   20.5-    22 6  0.3352E-09   0.000    
   21.5+    19 1  0.2822E-07   0.000    
   21.5+    21 2  0.1487E-08   0.000    
   21.5+    21 3  0.1483E-08   0.000    
   21.5+    21 4  0.1485E-08   0.000    
   21.5+    23 5  0.8265E-10   0.000    
   21.5+    23 6  0.7181E-10   0.000    
   21.5-    20 1  0.6481E-08   0.000    
   21.5-    20 2  0.6503E-08   0.000    
   21.5-    22 3  0.3432E-09   0.000    
   21.5-    22 4  0.3511E-09   0.000    
   21.5-    22 5  0.3294E-09   0.000    
   21.5-    24 6  0.5071E-11   0.000    
   22.5+    21 1  0.1551E-08   0.000    
   22.5+    21 2  0.1552E-08   0.000    
   22.5+    23 3  0.8631E-10   0.000    
   22.5+    23 4  0.7517E-10   0.000    
   22.5+    23 5  0.6895E-10   0.000    
   22.5+    25 6  0.8173E-11   0.000    
   22.5-    20 1  0.6798E-08   0.000    
   22.5-    22 2  0.3589E-09   0.000    
   22.5-    22 3  0.3670E-09   0.000    
   22.5-    22 4  0.3445E-09   0.000    
   22.5-    24 5  0.5239E-11   0.000    
   22.5-    24 6  0.1673E-10   0.000    
   23.5+    21 1  0.1620E-08   0.000    
   23.5+    23 2  0.8987E-10   0.000    
   23.5+    23 3  0.7847E-10   0.000    
   23.5+    23 4  0.7202E-10   0.000    
   23.5+    25 5  0.8529E-11   0.000    
   23.5+    25 6  0.6652E-11   0.000    
   23.5-    22 1  0.3830E-09   0.000    
   23.5-    22 2  0.3594E-09   0.000    
   23.5-    24 3  0.5368E-11   0.000    
   23.5-    24 4  0.1775E-10   0.000    
   23.5-    24 5  0.2539E-10   0.000    
   23.5-    26 6  0.7245E-12   0.000    
   24.5+    23 1  0.8171E-10   0.000    
   24.5+    23 2  0.7495E-10   0.000    
   24.5+    25 3  0.8987E-11   0.000    
   24.5+    25 4  0.6757E-11   0.000    
   24.5+    25 5  0.1235E-11   0.000    
   24.5+    27 6 -0.1002E-10   0.000    
   24.5-    22 1  0.3744E-09   0.000    
   24.5-    24 2  0.5694E-11   0.000    
   24.5-    24 3  0.1849E-10   0.000    
   24.5-    24 4  0.2665E-10   0.000    
   24.5-    26 5  0.7546E-12   0.000    
   24.5-    26 6 -0.3705E-11   0.000    
   25.5+    23 1  0.7805E-10   0.000    
   25.5+    25 2  0.9347E-11   0.000    
   25.5+    25 3  0.7206E-11   0.000    
   25.5+    25 4  0.1142E-11   0.000    
   25.5+    27 5 -0.1056E-10   0.000    
   25.5+    27 6 -0.1070E-11   0.000    
   25.5-    24 1  0.1909E-10   0.000    
   25.5-    24 2  0.2754E-10   0.000    
   25.5-    26 3  0.7848E-12   0.000    
   25.5-    26 4 -0.3853E-11   0.000    
   25.5-    26 5  0.6100E-11   0.000    
   25.5-    28 6 -0.8562E-12   0.000    
   26.5+    25 1  0.7187E-11   0.000    
   26.5+    25 2  0.1223E-11   0.000    
   26.5+    27 3 -0.1097E-10   0.000    
   26.5+    27 4 -0.1111E-11   0.000    
   26.5+    27 5  0.2630E-11   0.000    
   26.5+    29 6  0.1297E-11   0.000    
   26.5-    24 1  0.2860E-10   0.000    
   26.5-    26 2  0.1037E-11   0.000    
   26.5-    26 3 -0.3779E-11   0.000    
   26.5-    26 4  0.6446E-11   0.000    
   26.5-    28 5 -0.1037E-11   0.000    
   26.5-    28 6  0.6854E-11   0.000    
   27.5+    25 1  0.1383E-11   0.000    
   27.5+    27 2 -0.1122E-10   0.000    
   27.5+    27 3 -0.1153E-11   0.000    
   27.5+    27 4  0.2497E-11   0.000    
   27.5+    29 5  0.1114E-11   0.000    
   27.5+    29 6 -0.6838E-11   0.000    
   27.5-    26 1 -0.3995E-11   0.000    
   27.5-    26 2  0.6685E-11   0.000    
   27.5-    28 3 -0.9220E-12   0.000    
   27.5-    28 4  0.7107E-11   0.000    
   27.5-    28 5 -0.6147E-12   0.000    
   27.5-    30 6  0.2843E-11   0.000    
   28.5+    27 1 -0.1194E-11   0.000    
   28.5+    27 2  0.2467E-11   0.000    
   28.5+    29 3  0.1273E-11   0.000    
   28.5+    29 4 -0.7003E-11   0.000    
   28.5+    29 5  0.5173E-12   0.000    
   28.5+    31 6 -0.1194E-11   0.000    
   28.5-    26 1  0.6764E-11   0.000    
   28.5-    28 2 -0.1114E-11   0.000    
   28.5-    28 3  0.7361E-11   0.000    
   28.5-    28 4 -0.3183E-12   0.000    
   28.5-    30 5  0.2746E-11   0.000    
   28.5-    30 6  0.3143E-11   0.000    
   29.5+    27 1  0.2923E-11   0.000    
   29.5+    29 2  0.1441E-11   0.000    
   29.5+    29 3 -0.7492E-11   0.000    
   29.5+    29 4  0.6586E-12   0.000    
   29.5+    31 5 -0.1400E-11   0.000    
   29.5+    31 6 -0.2470E-11   0.000    
   29.5-    28 1  0.7615E-11   0.000    
   29.5-    28 2 -0.6586E-12   0.000    
   29.5-    30 3  0.2840E-11   0.000    
   29.5-    30 4  0.3458E-11   0.000    
   29.5-    30 5  0.2470E-11   0.000    
   29.5-    32 6  0.4363E-11   0.000    
   30.5+    29 1 -0.7571E-11   0.000    
   30.5+    29 2  0.6805E-12   0.000    
   30.5+    31 3 -0.1446E-11   0.000    
   30.5+    31 4 -0.2552E-11   0.000    
   30.5+    31 5  0.5189E-11   0.000    
   30.5+    33 6  0.1063E-11   0.000    
   30.5-    28 1 -0.5104E-12   0.000    
   30.5-    30 2  0.2935E-11   0.000    
   30.5-    30 3  0.3360E-11   0.000    
   30.5-    30 4  0.2339E-11   0.000    
   30.5-    32 5  0.5062E-11   0.000    
   30.5-    32 6 -0.2297E-11   0.000    
   31.5+    29 1  0.7025E-12   0.000    
   31.5+    31 2 -0.1493E-11   0.000    
   31.5+    31 3 -0.2634E-11   0.000    
   31.5+    31 4  0.5488E-11   0.000    
   31.5+    33 5  0.1054E-11   0.000    
   31.5+    33 6 -0.4918E-11   0.000    
   31.5-    30 1  0.3644E-11   0.000    
   31.5-    30 2  0.2634E-11   0.000    
   31.5-    32 3  0.4654E-11   0.000    
   31.5-    32 4 -0.2371E-11   0.000    
   31.5-    32 5  0.1142E-10   0.000    
   31.5-    34 6 -0.3513E-11   0.000    
   32.5+    31 1 -0.2898E-11   0.000    
   32.5+    31 2  0.5524E-11   0.000    
   32.5+    33 3  0.8150E-12   0.000    
   32.5+    33 4 -0.5071E-11   0.000    
   32.5+    33 5 -0.1204E-10   0.000    
   32.5+    35 6 -0.2988E-11   0.000    
   32.5-    30 1  0.2717E-11   0.000    
   32.5-    32 2  0.5071E-11   0.000    
   32.5-    32 3 -0.2717E-11   0.000    
   32.5-    32 4  0.1150E-10   0.000    
   32.5-    34 5 -0.3713E-11   0.000    
   32.5-    34 6 -0.6882E-11   0.000    
   33.5+    31 1  0.5505E-11   0.000    
   33.5+    33 2  0.1166E-11   0.000    
   33.5+    33 3 -0.5225E-11   0.000    
   33.5+    33 4 -0.1222E-10   0.000    
   33.5+    35 5 -0.3079E-11   0.000    
   33.5+    35 6  0.4618E-11   0.000    
   33.5-    32 1 -0.2519E-11   0.000    
   33.5-    32 2  0.1213E-10   0.000    
   33.5-    34 3 -0.3732E-11   0.000    
   33.5-    34 4 -0.7184E-11   0.000    
   33.5-    34 5  0.9330E-12   0.000    
   33.5-    36 6  0.5038E-11   0.000    
   34.5+    33 1 -0.5667E-11   0.000    
   34.5+    33 2 -0.1258E-10   0.000    
   34.5+    35 3 -0.3554E-11   0.000    
   34.5+    35 4  0.4754E-11   0.000    
   34.5+    35 5  0.1585E-11   0.000    
   34.5+    37 6 -0.2689E-11   0.000    
   34.5-    32 1  0.1220E-10   0.000    
   34.5-    34 2 -0.3842E-11   0.000    
   34.5-    34 3 -0.7395E-11   0.000    
   34.5-    34 4  0.9605E-12   0.000    
   34.5-    36 5  0.4994E-11   0.000    
   34.5-    36 6 -0.5763E-12   0.000    
   35.5+    33 1 -0.1304E-10   0.000    
   35.5+    35 2 -0.2865E-11   0.000    
   35.5+    35 3  0.4495E-11   0.000    
   35.5+    35 4  0.1185E-11   0.000    
   35.5+    37 5 -0.2766E-11   0.000    
   35.5+    37 6  0.1284E-11   0.000    
   35.5-    34 1 -0.7607E-11   0.000    
   35.5-    34 2  0.8891E-12   0.000    
   35.5-    36 3  0.5335E-11   0.000    
   35.5-    36 4 -0.6915E-12   0.000    
   35.5-    36 5 -0.1284E-11   0.000    
   35.5-    38 6  0.4446E-12   0.000    
   36.5+    35 1  0.5026E-11   0.000    
   36.5+    35 2  0.1269E-11   0.000    
   36.5+    37 3 -0.2944E-11   0.000    
   36.5+    37 4  0.8123E-12   0.000    
   36.5+    37 5  0.2589E-11   0.000    
   36.5+    39 6 -0.4061E-11   0.000    
   36.5-    34 1  0.1015E-11   0.000    
   36.5-    36 2  0.5381E-11   0.000    
   36.5-    36 3 -0.7107E-12   0.000    
   36.5-    36 4 -0.1117E-11   0.000    
   36.5-    38 5  0.4061E-12   0.000    
   36.5-    38 6 -0.4975E-11   0.000    
   37.5+    35 1  0.1303E-11   0.000    
   37.5+    37 2 -0.2920E-11   0.000    
   37.5+    37 3  0.1095E-11   0.000    
   37.5+    37 4  0.2451E-11   0.000    
   37.5+    39 5 -0.3963E-11   0.000    
   37.5+    39 6  0.4692E-12   0.000    
   37.5-    36 1 -0.6257E-12   0.000    
   37.5-    36 2 -0.1251E-11   0.000    
   37.5-    38 3  0.3128E-12   0.000    
   37.5-    38 4 -0.5005E-11   0.000    
   37.5-    38 5 -0.2920E-11   0.000    
   37.5-    40 6  0.1825E-11   0.000    
   38.5+    37 1  0.1124E-11   0.000    
   38.5+    37 2  0.2194E-11   0.000    
   38.5+    39 3 -0.4281E-11   0.000    
   38.5+    39 4  0.1017E-11   0.000    
   38.5+    39 5  0.3211E-11   0.000    
   38.5+    41 6 -0.1060E-10   0.000    
   38.5-    36 1 -0.1498E-11   0.000    
   38.5-    38 2  0.3746E-12   0.000    
   38.5-    38 3 -0.5244E-11   0.000    
   38.5-    38 4 -0.2997E-11   0.000    
   38.5-    40 5  0.1873E-11   0.000    
   38.5-    40 6 -0.1391E-11   0.000    
   39.5+    37 1  0.2525E-11   0.000    
   39.5+    39 2 -0.4061E-11   0.000    
   39.5+    39 3  0.1317E-11   0.000    
   39.5+    39 4  0.3019E-11   0.000    
   39.5+    41 5 -0.1054E-10   0.000    
   39.5+    41 6 -0.2525E-11   0.000    
   39.5-    38 1 -0.5379E-11   0.000    
   39.5-    38 2 -0.3073E-11   0.000    
   39.5-    40 3  0.1921E-11   0.000    
   39.5-    40 4 -0.1207E-11   0.000    
   39.5-    40 5  0.1317E-11   0.000    
   39.5-    42 6 -0.5598E-11   0.000    
   40.5+    39 1  0.1744E-11   0.000    
   40.5+    39 2  0.3375E-11   0.000    
   40.5+    41 3 -0.1080E-10   0.000    
   40.5+    41 4 -0.2588E-11   0.000    
   40.5+    41 5 -0.7201E-11   0.000    
   40.5+    43 6 -0.2813E-11   0.000    
   40.5-    38 1 -0.3150E-11   0.000    
   40.5-    40 2  0.2081E-11   0.000    
   40.5-    40 3 -0.1238E-11   0.000    
   40.5-    40 4  0.1350E-11   0.000    
   40.5-    42 5 -0.5738E-11   0.000    
   40.5-    42 6  0.1350E-11   0.000    
   41.5+    39 1  0.3803E-11   0.000    
   41.5+    41 2 -0.1141E-10   0.000    
   41.5+    41 3 -0.2305E-11   0.000    
   41.5+    41 4 -0.6685E-11   0.000    
   41.5+    43 5 -0.3342E-11   0.000    
   41.5+    43 6  0.1210E-11   0.000    
   41.5-    40 1 -0.1498E-11   0.000    
   41.5-    40 2  0.1383E-11   0.000    
   41.5-    42 3 -0.5878E-11   0.000    
   41.5-    42 4  0.1383E-11   0.000    
   41.5-    42 5  0.5475E-11   0.000    
   41.5-    44 6  0.7780E-11   0.000    
   42.5+    41 1 -0.2360E-11   0.000    
   42.5+    41 2 -0.7906E-11   0.000    
   42.5+    43 3 -0.3422E-11   0.000    
   42.5+    43 4  0.8260E-12   0.000    
   42.5+    43 5 -0.8024E-11   0.000    
   42.5+    45 6  0.1416E-11   0.000    
   42.5-    40 1  0.1298E-11   0.000    
   42.5-    42 2 -0.6018E-11   0.000    
   42.5-    42 3  0.1534E-11   0.000    
   42.5-    42 4  0.5487E-11   0.000    
   42.5-    44 5  0.8024E-11   0.000    
   42.5-    44 6  0.2891E-11   0.000    
   43.5+    41 1 -0.7728E-11   0.000    
   43.5+    43 2 -0.3502E-11   0.000    
   43.5+    43 3  0.1328E-11   0.000    
   43.5+    43 4 -0.7365E-11   0.000    
   43.5+    45 5  0.1811E-11   0.000    
   43.5+    45 6 -0.1570E-11   0.000    
   43.5-    42 1  0.1570E-11   0.000    
   43.5-    42 2  0.5615E-11   0.000    
   43.5-    44 3  0.7728E-11   0.000    
   43.5-    44 4  0.2596E-11   0.000    
   43.5-    44 5 -0.4347E-11   0.000    
   43.5-    46 6 -0.6520E-11   0.000    
   44.5+    43 1  0.1358E-11   0.000    
   44.5+    43 2 -0.7162E-11   0.000    
   44.5+    45 3  0.1605E-11   0.000    
   44.5+    45 4 -0.1852E-11   0.000    
   44.5+    45 5  0.4692E-11   0.000    
   44.5+    47 6  0.3025E-11   0.000    
   44.5-    42 1  0.5742E-11   0.000    
   44.5-    44 2  0.8397E-11   0.000    
   44.5-    44 3  0.3087E-11   0.000    
   44.5-    44 4 -0.4816E-11   0.000    
   44.5-    46 5 -0.7039E-11   0.000    
   44.5-    46 6   0.000       0.000    
   45.5+    43 1 -0.8205E-11   0.000    
   45.5+    45 2  0.1262E-11   0.000    
   45.5+    45 3 -0.1641E-11   0.000    
   45.5+    45 4  0.4923E-11   0.000    
   45.5+    47 5  0.2966E-11   0.000    
   45.5+    47 6  0.3219E-11   0.000    
   45.5-    44 1  0.3156E-11   0.000    
   45.5-    44 2 -0.4923E-11   0.000    
   45.5-    46 3 -0.7574E-11   0.000    
   45.5-    46 4  0.7574E-12   0.000    
   45.5-    46 5 -0.1515E-11   0.000    
   45.5-    48 6  0.8836E-12   0.000    
   46.5+    45 1 -0.2064E-11   0.000    
   46.5+    45 2  0.4901E-11   0.000    
   46.5+    47 3  0.3289E-11   0.000    
   46.5+    47 4  0.3160E-11   0.000    
   46.5+    47 5  0.1935E-12   0.000    
   46.5+    49 6  0.5481E-11   0.000    
   46.5-    44 1 -0.5030E-11   0.000    
   46.5-    46 2 -0.6578E-11   0.000    
   46.5-    46 3  0.4514E-12   0.000    
   46.5-    46 4 -0.1548E-11   0.000    
   46.5-    48 5  0.5159E-12   0.000    
   46.5-    48 6 -0.5159E-12   0.000    
   47.5+    45 1  0.5005E-11   0.000    
   47.5+    47 2  0.3425E-11   0.000    
   47.5+    47 3  0.3491E-11   0.000    
   47.5+    47 4  0.5927E-12   0.000    
   47.5+    49 5  0.5598E-11   0.000    
   47.5+    49 6 -0.3161E-11   0.000    
   47.5-    46 1  0.6586E-13   0.000    
   47.5-    46 2 -0.2371E-11   0.000    
   47.5-    48 3  0.2634E-12   0.000    
   47.5-    48 4 -0.6586E-12   0.000    
   47.5-    48 5  0.8562E-12   0.000    
   47.5-    50 6  0.2898E-11   0.000    
   48.5+    47 1  0.3496E-11   0.000    
   48.5+    47 2  0.3362E-12   0.000    
   48.5+    49 3  0.5715E-11   0.000    
   48.5+    49 4 -0.3227E-11   0.000    
   48.5+    49 5 -0.5647E-11   0.000    
   48.5+    51 6 -0.5110E-11   0.000    
   48.5-    46 1 -0.1614E-11   0.000    
   48.5-    48 2  0.8740E-12   0.000    
   48.5-    48 3 -0.5379E-12   0.000    
   48.5-    48 4  0.8068E-12   0.000    
   48.5-    50 5  0.1681E-11   0.000    
   48.5-    50 6 -0.4168E-11   0.000    
   49.5+    47 1  0.3430E-12   0.000    
   49.5+    49 2  0.5831E-11   0.000    
   49.5+    49 3 -0.2470E-11   0.000    
   49.5+    49 4 -0.4939E-11   0.000    
   49.5+    51 5 -0.5351E-11   0.000    
   49.5+    51 6  0.6655E-11   0.000    
   49.5-    48 1 -0.9605E-12   0.000    
   49.5-    48 2  0.1509E-11   0.000    
   49.5-    50 3  0.2401E-11   0.000    
   49.5-    50 4 -0.4116E-11   0.000    
   49.5-    50 5  0.6174E-12   0.000    
   49.5-    52 6 -0.6037E-11   0.000    
   50.5+    49 1 -0.2519E-11   0.000    
   50.5+    49 2 -0.5878E-11   0.000    
   50.5+    51 3 -0.5458E-11   0.000    
   50.5+    51 4  0.6648E-11   0.000    
   50.5+    51 5  0.2799E-12   0.000    
   50.5+    53 6 -0.1260E-11   0.000    
   50.5-    48 1  0.1190E-11   0.000    
   50.5-    50 2  0.3009E-11   0.000    
   50.5-    50 3 -0.3639E-11   0.000    
   50.5-    50 4  0.5598E-12   0.000    
   50.5-    52 5 -0.4898E-11   0.000    
   50.5-    52 6 -0.4898E-11   0.000    
