39 463
23 149
23 220
39 1305
29 418
39 1653
23 617
29 679
41 62
23 829
39 2397
48 275
29 1399
48 309
29 1453
19 102
39 3131
45 728
29 1665
48 675
29 1773
41 132
45 1052
41 191
39 3726
45 1172
54 142
45 1235
19 694
26 435
41 538
29 2347
26 474
19 942
43 906
26 600
45 1635
29 2590
54 718
29 2713
29 2718
43 1215
19 1432
54 989
39 4701
45 2048
45 2055
26 1164
45 2145
41 1368
55 1569
53 1410
29 3346
39 5048
45 2383
19 2069
48 2305
26 1524
43 1962
43 2117
19 2347
48 2486
53 1903
29 3822
41 2111
48 2635
26 1923
54 2145
39k 5793

53 2273
43 2597
41 2529
19 3121
48 3310
39 6450
39 6602
23 6438
41 3110
19 3764
26 3078
43 3566
45 3981
53 3169
23 6766
39 7104
41 3578
48 4312
54 3736
45 4324
41 3729
39 7455
53 3754
45 4568
43 4398
19 4697
41 4112
43 4542
53 4015
53 4044
45 4781
45 4860
23 7674
26 4283
26 4326
54 4802
39 8311
55 5078
26 4822
41 5021
26 4959
43 5390
19 5880
26 5191
43 5596
48 6495
54 5715
53 5297
39 9099
19 6404
26 5588
45 6189
23 9045
43 6219
29 8181
55 6386
43 6495
23 9523
41 6513
53 6228
23 9678
53 6253
41 6936
29 8678
55 6976
43 6958
41 7073
26 6778
19 7794
55 7292
54 7571
45 7441
45 7492
26 7145
39 10124
41 7660
43 7463
55 7552
48 8630
45 7812
41 8082
26 7946
45 8193
43 8205
41 8883
23 11819
53 8284
54 9308
41 9330
39 11678
29 10190
55 9129
23 12481
41 9827
26 9475
26 9490
39 12209
55 9690
48 10148
43 9533
55 9882
53 9635
54 10000
29 11185
29 11320
29 11348
45 9605
29 11355
39 12707
43 9621
19 10975
48 11481
45 10308
19 11317
45 10659
55 10517
43 10286
41 11137
55 10625
39 13262
53 10684
55 10993
55 11196
54 12030
45 11124
54 12312
55 11450
55 11482
19 12602
48 12565
45 11714
29 12624
53 11587
53 11617
53 11780
55 12466
26 12123
29 13211
48 13028
23 16110
39 14840
48 13246
26 12485
19 13076
53 12407
53 12576
39 15308
23 16294
39 15432
19 13409
41 13148
41 13238
23 16979
19 13897
41 13453
54 14108
29 13992
45 12793
55 13119
19 14339
55 13205
41 14130
55 13482
48 14570
39 16272
48 14743
29 14967
55 13773
39 16489
26 13290
45 13706
55 14035
39 16713
43 13574
54 14749
48 15291
29 15326
48 15364
53 14219
19 15280
26 14180
54 15583
54 15661
23 18230
54 15920
19 15885
19 15930
19 16003
55 14898
54 15945
41 15793
23 18995
29 16625
55 15293
48 16336
54 16062
41 15874
45 15056
48 16395
39 18149
48 16528
54 16295
55 15576
39 18512
54 16765
39 18696
23 19523
48 17211
45 15806
48 17254
29 17556
39 19091
26 16071
45 15954
45 15971
23 20791
55 16520
54 17439
48 17699
26 16259
43 16094
29 18255
19 17882
53 16352
53 16368
43 16431
43 16495
54 18003
26 17199
53 17172
48 18743
41 17961
41 17969
19 18888
54 18648
39 20096
43 17345
23 22064
41 18397
48 19291
48 19305
39 20935
19 19389
43 17757
26 18342
29 19459
41 19491
45 18405
19 19993
55 18916
39 21430
39 21576
39 21785
48 20261
26 19563
23 23294
39 22388
48 20545
23 23433
29 20669
19 20473
29 20765
41 20283
29 21758
39 23455
43 19396
48 21618
23 24673
48 21772
43 19970
23 24758
39 24112
43 20056
41 21211
23 24982
53 20229
43 20412
23 25174
29 22426
41 21431
43 20601
45 20025
41 21469
26 21049
53 20624
19 22560
29 22678
43 20657
29 22943
53 21003
55 21773
26 21805
29 23548
48 23093
29 23632
29 23743
23 26445
53 21489
23 26542
19 23669
26 22448
23 26762
53 21820
26 22711
19 24077
45 21437
41 23531
53 22246
23 27030
39 26076
48 24146
55 23061
29 24539
54 24408
23 27853
29 24625
26 23225
48 24569
45 22267
54 24744
54 24928
43 23022
23 28118
54 25050
43 23136
55 23678
41 24839
23 28361
29 25673
29 25697
29 25839
26 24434
43 23652
39 27720
55 24479
39 27781
43 24032
39 28197
26 25100
55 24820
55 24931
39 28406
53 24580
19 26410
54 26503
43 24686
23 29533
39 28727
39 28859
26 25630
41 26321
26 25632
39 29424
45 24763
53 25510
19 27715
23 30330
55 25914
19 27807
43 25285
48 27425
19 28160
29 28305
53 26346
45 25222
48 27963
26 27091
54 28446
39 30185
23 31433
48 28231
43 26056
41 27940
43 26278
55 27079
41 28313
39 30711
41 28370
23 31588
26 27656
29 28998
48 28445
55 27436
19 29535
26 28241
23 32383
55 27686
48 28869
41 28901
48 29044
43 26839
55 27959
48 29160
55 28083
29 29599
29 29651
55 28271
55 28318
29 29798
55 28545
43 27489
53 28365
45 27675
55 28771
45 27887
45 27895
45 27987
53 28636
53 28661
54 29800
26 29819
48 29724
41 29809
53 28740
53 28822
29 30914
39 33220
29 31158
19 31132
39 33414
43 28666
53 29238
48 30160
48 30275
48 30339
53 29533
29 31559
26 30175
53 29865
45 28783
54 31323
29 32274
26 30626
55 30476
55 30563
39 34392
48 30958
48 30968
55 30827
19 33069
45 29517
19 33184
54 32386
54 32559
26 31907
54 32646
53 31174
19 33664
26 32229
41 32466
41 32576
41 32593
29 33837
55 32119
39 35534
29 34203
45 30355
41 33223
55 32484
54 33468
43 31066
45 30903
45 30947
45 30966
19 34799
45 31197
45 31371
26 33101
39 36819
39 36824
45 31550
55 33068
48 33526
53 32689
55 33509
39 37130
19 35925
55 33925
48 33867
48 34078
54 34958
48 34224
45 31975
43 32472
41 35147
48 34635
26 34463
43 33068
55 34279
48 34893
45 32594
19 36578
26 34825
43 33202
23 38983
23 39178
41 35826
41 35931
23 39278
19 37252
41 36113
23 39496
55 35332
39 38743
54 35971
39 38845
26 35606
26 35619
29 36707
41 36332
53 34656
39 39006
23 39844
43 33756
45 33477
23 39898
53 34964
19 37862
45 33628
54 36953
48 36389
41 37031
19 38260
54 37140
43 34615
45 34671
23 40596
26 36770
39 39963
26 37282
48 37160
45 34919
53 36290
39 40484
53 36497
23 41579
53 36590
53 36610
53 36641
26 37536
39 40981
23 41809
43 35855
23 41823
53 37260
41 38529
55 37609
53 37395
29 39028
54 38657
29 39115
29 39122
23 42151
48 38169
23 42695
19 40363
54 39131
29 39721
19 40459
45 36365
26 38621
26 38641
43 36887
48 38739
41 39467
29 40067
45 37111
26 39331
29 40791
26 39414
40 671
40 692
19 41487
41 40453
29 41165
43 37425
41 40616
19 41744
41 40804
45 37319
40 1422
19 41944
29 41611
54 40680
48 39747
54 40832
19 42071
45 38305
26 40094
40 2427
29 41980
29 42076
23 44718
55 39944
40 2590
41 41787
19 42971
41 41955
19 43087
41 42127
41 42185
55 40474
48 40773
53 40240
55 40748
43 38968
45 38671
23 45647
45 38785
54 42054
48 41042
43 39371
43 39510
48 41566
54 42672
48 41645
45 39137
29 43677
26 41739
29 43742
23 46458
53 41307
23 46604
19 44551
29 43990
19 44883
48 42226
23 47133
26 42456
54 43084
23 47213
29 44252
45 40010
26 42665
54 43448
41 44224
29 44807
53 42331
43 40809
45 40599
53 42400
41 44573
48 43117
41 44625
19 45543
43 41170
55 43136
45 40784
19 45901
41 44886
29 45346
45 41225
19 46263
41 45133
40 7000
43 41626
48 43872
40 7244
54 44828
54 45094
19 46943
54 45604
41 45940
26 44537
29 46468
29 46614
41 46067
48 44651
55 44417
54 45898
19 47493
40 8795
23 49563
26 44990
40 8926
45 42494
23 49808
53 44612
45 42760
29 47271
55 45112
23 50149
40 9445
26 45711
43 43233
55 45398
29 47625
43 43411
19 48730
55 45561
48 45980
53 45563
55 45761
45 43560
53 45728
41 47607
41 47667
41 47804
45 44049
54 47707
55 46414
40 10032
26 46704
53 46433
40 10571
41 48495
45 44430
45 44574
45 44599
26 47541
19 50422
41 49075
43 45653
45 45295
53 47369
54 49233
45 45632
26 48441
43 45821
54 49541
48 48082
41 49455
19 50834
26 48647
26 48706
29 49982
29 50042
26 48871
48 48762
43 46939
55 48645
55 48688
43 47072
54 50048
53 48450
55 48875
26 49835
48 48958
19 51739
41 50597
23 54005
54 50234
48 49664
29 51418
54 50346
54 50474
40 13530
23 54373
45 47673
23 54423
23 54454
40 13685
45 47903
41 51526
23 54654
54 51212
43 47960
29 52398
53 50216
23 55518
45 48384
41 52311
45 48520
40 14898
19 53815
45 48542
45 48938
23 56138
53 50679
40 15675
48 51482
48 51578
55 51280
55 51498
53 51385
29 53839
19 54929
43 49664
55 51927
40 15991
23 56717
23 56837
54 53971
45 49680
45 49739
43 49858
45 49800
29 54876
29 55013
53 52479
45 50263
41 54758
55 52955
45 50338
26 53454
55 53089
26 53641
45 50650
55 53235
40 17545
48 53240
54 54799
26 53996
55 53498
54 55045
23 58638
19 57079
54 55135
54 55188
54 55260
23 58869
23 58901
45 50973
48 53517
45 51059
26 54326
29 56040
40 18261
19 57983
53 53713
48 54241
53 53827
55 54112
29 56525
48 54370
29 56544
40 18854
54 55974
29 56899
19 58233
19 58266
19 58307
23 59451
48 54831
40 19118
40 19166
55 55096
40 19316
54 56474
40 19346
19 58672
55 55204
43 52513
19 59007
41 56939
41 57154
40 19486
48 55287
45 52597
23 60137
53 55020
23 60264
19 59646
55 55783
48 55673
45 52863
43 53269
53 55565
29 57474
55 56045
54 57218
54 57236
55 56073
43 53627
41 57911
41 57934
55 56201
23 61009
23 61039
55 56423
55 56452
53 55916
48 56339
45 53541
55 56696
23 61443
41 58575
45 53755
43 54232
54 58296
41 58745
29 58547
40 20731
26 57623
55 57047
23 61864
43 54819
55 57549
41 59110
23 62239
43 55105
23 62419
43 55223
41 59352
43 55371
29 59717
29 59721
41 59678
43 55497
29 59797
45 55151
53 57811
41 60028
55 58684
45 55422
55 58825
53 58301
29 60324
53 58544
43 56496
23 63611
23 63700
45 56170
45 56321
45 56329
23 63828
45 56444
48 58585
40 22849
40 22904
23 64374
54 60879
23 64445
54 60994
40 23250
53 59145
40 23482
26 61172
40 23753
45 56922
29 61074
26 61301
40 23840
41 61831
41 61882
43 57398
40 23954
53 59666
45 57315
45 57385
29 61499
55 60033
40 24123
29 61800
19 64341
41 62669
19 64724
45 57574
48 60387
45 57746
29 62677
43 58233
48 61041
55 61071
43 58537
43 58591
40 25407
40 25494
23 66837
55 62063
40 25558
26 63900
40 25759
55 62320
55 62355
53 61779
29 63683
53 61874
55 62498
29 63807
19 66613
53 62332
55 62767
42 211
55 63029
19 66991
23 68149
26 65059
42 917
45 60041
45 60109
42 1110
40 27094
53 63128
42 2012
43 61188
55 63895
29 65435
43 61354
43 61425
42 2350
43 61586
29 65847
43 61663
45 61534
19 68723
55 64414
40 28272
48 64019
55 64563
40 28379
45 61778
53 64246
53 64247
55 64884
53 64397
29 66165
55 64951
29 66248
54 66384
42 3391
54 66601
23 70638
48 65022
40 29277
53 65019
55 65735
48 65325
45 62577
53 65173
53 65232
19 70458
43 63152
42 4909
55 65997
19 70588
45 63072
55 66278
45 63203
53 65913
48 65859
40 30124
43 63810
29 67943
48 65958
45 63576
42 6228
42 6343
19 71018
54 68570
55 66866
55 66871
42 6572
19 71400
19 71536
29 68625
29 68632
54 69141
29 68722
19 71903
40 31069
40 31514
45 64688
55 68128
45 64710
48 67542
42 7791
53 67621
53 67742
43 65512
40 31977
24 2352
42 8449
45 65206
40 32196
40 32199
29 69826
55 68636
48 68191
19 73443
43 65948
24 2800
55 69019
42 9419
54 70446
24 3160
53 68829
43 66644
45 66152
29 70895
26 72894
55 69285
55 69429
53 69730
24 4509
24 4587
48 69398
29 71664
29 71778
40 34049
45 67362
19 75541
45 67491
24 5401
19 75761
48 69808
24 5727
44 79
40 35019
29 72579
42 11613
48 70565
44 879
48 70811
42 12161
42 12208
53 71332
29 73101
26 75135
42 12387
24 7390
54 73652
40 36040
55 71917
55 71947
48 71353
42 12549
19 77310
55 72178
54 74265
44 2494
48 72036
19 77681
24 8363
40 36788
48 72319
24 8457
24 8534
46 683
54 74922
42 13299
29 74287
46 809
55 72977
24 8929
44 3356
42 14014
42 14061
53 73130
53 73160
48 72948
48 73086
54 75470
54 75477
46 1894
29 75290
19 78882
53 73526
29 75579
54 75871
55 74159
42 14818
19 79774
55 74295
24 10368
46 2733
29 76125
44 5406
53 74353
44 5599
42 15364
53 74486
24 10828
24 10845
40 38837
55 75031
19 80235
46 3318
54 76944
53 74615
27 1264
44 6096
46 3505
27 1581
55 75262
40 39203
24 11791
44 7112
42 16337
54 77639
54 77698
44 7221
46 4541
48 75075
29 77345
40 39477
19 81283
53 75775
55 76083
40 39985
48 76104
19 82076
24 12793
46 5992
44 8990
53 76515
53 76545
24 13063
42 17814
42 17884
24 13164
29 78726
42 18139
19 82751
48 76920
19 83084
40 41608
48 77337
48 77349
53 77463
40 41842
42 18803
48 77608
48 77645
46 7377
46 7489
48 77903
19 83939
55 78396
44 10277
54 80533
53 78712
29 80271
44 10841
19 84524
44 10951
24 15008
19 84623
24 15095
46 8755
54 80979
46 8984
44 11297
44 11326
55 79118
24 15529
48 78561
44 11515
53 79290
53 79341
19 85449
53 79745
42 20711
55 79666
44 11909
48 79370
54 82112
55 79809
42 20975
55 79843
55 80332
19 86315
44 12632
48 79699
44 12755
46 9994
29 82228
40 45022
53 80134
54 82713
53 80578
46 10587
48 80307
44 13098
29 82753
48 80686
48 80853
46 11058
46 11067
44 13731
44 13998
42 22727
44 14122
55 82140
55 82419
24 18532
42 23081
29 83724
29 83747
54 84447
46 12151
46 12181
48 81750
54 84533
54 84541
29 84080
19 88704
54 84729
53 82456
27 13583
44 14734
24 19424
44 15048
44 15351
42 24021
53 82859
48 82773
44 15917
42 24531
55 83551
42 24564
24 19987
48 83057
48 83067
29 85297
55 83950
19 89488
19 89897
46 1334119
 89938
53 83549
54 86054
46 13649
29 85701
54 86494
44 16605
42 25203
48 83935
44 16736
42 25305
29 85904
42 25333
24 21155
19 90778
48 84138
54 87043
24 21361
53 84711
46 14400
42 26040
46 14644
55 85691
29 86306
46 14879
53 85417
44 18014
24 21954
42 26629
40 49490
40 49560
53 85593
24 22109
19 91408
29 86607
53 85798
55 86214
29 86795
44 18152
53 86017
46 15473
44 18420
24 22738
19 92338
48 85930
42 27199
54 88482
53 86253
54 88640
54 88715
44 19106
44 19139
44 19233
29 87562
29 87569
44 19275
24 23274
48 86829
40 50507
54 89259
44 19597
19 92985
44 19781
46 16682
29 88404
29 88622
27 19615
44 20274
55 88186
53 87647
48 87593
54 89642
53 87973
53 88068
24 24905
29 88975
54 90264
40 51991
19 94651
40 52367
54 90684
46 17900
40 52489
29 89871
48 88276
53 88469
24 25468
46 18411
40 53146
48 88997
48 89014
55 89044
53 88978
46 18637
55 89433
19 95741
48 89108
54 91607
54 91854
55 90210
40 53983
40 54062
24 26943
19 96554
42 30974
29 91579
44 22518
19 96829
46 19408
42 31123
19 96983
40 54832
48 90582
24 27179
27 22881
24 27270
54 92792
55 91095
40 55185
55 91217
46 20139
19 97755
40 55283
29 92328
40 55401
44 23428
44 23448
29 92605
54 93620
29 92728
44 23645
55 91962
44 23727
42 32437
19 98305
40 55879
42 32541
40 56073
40 56121
55 92183
55 92206
40 56212
55 92287
42 32949
53 91409
46 21220
42 33354
19 99015
42 33416
40 56483
54 94679
40 56566
55 93004
49 444
24 29204
24 29354
19 99705
44 24969
40 57060
19 99886
46 22406
46 22430
42 34084
27 26130
54 95636
54 95775
19 100648
49 2240
29 95307
54 96088
40 58340
40 58412
46 23521
44 26217
46 23777
53 93648
53 93780
55 95149
42 35682
44 26288
53 93985
44 26336
42 35898
29 95746
44 26813
24 31498
19 101992
29 95908
54 97243
53 94547
42 36387
54 97472
54 97478
40 59185
46 24644
49 4870
24 32008
49 5114
46 25072
55 96265
44 27763
46 25087
40 59966
42 37019
53 95215
49 5733
49 6072
46 25152
55 96916
29 97352
54 98598
29 97466
54 98651
49 6534
53 96224
40 60605
49 6841
27 30276
53 96628
42 37678
55 97610
44 29053
49 7208
42 37921
42 38009
40 61377
49 7586
29 98120
42 38240
55 98200
46 26429
49 7939
42 38468
29 98429
46 26464
53 97227
55 98521
53 97462
55 98587
24 34301
44 29646
29 98628
29 98657
46 26809
49 8579
19 105221
40 62348
29 99067
44 30241
53 98428
42 39054
55 98865
46 27794
24 35669
54 100551
42 39484
55 99150
42 39731
53 99156
55 99463
53 99344
53 99389
42 40153
42 40198
42 40201
46 28604
49 9821
54 101194
54 101205
40 63390
54 101521
24 36388
24 36462
19 107330
49 10613
49 10804
49 11049
42 41129
40 64559
42 41340
53 100122
24 37490
42 41517
42 41582
42 41615
44 32140
54 102418
29 102160
46 29418
44 32398
40 64912
44 32441
29 102233
49 11741
24 37862
44 32624
29 102587
27 35258
46 29933
54 103267
54 103268
44 32964
49 12254
55 101563
42 42547
29 102671
46 30286
53 100843
55 101941
55 102097
53 101477
24 38656
55 102193
42 43201
42 43304
44 33535
42 43342
44 33574
46 30719
44 33786
55 102694
53 101959
55 102826
44 33973
54 104362
55 102891
24 39404
46 31226
24 39562
24 39589
53 102310
44 34345
29 104168
55 103099
54 104736
40 67043
24 39683
44 34569
46 31742
24 39933
53 102578
29 104311
55 103391
29 104501
53 103057
29 104925
54 105477
29 105035
29 105042
44 34988
44 35109
40 67928
55 104230
46 32292
40 68199
42 44943
40 68238
44 35533
54 105789
42 45279
49 14513
54 105937
44 35806
49 14640
44 35873
29 105212
29 105246
53 104177
53 104286
49 14905
54 106306
54 106399
49 15142
53 104554
40 68826
55 105108
40 68923
54 106925
20 2824
55 105722
20 2929
46 33734
55 106057
44 37169
40 69987
55 106295
44 37357
42 46932
24 43076
29 107298
44 37728
42 47467
49 16833
40 70449
55 106503
20 4645
44 38136
27 41711
55 107416
44 38371
54 108963
29 108152
29 108191
29 108272
24 44130
54 109195
24 44284
42 48678
53 107569
29 108781
40 71817
40 71826
29 108939
49 18674
44 39322
54 109507
20 7043
40 72459
46 36500
46 36503
24 45101
55 108788
29 109602
55 108930
55 108935
42 48997
42 49043
29 109760
55 109115
53 108641
53 108923
54 110670
54 110701
40 73095
55 109855
40 73309
29 110093
55 110163
40 73909
49 20400
29 111132
44 40745
46 37978
46 38011
29 111299
46 38164
29 111455
27 45480
24 47484
46 38491
46 38581
54 112286
44 41104
20 10036
20 10102
44 41506
44 41593
44 41643
53 110735
49 21644
40 75169
20 10908
40 75327
40 75553
20 11187
46 38897
44 42148
54 113295
20 11651
4940  2687 76104

55 113076
53 112186
42 52951
29 113525
44 43256
46 40132
44 43329
49 23442
46 40235
54 114401
49 23497
44 43435
42 53216
49 23726
29 113973
29 114082
20 12871
54 115031
46 40920
53 113237
40 77888
42 53936
46 41117
20 13315
44 44232
49 24605
49 24970
42 54610
54 115714
53 114239
42 54847
46 41833
54 116253
54 116316
49 25006
29 115110
44 45449
44 45553
53 114603
29 115471
53 114617
29 115497
53 114659
44 45748
40 78905
53 114793
42 55405
44 45876
20 14844
27 51177
20 15148
54 116791
56 2006
42 55952
42 56083
40 79766
40 79794
20 15702
54 117924
44 46908
29 117079
44 47064
44 47145
40 80863
44 47394
29 117604
54 118430
54 118591
20 16829
56 4136
42 57796
49 27812
40 81610
49 28184
20 17472
42 58522
56 5048
29 118749
29 119001
46 45217
40 82242
44 48264
20 17849
40 82537
46 45789
47 118
29 119537
47 701
42 58989
42 59108
56 6563
29 119867
40 83486
40 83492
40 83560
54 120257
29 120253
46 46685
49 29653
49 29673
49 29754
46 47069
50 2009
54 120800
40 84228
47 2264
40 84248
47 2287
42 60379
20 19875
29 120997
54 121068
54 121086
44 50422
47 2472
50 2480
29 121268
50 2599
44 50637
50 2617
56 8172
40 84526
47 2952
49 30903
42 60938
50 3138
40 84931
29 121742
29 121747
42 61344
47 3493
56 8835
50 3546
44 50927
42 61988
47 4544
44 51743
42 62545
42 62548
44 52010
47 4998
40 85974
49 32184
46 48923
49 32377
40 86325
50 5240
20 21951
49 32574
49 32633
47 5872
56 10533
46 49787
49 33042
42 63129
40 87531
54 124020
49 33423
47 6557
42 63446
56 11204
46 50066
50 6815
29 124130
54 124685
56 11454
47 7153
42 64152
44 53581
54 124944
50 7328
40 88024
47 7690
20 23960
20 24270
29 124372
54 125336
47 8355
50 8460
49 34830
49 34988
47 8576
20 24688
50 8625
44 54404
47 8744
44 54564
44 54583
54 125832
49 35311
40 88929
44 54869
54 126010
29 125480
29 125482
50 9561
42 65880
54 126609
56 13396
56 13468
40 89350
49 36215
46 52268
40 89683
56 13879
49 36522
54 126884
56 14089
47 9925
42 66847
40 90105
40 90136
40 90327
44 56208
29 126878
47 10213
50 10144
47 10272
20 26787
47 10341
46 53284
47 10375
49 37250
56 14573
40 90727
50 10504
44 56629
47 10671
20 26988
47 11031
47 11115
47 11155
42 68028
54 128820
50 11443
56 15858
56 15939
50 11687
49 38187
20 28180
40 91610
44 57594
44 57708
46 54601
40 92217
50 12587
20 28769
56 16740
44 58179
42 69013
29 129209
42 69172
56 17214
56 17261
29 129878
44 58942
29 130013
44 59156
46 55865
56 17912
42 69865
44 59376
46 56172
49 39533
20 30258
50 14069
44 59711
42 70613
46 56924
56 18661
46 57058
20 30566
56 18818
44 60617
47 14269
47 14505
56 19159
46 57371
50 15213
42 71455
40 94927
46 57696
46 57849
46 57887
20 31933
42 71858
46 57970
46 58049
46 58067
42 72375
21 3377
49 41640
44 61188
29 132668
29 132906
50 16127
44 61824
50 16359
50 16368
20 32832
47 16089
47 16181
44 62160
49 42391
56 20253
49 42494
42 73012
29 133383
21 4860
46 58697
21 5017
40 96373
21 5165
56 20787
40 96549
42 73516
42 73577
56 21086
42 73899
21 5586
46 59127
56 21181
47 17547
42 74379
49 43682
29 134145
49 43814
50 18516
46 60182
21 7080
46 60319
46 60357
21 7148
21 7154
29 134577
44 64101
46 60691
44 64190
29 134745
49 44824
49 44976
56 22957
44 64425
47 19148
20 35909
44 64638
56 23271
56 23295
20 36051
29 135480
46 61482
56 23384
56 23412
21 8914
56 23513
49 45626
42 76110
20 36295
42 76346
42 76358
42 76433
44 65204
42 76552
27 74920
42 76776
40 99795
29 136020
49 46237
21 9788
49 46245
20 37208
56 24528
44 65946
42 77128
44 66030
46 62733
40 100124
20 37583
47 20588
47 20659
44 66561
29 137177
49 47071
49 47327
50 21948
27 76250
20 38048
46 63883
21 10934
46 63931
47 21314
42 78215
44 67220
56 25739
21 11406
47 21840
42 78746
44 68073
49 48684
44 68165
42 79025
49 48804
46 65057
47 22639
42 79431
40 102507
44 68564
20 39912
42 79643
40 103128
47 23115
50 24408
50 24485
29 139692
47 23414
56 27418
21 12786
21 12852
40 103769
20 40413
21 13041
20 40533
50 24937
47 23973
21 13701
46 66612
40 104434
46 66867
49 50501
50 25458
42 81503
20 41699
29 141280
29 141467
56 29231
49 51008
49 51039
56 29449
46 67825
49 51226
20 42672
20 42730
49 51439
40 105597
21 15209
50 26869
21 15595
56 29593
21 15655
56 29628
47 25932
21 15911
56 29854
21 15922
20 43369
47 26222
47 26325
20 43580
46 68311
40 106918
56 30524
46 68624
42 83891
49 52846
21 16865
46 69115
21 17020
40 107262
47 26805
47 26857
47 27035
50 28462
42 84245
56 31028
42 84256
42 84507
46 69694
47 27705
46 69771
29 144321
22 6272
40 107864
56 32021
40 107912
47 28190
50 29290
22 6506
42 85304
49 54192
47 28231
29 144467
40 108213
47 28330
46 70396
20 46202
29 144703
49 54645
47 28679
56 32561
29 144876
42 85531
29 145085
49 55110
46 71091
29 145291
56 32912
20 47212
50 29747
42 86594
56 33637
22 8728
27 85902
50 30478
21 20057
22 9074
46 72128
49 56018
20 48237
22 9522
56 34080
22 9545
47 29942
49 56299
50 30893
22 10232
21 20370
22 10671
40 110886
29 146685
56 34832
42 87919
29 146887
56 35033
20 49402
56 35119
22 11311
42 88375
47 30800
29 147445
46 73536
22 11981
22 12040
47 31516
22 12209
50 32389
46 73940
56 35994
47 31859
27 89209
47 31870
20 50420
46 74509
29 148552
29 148690
21 22759
56 36778
29 149024
47 32255
20 50585
47 32706
20 50908
56 37227
21 23329
56 37569
29 149617
40 113553
40 113624
49 59175
21 23848
22 14643
47 33504
33 813
40 113972
40 114047
27 92104
56 38259
29 150427
33 1517
47 34354
40 114431
47 34464
46 77034
33 2291
33 2335
49 60566
40 115134
49 60645
20 53180
29 151470
50 36165
33 2801
46 77430
49 60981
50 36322
46 77537
22 16018
50 36614
47 35194
20 53843
49 61543
50 37045
21 25682
21 25836
21 26028
46 77965
46 78148
50 37278
29 152436
22 16962
56 40096
46 78552
21 26554
33 4542
21 26723
27 94521
22 17423
27 94582
40 116740
40 117070
33 5200
50 37882
56 40884
46 79430
56 40919
56 41032
21 27708
29 153111
49 63034
22 17656
33 6551
29 153261
33 6623
47 37421
29 153540
29 153584
33 6941
47 37741
49 63432
47 37861
50 39397
56 41973
20 56445
22 18354
49 63824
40 118015
33 7523
47 38548
20 56987
40 118534
29 154443
56 42599
56 42630
50 39657
49 64338
27 96902
56 43013
49 64739
56 43116
33 8642
50 40160
51 188
40 119181
56 43274
21 29701
20 57537
47 38934
21 30194
33 9225
29 155453
22 20470
50 41081
47 39553
22 20634
56 43922
50 41188
50 41206
21 30460
50 41285
51 1764
21 30562
51 1913
47 40248
56 44655
40 120786
40 120856
22 20962
21 30757
22 21098
29 156662
20 59326
49 66619
56 45110
29 156860
50 42200
51 2923
50 42439
33 10982
40 121526
47 40912
49 67558
40 121624
40 121647
29 157507
33 11370
51 3662
33 11589
40 122072
29 158129
21 32184
56 46102
56 46309
50 43297
21 32466
49 68542
51 4463
40 122751
49 68659
47 42043
50 43631
22 22741
40 123141
29 158811
49 68772
49 68990
47 43008
47 43013
51 5967
49 69104
29 159492
33 12767
56 47617
22 24031
22 24245
56 48053
33 13332
22 24272
40 124086
20 62106
29 159932
49 69440
22 24397
51 6746
47 43641
47 43656
51 6893
20 62451
49 69982
27 103663
20 62748
20 62842
20 62909
21 35078
29 160409
29 160490
20 62982
33 14237
49 70553
49 70624
33 14387
22 25404
33 14558
50 46333
33 14720
47 44889
33 15090
21 36233
33 15223
20 63588
56 49541
40 125724
33 15617
50 46914
56 49874
21 36835
21 37112
56 50332
33 15771
50 47547
56 50463
20 64458
21 37535
20 64607
22 27150
22 27205
29 162409
49 72610
21 37660
40 126857
49 72802
47 46300
22 27691
51 10036
22 27826
51 10149
21 37900
51 10191
21 37983
33 17041
29 162782
50 48595
47 47571
20 65747
51 11053
20 65917
51 11322
50 49239
49 73606
20 66006
40 127761
20 66343
40 127978
49 73922
56 52152
51 11788
33 17964
40 128354
50 49407
20 66954
40 128585
20 67121
21 39542
49 74639
50 50027
56 52801
56 52877
27 109019
56 53047
56 53313
20 67663
33 19239
47 49372
30 1548
40 130165
30 1656
56 54218
30 2372
51 13473
33 19810
21 40772
40 130774
30 3152
47 50056
47 50057
47 50097
30 3252
49 76699
30 3463
30 3579
47 50581
49 77450
30 3884
47 50927
50 52466
22 31777
47 51147
47 51204
22 32112
49 78040
56 56357
33 21711
21 42822
20 70552
20 70586
51 15573
30 5129
40 132681
56 56604
50 53667
30 5292
22 32529
50 54004
49 78613
30 6527
27 114319
20 71960
33 22875
33 22921
30 6739
27 114550
22 33727
56 57971
30 6832
30 6864
20 72133
30 6940
51 16915
49 79376
20 72376
22 34024
22 34040
51 17379
49 79647
30 7637
21 44941
20 72825
49 79961
51 17621
49 79986
20 73027
47 54307
20 73218
33 24537
50 55778
30 8627
47 54439
57 484
57 492
57 580
56 59433
33 24926
47 55198
47 55259
47 55301
57 1569
47 55507
49 81581
21 46723
47 55747
22 35835
33 25689
21 46847
20 74778
30 9876
22 36108
50 57465
57 2428
22 36280
20 75360
51 19781
20 75464
30 10748
50 58007
30 11003
50 58189
49 82736
21 47667
56 61652
30 11424
56 61774
57 3777
47 56868
50 58904
51 20282
30 11827
49 83349
21 48320
30 12057
51 20740
51 20776
20 76270
51 20942
57 4629
33 27943
56 62683
33 28077
47 57859
49 84071
49 84091
51 21414
49 84410
57 5371
21 49419
21 49442
57 5772
20 77448
51 21688
49 84751
49 84776
22 38492
22 38512
51 22121
33 29232
51 22202
51 22323
56 63760
57 6799
22 39087
47 58562
22 39295
20 78599
57 7304
22 39649
56 64314
22 39700
22 39772
33 29387
21 50546
57 7833
21 50636
21 50662
21 50763
49 86038
30 15032
57 8406
57 8464
57 8485
49 86658
47 60003
21 51262
56 65361
51 24140
49 87244
21 51483
57 9523
51 24437
57 9623
57 9660
30 15671
50 62770
57 9710
57 9734
50 62846
33 31097
27 124471
20 80188
51 24649
20 80441
21 52373
20 80692
21 52491
21 52500
51 25098
47 61505
51 25247
21 52663
47 61709
50 63301
56 66937
56 66962
22 42019
22 42262
21 53560
51 25471
33 32512
57 11193
30 17484
49 89009
22 43104
27 126775
30 17807
22 43163
50 64524
56 67963
56 68107
57 11760
57 11789
33 33294
47 62909
30 18691
22 44158
33 33752
47 63737
20 83010
20 83014
56 68795
33 34240
49 90314
51 27200
47 64051
50 66191
57 12749
21 55794
56 69474
30 19176
57 13074
57 13148
27 128958
21 56507
47 65041
20 84624
27 129525
30 20204
21 56617
51 28706
21 56659
33 35779
30 20421
33 35862
50 67414
57 14178
27 130221
50 67909
33 36420
30 20870
56 71199
57 14572
56 71306
30 21079
20 86157
56 71366
56 71378
50 68274
57 14772
30 21338
57 14912
57 14970
30 21498
47 66459
33 37042
30 21715
30 21759
47 66729
30 21852
47 66796
52 286
52 293
52 296
30 21993
21 58667
56 71972
56 72250
21 59436
30 22295
51 30269
57 15918
56 72502
56 72616
20 87823
30 22529
30 22622
47 67674
52 1737
50 69178
33 38290
52 2028
21 60133
22 47823
27 133515
52 2182
30 23297
50 69699
33 38753
21 60479
30 23414
51 31313
56 74000
57 17221
57 17230
51 31500
52 3197
20 88990
56 74194
52 3350
20 89136
57 17452
51 31961
22 49224
22 49231
50 71017
47 69341
57 17949
52 4227
57 18002
50 71355
50 71576
22 49877
30 24637
51 32848
51 32851
21 61840
21 61954
52 4968
57 18805
52 5024
20 90297
30 25083
51 33248
21 62232
52 5345
51 33369
21 62318
51 33398
47 70634
22 50639
56 76173
52 5580
20 90952
51 33855
47 70822
20 91177
30 26026
21 63164
33 41756
47 71018
33 41953
52 6686
30 26247
30 26379
56 76357
52 6962
56 76383
56 76453
56 76583
33 42074
47 71725
20 91882
51 34554
47 72232
20 92166
50 74051
22 52270
50 74263
20 92476
33 42816
56 77620
57 21019
50 74685
21 64534
50 74941
20 93055
21 64955
28 4016
57 21304
52 9014
57 21653
30 28500
57 21758
33 44034
52 9711
57 21925
52 9727
50 75604
57 21978
33 44165
47 74151
51 36709
33 44730
22 53955
50 75745
30 28744
57 22651
30 28830
47 74546
57 22807
20 94507
51 37170
22 54219
22 54338
56 79775
30 29423
47 75055
20 95198
22 54751
52 11035
21 67025
21 67163
52 11451
20 95653
57 23912
33 46004
56 80257
28 9029
30 30260
52 11774
51 38221
30 30505
52 12029
50 77815
21 68276
56 81338
30 31006
52 12615
52 12641
57 25150
30 31448
50 78788
51 39486
22 56501
56 81716
21 69051
22 56678
30 31792
22 57397
50 79100
20 98039
50 79407
22 57807
21 70274
30 32844
56 83150
51 40023
50 80238
52 14491
56 83491
33 48953
22 58574
33 49034
52 14524
33 49127
51 41024
52 14960
21 71594
50 81272
52 15503
52 15522
57 27930
56 85026
57 28243
57 28471
51 42190
30 34900
31 3261
31 3285
20 100529
20 100692
31 3771
33 50666
50 82280
50 82364
31 3962
30 35652
30 35685
22 60151
30 35893
57 29209
56 86124
20 101142
52 17124
50 82850
56 86513
33 51572
22 60634
30 36322
52 17586
28 15425
22 60743
31 5060
30 36447
21 73931
57 29488
31 5563
56 87138
56 87246
21 74214
31 5843
57 29919
22 61391
30 36887
22 61487
30 36945
31 6152
56 87837
22 61884
50 84338
50 84429
56 88304
50 84626
22 62151
52 19191
57 31005
31 7432
20 103443
51 45563
52 19641
20 103590
33 53504
31 7666
51 45652
21 76097
33 54172
52 19985
56 88918
31 8354
28 18946
33 54722
30 38834
51 46736
56 89304
52 20516
50 86584
30 39411
56 89695
51 47183
22 64484
52 20747
21 77250
33 55390
50 86868
33 55503
52 20977
33 55911
31 10574
56 90343
56 90487
51 48103
52 21657
20 106333
20 106494
57 34108
31 11568
31 11636
56 90868
31 11736
57 34578
52 22110
30 41182
21 78699
22 66104
57 35220
21 79069
21 79162
50 88360
30 41413
30 41429
50 88613
33 57575
31 12271
22 66522
22 66681
22 66730
31 12545
30 41971
30 42136
21 80024
30 42334
57 36142
31 12859
28 23225
31 12946
52 23594
30 42578
31 13149
20 108738
31 13249
21 80477
52 23883
52 23988
22 67590
20 109036
50 89180
20 109314
52 24485
56 93153
51 50556
50 89546
57 37221
30 43550
56 94189
57 37773
50 89985
21 81333
33 59326
52 25072
21 81472
21 81475
30 43894
22 68623
21 81539
22 68934
22 68991
56 94461
56 94529
33 59911
20 110225
30 44469
20 110324
50 90995
56 94813
57 38344
51 51754
57 38371
51 51784
50 91372
33 60158
57 38583
21 82674
21 82734
56 95578
31 15822
30 45338
30 45360
30 45605
31 16293
33 61380
28 27030
22 70250
21 83505
30 45964
22 70726
22 70847
56 96675
30 46715
22 71012
20 112627
21 84479
57 39952
21 84515
28 28339
33 62115
31 17502
21 84843
20 112875
31 17808
30 47107
33 62500
51 54322
21 85102
50 93666
33 62894
31 17961
31 18031
57 40748
30 47540
21 85233
20 113614
31 18181
56 98031
50 94302
57 41333
21 85499
50 94500
50 94515
22 72554
33 63289
50 94896
20 114199
57 41682
22 73234
33 63486
31 18993
28 30556
31 19063
50 94966
52 29570
30 48122
51 55715
57 42055
51 55809
56 98577
20 114563
22 73503
52 29980
56 98932
51 55849
57 42459
22 73937
50 95882
50 95890
51 56305
22 74134
33 65005
21 87234
52 30590
52 30638
52 30641
57 43189
30 49150
57 43200
56 99691
30 49292
31 20360
21 87588
56 99895
33 65424
50 96586
57 43710
21 87908
50 96920
52 31440
21 88408
20 116846
20 117085
50 97168
50 97204
57 44535
57 44590
20 117283
52 32052
33 66528
57 44818
50 97534
20 117417
56 101669
31 21962
51 58513
30 50851
31 22259
31 22296
52 32829
56 101879
57 45514
31 22494
56 102204
57 45692
31 22544
51 59217
33 67635
51 59245
51 59258
30 51947
56 102891
21 90413
56 103119
52 34213
56 103183
52 34405
30 52836
51 59984
57 47141
30 53075
56 103986
33 68839
33 68899
57 47509
57 47569
32 661
50 100424
33 69250
56 104132
56 104246
57 48171
32 1222
32 1256
21 91416
52 35961
52 35988
31 24891
21 91867
33 69985
57 48926
21 92187
51 61466
32 2375
50 101649
30 54886
32 2955
51 62264
21 92555
52 37221
52 37301
57 49378
30 55287
52 37475
31 26250
28 38451
50 102321
31 26316
21 93116
56 106613
56 106625
30 55611
32 3922
52 37883
50 102720
51 63127
50 102827
21 93785
31 152330
31 152471
32 4674
56 107467
30 56452
56 107622
30 56519
56 107917
31 27438
31 27508
30 56726
51 63583
32 5950
21 94552
56 108053
56 108082
31 27994
32 6317
56 108279
31 28206
31 28278
31 28375
33 73541
21 95183
57 51479
52 39217
32 7005
32 7030
52 39474
57 51796
57 51821
33 74106
31 154593
31 28716
21 95756
50 105214
31 155119
51 65189
30 57918
31 29443
30 58098
32 8594
32 8660
51 65690
50 106045
21 96718
33 74576
33 75496
51 66355
51 66416
33 75680
52 40752
57 54100
51 66737
31 156819
30 59424
52 41327
31 30181
30 59814
50 107619
32 9897
33 76029
32 142107
32 142161
21 98235
31 30743
51 67371
32 142417
32 142531
30 60515
33 76574
31 31328
30 60829
50 108456
51 67638
31 157949
32 11094
21 99008
51 68078
57 55697
52 42957
32 11496
32 11665
52 43401
32 143578
21 99658
33 77675
33 77846
31 158844
33 78212
31 32748
50 109166
32 144453
32 144473
51 68992
30 61883
21 100522
31 159704
52 44257
31 32992
52 44495
57 57509
51 69833
31 160015
33 78403
52 44920
51 69890
31 33446
32 13096
28 47281
30 63167
50 110221
28 47604
21 101155
21 101182
52 45311
57 58138
32 13897
52 45541
32 145818
30 63755
50 110926
32 146039
28 48470
31 34361
51 70775
32 146759
51 71134
52 46601
36 123
51 71402
57 58800
52 46882
52 46941
33 80704
57 59359
32 15380
31 35416
30 64916
28 49100
50 112160
52 47494
57 59671
57 59757
50 112513
30 65682
28 50013
36 1575
52 47985
51 72258
50 112927
21 103412
51 72381
32 16105
32 16116
36 1863
32 16164
33 81948
21 103863
32 16418
33 82225
36 2330
57 60489
57 60490
36 2372
32 16697
31 36338
57 60739
57 60855
21 104157
51 73014
32 148691
31 36564
32 16994
21 104491
31 36720
28 51380
36 3284
31 36881
57 61565
50 113663
36 3701
33 83214
32 149629
31 37371
50 113922
33 83281
50 113982
36 3919
30 67495
36 4049
36 4150
52 49967
50 114421
57 62178
31 37793
30 68167
32 150207
31 38019
57 62526
36 4829
57 62794
30 68366
57 62942
51 74849
50 114935
33 84350
31 38721
30 68700
33 84806
30 68727
36 5761
51 75423
31 38978
33 85044
30 68921
36 5896
30 68976
30 68982
31 39095
32 151332
52 50752
51 75849
31 39352
32 151707
57 63642
31 39697
36 7044
33 85658
36 7146
36 7149
36 7182
36 7229
32 19810
36 7359
57 64152
36 7534
52 51375
50 116632
32 20445
31 40156
28 54578
32 20601
36 7974
30 70458
57 64764
52 51919
32 152795
36 8309
36 8550
57 64868
31 40763
32 152947
51 77094
36 9254
51 77250
33 87034
31 41205
21 108734
32 21750
36 9911
32 21762
31 41552
57 65826
32 22220
52 53042
31 41803
32 22366
51 77944
52 53581
32 154455
30 72507
32 154467
57 66358
31 42251
32 154763
57 66556
52 53850
31 42428
31 42711
30 72920
31 42835
31 42890
32 23081
57 66832
51 79133
36 11081
52 54662
31 43212
50 119787
33 88915
32 155362
32 23765
32 155617
51 79640
36 11555
31 43553
50 120332
31 43754
30 73999
31 43909
32 24342
32 24356
30 74356
36 12445
50 120603
50 120637
31 44469
21 111814
33 89981
50 120867
31 44756
30 75189
21 112364
51 81038
30 75368
33 90958
51 81169
57 69115
33 91101
36 12950
57 69225
57 69280
36 13087
57 69457
21 112983
30 75829
32 26114
51 81573
50 122760
57 69996
33 91832
34 8
34 102
34 132
21 113962
51 82679
50 123706
34 1316
33 93222
50 124212
57 71428
36 14798
21 114675
36 15009
52 59669
30 77308
51 83670
30 77507
21 115254
50 124750
34 2987
31 47984
32 28417
31 48060
34 3231
34 3236
51 84135
52 60093
50 125662
30 78259
30 78421
36 15997
30 78695
36 16538
51 84754
51 85014
21 116533
31 48650
32 29177
31 48768
32 29345
31 48842
34 5000
57 73576
50 126151
34 5415
31 49370
51 85786
50 126493
36 17436
30 79666
30 79730
51 85996
31 49707
50 127184
34 6735
36 18516
21 118316
34 6904
31 50296
36 18704
51 86699
31 50584
34 7183
33 96991
57 75265
52 62921
52 62940
34 7423
50 128158
21 119080
33 97659
51 87501
30 81811
34 8290
30 82001
34 8418
34 8559
51 88015
21 119705
21 119721
21 119895
34 8869
31 51768
51 88224
57 76014
21 120148
51 88266
51 88543
52 63829
28 69383
34 9655
30 82694
52 64506
21 121122
32 33602
32 33730
57 77079
28 70292
28 70376
52 65212
50 129647
34 9944
34 10079
34 10252
36 21428
50 130227
32 34731
31 53780
31 54027
57 78085
31 54091
36 22289
21 121859
34 11334
50 131125
32 35374
28 71875
31 54570
30 85229
57 78396
57 78572
34 12225
57 78811
57 79007
30 85578
57 79131
50 131552
51 91299
21 123049
51 91395
21 123070
32 36688
21 123201
33 101144
36 24013
57 79687
33 101633
33 101833
51 91727
52 68324
34 12775
28 73608
36 24386
36 24589
57 80587
21 124466
36 24856
52 68700
34 13579
52 68803
30 86277
51 92459
57 80955
34 14010
30 86752
50 133761
30 86789
30 86804
36 25419
52 69776
36 25662
31 57253
21 125496
21 125593
32 38638
31 57771
51 93571
34 14840
21 125848
34 14995
52 70491
21 126095
57 82615
34 15457
34 15631
21 126770
32 39314
30 88702
31 58632
50 135599
36 26973
31 58716
30 88843
30 89015
51 94531
50 135886
51 94923
34 16130
30 89313
36 27506
57 83510
21 127542
30 89359
34 16577
30 89386
21 127697
52 71869
57 83984
57 84005
30 89580
52 71906
36 28265
33 106027
50 136628
30 89914
33 106216
52 72323
50 136808
50 137074
36 28564
32 41016
32 41029
32 41540
57 85120
50 138063
32 41733
32 41775
30 91593
32 42679
32 42804
31 61279
31 61286
32 43109
31 61461
34 19211
30 92197
57 86696
30 92382
30 92424
30 92530
50 138970
50 139089
57 87350
52 74764
31 61994
57 87482
51 98643
34 177803
31 62544
34 177877
30 93164
31 62629
34 177989
57 87943
28 81687
31 62866
50 140384
31 63073
32 44836
32 44876
30 94059
34 20972
36 31537
52 76449
32 45295
33 110502
32 45705
31 63992
36 31934
33 110954
32 46088
31 64468
30 95045
33 111137
36 32240
52 76599
52 76846
52 76952
34 179966
32 46377
34 180117
30 95594
52 77154
32 46733
50 142343
51 100751
52 77644
51 100934
50 142603
31 65683
32 47358
34 181108
33 112103
50 143217
28 84720
51 101334
51 101350
30 96481
30 96541
32 48293
30 96964
30 96990
57 91059
50 143846
31 66836
31 67020
34 24648
34 24672
52 79362
51 102259
51 102281
57 91712
52 79786
57 91963
50 144668
34 24898
28 86859
34 25417
57 92301
57 92373
57 92450
34 183451
36 35915
51 102988
33 114678
51 103244
57 92700
51 103314
52 80832
30 98592
34 184440
32 49842
51 103762
57 93225
34 184726
36 36806
57 93583
33 115529
31 69144
30 99333
52 81151
31 69378
37 461
33 116183
37 469
31 69474
33 116239
31 69488
51 104474
30 99669
51 104542
57 93981
57 93987
52 81588
37 791
32 51047
32 51107
34 27095
57 94269
31 69926
31 69982
57 94531
57 94708
52 82206
57 94717
57 94810
31 70407
30 100522
32 51884
57 95446
32 52239
37 2542
52 82887
51 106055
34 28812
51 106291
51 106314
36 38450
37 2975
52 83411
32 52777
37 3241
36 38686
36 38735
31 71628
57 95773
31 71724
31 71766
51 106805
57 96336
51 106992
57 96377
51 107017
37 4306
57 96633
36 39315
52 84302
32 53570
37 4473
52 84475
37 4540
34 29824
57 97035
33 118978
28 92593
52 85378
34 188939
28 93144
37 6254
33 119873
32 54884
52 85615
33 119976
31 73109
32 55105
51 108692
33 120251
52 86027
31 73587
37 6810
57 98423
34 31601
34 31669
37 6886
36 41010
34 190292
34 190300
31 74092
31 74094
31 74134
31 74195
51 109595
30 104799
34 191004
32 56126
30 105127
52 87102
31 74296
37 8641
34 33099
37 8865
34 33342
37 9027
34 191822
34 33467
31 74859
34 191959
51 109939
51 110117
36 42790
37 9694
30 105704
37 9814
38 1308
30 105763
51 110648
32 57674
38 1502
32 57741
52 88571
32 57947
32 57952
32 57986
32 58013
36 43711
38 1963
30 106576
51 111356
38 2154
38 2265
31 76266
37 10299
38 2811
31 76788
38 3121
38 3187
37 10822
30 106963
37 10946
31 76888
37 11094
32 58875
28 97978
52 89978
31 77582
31 77590
38 4105
36 45641
30 108185
33 124658
37 11747
38 4556
52 90275
38 4764
34 36722
34 36891
31 78216
33 125335
38 5589
52 91024
33 125975
36 46601
30 109625
36 46795
30 109694
38 6474
37 12779
37 12796
31 79090
33 126384
36 47136
38 6852
31 79311
38 7130
51 114315
52 91563
36 47268
38 7509
38 7561
37 13196
52 91753
36 47733
38 8306
38 8525
37 14084
38 8833
36 48076
36 48205
28 102032
38 9389
30 110844
34 39481
30 111478
52 93157
37 14614
30 111727
30 111763
36 49091
52 93434
34 40218
37 14956
32 63477
36 49268
33 128379
31 81376
30 112412
30 112485
38 10905
51 117035
31 82212
30 112835
30 113469
30 113762
38 11750
36 49923
37 16358
31 82768
34 42045
52 95404
30 114371
52 95530
52 95571
52 95687
31 83250
33 130451
34 42386
33 130754
37 17644
38 12911
32 66149
51 119014
30 115001
34 43229
38 13059
38 13099
37 17852
52 96732
30 115289
51 119464
38 13314
32 66732
52 97148
33 132073
37 18629
33 132313
37 18756
33 132362
31 84957
31 84974
31 85030
34 44232
52 97796
52 97818
30 116302
30 116342
33 133203
33 133552
36 52754
52 98299
52 98354
37 19777
37 19784
52 98375
37 19901
31 86573
34 45362
31 87210
31 87232
31 87282
31 87537
32 69077
33 134976
30 117867
37 20790
28 109353
32 69397
31 88203
37 21075
32 69428
31 88610
38 16632
32 69687
32 69737
32 69821
36 54962
36 54999
32 70105
30 118807
38 17078
34 47058
36 55219
30 118879
30 119222
30 119320
33 136082
33 136141
31 89321
36 55742
32 72186
30 119788
37 23106
38 18244
30 120192
37 23635
32 72611
37 23826
32 72688
34 48732
38 18740
37 24159
37 24347
38 18887
32 73300
31 90724
52 101847
32 73678
30 121107
34 49274
30 121429
33 138150
36 57677
52 102551
33 138504
31 92464
52 103388
32 75280
38 20326
52 103463
32 75357
52 103517
30 122661
32 75569
32 75591
38 20848
38 20866
52 103813
52 103853
33 139600
32 76234
36 59457
37 28028
33 140081
33 140083
31 93825
34 51763
38 21999
37 29266
31 94227
30 124275
36 60850
36 60878
31 94439
34 52219
36 61308
36 61858
36 62013
33 141654
52 106107
31 95559
30 124674
38 23415
33 142628
30 125036
38 23948
31 96177
36 62640
30 125932
38 24436
36 63136
52 108377
38 24502
37 32141
32 79675
31 96666
30 126393
34 54967
28 120134
52 108892
34 55127
33 144784
32 80335
37 33273
31 97274
38 25421
33 145450
28 121048
31 97612
52 109950
32 80959
32 81320
38 26436
31 98253
38 26640
37 34595
33 146497
37 34668
33 146604
34 57255
31 99115
52 111053
32 82122
52 111342
38 27296
32 82677
34 58282
30 129138
32 82815
32 83336
52 111599
31 99692
30 129701
38 28657
31 100020
52 112104
32 83489
37 36462
33 148163
32 83598
32 83608
30 130052
36 67468
38 29089
36 67540
31 100651
38 29546
28 124663
34 60396
33 148864
30 131083
52 113053
38 30642
30 131461
31 102049
28 125706
33 149735
32 85424
33 149821
37 37702
34 61944
38 31649
33 150505
33 150555
34 62126
30 132037
33 150763
33 150796
30 132119
52 114769
34 62741
31 103164
32 86341
37 39314
52 115200
32 86555
52 115459
52 115522
52 115593
34 63386
38 33400
33 152358
37 39717
37 39761
36 70375
30 133487
52 116097
30 133886
34 64132
52 116494
37 40000
37 40041
38 34436
38 35165
34 64734
31 104686
36 71663
31 105182
31 105318
31 105378
33 155237
33 155354
34 65636
36 72129
38 36734
31 105485
31 105586
52 118216
52 118232
36 72535
34 66175
38 37561
31 106137
30 135562
32 89693
38 37928
38 38061
37 43480
38 38303
38 38451
38 38598
32 90373
30 136135
38 38839
36 73900
37 44299
31 107319
34 67800
36 74203
31 107661
32 91050
37 44556
31 107762
31 107816
32 91271
32 91533
30 137290
30 137464
30 137692
30 137753
38 40306
30 137900
32 92408
38 40831
37 46337
38 41070
38 41199
37 46693
37 46893
37 47158
32 92674
31 108946
31 109051
38 41711
37 47842
36 76352
38 42407
38 42474
30 138773
32 93430
36 76655
38 42708
38 42754
30 138907
38 42860
30 139289
37 48880
34 70742
37 49274
30 139942
34 71052
36 76964
34 71287
31 110492
36 77679
32 94992
30 140239
34 71665
30 140457
32 95711
30 140569
31 111239
32 95871
38 45968
38 46341
30 141487
36 79391
38 47192
34 73723
30 142431
37 51793
36 80096
31 113081
34 74240
30 143468
30 143471
34 74323
36 80609
37 52674
34 74686
38 49642
32 98562
31 114371
32 98821
32 99135
36 81403
36 81579
30 143983
32 99735
32 99807
31 115014
38 50127
34 76097
34 76168
38 50283
37 54014
34 76858
32 100006
30 144867
38 50618
38 50793
38 51000
38 51321
37 55219
31 116163
30 145756
32 101410
38 52079
31 116516
32 101888
34 78428
31 117046
32 102617
38 52581
38 52656
37 56458
30 146786
37 56719
30 147009
30 147288
30 147495
37 57093
31 118012
34 80173
31 118461
32 103923
32 104279
34 80845
38 54379
37 58452
36 85831
38 54490
37 58637
38 54847
34 81298
36 86486
32 105101
31 119613
34 81922
38 55518
37 58886
34 82574
31 120130
32 105679
31 120336
38 55708
37 59500
36 87349
34 82799
32 106425
32 106614
37 59886
37 59913
34 84162
37 60452
34 84350
31 121018
31 121032
36 87884
36 87995
36 88170
32 107125
32 107147
32 107252
38 57517
34 85823
37 61177
31 122404
38 58255
31 122930
38 58675
37 62195
32 109078
34 87412
34 87558
37 62832
37 63016
32 109911
37 63474
37 63933
38 60227
38 60558
34 88284
37 64977
36 91168
37 65699
32 111727
31 126181
37 65956
32 112046
32 112321
37 66109
37 66188
32 112539
32 112763
32 112789
32 112823
37 66725
34 89996
37 66956
36 93714
32 114484
34 91076
31 128298
32 114841
36 94856
38 63210
34 91639
38 63286
37 68475
37 68661
38 63650
38 63793
31 129190
32 116221
38 64242
36 95699
34 92617
36 96231
34 93710
38 65362
32 117094
38 65549
38 66023
31 131294
32 117903
34 94623
31 131747
31 132124
32 118740
32 118867
37 71748
37 71878
37 71951
37 72084
34 95644
37 72527
38 67743
37 72695
34 95993
32 119407
31 133457
34 96708
34 96819
37 73108
36 99784
37 73154
34 96959
37 73462
37 73499
37 74120
37 74135
31 133920
31 133948
32 121090
32 121172
32 121222
37 74452
34 98162
37 75181
38 71182
38 71274
36 101905
36 102128
36 102215
38 71649
32 123264
38 72210
38 72229
34 98911
34 98928
31 135992
31 136104
36 102566
37 76210
32 123803
36 103112
31 136714
36 103149
36 103253
38 73156
34 99890
32 124408
34 100368
36 103587
31 137409
34 100572
32 125240
36 104400
32 125353
31 138132
31 138481
32 125988
38 75715
37 79611
37 79717
32 126796
32 126925
38 76243
32 127244
34 102735
31 140084
34 102909
34 103114
32 127452
34 103265
37 80175
37 80264
31 140310
32 128248
38 77707
32 128719
32 128742
32 128775
37 80907
37 81058
31 141176
36 107923
31 141363
31 141401
37 81263
32 129446
32 129977
36 108568
32 130259
31 141903
34 105270
38 79531
38 79600
38 79645
38 79734
31 142402
31 142748
34 105682
31 142997
37 82824
32 131342
31 143471
32 131693
34 106605
38 80703
38 80751
34 106959
36 110035
31 143857
32 132045
32 132583
32 132636
38 81804
36 111327
36 111628
32 133135
34 107580
37 84559
34 108169
36 112256
36 112387
31 145360
34 108978
31 146009
36 112584
36 112663
36 112844
36 113440
38 83734
38 83904
31 147069
34 109782
32 135105
36 113936
37 87078
36 114281
36 114598
34 111080
38 85039
31 148789
31 148798
31 149234
38 85850
37 88085
38 86062
38 86117
32 136617
38 86240
38 86329
38 86374
38 86652
38 86828
38 86915
37 89420
34 112569
32 137686
36 117038
36 117039
38 87579
34 112877
34 112923
32 138001
34 113061
38 88013
38 88087
36 118052
36 118314
36 118496
38 88481
32 139571
37 90659
36 119552
34 114683
38 89554
38 89565
36 119835
38 89727
36 120140
36 120984
38 89798
37 91515
37 91679
34 115940
32 141267
36 121593
36 121970
37 92292
38 90593
36 122177
38 90726
34 116498
34 117018
37 94077
38 93828
38 93911
38 93958
34 118975
38 94332
37 95867
38 95591
37 96792
37 97103
34 122658
34 123118
38 98268
38 98313
38 98509
37 98131
37 98354
37 98508
38 99437
37 99752
37 99993
34 126516
34 126760
37 100668
38 102170
37 102610
37 102808
38 103790
34 130909
34 131317
38 105037
38 105892
37 105043
34 132911
38 106916
37 106225
37 106259
37 106281
34 134498
38 107296
37 106950
37 106959
38 107683
37 107131
34 135236
34 135606
38 108203
38 108272
37 107200
37 107261
37 108166
34 136697
37 108725
38 109788
38 109984
38 110009
38 110738
38 111405
37 110028
37 110074
38 111785
38 112254
37 110750
34 139335
34 139638
34 139706
37 111262
34 140615
37 111550
37 111633
34 140943
34 141833
38 114454
38 114972
37 113713
37 113728
37 114497
38 115736
34 144418
34 145450
34 145574
38 116937
37 116197
38 117342
38 117726
38 117780
38 118101
37 116405
37 117653
38 119371
34 147519
37 119435
37 119437
37 119706
38 121040
38 121179
34 149970
37 122826
38 123166
37 124009
34 151612
34 151838
34 152928
37 125173
38 124469
34 153366
38 125106
38 125200
38 125632
34 154071
34 154742
37 125907
37 127397
37 127494
37 127623
37 127689
34 156225
37 128182
38 127500
38 128077
37 129093
34 156607
38 128995
38 129498
37 129640
37 130175
38 130026
37 130819
38 130305
37 131600
37 132192
38 131428
38 131812
38 132169
34 159561
34 160143
38 133016
38 133400
38 133587
37 134545
37 134632
37 135343
38 134714
34 160965
34 161432
34 161567
38 135365
37 136641
37 138101
37 138213
38 136561
34 164147
34 164578
34 165147
34 165920
34 166613
34 168291
34 168502
34 169294
34 169692
34 170165
34 170703
34 170974
34 171749
34 172019
34 173783
34 174617
