64 419
64 670
64 1063
64 1097
64 1121
64 1133
67 358
64 1458
64 1542
64 2210
66 506
64 2324
64 2367
67 1538
65 19
66 1333
67 1679
66 1379
64 2720
66 1736
67 1961
64 3002
66 1947
67 2105
65 397
64 3356
64 3371
66 2375
65 629
65 906
67 2713
65 959
64 3945
65 1041
65 1043
65 1212
65 1219
65 1298
64 4358
67 3299
65 1484
64 4568
65 1494
65 1499
64 4660
64 4847
64 4889
64 4922
64 5201
64 5212
66 5024
66 5152
67 4351
64 5622
67 4359
66 5519
64 5705
64 5839
66 5779
64 5991
67 4800
64 6159
67 4994
66 6595
67 5503
64 6914
67 5518
64 6967
67 5522
64 7028
66 7310
66 7388
67 5781
64 7296
67 5984
67 6020
67 6148
64 7434
64 7478
64 7481
67 6281
64 7639
67 6496
64 7825
64 7904
66 8739
67 6744
66 8908
64 8038
64 8202
66 9250
67 7033
66 9430
66 9548
64 8514
64 8534
66 9610
67 7337
64 8738
66 10001
64 8907
64 9030
64 9185
64 9359
64 9836
67 8380
64 10095
67 8658
67 8659
67 9071
66 11301
66 11317
66 11348
67 9289
66 11743
67 9650
67 9811
67 9823
65 12978
64 10406
65 13035
64 10445
66 12007
64 10455
64 10626
65 13229
64 10746
64 10777
65 13282
65 13438
64 11368
66 13209
67 10488
65 14189
67 10509
64 11892
67 10557
64 12079
64 12158
64 12220
65 14449
64 12321
66 13543
64 12439
64 12461
67 11069
65 14629
64 12630
64 12685
64 12894
64 12904
64 12986
65 15006
66 14044
66 14136
66 14181
65 15144
65 15156
67 11637
65 15759
65 15813
66 15350
65 15885
65 16299
65 16312
64 13469
66 15744
64 13486
67 11796
64 13552
64 13579
65 16452
64 13780
67 12094
64 13794
64 13796
65 16725
65 16793
64 14318
65 16937
65 16998
65 17014
65 17022
64 14665
64 14701
66 17082
64 14755
65 17578
64 14911
67 13064
66 17208
65 17734
65 17771
65 17878
65 18106
64 15471
67 13472
64 16067
66 18579
65 18877
65 18921
65 18976
65 19116
64 16296
64 16353
64 16466
65 19297
64 16600
67 14251
67 14421
67 14511
65 19498
67 14525
64 16912
66 19834
64 17014
64 17035
66 19947
64 17123
64 17165
66 20171
65 20165
65 20329
65 20566
65 20614
65 20711
66 20504
65 20731
65 20815
64 18105
64 18208
64 18212
64 18226
64 18428
66 21142
66 21325
66 21515
64 18594
64 18857
64 18919
64 18927
64 18989
64 19250
67 16717
67 16795
67 16817
65 21323
64 19652
66 22062
64 19836
65 21602
66 22339
64 19940
65 21762
66 22976
65 22107
65 22249
65 22402
67 18043
67 18068
65 22559
66 23771
66 23811
66 24016
64 20345
67 18281
64 20704
65 23004
65 23043
64 20954
64 21088
64 21242
64 21260
67 18755
64 21358
64 21459
64 21475
64 21553
67 19140
65 23762
65 23763
67 19230
67 19288
65 23888
67 19535
66 24858
65 23958
65 23963
65 24000
66 25061
66 25086
66 25161
64 21919
64 21972
65 24121
65 24275
64 22116
64 22285
64 22599
64 22683
64 22999
64 23044
64 23367
67 20229
66 26813
67 20307
66 26956
64 23640
67 20676
67 20794
65 24352
65 24427
67 21213
66 27604
64 23931
64 23991
64 24003
64 24017
64 24040
64 24253
65 24924
65 24979
64 24469
65 25042
64 24496
65 25103
64 24588
64 24726
66 27749
66 27942
65 25626
66 28601
67 21666
64 24981
64 25222
67 21917
64 25529
67 22265
64 25666
67 22440
67 22476
65 25951
67 22529
66 29269
66 29389
66 29588
65 26158
65 26172
65 26194
65 26348
66 30488
65 26489
65 26517
65 26541
64 26432
65 26750
66 30775
64 26898
65 27343
64 27049
64 27093
64 27145
67 23682
67 23852
64 27641
65 27465
64 27822
64 27831
65 27534
67 24200
66 31215
65 27599
66 31533
66 31673
66 31686
65 27827
65 27849
66 32085
64 28026
67 24379
64 28112
64 28129
67 24729
67 24838
67 24889
65 28264
64 28375
65 28428
65 28475
64 28656
64 28657
64 28785
65 28614
67 25051
64 28905
66 32915
64 28955
67 25335
64 29420
66 33633
65 28971
65 29029
65 29089
65 29117
65 29122
65 29158
66 33673
65 29211
65 29388
65 29497
65 29548
66 33988
64 30047
66 34101
66 34446
64 30315
64 30338
66 34551
64 30426
66 34828
66 34970
65 29912
65 30040
65 30210
65 30215
66 35222
66 35318
64 30567
65 30330
64 30681
64 31269
66 35463
67 27309
66 35771
67 27523
66 35814
66 35980
65 30624
67 28150
67 28221
65 31323
66 36541
64 32311
64 32554
67 28753
65 31805
67 28770
67 28860
64 33415
64 33424
65 31998
67 29718
67 29748
65 32194
65 32222
65 32234
65 32300
65 32328
65 32711
65 32803
64 33794
64 33845
64 33925
65 33185
65 33201
64 34376
64 34626
64 34998
65 33375
67 30076
67 30559
65 33676
65 33774
65 33850
65 33868
65 33940
67 31039
65 33964
65 34018
67 31108
64 35310
65 34208
64 35504
65 34695
64 35962
64 36010
65 34867
64 36052
64 36187
67 31417
64 36460
64 36477
65 35059
67 31664
64 36545
64 36701
64 36753
64 36799
65 35211
64 37094
64 37111
65 35427
65 35605
67 32321
65 35667
65 35701
65 35716
65 35928
67 32564
65 36345
64 37329
64 37448
64 37490
64 37517
64 37602
64 37746
64 38036
65 36582
65 36642
65 36725
65 36782
65 36854
65 36934
64 38631
64 38831
65 37431
65 37496
67 34088
64 39034
64 39071
65 38016
65 38022
64 39147
64 39229
64 39235
64 39283
64 39294
64 39466
67 34217
65 38085
65 38090
65 38132
65 38216
65 38229
65 38315
65 38436
64 39673
65 38682
64 39932
64 40075
65 39063
65 39144
65 39185
64 40498
64 40567
65 39391
65 39471
67 35171
65 39600
67 35403
65 39662
65 39673
64 40674
64 40939
64 40970
65 39821
65 39852
64 41081
67 36113
64 41235
65 40194
65 40218
65 40405
64 41322
64 41380
65 40467
65 40483
64 41695
64 41742
67 37081
64 41866
65 40492
65 40785
65 40879
64 42408
64 42415
65 41127
67 38295
64 42865
64 43125
65 41162
64 43147
65 41501
64 43188
64 43268
64 43340
64 43469
65 41696
64 43558
64 43567
67 38714
65 41836
65 41908
65 41922
65 41971
67 39532
64 43689
64 43830
64 44035
64 44368
64 44610
64 44711
64 44783
64 45160
67 40167
67 40262
67 41111
64 45328
64 45411
64 45519
64 45832
64 45863
64 45906
67 41376
67 41382
65 43013
64 46330
64 46334
64 46409
64 46622
65 43471
65 43539
65 43719
65 43933
65 43941
67 42239
67 42282
64 47124
67 42766
64 47338
64 47438
64 47531
64 47560
64 47702
64 47739
64 47797
64 48012
65 44336
64 48148
67 43700
65 44627
65 44662
67 43985
65 45033
64 48447
65 45260
65 45395
67 44521
64 48605
64 48634
64 48700
64 48919
64 49040
65 45568
67 45133
64 49271
67 45259
64 49386
64 49458
64 49484
64 49488
64 49496
64 49597
64 49715
64 49741
64 49760
64 50106
67 46295
64 50244
65 46246
65 46264
65 46267
65 46279
67 46457
65 46388
65 46470
64 50310
65 46878
64 50734
65 47121
65 47224
67 47083
64 50794
64 50820
65 47466
67 47527
65 47617
67 47734
65 47652
65 47666
64 51905
64 52126
65 48159
65 48358
65 48531
64 52317
64 52490
64 52515
64 52749
64 53050
64 53057
64 53124
67 49754
64 53291
65 48824
64 53683
64 53703
64 53726
64 53776
64 53781
65 49306
65 49340
65 49593
65 49604
64 53892
67 51433
65 50252
65 50305
64 55184
67 52109
67 52116
64 55354
64 55415
64 55501
64 55778
65 50837
64 55926
64 56030
65 51113
67 53060
65 51137
65 51409
65 51520
64 56301
65 51586
67 53373
67 53919
65 51721
65 51736
65 51741
65 51762
64 56887
64 57041
64 57042
65 51828
64 57082
64 57097
67 54383
65 51927
67 54578
65 52056
64 57403
64 57442
64 57444
67 54858
64 57587
64 57772
64 57830
64 57832
67 54986
67 55102
65 52284
65 52435
64 58106
64 58109
65 52555
65 52587
64 58198
65 52640
65 53050
65 53200
67 56093
64 58543
67 56321
64 58708
64 58854
64 58879
64 58888
64 59009
64 59012
64 59115
64 59177
64 59189
65 53302
65 53381
64 59473
64 59504
65 53416
65 53466
65 53473
64 59770
64 59863
65 53734
65 53843
67 56962
67 57067
64 59928
67 57351
67 57422
67 57471
67 57478
64 59950
64 59980
64 60145
64 60316
64 60331
65 54252
64 60409
64 60488
64 60496
65 54313
65 54385
64 60637
67 58500
64 60897
65 54857
64 61194
64 61239
65 55077
64 61284
64 61347
65 55156
64 61552
67 59336
65 55396
65 55407
65 55463
65 55555
64 61709
64 61731
64 61870
64 61877
64 61977
64 62297
67 59666
65 55832
65 55863
67 60151
67 60166
65 56168
64 62844
64 62889
64 62901
67 60811
64 63254
64 63306
64 63375
65 56691
67 61086
65 56862
67 61312
64 63537
67 61387
64 63594
65 57156
67 61541
65 57186
64 63851
67 61931
64 63920
64 63995
67 62071
64 64037
67 62478
64 64257
65 57603
65 57667
64 64405
64 64487
64 64673
65 58252
65 58278
65 58341
65 58381
67 63654
64 65672
64 65687
65 58734
65 59323
64 65999
64 66105
67 64817
67 64936
64 66299
64 66430
64 66649
64 66726
64 66751
64 66764
64 66811
65 59445
65 59682
65 59873
67 65446
64 67251
65 59946
65 59980
64 67313
65 60039
64 67399
65 60053
67 65833
65 60212
65 60274
67 66275
65 60369
65 60383
65 60385
67 66582
65 60675
64 67751
64 67845
64 67851
64 67866
64 67960
64 68365
65 60974
67 66955
65 61102
65 61127
64 68696
67 67998
67 68014
64 68899
64 68901
65 61254
64 69318
65 61647
65 61690
65 61752
65 61777
65 61827
64 69548
65 62120
67 68323
64 69670
67 68412
64 69754
67 68529
65 62421
67 69061
67 69098
67 69269
64 70099
64 70133
64 70343
64 70355
64 70452
64 70544
64 70970
64 70995
65 63322
64 71138
64 71170
65 63385
65 63437
67 70556
64 71300
64 71341
64 71405
64 71490
64 71784
64 71909
64 72064
67 71225
67 71320
64 72424
64 72458
65 63708
65 63789
65 64043
65 64204
65 64227
64 72718
64 72759
65 64473
65 64479
64 72975
64 72990
65 64546
65 64613
64 73144
64 73189
64 73545
64 73554
64 73565
67 73039
64 73654
64 73686
65 64935
64 73824
64 74095
67 73697
64 74216
65 65230
65 65301
64 74373
65 65375
64 74462
65 65394
64 74470
64 74853
65 65680
65 65837
65 65874
65 65929
67 74575
65 66118
67 74684
64 74999
64 75035
64 75147
65 66353
64 75166
65 66357
64 75440
64 75448
64 75481
67 75085
65 66630
64 75823
64 75901
64 76064
64 76095
64 76330
67 75864
65 66848
64 76596
65 67063
65 67158
65 67242
65 67275
65 67374
65 67476
64 76782
64 76847
65 67839
65 68050
65 68142
64 77236
64 77473
64 77546
67 76956
64 78185
64 78201
64 78316
67 77360
67 77409
64 78360
67 77463
64 78385
64 78395
65 68705
65 68751
65 68887
65 68933
64 78568
65 68954
64 78619
67 77986
65 69054
65 69072
67 78116
65 69298
65 69679
65 69720
64 78738
64 78960
65 69802
65 69943
65 70046
65 70070
67 78378
67 78783
64 79464
65 70180
67 78906
64 79598
67 79084
65 70569
65 70573
65 70598
65 70682
65 70725
64 79986
64 79995
64 80004
65 70889
64 80109
65 71085
64 80631
65 71412
65 71620
65 71640
65 71730
64 80911
64 81092
64 81106
64 81165
65 72122
67 79894
65 72238
65 72304
65 72543
65 72585
67 80580
67 80854
64 81209
64 81373
65 72814
64 81524
64 81779
64 81917
64 82023
67 81106
64 82088
64 82114
64 82168
64 82265
65 72989
65 72998
67 81966
64 82679
65 73617
65 73635
65 73805
64 82730
64 82746
64 82842
65 74115
65 74138
64 83025
64 83105
64 83150
67 82239
64 83207
64 83335
64 83641
64 83791
65 74371
65 74405
65 74413
65 74480
64 84144
65 74669
65 74819
67 83540
65 75213
65 75270
65 75313
65 75433
64 84490
64 84869
64 85388
64 85400
64 85656
64 85767
65 76200
64 85787
64 86099
67 84853
65 76864
64 86547
64 86609
64 86774
64 86882
64 86890
65 77484
65 77745
65 78117
65 78230
67 85337
64 87312
64 87383
67 85406
65 78285
65 78325
65 78633
67 86385
67 86452
65 78885
64 88139
64 88255
64 88276
64 88459
65 79243
67 86888
64 88626
65 79392
64 88670
65 79602
65 79698
65 79758
65 79829
67 87019
67 87153
67 87369
64 88849
64 88876
64 89025
67 88059
64 89057
65 80282
65 80322
64 89521
64 89662
64 89682
64 89806
65 80632
65 80638
65 80718
65 80871
65 80892
67 89202
65 81387
64 89982
65 81685
65 81687
65 81795
65 81812
64 90405
67 89606
64 90526
67 89976
64 90945
65 82021
65 82060
65 82242
67 90173
65 82327
67 90761
65 82685
65 82879
65 82987
65 83241
67 90890
65 83264
65 83360
67 91089
67 91367
64 91422
64 91496
64 91657
65 83548
64 91810
64 91834
64 91931
64 92079
64 92230
65 83738
65 83842
65 83913
65 83953
65 83992
65 84127
65 84191
65 84204
67 92840
65 84588
67 93054
65 84647
64 92273
65 84758
65 84812
64 92358
64 92363
67 93563
64 92736
64 92867
65 84945
64 92996
65 85127
67 93953
65 85294
67 93971
64 93194
65 85296
64 93216
67 94501
64 93479
64 93483
64 93495
67 95023
64 93707
65 85462
65 85521
65 85525
64 93851
65 85648
64 93976
64 94006
65 85700
65 85975
65 86094
67 95243
67 95253
65 86148
67 95340
65 86220
65 86264
64 94076
67 95495
67 95718
65 86472
67 95867
67 95910
65 86627
65 86938
65 87124
64 94591
64 94649
64 94798
64 94799
64 94800
64 94991
64 94994
65 87356
65 87464
65 87626
65 87722
64 95372
65 87801
64 95504
64 95604
67 97015
64 95763
65 88025
67 97856
67 97865
65 88450
65 88475
65 88499
65 88809
67 98137
64 95935
64 96042
65 89127
65 89197
65 89257
64 96378
64 96661
64 96666
67 98755
64 97150
65 89809
64 97163
65 89907
64 97267
64 97312
65 90088
65 90305
65 90412
65 90441
65 90600
64 97450
64 97555
65 90977
64 97700
64 98094
65 91262
64 98138
65 91357
65 91436
64 98417
65 91732
65 91867
64 98643
65 91982
65 92041
65 92103
65 92212
65 92269
65 92289
65 92613
64 99115
64 99196
64 99209
64 99270
65 92657
65 92686
65 92802
65 92964
65 93089
64 99581
65 93460
65 93693
65 93786
64 99878
65 93863
64 100005
65 94000
64 100235
64 100378
64 100431
64 100450
64 100616
64 100939
64 100958
65 94335
64 101030
65 94635
65 94802
65 95032
65 95100
65 95453
65 95569
64 101548
64 101688
64 101692
65 95715
65 95811
64 101968
64 102113
64 102186
64 102325
64 102571
64 102603
64 102728
65 96222
65 96223
65 96285
65 96838
65 96919
64 103125
64 103165
64 103547
64 103641
64 104040
64 104052
64 104080
64 104128
65 97237
65 97350
65 97388
65 97673
65 97893
65 97900
64 104608
64 104694
64 104796
65 98286
65 98520
65 98527
64 105030
65 98811
65 98915
64 105470
64 105512
64 105560
64 105797
64 106052
65 99650
65 99703
65 99930
65 99980
64 106109
64 106193
64 106267
64 106459
64 106796
65 100140
64 106898
64 106989
64 107013
64 107112
64 107144
65 100526
65 100676
65 100717
65 101315
65 101506
65 101614
65 101625
65 101710
64 108028
64 108209
64 108299
65 101796
64 108636
64 108752
65 101960
65 102213
65 102401
65 102788
65 103006
65 103213
64 109616
64 109677
64 109680
64 110026
64 110109
64 110240
64 110268
64 110316
64 110421
65 103372
65 103444
64 110719
64 110740
64 110748
65 104082
65 104115
65 104133
64 110859
65 104305
64 110914
64 111046
64 111188
65 104579
65 104592
64 111416
64 111605
64 111618
65 104794
65 104921
65 105006
65 105186
65 105188
65 105256
65 105274
65 105601
65 105682
64 111793
64 111935
64 111961
65 106059
65 106110
65 106152
64 112136
64 112142
64 112295
64 112540
64 112727
64 113143
64 113179
64 113364
64 113428
64 113454
64 113517
64 113563
64 113771
64 113880
64 113910
64 113947
64 114028
65 107436
65 107447
65 107461
65 107547
65 107677
65 107767
64 114599
65 107836
65 107955
65 107981
65 108010
64 114988
64 115004
64 115037
64 115155
65 108249
64 115348
65 108425
64 115372
65 108489
64 115605
64 115669
64 115772
65 109003
64 116053
65 109133
65 109335
65 109540
65 109565
64 116398
64 116402
64 116474
64 116811
64 116813
64 116859
64 116904
65 109912
65 109942
65 110013
64 117092
65 110214
64 117179
65 110228
64 117193
64 117205
65 110308
65 110553
65 110559
64 117577
64 117596
64 117599
64 117609
64 117619
64 117734
64 117771
65 110891
65 111025
65 111107
65 111175
65 111397
65 111488
65 111512
64 118515
65 111639
65 111797
64 118818
65 112128
64 118911
64 119117
64 119279
65 112755
64 119333
64 119465
64 119553
64 119560
64 119569
64 119573
64 119594
65 113101
65 113139
64 120063
64 120147
64 120279
64 120312
65 113419
65 113769
64 120642
64 120683
65 113855
65 113994
64 121062
65 114236
64 121078
64 121098
64 121215
65 114455
64 121356
64 121495
65 114608
64 121705
65 114733
65 114788
65 115013
65 115026
64 121826
64 122068
64 122277
64 122315
64 122548
65 115398
64 122612
65 115464
64 122917
64 122946
65 115705
65 115739
64 123161
65 115931
64 123211
65 116019
64 123318
65 116283
65 116443
65 116496
65 116553
65 116656
65 116670
65 116728
64 123513
64 123546
64 123861
64 123920
65 116862
64 124079
64 124099
65 117312
64 124232
65 117954
64 124503
65 118032
64 124642
64 124738
65 118312
64 124911
64 124934
64 124993
64 125036
64 125295
64 125364
65 118554
65 118636
65 118827
65 119244
65 119399
65 119429
65 119569
65 119640
65 120068
65 120138
65 120384
65 120674
65 120756
65 121120
65 121149
65 121214
65 121555
65 121635
65 121640
65 121870
65 122067
65 122206
65 122281
65 122522
65 122567
65 122757
65 122848
65 123151
65 123184
65 123532
65 123609
65 123642
65 123749
65 124317
65 124609
65 124676
65 124711
65 124843
65 124863
65 125039
65 125529
65 125847
65 126105
65 126353
65 126683
