19 441
19 968
53 908
43 395
29 1720
43 544
53 2385
43 702
54 234
55 230
41 977
53 2878
43 998
54 474
29 2366
29 2373
45 1610
45 1641
54 813
43 1430
45 1801
54 957
39 1136
41 1603
42 1019
54 1160
55 1151
50 865
19 3814
41 1891
19 4107
43 2092
48 1198
45 2438
29 3411
45 2485
48 1245
39 1983
19 4359
43 2291
19 4473
41 2355
39 2111
54 1846
29 3728
54 1925
39 2368
50 1605
54 2176
50 1777
42 2306
43 2918
54 2384
42 2490
45 3353
43 3063
50 2118
54 2692
54 2699
29 4566
19 5657
48 2376
29 4671
50 2416
43 3428
54 2912
43 3430
53 5183
42 3082
45 3818
42 3143
19 5993
19 6018
54 3223
42 3367
39 3549
54 3362
42 3477
41 3950
42 3579
48 2964
55 3354
41 4133
48 3110
41 4250
50 3490
45 4619
19 6726
29 5792
39 4455
54 4063
54 4091
43 4769
53 6545
54 4271
55 4148
41 4927
43 5164
39 5008
55 4551
53 7236
43 5443
29 6876
39 5383
53 7593
39 5687
53 7838
39 5842
42 5520
19 8506
19 8561
48 5027
29 7871
54 5648
50 5510
53 8365
41 6472
42 6158
54 5945
41 6584
19 9114
43 6934
43 7079
55 6192
39 7010
48 5761
43 7192
19 9550
42 6697
42 6783
43 7412
43 7419
54 6684
43 7553
48 6246
53 9615
42 7233
45 8318
39 7872
54 7115
55 7262
41 7888
50 7130
48 6788
48 6832
42 7888
45 8887
45 8969
39 8441
55 7754
39 8522
50 7673
43 8806
19 10342
55 7915
48 7495
53 10134
19 10649
41 8663
43 9175
48 7621
54 8355
50 8046
54 8448
50 8129
39 9081
55 8473
42 8725
50 8256
29 10192
39 9280
29 10381
19 11343
41 9271
29 10456
50 8694
55 9113
45 9592
41 9540
39 9811
48 8826
55 9448
43 9587
45 10110
48 9143
19 12293
48 9238
19 12340
43 10222
39 9908
42 9834
42 9966
45 11065
39 10992
43 11358
41 10986
45 11686
50 10322
43 11585
50 10436
29 12225
43 11780
29 12396
55 10643
53 12843
50 10683
39 11533
45 12129
19 13530
43 12117
45 12355
54 11104
48 10453
54 11288
55 11246
42 11473
42 11606
29 12926
41 11924
19 14361
42 11842
42 11908
45 12503
50 11413
54 11476
29 13367
54 11681
53 14259
29 13791
43 12503
45 12687
48 11430
50 12001
50 12073
55 12364
55 12488
43 12649
50 12603
48 12207
41 12715
19 15588
43 13406
54 12648
53 15063
55 12752
19 15991
41 13074
42 13010
42 13074
42 13425
41 13546
55 13322
50 12952
42 13588
45 14673
53 16074
54 13604
55 13750
55 13901
48 12866
43 14503
48 12939
39 14511
53 16386
45 15302
19 16930
50 14037
43 15142
42 14341
43 15420
42 14575
48 14128
53 17375
54 14572
55 14904
53 17546
42 15208
41 15331
42 15332
42 15495
42 15617
43 15974
29 17265
48 14567
54 15844
29 17476
42 15724
39 16297
41 15930
48 14985
48 15007
53 18535
53 18581
54 15968
55 15836
39 16670
50 15666
43 16636
53 18827
50 15774
45 17115
42 16022
39 17143
55 16163
19 19617
55 16198
29 18594
55 16282
54 16480
48 15745
50 16041
42 16690
42 16708
54 16984
45 17990
29 18926
42 17169
29 18981
43 17677
50 16711
55 17300
48 16487
39 17971
43 18306
48 16784
45 18739
48 16914
48 17006
19 20408
41 18265
50 17408
29 19538
19 20510
29 19541
42 18009
41 18360
55 17873
53 20316
19 20732
39 18866
39 18912
39 19257
29 20455
41 19255
45 19493
55 18807
55 18823
50 18459
48 18233
54 19379
48 18284
29 20625
41 19627
50 18649
29 20827
48 18529
29 20910
55 19301
55 19322
43 19979
19 22013
55 19576
19 22123
50 18998
50 19212
41 19700
50 19361
48 19238
43 20707
42 19839
50 19700
41 20628
55 19922
54 20553
55 20072
29 22451
45 21532
45 21568
41 21052
19 23290
43 21555
43 21675
29 22922
50 19854
43 22159
48 19915
50 20248
42 21330
54 21382
41 21458
48 20144
50 20451
19 24398
29 23574
54 21616
29 23661
19 24746
41 21889
41 21942
29 23876
41 22106
54 22062
55 21683
19 24834
53 24520
45 23057
41 22565
42 22657
42 22764
42 22956
55 22887
55 22907
48 21627
41 23207
42 23067
54 23422
29 24911
53 25655
48 22017
29 25527
50 22866
48 22466
29 25757
45 24858
41 24194
41 24290
53 26360
53 26381
48 22628
42 24276
43 24896
50 23226
42 24388
41 24722
54 24694
29 26143
50 23525
19 27300
54 25018
48 22889
39 25028
19 27371
19 27387
48 23036
50 23899
19 27505
39 25398
43 25476
54 25258
54 25396
39 25982
19 28233
29 27337
50 24738
29 27494
53 27788
43 26464
41 25681
48 24258
53 28123
39 26639
19 28816
48 24422
45 26863
53 28352
48 24654
54 26654
54 26669
45 27638
43 26922
55 26453
50 25454
29 28508
43 27316
54 27119
45 28197
48 25077
45 28443
50 26330
54 27681
43 28233
41 27390
50 26497
55 27356
48 25781
54 28152
54 28177
42 28178
48 26367
29 29516
41 28586
39 28912
39 28948
55 28517
29 29688
42 28459
29 29723
19 31029
55 28633
19 31081
45 29081
29 29902
45 29215
19 31275
45 29417
45 29431
39 29450
50 27610
48 26709
54 28819
45 29634
43 28796
42 28654
54 28920
50 27744
53 30822
53 30909
41 29193
19 31925
54 29466
43 29473
29 30753
50 28594
39 29799
43 30027
53 31588
29 31252
42 29336
29 31618
42 29701
55 29725
29 31744
19 33303
54 30047
50 29458
29 31967
50 29510
54 30218
43 31138
41 30526
19 33707
43 31347
19 34091
54 31145
39 31509
39 31595
42 30813
42 31009
42 31047
42 31068
55 31033
50 30134
19 34549
53 33909
19 34576
19 34631
39 31853
41 31941
29 33745
19 34947
45 33003
45 33007
29 33867
53 34209
29 33879
54 31947
55 31457
48 29843
53 34364
48 29885
55 31767
29 34496
53 34597
55 32022
42 32141
53 34713
55 32231
29 34588
41 32511
45 33565
41 32624
19 36105
50 31767
55 32695
43 33484
29 35061
29 35123
41 33195
42 32969
48 31115
43 33758
50 32199
39 33969
55 33004
48 31460
19 36817
55 33231
29 35669
43 34170
29 35684
50 32306
43 34302
50 32509
53 36268
54 33750
19 37460
19 37515
39 34538
19 37692
39 34620
54 34068
50 32768
53 36910
43 34846
39 34991
50 33232
53 37257
48 32306
48 32340
19 38206
19 38239
42 34826
42 34905
42 34934
54 34997
43 35497
48 32951
43 35579
55 34904
55 34928
48 33103
48 33218
45 36377
41 35536
54 35550
45 37014
45 37051
39 36458
29 37262
41 36109
29 37486
29 37496
41 36170
42 35866
41 36222
53 38660
45 37238
50 35172
43 36983
48 34407
41 36566
54 36488
43 37065
54 36618
29 38126
29 38151
55 36467
53 39418
53 39510
54 37033
19 40491
42 36784
53 39599
53 39697
50 35939
29 38285
54 37311
48 35372
50 36433
39 38382
43 38157
48 35899
48 36074
50 36854
55 37779
19 40922
50 36997
19 40947
41 38193
19 41635
48 36801
54 38228
48 36917
53 41248
41 38647
19 41943
41 38849
39 39378
50 37665
53 41802
55 39271
45 40446
45 40511
48 37732
19 43022
53 42191
39 40748
42 39210
53 42525
53 42680
29 41416
45 41166
43 40309
41 39944
54 39842
48 38929
45 41392
42 40053
29 42064
55 40044
45 41929
53 43428
29 42467
43 41052
43 41085
19 44455
55 40411
50 39367
42 40584
53 44060
54 40858
48 39186
29 42750
40 61
45 42524
29 42961
29 43067
43 41792
41 41598
53 44581
42 41273
45 42910
43 42332
55 41497
54 41551
29 43559
41 42099
50 39555
42 41766
54 41751
54 41846
43 42454
43 42476
41 42318
48 40680
48 40733
40 1904
55 42136
41 42763
41 42778
40 2086
43 42939
54 42540
54 42687
42 42702
48 41274
55 42643
43 43596
41 43103
43 43754
40 2931
53 46346
43 43853
43 43865
43 43893
41 43369
45 44421
55 43166
41 43614
40 3363
53 46520
50 41345
54 43285
43 44184
53 46776
19 47965
41 44009
42 43439
54 43618
55 43753
54 43752
42 43608
54 43773
53 47140
48 42575
43 44559
45 45762
29 46087
50 42124
55 44289
48 43126
41 45030
45 46098
29 46962
55 44955
29 47019
53 48223
54 44929
45 46712
41 45481
19 49561
43 45995
45 47203
19 49778
54 45555
50 43523
41 45956
45 47480
45 47508
50 43687
42 45695
55 45717
42 45984
55 45967
40 7074
42 46075
50 44042
29 47948
45 47926
40 7418
41 46507
55 46495
29 48395
19 50883
19 50928
29 48788
42 46534
55 46794
55 46925
41 47387
41 47534
45 48614
42 47293
55 47383
19 51376
55 47614
48 46296
50 45766
54 47780
40 9717
54 47923
29 49430
19 52100
53 50604
43 48399
50 46143
55 48277
29 49704
42 48222
41 48942
29 50179
19 52585
50 46585
54 48721
45 49723
19 52761
53 51630
19 52934
19 53030
43 49606
54 49339
43 49754
42 48871
40 11245
42 49059
42 49394
19 53721
48 48120
50 47904
42 49476
41 50037
40 11678
50 48240
43 50213
42 49903
53 53211
43 50463
55 50059
53 53358
19 54661
45 52250
53 53658
45 52256
19 54729
29 52334
53 53777
29 52434
19 55087
43 50956
29 52862
43 51077
48 48840
45 52681
29 53182
45 52786
40 12525
19 55534
19 56190
42 50925
43 51880
40 12995
40 13028
40 13089
43 51983
41 51730
45 53528
40 13269
45 53725
54 51611
41 52074
41 52095
45 53822
54 51769
53 55351
45 53872
55 51828
29 54225
42 51677
55 52125
29 54757
45 54338
29 54885
41 52315
55 52381
45 54447
19 57303
54 52454
45 54572
41 52593
41 52703
40 14401
50 50843
55 52637
40 14538
42 52150
45 54800
43 53465
48 50552
40 14744
48 50660
48 50669
42 52622
53 56514
54 53062
48 50904
41 53432
41 53599
43 53792
41 53659
48 51109
54 53572
19 58301
50 51687
45 55529
43 54178
45 55584
48 51409
48 51427
41 53822
29 56352
19 58986
45 56247
41 53998
50 52282
19 59346
50 52357
19 59445
40 16000
40 16108
29 57192
55 54218
48 51835
40 16302
50 52609
53 57999
53 58031
54 54996
54 55050
54 55074
50 53291
48 52637
19 60257
50 53402
55 55220
43 56151
45 57498
43 56415
42 55225
53 59103
42 55324
29 58144
54 55796
42 55435
53 59209
53 59250
50 54062
50 54109
43 56892
48 53368
41 56427
43 57119
43 57153
50 54861
55 56756
41 56847
42 56199
29 59075
40 18949
41 57173
41 57262
50 55284
45 58591
42 56821
42 56843
43 57523
29 59874
48 54754
43 57762
55 57768
19 62683
55 57901
19 62901
41 58132
55 58073
29 60492
48 55355
42 57749
42 57781
54 58244
48 55527
48 55540
29 60714
41 58639
40 19705
45 60228
42 58406
54 58611
53 61587
40 20639
45 60558
40 20804
54 59275
45 61225
41 59230
41 59316
48 56792
50 57807
41 59895
42 58921
19 64544
50 58149
19 64696
29 62239
48 57213
50 58290
41 60384
55 59844
42 59664
55 59975
55 59985
55 60068
48 57714
29 62771
55 60467
43 61308
29 63052
29 63176
43 61806
19 66048
29 63425
53 64473
29 63703
42 61144
19 66783
48 58566
45 63853
48 58663
53 65009
48 58749
55 61752
42 61785
48 58920
43 62606
19 67369
42 61929
43 62670
53 65238
42 61958
41 62632
50 59870
50 59917
48 59230
42 62090
19 67476
42 62111
19 67502
29 65016
53 65922
42 62564
40 24477
40 24480
40 24508
41 63378
19 68252
45 65255
43 63644
29 65632
29 65750
43 63826
48 60060
29 65942
50 61051
53 66727
53 66733
53 66878
53 66909
45 66368
55 63292
50 61513
55 63370
40 25144
50 61620
54 63645
29 66553
43 64747
29 66675
48 61152
48 61231
50 62021
48 61342
19 70104
43 64969
40 25773
19 70320
55 63900
40 26001
40 26030
54 64341
19 70537
48 61606
43 65573
53 68080
40 26301
50 62526
45 67659
29 67167
55 64595
42 64686
54 64771
48 62328
53 68765
55 65014
55 65068
19 71242
40 27024
19 71328
55 65294
43 66573
42 65753
53 69200
44 2099
53 69333
29 68594
53 69502
48 62700
54 66026
50 63598
40 27668
40 27693
42 66036
44 3038
54 66316
42 66119
44 3203
42 66159
42 66297
44 3376
50 64110
19 72440
55 66478
55 66519
42 66696
48 63582
46 1138
19 72730
42 67076
19 72735
46 1319
54 67306
40 29038
53 70531
19 73242
54 67463
42 67407
19 73434
50 65143
50 65238
53 70873
53 70939
48 64404
53 71327
42 67906
51 1104
51 1109
53 71556
40 29736
40 29759
44 5576
55 68358
29 71467
19 74535
51 2031
48 65537
48 65727
19 75221
42 68535
29 72293
55 69092
40 30775
48 65948
46 4742
53 73218
50 67527
40 31277
29 72820
51 3399
55 69249
50 67620
44 7741
54 69646
50 67804
42 69748
50 67977
48 66783
53 73831
54 69873
48 67000
44 8571
51 4354
46 6044
51 4447
40 32145
50 68293
54 70662
19 77049
53 75012
40 32541
44 9491
29 74061
19 77343
53 75216
48 67996
54 71072
55 70899
51 5630
44 9989
48 68163
55 71009
55 71058
54 71344
42 71202
42 71207
29 74800
51 6136
51 6294
19 78239
46 8224
40 33808
53 75960
53 76020
55 71997
48 68486
42 72036
54 72397
51 7241
48 68770
50 70075
51 7349
48 68933
50 70237
42 72498
48 69017
48 69065
40 34512
54 72646
40 34581
51 7755
29 76375
19 79573
44 11347
42 72895
51 8251
44 11580
54 73416
42 73059
46 10204
54 73988
46 10285
40 35465
40 35502
19 80324
46 10505
40 35683
51 9562
46 10708
51 9621
53 77893
29 77053
40 36145
46 11015
46 11098
51 9912
29 77305
48 70711
44 12868
54 74830
54 75129
54 75220
46 11495
46 11719
50 72808
51 10146
50 73078
46 12228
29 78186
51 10478
29 78251
55 75556
48 72020
42 75505
19 82347
48 72335
44 13851
40 37632
54 75936
48 72559
40 37919
54 76367
54 76426
44 14707
42 76280
50 74499
44 14868
46 13829
55 76824
54 76977
19 83598
42 76944
55 76889
19 83848
54 77297
55 77578
51 12760
51 12823
51 12830
53 81242
29 81225
55 77774
29 81442
40 39309
51 13336
44 16263
53 81701
19 85168
46 14831
48 74608
46 14928
40 39699
53 82123
46 15424
19 85667
54 79022
54 79054
44 17302
19 85845
54 79279
53 82854
19 86172
46 15956
51 14548
19 86400
50 76957
48 75535
42 79093
53 83261
53 83324
19 87021
40 41698
53 83891
44 18447
50 78014
29 83752
44 18719
42 80041
54 80260
54 80281
29 84044
55 80572
54 80557
51 16278
54 80652
53 84640
55 80792
54 80854
51 16734
29 85078
44 19627
29 85182
53 85358
46 18362
48 77472
55 81534
42 81255
48 77809
55 81856
46 18624
55 81967
51 17687
48 78039
51 17702
51 17852
40 44124
29 85455
46 19119
46 19203
40 44318
50 79780
55 82343
53 86353
53 86617
19 89503
42 82321
40 44476
50 80447
50 80468
40 44724
19 89796
40 44872
55 83043
48 78263
55 83076
19 90138
55 83308
53 87506
40 45191
55 83464
55 83505
44 21217
19 90392
29 86475
48 78698
42 83216
40 45556
50 80985
19 90638
40 45679
54 83436
48 79126
42 83727
50 81350
44 21613
53 88044
40 46070
50 81721
50 81942
50 81970
48 79685
40 46567
54 84005
50 82023
44 22662
46 21203
54 84525
54 84649
19 91894
29 88628
50 82882
48 80620
19 92178
19 92214
40 47703
51 21149
48 80980
51 21317
44 23832
55 86212
53 89787
55 86242
40 47872
46 22476
19 92827
46 22740
44 24590
40 48081
48 81501
40 48285
19 92946
51 21697
46 22962
55 86606
44 24816
55 86644
54 86210
29 90254
51 22216
55 86893
48 81955
19 93657
46 23545
44 25166
55 87135
48 82247
44 25307
54 86889
54 86890
53 90583
55 87532
42 86949
40 49112
53 90918
29 90519
42 87111
54 87040
44 25926
29 90671
40 49369
46 24141
48 82589
54 87563
48 83052
48 83118
51 23258
50 85649
50 85796
55 88553
29 91831
51 23621
50 85982
48 83432
29 91874
42 88491
51 24465
40 50304
44 26935
55 88785
54 88333
44 27086
51 24520
44 27152
40 50485
40 50520
29 92804
44 27585
51 25164
54 88853
48 84525
55 89113
53 93674
55 89400
51 25473
50 88051
50 88120
44 28843
44 28904
50 88192
29 94205
53 94771
54 90059
46 27348
51 26946
50 88363
33 913
19 98567
46 27938
51 27292
55 91051
53 95606
33 1779
46 28375
48 86701
19 99373
51 27817
53 96126
19 99778
46 28808
50 89336
44 30550
29 95606
33 2905
29 95840
40 54809
54 92080
48 87468
48 87472
53 97231
53 97247
53 97392
29 96426
33 3536
48 87772
33 3603
46 29457
55 93281
33 3861
19 100966
55 93300
55 93306
33 3925
19 101027
48 87837
51 29593
46 30149
50 90820
46 30259
53 98415
29 97227
54 93372
53 98662
33 4995
55 93942
48 88671
44 32372
46 30430
48 88849
51 30172
51 30200
51 30204
55 94767
40 56464
53 99289
44 33141
33 6252
53 99532
54 94496
48 89324
48 89460
33 6659
40 57112
33 6667
48 89535
46 31717
48 89654
44 33581
51 31329
44 33674
48 89836
44 33777
29 98694
44 33826
29 98973
33 7444
19 102978
48 90622
44 34368
53 100262
46 32113
51 31908
40 58257
29 99509
29 99578
40 58630
33 8413
51 32362
51 32431
51 32494
44 34968
54 96373
29 100154
33 8940
46 33427
33 9077
50 93819
33 9105
46 33510
54 96587
44 35509
54 96750
46 33538
19 104464
40 58830
53 101298
19 104750
50 94469
40 59320
46 33941
49 17
51 33923
55 98493
46 34419
51 34136
50 95148
50 95150
46 34834
44 36555
46 34857
19 105685
19 105701
33 10119
49 933
54 98201
53 102601
33 10432
49 1069
33 10692
33 10725
50 95426
44 37317
53 103266
53 103391
44 37871
51 35289
49 1891
54 98823
46 35681
51 35536
40 60978
44 37912
54 99175
40 61289
54 99276
50 96442
46 36309
53 104247
50 96690
33 12261
49 2826
50 96934
29 104179
49 2934
40 61762
40 61805
53 104522
55 100600
51 36484
54 99801
19 107992
53 104796
44 39227
51 37334
19 108632
53 105277
49 4036
49 4206
50 97963
53 105545
49 4445
53 105768
19 109002
51 37492
53 105890
40 62597
33 13424
51 37753
40 62847
51 37829
44 40185
46 37897
40 63185
49 5184
54 100800
49 5846
51 38094
54 101428
51 38253
49 6322
54 101688
54 101710
51 38403
33 14515
33 14686
50 99003
29 106569
50 99037
33 14881
53 107515
40 64274
49 6945
40 64291
49 6981
33 15053
49 7069
40 64569
50 99422
50 99518
50 99553
55 103553
20 360
33 15628
50 100161
46 39671
51 39682
51 39711
53 108355
53 108428
46 39951
53 108510
33 15989
44 42135
29 107921
54 103472
54 103669
49 8712
46 40514
46 40905
44 42862
51 40402
20 2322
46 41192
55 105287
20 2441
29 108828
40 66439
20 2522
46 41314
29 109178
44 43634
50 101612
51 41300
44 43684
51 41430
33 17858
49 9863
54 105247
49 9920
53 110121
20 3895
44 44505
53 110529
46 42764
49 10322
49 10424
20 4148
49 10535
44 44856
20 4367
51 42521
40 68468
40 68486
33 19024
49 10890
49 10904
55 107176
54 105878
44 45075
49 11134
55 107479
29 110657
20 5616
53 111574
49 11460
54 106709
53 111924
44 46163
46 44451
55 108304
49 12371
51 43847
51 43913
50 104325
33 20034
33 20143
20 6912
46 44709
50 104645
29 112085
29 112270
29 112289
33 20680
50 104956
54 108057
50 105053
29 112618
33 20871
46 45414
55 109310
51 44791
20 8313
51 44887
29 112909
20 8638
40 70711
55 109886
49 13368
53 113878
46 46059
20 9033
54 108816
33 21354
51 45196
53 114160
53 114315
33 21802
29 113642
53 114435
49 14053
29 113857
49 14069
44 48832
29 114234
55 110482
29 114332
29 114467
50 106480
50 106483
50 106519
53 115081
55 110867
46 47199
51 46445
33 22736
49 14751
53 115557
53 115574
54 109665
49 14924
49 15181
33 23430
40 72977
50 107770
54 110225
54 110519
44 50472
55 111741
40 73236
46 48318
46 48388
49 15862
29 115766
40 73876
40 74202
33 24591
54 111014
20 12463
51 48417
29 116228
20 12532
55 113129
46 49098
50 109210
40 74730
50 109245
49 17104
29 116637
29 116754
40 74946
46 49790
29 116946
44 52059
29 117083
33 25357
29 117353
50 109631
51 49426
52 423
51 49725
20 13108
40 75196
52 965
40 75635
49 18294
40 75722
29 118211
20 14077
56 81
54 113022
50 110781
29 118772
56 632
33 26866
44 53636
56 852
52 2472
50 111516
44 53743
51 51043
20 15115
44 53932
54 114391
33 27713
29 119803
46 52128
29 119808
50 112014
46 52205
20 16008
49 19726
33 28041
40 77596
29 120141
49 19870
51 51911
44 54965
33 28172
49 20207
50 112688
50 112987
49 20595
29 120784
51 52423
54 115524
29 121082
52 4980
51 52529
33 28869
54 115688
29 121200
54 115709
54 116024
56 4028
44 56030
52 5707
52 5730
51 53353
20 17612
54 116728
33 29486
51 53697
40 79520
52 6478
54 116760
46 54786
33 29727
40 79757
54 116872
50 113843
20 17928
46 55202
50 114121
54 117228
56 5575
51 54179
33 29883
51 54349
20 18432
33 30081
52 7294
49 22620
51 54491
49 22781
52 7815
52 7905
51 54976
44 57883
52 7944
20 19139
20 19426
29 123480
29 123543
51 55606
56 7063
50 115218
49 23319
40 81035
54 118879
50 115397
54 119058
54 119070
52 8878
49 23869
29 124065
56 7787
33 31682
40 81459
40 81498
52 9470
33 32163
54 119190
54 119198
52 9737
49 24215
54 119270
44 59427
46 57449
54 119566
29 124379
20 20572
54 119858
20 20651
49 24784
20 20924
44 59960
46 57949
54 120022
20 21249
33 33199
33 33204
46 58086
50 117270
44 60581
52 10445
29 125457
29 125528
49 25308
51 57618
51 57678
40 83655
40 83697
54 120796
52 11040
51 57871
20 21780
51 58021
50 118456
29 125965
20 22217
33 34104
33 34181
46 58648
44 60978
56 10379
44 61050
33 34599
44 61176
20 22864
56 10638
54 121860
46 58976
54 121900
54 121928
56 10923
29 126985
56 11052
50 118874
44 62239
50 119030
52 12685
50 119259
40 85400
29 127449
44 62409
56 11836
50 119567
49 27178
56 12075
50 119947
46 60620
29 128087
51 59966
56 12584
51 60023
33 36236
51 60125
33 36467
51 60252
51 60305
40 85920
51 60448
46 60879
49 28109
51 60672
40 86399
40 86501
54 123949
51 61000
20 25191
40 86861
46 61376
29 128885
46 61514
51 61247
49 28650
46 61860
46 61868
52 14568
33 37115
51 61444
49 29178
44 64583
20 25804
33 37590
44 64893
20 25989
56 14281
33 37912
33 38088
56 14331
29 130471
33 38656
29 131056
51 62942
29 131185
54 126106
52 16261
20 27005
40 88403
49 30162
52 16304
40 88824
44 66234
52 16536
56 15779
51 63294
29 131901
52 16870
52 17006
20 27839
51 63788
52 17267
52 17352
29 132238
51 64001
54 127207
49 30945
33 39751
49 30981
33 39803
50 124256
44 67114
40 89881
50 124440
44 67592
51 64899
44 67616
51 64903
56 16993
50 124699
44 67743
50 124975
54 128317
33 40649
56 17355
20 29409
50 125418
51 65463
50 125449
54 128801
33 40977
49 32363
52 18947
44 68596
56 17639
52 19136
56 17754
20 29841
46 65784
50 125744
33 41485
33 41663
51 65967
50 125983
56 18093
49 32980
46 66380
20 30073
46 66714
46 66764
49 33336
46 66803
40 92155
49 33523
40 92503
46 67070
29 134689
49 33578
56 18957
51 67144
47 105
56 19141
29 134996
56 19372
20 31406
56 19575
46 67794
46 67872
51 67608
47 717
49 34166
47 920
52 21462
33 43959
50 128197
33 44192
56 19830
29 136326
23 1216
47 1902
51 68674
47 1908
46 68219
23 1329
40 94291
33 44639
33 44641
47 2185
46 68494
47 2216
46 68701
40 94568
51 69404
56 21114
51 69584
47 3020
50 129158
49 36412
51 69988
33 45920
20 34266
47 3929
52 23550
29 138168
52 24034
20 34617
23 6526
47 4721
50 130323
52 24347
51 70788
40 96457
20 34993
56 22741
33 46911
40 96633
51 71354
23 7231
40 97039
20 35748
49 38014
33 47652
33 47710
33 47868
29 139752
56 23701
52 25427
40 97857
56 23758
29 140066
33 48026
20 36027
29 140266
50 131622
49 38591
56 23938
51 72080
20 36247
46 72181
20 36357
20 36475
23 8686
20 36746
20 36837
20 36847
50 132533
50 132569
47 7442
52 26297
40 97972
51 72999
46 73158
56 25216
29 141369
51 73544
29 141596
52 26719
33 49001
52 26726
29 141664
40 99011
33 49400
46 73541
52 27062
29 142186
47 9160
51 74322
49 40035
47 9348
20 38246
52 27452
33 49735
50 134195
49 40397
20 38538
49 40526
20 38671
46 74625
51 74742
23 11833
56 26418
46 75209
52 28328
52 28444
47 9710
20 39550
33 50710
52 28631
46 75319
40 100339
23 12757
29 143550
52 28937
49 41343
29 143687
40 100697
46 75673
33 51267
56 27237
49 42055
56 27451
47 11045
40 101634
51 76718
47 11293
56 28148
52 29975
50 136378
47 11435
33 52146
56 28654
50 136764
47 12025
47 12103
49 42876
50 137098
20 41383
56 28989
49 43372
49 43472
40 102737
56 29374
33 53280
51 77901
50 137596
29 146030
29 146068
51 78207
49 43754
51 78352
20 42409
49 44062
20 42521
49 44142
50 138250
33 53957
46 78627
52 31832
47 13187
33 54383
47 13445
29 146456
40 104129
52 31955
52 32003
29 146589
49 44966
33 54618
50 138604
52 32500
56 30693
29 147093
50 138674
40 105159
29 147623
47 14346
23 17449
51 80009
51 80052
29 147934
56 31300
52 33242
47 14739
51 80220
51 80319
33 55754
56 31608
20 44622
51 80648
51 80795
29 148217
56 31967
33 56131
49 46267
49 46310
33 56175
51 81020
29 148511
47 15540
52 33834
52 34022
49 46756
49 46813
40 106898
49 47061
29 149306
29 149517
52 34561
29 149539
33 56961
23 18711
49 47426
52 34716
40 107348
52 34844
29 149682
51 81942
20 46335
51 82552
56 33664
56 33799
56 33828
52 35426
50 141646
40 107790
20 46923
50 141785
31 3696
23 19431
49 48460
33 58432
51 83518
47 17886
20 47803
23 20393
31 4867
47 18094
47 18119
47 18145
31 5068
52 36556
51 84268
20 48190
20 48303
50 142845
31 5320
56 35238
52 36909
33 58907
33 58911
23 20853
31 5686
31 5815
20 48691
29 152246
29 152459
31 6125
49 49723
29 152757
33 59687
51 85884
33 60018
31 7080
23 22238
56 36669
40 110847
50 144428
31 7460
50 144444
56 36903
50 144521
40 111134
33 60431
40 111435
31 8056
50 145056
47 20018
52 38425
40 111616
49 50739
33 61155
51 86767
33 61218
23 22853
23 22955
47 20638
29 153925
23 23040
33 61479
33 61576
56 37933
31 9009
49 51604
40 112215
23 23609
47 20973
40 112373
29 154436
52 39737
49 52014
56 38360
23 24203
56 38550
56 38677
52 40280
33 62030
29 155228
40 112985
33 62236
23 24682
21 47
49 52638
31 11004
47 22348
23 25321
20 52284
21 970
52 40853
29 156453
33 63173
33 63192
23 25433
20 52746
51 89137
47 22938
51 89253
33 63418
51 89475
29 156643
23 25970
40 114328
20 52971
47 23336
29 156904
47 23386
23 26095
40 114464
49 53980
47 23669
40 114693
47 23714
31 12170
31 12299
49 54426
40 115058
33 64207
31 12596
33 64526
52 42315
51 90268
21 3122
40 115401
20 54117
51 90355
52 42878
56 41415
51 90466
23 26923
56 41530
33 64984
52 43207
31 13749
31 13750
51 91088
20 54715
51 91172
31 13990
49 55248
56 42055
33 65481
49 55773
51 91419
31 14570
49 55829
21 4796
33 65911
49 55992
49 56031
51 91910
29 159354
23 28336
56 42578
52 44242
49 56244
29 159637
40 117272
40 117281
33 66263
47 25750
21 5859
20 55945
51 92471
23 28713
56 43281
49 56602
23 28961
51 92857
21 6569
56 43720
56 43758
52 45279
51 93189
52 45528
31 15972
29 160755
20 57334
20 57346
21 7215
51 93551
52 45773
23 29722
29 161005
52 45922
52 46020
21 7543
56 44277
40 118455
29 161475
47 27493
47 27623
21 8175
49 58547
29 161956
47 28000
40 119166
20 58282
23 30771
33 68458
47 28144
31 16963
23 30845
21 8795
20 58519
29 162205
47 28236
31 17379
20 58903
20 58904
21 9416
56 45669
47 28518
51 95626
51 95645
56 45898
23 31494
52 47898
29 162933
29 162996
51 95682
56 46199
20 59515
20 59520
49 59443
40 120617
49 59450
52 48308
52 48387
52 48635
40 121042
49 59937
21 10198
33 70439
23 32573
56 47208
23 32836
20 60228
47 29881
20 60309
47 29912
31 19406
56 47521
20 60581
20 60592
49 60810
56 47742
40 122032
30 131
52 49659
52 49985
47 30560
33 71541
49 61385
20 61026
51 97691
52 50322
49 61804
21 11878
31 20552
31 20583
40 122824
51 98309
31 20824
51 98481
21 12393
49 62017
56 49006
56 49030
23 34558
40 123181
21 12664
51 98942
30 1987
33 72827
31 21297
31 21452
51 99020
47 31840
51 99075
51 99091
20 62607
20 62617
33 72882
20 62668
30 2625
30 2661
20 62790
30 2773
40 123860
30 2956
40 124253
52 51063
20 62968
51 99610
56 49561
51 99709
49 62981
33 73697
49 63092
52 51385
52 51415
30 3695
52 51569
52 51718
52 51766
31 22681
21 13930
30 4331
20 63327
30 4492
20 63758
51 100347
56 50824
49 64113
23 36519
47 33549
51 100917
47 33656
40 125294
40 125390
49 64341
40 125580
49 64428
21 14883
20 64505
52 53029
20 64689
47 34470
30 6192
52 53505
30 6402
49 64854
23 37204
47 34788
30 6470
47 34802
21 16050
49 65246
23 37656
31 24522
49 65458
51 101808
49 65710
30 7275
31 24973
23 38142
49 65832
23 38278
23 38287
33 76115
47 35279
49 66158
52 54729
51 102834
51 102883
47 35941
56 53078
47 36023
33 77210
30 8635
56 53175
40 127606
56 53314
23 38876
33 77338
49 66626
33 77536
23 39130
51 103207
40 128069
49 66918
49 67096
40 128497
40 128531
20 67938
40 128650
51 104397
30 9601
21 18612
30 9936
49 67762
21 18897
49 68029
56 55082
21 19063
20 68827
30 10535
21 19167
56 55318
51 105221
47 38146
40 130105
31 28221
23 41154
21 19621
40 130271
56 55714
23 41388
47 38456
51 105643
52 57946
47 38779
30 11848
33 79498
30 11963
21 20167
21 20210
40 131011
20 69983
20 70062
31 29268
40 131253
52 58709
56 56842
56 56866
23 42538
56 56892
40 131588
21 20507
23 42738
56 57186
30 12577
52 59426
47 39704
20 70992
52 59662
23 43105
49 70224
56 57717
23 43205
49 70500
33 80978
30 13464
49 70857
52 59918
20 71685
30 13735
21 21722
31 30186
23 43985
30 13880
56 58253
21 21885
52 60601
51 108430
56 58708
47 40871
30 14292
31 31238
20 72618
49 71757
49 71818
49 72356
20 73044
33 82776
31 31542
47 42117
33 83005
33 83134
20 73686
31 32006
23 45700
47 42602
33 83626
30 16239
20 74179
49 73265
47 42850
52 62237
23 46004
51 110218
36 346
23 46200
49 73903
20 74585
36 809
23 46647
51 110862
51 110880
21 25095
47 43698
20 75023
51 111078
47 43903
20 75270
36 1472
52 63390
31 33996
56 61386
20 75741
33 85136
52 63684
56 61629
51 111672
47 44305
47 44404
30 18540
56 61950
21 26119
21 26202
47 44934
23 48131
20 75957
49 75154
49 75157
51 112502
36 2832
49 75299
36 2935
49 75423
56 62796
36 3149
20 76579
36 3201
47 45491
47 45522
52 64117
20 77126
23 48983
36 3737
51 113283
36 3944
30 19393
47 46016
47 46018
36 4087
33 86726
36 4132
49 76210
51 113711
33 86876
20 77576
47 46586
20 77650
20 77671
47 46926
47 46957
56 64039
47 47191
33 87637
21 28120
56 64192
21 28358
23 50702
52 66071
56 64632
30 21165
52 66593
36 5857
47 47732
23 51036
49 77849
56 64913
49 77925
51 115330
51 115352
36 6424
51 115425
52 67098
36 6860
33 88644
21 29593
51 115904
51 115919
31 38450
47 48646
56 66173
52 68174
52 68270
33 89597
47 49187
33 89668
36 8267
30 23354
30 23423
47 49538
56 66972
33 90060
33 90176
30 23929
30 23995
56 67224
20 81251
21 30716
21 30783
56 67422
56 67631
30 24465
56 67778
33 90984
52 69794
47 49985
31 40497
23 53869
51 117979
20 82065
49 80470
33 91379
47 50380
20 82327
51 118546
30 24808
47 50747
47 50914
20 82666
52 70433
20 82721
31 41054
31 41124
52 70636
36 10649
36 10746
52 70794
47 51465
21 32439
21 32641
20 82933
49 81709
21 32993
30 25969
51 119582
20 83211
33 92649
20 83271
47 51633
33 92737
23 55510
33 92877
56 69297
47 52017
49 82173
21 33523
49 82219
20 84072
31 42967
30 27073
52 72282
56 70344
36 12759
36 12778
56 70481
56 70502
23 56644
33 94270
21 34686
30 27914
20 85010
36 13410
21 34836
30 28022
32 490
49 83677
30 28360
47 54289
33 95237
32 1064
20 86037
32 1577
49 84433
21 36098
56 72193
23 58557
33 96093
47 55091
49 85192
36 15357
36 15437
31 45305
31 45375
21 36896
30 29725
32 3310
21 37165
52 75116
30 29872
30 29901
30 30007
33 96837
47 56017
31 46127
56 73278
30 30185
23 59212
32 3802
47 56482
56 73710
32 4065
47 56609
32 4127
30 30345
49 86154
52 75745
56 73951
36 16733
31 46403
56 74089
56 74168
32 5004
31 46920
32 5123
32 5200
56 74513
23 60361
20 88600
31 47350
33 97895
20 88769
36 17351
31 47524
32 5558
30 31570
56 74916
21 38730
31 47877
23 60942
20 89273
47 58097
52 76897
20 89378
30 31763
20 89653
36 18141
32 6732
56 75755
30 32555
33 98858
32 7610
21 40080
36 19389
20 90058
21 40207
23 62115
31 48496
31 48522
47 58563
36 19412
52 78341
31 48864
52 78394
36 19636
36 19660
20 90365
36 19691
47 59046
33 99840
47 59387
23 63024
23 63087
23 63152
30 33781
56 76746
32 9285
21 40889
56 76953
21 41140
21 41278
21 41376
31 49828
31 49853
20 91733
23 63545
20 91800
31 50110
31 50294
21 41599
47 60182
49 90634
47 60572
32 9970
33 101246
56 78117
52 80097
47 60783
56 78251
32 10508
30 35668
32 10789
20 92916
49 91469
23 65018
47 61567
21 43063
47 61680
20 93482
20 93517
21 43248
33 102610
31 52161
31 52222
52 81317
33 102805
32 11636
31 52399
30 36727
33 103051
20 93976
36 22873
31 52527
33 103177
52 81717
36 23129
23 66223
33 103469
36 23237
32 12192
36 23361
21 44539
36 23783
56 80029
36 23897
47 62685
36 24063
21 44844
20 94958
31 53168
56 80070
36 24273
56 80281
36 24310
32 12404
56 80488
36 24348
56 80749
34 337
34 540
52 83158
33 105079
56 81514
34 1010
34 1211
21 45969
34 1239
47 64242
34 1520
34 1652
23 68325
20 96687
31 54849
56 81824
34 2104
52 84059
33 105943
52 84200
20 97193
47 65481
56 82640
21 46930
52 84833
21 46950
32 14631
52 84993
21 47106
56 82949
34 3161
20 97718
21 47377
20 97753
20 97846
34 3626
33 107184
34 3675
21 47700
23 69662
36 26721
56 83205
21 47791
20 98427
34 4122
47 66175
33 107328
30 40446
56 83355
30 40571
47 66461
23 70257
21 48105
52 85966
34 4850
23 70393
47 66932
36 27888
56 84426
33 107747
56 84562
33 107817
30 41583
30 41743
34 5739
21 49379
34 6006
34 6082
33 108614
33 108822
34 6317
31 58391
32 17013
33 108846
30 42394
32 17418
21 50378
56 85629
34 7051
47 68269
20 100649
33 109368
47 68356
30 43018
24 132
32 18220
24 415
33 109942
33 110015
24 706
32 18442
21 50595
56 86491
33 110463
32 18727
52 88688
31 59779
34 8562
34 8638
52 89036
24 1809
31 60196
32 19347
31 60212
20 101803
47 70154
20 102101
56 87661
56 87745
34 9763
20 102463
36 31168
56 88042
21 51989
52 89851
33 111684
31 60638
21 52227
24 3442
52 90333
20 103031
52 90456
52 90461
20 103287
56 88635
33 112519
32 20798
21 52944
20 103739
30 46497
30 46548
31 61640
32 20893
31 61690
47 71706
21 53307
21 53338
20 104154
47 71929
33 113137
24 5515
33 113365
32 21991
32 22027
36 33190
47 72452
52 91337
21 54112
36 33507
20 104585
33 113581
21 54257
34 12194
20 104936
30 47744
52 91869
24 6507
52 92007
20 105301
21 54686
56 90054
52 92304
31 63118
24 7021
52 92490
24 7145
36 34389
20 105927
21 55280
20 106113
33 114941
30 48702
33 114989
56 90984
33 115006
30 49104
47 74466
34 13482
33 115378
20 106661
21 55999
20 106672
32 24426
34 13723
33 115762
24 8604
20 107348
36 35943
21 56532
32 24597
36 36076
32 24657
36 36135
20 107392
32 24679
32 24884
20 107811
33 116514
31 65246
24 9907
31 65744
34 15205
36 37179
52 95245
20 108843
24 10370
31 66178
20 108890
56 93566
56 93718
32 26225
56 93893
56 93942
24 11184
24 11215
24 11251
31 66431
30 51425
32 26768
34 15936
34 16019
30 51916
36 37751
21 58645
36 37782
30 52039
32 26894
21 58711
36 37977
21 58830
24 11821
33 118116
52 96463
33 118183
34 177598
34 177731
34 16706
52 96777
52 96797
56 94879
52 96923
56 95077
36 38711
34 178216
34 178244
33 118885
33 118987
32 28013
33 119160
34 17744
32 28761
24 12767
34 179095
52 98001
33 119924
52 98274
33 120058
33 120196
20 111543
31 69375
34 18713
30 54375
21 60698
21 60768
34 180080
30 54741
32 29506
20 112749
36 40892
36 40911
34 19284
31 70361
34 19361
21 61503
21 61691
52 99704
56 97770
32 30274
56 98044
20 113665
24 15045
34 181452
36 41699
34 20105
34 20149
31 71466
31 71487
21 62439
34 181901
21 62596
56 98311
52 101035
24 16049
34 20557
33 122862
34 182226
31 72066
21 63122
56 98949
21 63228
56 99076
21 63310
20 114881
20 114970
20 115243
24 16675
52 101481
56 99516
52 101750
52 101830
32 32455
36 43595
31 72595
24 17339
34 183459
31 72787
31 72848
56 99894
20 115853
32 32833
36 44103
34 184115
31 72953
21 63943
20 116379
34 184434
31 73147
30 57887
36 44316
33 124310
21 64288
30 58126
31 73512
21 64508
31 73615
24 18136
30 58464
34 22998
36 45056
34 23150
24 18931
24 18947
20 117404
36 45536
36 45572
32 34300
34 185689
34 185714
33 125551
33 125783
52 103831
33 126090
56 102065
30 59895
52 104171
34 24315
34 185986
36 46263
32 35388
34 186539
52 104780
36 47119
34 186969
24 20626
24 20760
24 21086
36 47680
56 103601
56 103738
52 105691
21 67511
34 187409
36 47896
57 198
56 103962
24 21443
57 476
24 21504
31 76606
52 105810
33 127960
52 106295
34 26033
34 26043
33 128121
34 26223
33 128154
52 106578
34 188357
57 1117
56 104785
52 106863
33 128428
24 22160
36 48778
33 128483
57 1496
24 22471
56 105138
36 49287
30 62528
33 128627
57 1881
31 77789
57 2157
30 62975
21 69130
21 69233
30 63103
57 2382
32 38000
24 23103
57 2602
34 27376
57 2719
32 38236
34 189654
52 107842
56 105862
21 70034
30 63683
31 79015
24 23706
34 28268
57 3519
21 70292
24 23901
30 63923
56 106581
33 130079
57 3935
30 64277
30 64311
34 28811
30 64452
31 79573
32 38995
36 50852
56 107278
33 131025
56 107450
33 131139
32 39501
36 51106
57 5111
32 39684
33 131451
57 5443
56 107850
57 5646
57 5754
32 40031
36 51551
33 131697
24 25590
33 131943
34 192579
56 108438
21 71814
34 29969
24 25869
57 6632
56 108719
30 66276
34 30243
57 6762
52 110764
32 40512
57 7034
32 40578
24 26122
31 81610
33 132627
57 7440
34 30899
57 7571
34 30969
30 66897
21 72675
31 82447
36 53288
24 27050
30 67116
36 53509
52 112339
21 73510
36 53737
32 41883
30 67498
26 329
36 53974
52 112584
32 42069
31 83294
30 67761
57 9201
32 42263
31 83687
36 54129
57 9559
26 773
32 42613
32 42624
57 9650
36 54334
52 113295
26 1825
21 75085
57 10041
52 114202
52 114288
27 2885
26 2362
26 2600
52 114618
34 34022
26 2939
33 135942
32 44607
21 76101
36 56464
30 69986
33 136182
31 85305
30 70129
52 114954
36 56823
30 70615
30 70618
26 3877
26 4039
57 12184
26 4188
34 35188
32 45624
32 45696
30 71440
24 30910
52 116130
34 35608
21 76924
26 5036
34 35712
31 86603
31 86722
31 86802
26 5413
32 46497
32 46554
21 77687
52 116868
52 116890
31 87379
34 36467
26 6042
33 138316
31 87577
21 78079
57 13598
32 47227
57 13856
57 13951
24 32467
32 47734
36 59041
31 88113
31 88222
31 88254
32 48197
36 59411
33 139168
36 59452
30 73500
30 73558
31 88729
57 14539
52 118659
26 7579
33 139568
26 7910
24 33956
27 10735
36 59683
57 15701
34 38478
24 34110
32 48902
21 79895
21 80260
30 74459
31 90091
36 60437
34 39084
30 74814
57 16514
33 141033
24 35323
31 90710
33 141282
36 61170
34 39284
30 75615
57 17438
32 50296
33 142045
24 35885
34 39804
27 13569
33 142360
32 142275
21 81489
26 10940
32 50829
32 142613
32 50863
26 11004
26 11119
21 82119
21 82305
32 51271
32 142981
24 37199
21 82543
34 40904
32 51751
32 51811
34 41134
32 52125
34 41392
32 143468
32 143558
32 143575
34 41676
33 144079
32 143621
34 41904
21 83265
30 77450
31 93317
21 83490
31 93566
21 83770
24 38457
32 53193
33 144826
33 144856
33 144990
32 144857
32 144920
32 53531
27 17481
36 64618
21 84511
57 20912
27 17745
33 145719
27 18634
32 54252
21 85121
24 39798
21 85341
32 145853
31 95664
32 54645
21 85518
57 21857
57 21904
21 85720
32 146654
21 85825
26 14566
26 14568
57 22204
34 44646
26 14921
31 96355
36 66564
32 55633
32 55712
26 15460
26 15697
32 55787
30 81055
36 67101
27 20850
21 87288
36 67461
31 96820
33 147805
32 148061
36 67571
36 67586
21 87508
31 97028
31 97145
30 81680
31 97420
31 97437
34 46129
36 67957
31 97501
26 16884
36 68101
26 16974
26 17340
32 148740
30 82498
30 82516
57 24678
33 148438
57 24827
32 149165
57 25124
24 43233
36 69226
26 17597
32 149489
34 47267
30 83156
34 47327
34 47681
21 88934
31 99214
57 25496
34 48006
34 48176
57 25674
21 89651
57 25702
36 69680
26 18807
33 150147
30 84030
32 58893
57 26166
33 150476
24 44923
30 84429
57 26486
21 90279
31 100068
24 45000
32 59165
26 19625
24 45115
24 45199
57 26963
34 48890
31 100731
33 151138
27 25113
24 45713
31 100884
24 45745
36 71060
21 90883
33 151488
36 71149
32 151447
32 60231
32 60570
24 46330
33 152060
36 71942
33 152197
32 152116
32 152230
33 152493
57 28483
57 28597
21 91596
33 152663
21 92093
24 47291
31 102668
36 72872
32 153211
36 73001
30 86902
32 61321
34 51037
26 21489
31 103211
36 73689
26 21777
26 21809
36 73930
27 29096
34 51606
26 22363
33 154163
33 154254
30 87887
32 154525
34 51827
33 154636
26 22944
26 22948
32 155095
57 30741
30 88789
33 155085
31 104100
26 23240
31 104305
57 30908
21 94276
32 63482
21 94329
32 63556
33 155567
57 31520
27 31924
57 31769
31 105245
32 155998
57 31856
26 24314
57 31956
57 32078
57 32172
57 32281
26 24631
32 156691
30 90416
21 95491
27 32658
31 106087
32 65076
30 90645
31 106261
32 65379
31 106611
36 77160
36 77262
36 77338
37 180
37 351
26 25786
30 91556
32 66010
36 77853
34 55629
36 78354
34 55806
57 34126
32 66664
36 78571
36 78891
36 79018
57 34965
21 97841
36 79146
38 439
37 2173
37 2200
34 56507
38 685
21 98411
30 93453
38 1070
26 27463
38 1225
38 1300
37 2972
34 57515
37 3118
31 108992
26 28248
32 67887
21 99089
38 2070
37 3733
27 36889
31 109530
36 80226
32 68450
36 80287
37 4244
32 68543
57 36910
36 80437
32 68628
34 58599
26 28956
21 99788
31 110014
37 4590
27 37762
32 69223
28 1583
38 3316
38 3346
36 81217
31 110450
21 100552
36 81911
37 5938
37 5958
28 2932
37 6071
57 38119
36 82130
30 96157
34 59671
38 4600
32 70242
26 30186
36 82363
32 70404
31 111474
32 70473
30 96269
38 5100
57 38621
32 70704
37 6842
38 5339
21 101220
26 30659
26 30676
34 60501
28 4817
30 97140
38 5847
37 7605
32 71333
57 39254
21 101640
34 61399
36 83853
21 101918
21 101928
26 31831
31 112875
26 31857
36 83912
38 7056
26 32137
37 8870
57 40084
57 40474
31 113489
31 113542
34 61859
26 32829
37 9864
36 85349
21 103195
34 62477
32 73208
32 73289
32 73330
34 62852
21 103449
34 63119
38 9037
31 114518
36 85713
26 33751
21 104057
26 33973
57 41932
38 9660
57 42001
38 9731
26 34159
21 104461
27 44110
27 44207
57 42952
36 87063
26 34809
32 74722
30 100991
32 74923
36 87405
31 116097
30 101291
37 12119
57 43420
34 65217
57 43950
21 106171
32 75183
36 87998
31 117202
57 44281
30 101752
38 11923
30 102127
26 36228
26 36277
38 12445
36 88857
30 102981
36 88996
21 107056
31 117730
37 13267
34 66280
26 36925
37 13834
34 66859
21 107582
34 66925
21 107806
38 13126
57 46388
28 14948
36 89757
38 13698
38 14005
37 14828
30 104618
38 14336
30 105088
31 120041
32 78508
36 91337
32 78702
36 91365
38 15317
36 91640
38 15580
37 16436
37 16454
36 91926
57 48779
36 92127
36 92158
21 110324
30 106000
28 17645
32 79334
26 39843
32 79387
38 16299
31 121480
37 17665
34 70160
34 70182
34 70394
34 70438
26 40469
36 93194
38 17322
57 49932
36 93474
34 70987
36 93519
32 80842
30 107472
37 18463
26 41206
31 122465
28 20406
34 71453
38 18300
28 20890
26 41541
31 123299
38 18697
36 94754
26 42201
32 82100
57 50909
34 72499
36 94978
57 51017
57 51175
57 51540
31 124020
36 95374
32 82865
36 95645
38 19548
32 83233
38 19742
21 113333
30 109848
37 20534
30 110082
21 113740
30 110313
26 43534
26 43554
36 96210
26 43614
31 125216
36 96636
38 20086
57 53200
38 20484
30 110736
37 21544
37 21655
36 97265
26 44759
31 126251
31 126256
37 22045
57 53868
26 44910
38 21225
36 97719
57 54133
38 21386
32 85217
30 111423
37 22872
36 97917
28 24847
21 115542
38 22274
21 115706
37 23181
31 127501
37 23418
21 115995
37 23512
31 127755
31 127946
57 55646
27 59939
30 112736
30 112816
34 76842
21 116377
32 86541
21 116425
38 23089
57 56101
36 99392
30 113513
30 113516
38 23453
57 56286
57 56325
26 47214
30 113597
36 99819
38 24246
34 77669
57 56715
57 56721
34 77692
34 77710
26 47885
26 48007
31 129202
32 87417
30 114449
26 48310
21 117963
38 24764
32 87700
27 61616
57 57726
57 57791
57 57858
37 25823
31 129610
34 78393
34 78438
34 78596
21 118718
36 100967
31 130165
36 101088
34 79191
36 101198
57 58563
38 25443
30 115230
31 130590
26 49378
36 101438
26 49391
30 115392
38 25686
34 79668
31 130809
21 119500
38 25923
30 115732
32 89861
30 116386
37 27294
32 90096
37 27366
21 120049
34 80849
57 59784
31 131880
36 102942
36 102961
32 90391
21 120224
30 117070
31 132214
36 103352
36 103359
37 28478
32 91329
37 28815
34 81763
32 91556
36 103875
30 118026
38 28499
57 61189
37 29007
26 51363
57 61452
32 91695
32 91836
26 51723
37 29505
57 61691
21 121705
28 34120
26 52064
37 29896
31 133589
38 29303
32 92410
38 29389
32 92527
34 83194
32 92767
26 52496
57 62863
28 34969
37 30220
31 133902
38 30039
37 30774
26 53392
38 30347
21 123441
26 53636
36 106495
37 31279
32 94192
34 84529
32 94411
36 106848
57 64122
30 120909
27 69984
38 30998
30 120947
37 31832
34 85179
21 124335
21 124339
57 64579
34 85318
21 124541
21 124678
36 107536
21 124805
30 122098
32 95461
30 122197
38 31987
28 37970
36 108212
30 122286
57 65439
30 122481
21 125695
36 108566
37 33439
32 96456
31 137083
32 96588
36 108863
36 108890
27 72933
34 86918
21 126342
30 123051
57 66747
37 34175
37 34227
37 34285
31 137606
31 137781
57 67053
34 87649
30 123953
26 57621
26 57633
30 124072
57 67494
31 138626
31 138640
31 138655
21 127242
37 34912
28 40508
37 35387
34 88114
34 88161
31 139140
38 35001
32 98036
31 139191
38 35048
36 110620
38 35521
38 35545
36 110808
32 98448
37 36385
36 111286
57 68593
31 140277
37 36851
32 99326
27 76075
36 111982
57 69244
38 36308
57 69561
26 60344
37 37334
57 69750
57 69754
38 36750
28 43001
22 34
30 126424
34 90662
31 141312
34 90754
30 126738
32 100561
30 127020
32 100915
32 100990
22 1173
34 91439
36 113134
38 37779
34 91741
28 44744
37 38583
31 142376
34 92236
38 38108
36 113875
36 113987
31 142951
37 39146
34 92684
32 102102
34 93073
37 39679
57 72270
30 129066
57 72285
32 102944
36 115101
26 64372
34 93975
32 103459
22 6447
37 40288
57 73346
30 130222
57 73444
22 6837
28 47525
37 40628
36 116028
38 40111
32 104257
36 116375
57 73867
57 73886
36 116494
27 82413
32 104352
57 74033
38 40642
37 41120
38 40787
38 40793
27 82871
57 74443
31 145123
22 8155
32 104994
36 117302
38 41346
57 74702
30 131723
32 105521
37 42080
57 75216
31 146188
57 75273
34 96280
30 131989
38 41955
57 75522
30 132061
30 132107
30 132353
57 75835
38 42399
57 75874
34 96701
37 42837
36 119074
37 43060
28 50575
30 133168
31 147339
28 51071
22 10836
26 68599
22 10927
22 10989
36 119213
22 11110
30 133861
38 43672
38 43818
31 148192
37 44244
57 76881
34 97822
34 98018
22 11886
57 77401
36 119870
32 107811
32 107979
28 52565
36 120290
36 120363
37 44872
57 77830
28 52848
37 45091
57 78072
30 135038
32 108289
22 13200
38 45235
22 13270
22 13271
38 45480
31 149644
26 71184
38 45660
38 45826
28 54298
37 46128
57 78653
36 121837
30 135640
57 79015
22 14557
37 46592
34 100340
28 55082
57 79473
57 79583
28 55345
37 47272
32 110451
38 47130
32 110453
31 151582
31 151625
57 80261
36 123583
30 137103
31 151957
57 80978
32 111489
36 124107
30 137871
28 56860
37 48272
34 101678
34 101738
22 15941
36 124436
36 124469
30 138237
30 138253
27 91781
32 112399
28 57848
31 153565
38 49040
57 81925
34 102392
30 138801
30 138853
38 49515
38 49631
34 103048
34 103195
30 139535
31 153938
32 113055
34 103668
38 49885
57 83627
34 103763
57 83755
57 84222
57 84257
27 94091
31 155235
30 140730
30 141016
31 155333
34 104414
31 155393
57 84825
31 155650
34 104703
32 114526
57 85582
32 115067
31 156578
57 86026
57 86305
22 19445
32 115485
37 52319
57 86919
22 20514
22 20533
22 20594
22 20672
27 97395
37 53104
57 87597
34 106768
37 53492
57 88006
22 22052
38 53766
30 144778
37 54530
32 116956
57 88272
22 22511
31 158966
27 99053
32 117448
30 145197
38 54338
31 159856
28 64316
30 145525
30 145914
32 118268
57 89463
37 56118
38 55435
38 55498
37 56536
37 56652
57 89942
30 147365
28 65899
38 55848
32 119283
38 56831
38 57058
32 119638
28 66901
38 57177
57 90759
32 119799
22 25630
22 25666
28 67473
38 57815
32 120228
28 68205
28 68273
22 26537
37 58910
22 26970
38 59298
22 27160
32 121332
57 92673
22 27409
37 59510
22 27465
57 92924
32 122050
28 71112
57 93532
22 28135
38 60355
28 72412
22 28414
34 112908
22 28573
34 113074
22 28782
22 28997
34 113344
38 61358
38 61375
38 61580
37 61038
38 62299
38 62301
32 123422
32 123497
34 114032
37 61312
37 61338
37 61421
34 114470
22 30336
32 124444
22 30631
38 63617
22 30666
32 124741
32 125204
34 115584
38 64431
22 31238
38 64532
34 116150
22 31775
32 126018
57 97458
57 97670
37 63833
38 66356
32 126126
57 98220
34 117310
22 32992
38 67190
34 117488
22 33600
34 117681
22 33732
22 33749
34 118026
38 68497
28 81789
37 65894
28 82200
32 127958
38 69086
32 128803
34 119576
28 84041
28 84218
37 67112
22 35272
32 129136
38 70261
38 70487
38 70843
32 129959
34 120590
34 120629
22 35596
22 35599
32 130217
37 68299
34 120923
22 36444
37 69311
27 116911
32 131151
32 131215
32 131241
28 85858
32 132241
34 122628
22 37361
38 72927
37 70041
37 70083
22 38051
32 132667
37 70552
38 73467
32 133603
32 133894
32 133970
32 134003
37 71435
34 124475
34 124645
34 124701
22 40379
34 124981
37 73140
37 73143
22 42317
37 73665
38 76166
38 76438
37 74183
22 43027
32 135790
22 43721
22 43876
27 123304
32 136404
37 74910
37 75085
32 136912
28 95685
38 77771
38 77783
32 137510
38 78123
37 75483
22 45015
38 78724
28 96938
27 125219
32 138617
34 129143
32 138694
34 129151
34 129637
22 46236
37 76610
34 129847
38 79437
32 139508
38 79731
27 127024
32 139854
32 140250
38 80412
38 80600
38 81193
22 50107
22 50162
32 141621
37 78908
37 79072
38 81689
27 129657
38 82009
22 50808
22 50984
22 51050
22 51285
38 82771
22 52125
38 83196
38 83256
28 104032
27 132530
37 81078
34 135553
34 135752
22 53081
27 134169
38 84540
38 84810
38 84888
37 82072
22 54262
22 54392
22 54511
38 85949
22 55215
37 83197
22 55755
38 86266
22 56520
22 57305
38 87400
37 85164
22 57823
38 88066
34 140586
34 140721
22 58352
37 86095
38 88331
38 88599
34 141618
34 142026
34 142337
38 88868
38 89148
22 59473
38 89319
22 59771
37 87366
34 143819
22 61185
22 61746
37 88230
34 145375
28 113883
38 90613
37 88777
34 146008
37 89298
28 115023
38 91287
22 63462
38 91556
38 91666
22 63602
34 147128
38 91957
38 92017
38 92306
37 89749
34 147628
22 64942
37 90705
38 92896
38 93433
28 118215
22 65696
34 148405
22 65875
22 65904
34 148829
34 149328
37 92118
38 94252
28 120556
34 149720
34 149896
34 150000
34 150519
37 93517
37 94094
22 69462
37 94237
28 122891
37 94337
37 94404
34 152553
38 96947
22 70473
22 70500
37 95381
22 70979
38 97742
37 95619
28 125081
38 98164
22 71628
38 98291
37 96150
37 96192
22 71925
22 72592
37 97532
34 155974
34 156242
37 98552
38 99731
37 99124
22 74501
22 74658
38 100706
22 75386
22 75508
38 101058
34 158234
22 75898
37 100180
22 75944
34 158352
38 101449
34 158811
38 102020
38 102162
37 100295
22 77124
22 77347
34 160233
34 160512
38 103220
38 103600
38 103663
38 103923
38 104191
38 104277
37 103486
34 161913
34 161916
34 162021
34 162180
38 106023
38 106048
37 104155
37 104372
34 163132
37 104848
37 105037
37 105174
38 106887
38 107116
38 107311
38 107652
38 108372
38 108482
37 106965
38 109040
37 107216
37 107349
34 166276
34 166526
34 166871
34 166906
38 109955
37 109250
37 109344
37 109499
38 110830
38 110927
34 167952
38 111368
34 168127
34 168184
38 111553
38 111639
37 110018
38 112796
37 110833
38 113032
37 110970
34 170421
38 114985
38 115007
38 115069
38 115989
37 113350
37 113436
37 114069
37 114325
34 174682
38 118367
38 118461
38 119347
38 119351
37 116985
38 120117
38 120641
38 121007
34 177480
38 122340
38 122681
38 123134
37 120887
37 121093
38 125423
38 125559
37 121163
37 121882
37 122254
37 122804
37 123832
38 127570
38 127611
37 124634
38 128130
38 128197
38 128523
37 125076
38 128662
38 128813
38 129411
37 125730
37 126171
37 126989
38 130518
38 130957
38 130959
37 127634
37 128057
38 131363
38 131654
38 131839
38 132373
38 132691
37 129312
38 132857
38 133085
38 133576
38 134727
37 130502
37 131888
38 136177
38 136473
37 132253
38 136562
38 136752
38 136830
38 137466
37 133678
38 137897
38 138143
37 135191
37 135223
37 135288
37 135294
37 136183
37 136808
37 137311
