19 77
48 94
48 116
48 448
39 264
53 521
48 750
48 995
39 777
39 809
48 1192
39 1005
39 1057
39 1096
26 195
43 53
55 107
43 162
21 156
19 480
21 199
56 422
19 519
29 179
53 1444
55 273
29 186
23 396
56 497
26 644
26 756
24 676
53 1694
56 895
55 700
43 770
29 795
56 982
21 810
56 1013
53 1992
53 2019
21 849
48 2644
24 1250
56 1271
21 1024
48 2744
39 2465
19 1398
26 1239
39 2540
19 1483
39 2568
56 1414
19 1513
24 1526
39 2659
53 2462
56 1512
48 3009
53 2491
24 1663
53 2520
29 1477
39 2786
55 1512
56 1659
55 1611
43 1604
29 1772
56 1872
24 2095
43 1852
24 2156
55 2000
26 2073
24 2167
43 2006
39 3347
26 2148
19 2417
48 3714
19 2432
26 2188
39 3537
53 3303
19 2645
56 2491
19 2749
29 2420
56 2575
21 2440
48 4140
24 2700
19 2951
19 3061
48 4334
53 3896
48 4369
21 2778
56 2890
26 2867
43 2849
53 4055
26 2963
21 2903
19 3382
19 3460
26 3163
19 3548
26 3319
48 4894
43 3332
21 3344
39 4663
39 4744
53 4599
56 3617
39 4783
26 3586
39 4866
26 3659
19 4091
39 4914
39 5122
55 3980
53 4969
55 4021
48 5591
53 5053
24 4174
53 5085
55 4229
19 4791
48 5784
24 4333
43 4296
19 4956
24 4541
39 5831
23 6439
23 6491
48 6393
43 4825
24 5025
53 5843
24 5097
53 5906
21 5092
19 5716
24 5386
48 6724
39 6525
48 6767
39 6543
43 5227
53 6265
56 5393
55 5638
53 6360
53 6440
53 6470
23 7394
26 5572
48 7163
53 6697
29 5817
48 7231
48 7258
53 6784
56 6084
19 6680
39 7337
53 6989
56 6174
55 6339
56 6195
21 6545
29 6271
19 6955
19 6978
56 6410
21 6642
19 7043
29 6389
19 7092
39 7651
26 6257
23 8289
56 6670
53 7518
26 6395
29 6724
53 7642
26 6554
24 6940
48 8310
26 6641
24 7038
39 8014
43 6927
29 7086
21 7457
23 8928
26 6870
56 7118
19 7826
29 7187
21 7562
55 7285
43 7235
24 7467
29 7392
56 7398
48 8889
56 7463
53 8401
26 7262
55 7599
43 7481
39 8565
53 8450
53 8566
48 9139
19 8394
24 7892
26 7615
23 9691
26 7672
29 8014
24 8081
48 9444
56 8237
29 8141
56 8258
23 10053
29 8301
24 8413
26 8268
19 9163
55 8581
43 8444
26 8474
43 8590
56 8922
26 8675
43 8709
56 9045
39 9800
39 9806
56 9087
23 10735
55 8978
23 10814
24 8971
26 8895
21 9538
21 9604
23 10945
24 9129
24 9208
55 9334
24 9267
19 10097
24 9295
48 10364
26 9347
55 9583
48 10444
39 9850
43 9509
39 9898
23 11656
48 10666
19 10237
53 10760
53 10818
39 10806
23 12278
21 10414
55 9888
29 9862
23 12650
29 9880
21 10475
29 9946
23 12727
55 10087
29 10202
29 10272
48 11794
21 10899
55 10580
23 13284
48 12022
56 10755
56 10795
53 11802
23 13551
29 10691
21 11288
26 10735
55 10962
29 10823
21 11349
43 10780
43 10936
53 12292
26 11024
23 13992
19 12140
19 12141
19 12162
23 14463
55 11414
29 11460
21 11880
56 11997
26 11700
26 11738
29 12067
26 11974
26 12009
55 12096
29 12174
56 12497
24 11578
26 12156
48 13212
55 12482
39 13427
53 13606
53 13670
48 13867
19 13479
39 14002
53 13814
23 15480
29 12216
19 13597
23 15520
21 12938
43 12583
23 15804
55 12744
26 12849
19 14357
56 12851
24 12676
43 12740
29 12917
56 13238
43 12997
48 14429
29 12966
39 14455
39 14458
29 13015
56 13317
56 13419
26 13175
56 13587
55 13431
21 14197
24 13455
39 15161
23 16803
53 15086
24 13675
19 15238
29 13876
48 15425
55 14220
39 15609
53 15592
48 15605
43 14087
24 14291
48 15779
19 15949
56 14503
21 14778
21 14988
55 14630
56 14947
29 14830
29 14884
21 15195
55 14779
21 15276
56 15326
48 16096
48 16128
39 16156
48 16164
56 15711
21 15841
19 16364
21 15909
55 15355
48 16477
19 16469
43 15408
53 16710
24 15202
23 17801
26 15386
19 16624
48 16679
24 15379
24 15477
24 15479
19 16726
24 15579
19 16751
39 16867
24 15618
19 16775
23 18229
26 15802
19 16840
24 15801
53 17355
56 15990
39 17079
24 15869
23 18316
23 18359
39 17250
29 15701
19 17275
55 16016
19 17346
19 17592
24 16117
55 16157
39 17466
56 16520
39 17630
21 16846
55 16234
43 16299
21 16978
21 17165
21 17198
24 16475
24 16486
55 16730
48 17856
24 16511
53 17899
21 17276
53 17975
24 16631
21 17360
55 16933
29 16857
56 17282
19 18151
39 18039
39 18042
55 17168
23 19660
29 17123
26 17326
55 17307
43 17057
48 18604
23 20077
53 18747
56 17614
43 17405
19 19005
21 17914
29 17386
29 17421
26 17532
23 20469
29 17518
23 20594
48 19002
29 17672
39 19002
53 19205
48 19218
39 19204
29 17944
21 18363
56 18192
48 19356
26 18060
26 18067
56 18442
55 18324
53 19625
29 18417
26 18386
56 18610
24 18499
43 18547
21 19001
23 21163
21 19042
53 19951
24 18782
19 20187
23 21321
24 18886
23 21381
26 18992
48 19724
24 19266
55 18965
55 18989
24 19366
23 22296
39 20059
48 20136
55 19266
48 20208
39 20313
26 19629
55 19476
19 20547
48 20464
19 20630
39 20753
24 19740
24 19789
43 19345
43 19389
39 21015
43 19445
29 19186
43 19544
39 21151
53 21061
53 21091
23 22802
53 21202
43 20087
23 22959
29 19940
24 20130
23 22998
23 23003
53 21465
43 20502
23 23138
23 23183
48 21332
29 20316
39 21413
29 20377
55 19950
39 21443
23 23426
55 20120
39 21654
39 21679
24 20950
19 21866
24 21089
43 20784
56 20830
43 20887
43 20896
48 22051
56 20993
19 22387
19 22472
21 20711
39 22436
53 22333
19 22741
26 20587
39 22574
56 21178
26 20736
56 21358
53 22730
23 24413
23 24475
19 23210
26 21037
26 21044
43 21701
55 21338
48 22625
39 22821
26 21208
29 21598
24 22169
24 22221
23 24671
24 22583
56 22086
43 22327
24 22939
48 23137
24 22976
39 23421
39 23515
26 21457
19 23684
55 22391
26 21560
56 22581
39 23695
48 23524
53 23594
19 23965
43 22917
43 22924
21 22238
26 21881
48 23856
39 24134
53 23905
21 22385
55 22809
56 22947
29 22666
53 24188
48 24000
26 22358
43 23544
43 23558
53 24365
48 24109
48 24182
26 22509
43 23668
24 24180
39 24941
53 24648
24 24261
56 23423
24 24265
53 24811
23 26363
56 23744
43 24174
55 23853
26 23084
56 23878
23 26668
23 26732
21 23526
21 23700
29 23967
26 23220
26 23320
48 25156
55 24246
29 24314
56 24205
48 25408
56 24233
19 25776
56 24313
53 25564
39 25768
48 25549
48 25567
39 25947
26 24107
26 24159
55 25039
48 25863
53 25934
56 25205
29 24646
24 25503
19 26395
24 25675
39 26509
21 25107
26 24480
19 26829
19 26851
21 25334
53 26374
43 25261
53 26628
26 25130
53 26816
19 27330
24 26495
24 26575
19 27414
53 27029
53 27057
29 26036
43 26073
56 26008
39 27525
53 27245
26 25474
26 25498
29 26084
43 26428
24 27195
56 26254
26 25765
43 26562
21 26291
56 26581
56 26583
19 28399
55 26898
39 28175
21 26581
53 27639
19 28608
19 28655
21 26799
21 26820
48 28331
29 26440
53 28008
23 29649
24 27729
43 26682
53 28161
43 26785
43 26888
29 26905
53 28439
29 27111
24 28344
19 29196
48 28476
43 27247
26 26803
23 29866
24 28564
39 28814
55 27379
48 28814
21 27601
29 27609
48 28931
48 28945
55 27728
48 29006
39 29286
19 29701
48 29181
19 30082
29 27860
55 28465
53 29465
53 29532
26 27592
53 29576
24 29496
29 28193
29 28303
21 28593
29 28351
29 28355
39 29564
24 29835
48 29393
26 28059
39 29703
39 29711
23 31361
39 29817
39 29868
39 29959
26 28449
56 28977
56 29152
55 29321
53 30077
23 31678
26 28872
39 30772
29 29046
19 31524
39 30887
23 32303
19 31706
23 32465
53 30910
26 29463
39 31098
26 29491
24 30555
24 30569
24 30572
19 32006
43 29738
55 29962
39 31377
48 31072
23 32875
43 29941
53 31428
39 31569
19 32429
56 30404
55 30264
23 33188
48 31534
48 31641
53 31719
53 31772
53 31814
19 32698
53 31898
29 30353
23 33431
39 32117
24 31807
26 30181
56 30916
29 30727
21 30944
23 33796
19 33421
23 33820
26 30442
24 32281
53 32298
29 31060
21 31444
39 32488
39 32566
53 32659
43 31158
19 33575
53 32847
43 31373
39 32896
19 33810
24 32609
23 34358
48 32711
19 34071
19 34157
48 32827
55 31856
48 32843
48 32914
39 33464
21 32046
53 33094
56 32063
48 33135
23 34909
29 31827
56 32426
19 34538
43 31782
26 31566
24 33438
55 32335
26 31716
21 32513
43 32057
21 32893
56 32472
21 32912
24 34002
24 34013
43 32462
56 32571
56 32601
56 32768
19 35286
48 33959
24 34295
24 34371
26 32470
21 33433
19 35863
26 32588
21 33580
39 34953
26 32733
29 33188
23 35652
26 32812
26 32881
26 32894
48 34679
24 34742
23 35959
29 33575
43 33491
53 35392
48 35192
56 33933
21 34108
53 35485
56 34000
56 34007
23 36513
24 35342
53 35666
23 36678
21 34473
26 33679
29 34293
23 36747
43 33878
19 36810
23 36874
21 34739
43 34112
19 36983
39 35652
26 33911
19 37005
43 34253
48 35261
53 35929
48 35306
43 34455
56 34449
29 34576
24 35808
43 34613
24 35849
21 34872
39 35855
26 34043
48 35580
26 34173
26 34199
39 36049
29 34778
21 35361
23 37167
26 34372
29 34851
26 34421
29 34865
21 35505
53 36430
39 36335
21 35537
56 35085
23 37325
23 37448
24 36427
29 35282
23 37750
53 37052
43 35214
48 36663
43 35243
29 35368
53 37118
43 35276
26 34886
26 34914
21 36279
23 38083
43 35462
23 38222
24 37215
26 35403
53 37425
55 35879
29 36015
23 38559
56 35954
21 36480
26 35741
43 36070
21 36485
48 37319
19 38665
56 36176
55 36302
29 36235
19 39094
21 37162
55 36535
23 38719
43 36420
39 37673
48 37485
48 37646
19 39593
23 39212
55 37029
26 36455
48 37825
56 36990
24 37914
39 38486
24 37998
56 37116
24 38034
56 37244
24 38260
23 39688
48 38214
21 38073
19 40171
19 40287
19 40319
39 38855
48 38473
19 40484
29 37368
24 38828
48 38596
55 37652
55 37712
48 38783
55 37878
53 39148
29 37546
53 39192
21 38290
48 38964
53 39378
21 38296
24 39267
29 38142
21 39027
23 40488
21 39096
53 39631
23 40526
43 38307
39 39439
55 38044
23 40785
23 40829
19 41189
23 40965
53 39880
39 39851
39 39872
53 39949
24 39895
55 38546
19 41610
21 39647
56 38647
48 39208
48 39217
39 40659
43 38547
21 39889
55 39224
21 39908
43 38744
23 41608
26 38815
29 38717
24 40513
21 40264
48 40250
48 40265
48 40293
48 40354
26 39001
24 40850
56 39576
29 39402
53 40742
53 40775
23 42140
26 39281
19 42760
43 39462
19 43012
26 39622
23 42581
26 39656
55 39779
29 39736
29 39867
55 39952
21 40853
48 40900
48 40960
53 41393
21 41164
43 40137
24 41756
56 40650
21 41244
48 41363
40 5
43 40400
55 40635
29 40570
56 40800
53 41736
48 41782
29 40945
29 40967
29 41061
56 41094
40 646
26 40149
43 40861
24 42915
40 824
53 42333
23 44021
53 42379
26 40494
23 44123
29 41306
26 40534
19 44605
19 44614
43 41236
29 41554
53 42748
29 41647
21 42261
26 41257
53 42946
55 41578
21 42443
48 42665
56 41949
40 1905
29 41826
21 42687
43 41515
40 2101
19 45377
48 42925
55 42329
21 42801
55 42429
29 42042
48 43044
24 43617
24 43676
23 44372
53 43049
53 43058
48 43240
23 44482
40 2546
48 43303
40 2579
19 45507
23 44580
24 43929
40 2783
56 42463
40 2896
29 42607
24 44166
26 41832
40 3219
53 43727
48 43738
56 42892
29 42705
19 46272
53 43885
55 43073
19 46378
53 44044
29 42878
24 44678
56 43104
19 46471
21 43591
21 43622
23 45510
23 45533
29 43182
40 3805
53 44446
21 44151
56 43345
21 44316
48 44414
23 45708
19 46853
43 43047
23 45752
43 43069
55 43790
29 43563
53 44634
21 44641
55 43941
21 44654
56 43754
29 43690
21 44702
29 43724
21 44971
29 44109
55 44050
24 45810
48 45111
43 43984
21 45078
48 45166
24 45998
19 47801
56 44366
19 47834
56 44391
19 47858
48 45542
48 45589
29 44592
23 46724
23 46736
48 45946
53 45838
23 46981
29 44991
23 47048
26 44153
24 46631
56 44979
19 48181
23 47166
23 47241
19 48534
53 46058
48 46166
19 48636
53 46162
24 46789
23 47300
55 45468
29 45289
19 48861
29 45516
24 47400
23 47414
48 46474
21 46556
56 45325
24 47539
48 46580
55 45750
19 49157
26 44994
23 47774
21 46850
26 45197
19 49490
55 46106
53 46934
26 45313
53 47081
29 46335
55 46225
23 48138
55 46514
19 49851
43 46130
55 46693
40 8303
21 47563
40 8524
53 47517
56 46574
48 47772
53 47597
53 47605
26 45950
23 48863
55 46956
21 47947
55 47021
48 48279
21 48121
48 48330
26 46699
43 47356
48 48373
53 48292
55 47469
55 47630
26 46835
55 47732
55 47843
53 48820
26 47057
26 47074
43 47692
55 48049
43 47781
55 48352
55 48459
53 49056
29 48006
40 9980
21 49200
26 47525
56 48213
26 47585
48 49029
56 48352
48 49148
26 47842
19 51593
29 48804
43 47952
40 10558
55 48798
43 48191
26 48113
21 49942
48 49588
43 48494
40 10994
26 48419
48 49733
43 48664
21 50151
23 51025
43 48832
40 11214
56 48854
56 48939
53 50268
29 49297
40 11530
29 49404
26 48995
40 11703
40 11738
29 49674
29 49693
26 49093
26 49094
43 49561
53 50449
48 50359
26 49492
55 50296
53 50711
55 50318
53 50745
19 53514
56 49839
43 49794
56 50014
43 49866
48 50927
23 52678
43 49941
29 50567
21 50912
29 50730
43 50287
21 51210
48 51361
21 51268
19 54251
40 12562
26 49854
19 54418
26 49873
29 51216
26 50050
26 50100
29 51331
21 51923
26 50307
23 53109
19 54855
19 54858
53 52294
40 13091
48 51897
53 52555
43 51429
53 52592
40 13254
56 51183
40 13341
48 52019
40 13355
21 52257
53 52788
19 55280
40 13678
23 53696
56 51546
56 51693
55 52206
53 53060
53 53110
29 52325
19 55748
48 52783
53 53247
53 53248
23 54212
53 53273
48 52989
57 610
19 56275
56 52295
56 52352
29 53125
43 52354
55 52660
19 56347
26 51437
29 53439
19 56465
55 52894
21 53704
19 56525
55 52954
53 54014
29 53681
56 52802
55 53330
26 51952
53 54358
26 52111
48 53659
48 53661
56 53191
21 54304
48 54012
57 1995
57 2008
48 54028
19 57161
21 54518
43 53526
53 54751
29 54075
29 54133
26 52499
57 2332
21 54915
48 54456
29 54337
53 55135
19 57765
53 55210
43 53799
43 53893
53 55339
43 53973
43 54028
56 54093
56 54124
53 55555
21 55316
56 54304
48 54784
40 16103
21 55381
19 58129
26 53112
48 54897
21 55580
21 55622
53 55656
53 55744
26 53373
23 56505
21 55907
23 56616
29 55374
55 55144
23 56713
57 3637
53 55958
29 55486
48 55103
56 54755
55 55301
56 54823
55 55370
48 55300
57 3874
57 3905
19 58720
57 3928
53 56041
56 55048
19 58922
29 55740
55 55499
29 55859
40 17229
23 57426
55 55762
48 56020
21 56571
26 54251
56 55267
26 54279
57 5037
21 56677
56 55649
19 59745
53 57040
48 56334
57 5181
43 56002
40 17761
21 56996
57 5350
48 56598
55 56319
26 54705
21 57086
26 54732
40 17994
21 57171
43 56400
57 5599
57 5638
21 57279
21 57491
21 57503
56 56213
19 60394
48 56891
23 58536
43 56705
48 57081
19 60698
23 58946
48 57267
57 6597
57 6715
53 57958
21 57933
43 57080
55 57261
21 58079
56 56786
40 19140
43 57205
40 19153
40 19206
29 57412
53 58678
53 58795
57 7477
53 59004
29 57754
55 57803
21 58501
40 19504
23 59221
21 58546
40 19536
48 57909
56 57777
21 58762
55 58149
48 58194
23 59589
57 8068
43 57789
29 58364
19 61919
57 8531
57 8567
40 19678
19 62249
57 8845
23 60103
40 20098
55 58955
40 20198
55 59008
56 58797
26 57744
57 9345
23 60375
43 58615
57 9491
40 20576
43 58825
19 62770
26 58244
40 20797
21 60154
26 58557
23 60554
19 63356
29 59659
23 60793
56 58929
29 59873
56 59200
23 61114
53 60407
29 59919
48 59712
26 59158
48 59940
55 59346
40 21218
40 21219
55 59775
21 60848
29 60295
43 60374
40 22241
40 22242
40 22386
21 61315
21 61331
56 60381
55 60697
57 10903
29 60794
29 60820
43 60587
23 62250
26 60316
48 60769
29 60960
21 61398
19 64688
56 60819
21 61515
57 11241
55 60839
43 60983
19 64986
19 64998
48 61241
21 61850
53 62046
53 62051
43 61333
57 11399
53 62299
55 61033
55 61066
40 22918
56 61550
23 63267
56 61577
19 65534
57 11916
53 62694
56 61714
21 62310
56 61785
21 62447
26 61640
57 12255
57 12299
29 61738
48 62013
19 65787
21 62778
56 62015
21 62956
40 24049
40 24077
56 62350
23 63948
40 24377
19 66555
23 64215
19 66643
40 24486
19 66763
23 64455
53 63180
40 24589
29 63004
53 63378
29 63035
29 63068
43 62774
43 62847
40 24908
48 62843
53 63788
53 63892
53 63962
56 63568
56 63576
56 63581
29 63373
53 64319
29 63510
48 63339
55 63346
57 14027
40 25037
53 64585
21 64056
53 64604
57 14158
21 64097
21 64235
53 64765
48 63648
40 25360
29 64266
48 63873
56 63938
57 14300
48 64087
29 64365
55 64090
56 64498
53 65273
48 64202
57 14611
19 68655
57 14696
43 64531
29 64631
56 64791
55 64528
57 14832
57 14948
53 65712
19 69101
53 65865
40 26407
40 26512
57 15376
21 65323
43 64871
57 15558
57 15657
29 65811
57 15760
57 15767
29 65852
55 65264
21 65737
43 65270
48 65286
48 65317
53 66323
43 65549
23 67120
56 65375
56 65481
21 66404
56 65486
19 69870
19 69877
21 66507
53 66560
43 65617
40 27341
29 66253
23 67784
55 65958
57 16234
29 66503
29 66526
23 67969
56 66218
55 66159
19 70583
21 66990
29 66905
19 70832
21 67030
57 16901
56 66487
43 66486
56 66590
56 66672
48 66643
43 66771
48 66656
21 67465
55 66738
48 66942
23 68488
26 67993
29 67200
29 67250
53 68058
29 67271
48 67334
23 68909
55 67296
29 67741
19 71548
57 18118
19 71872
29 68232
29 68253
19 71888
19 71969
53 68797
56 68161
57 18393
23 69595
19 72252
19 72319
57 18631
19 72335
48 68222
23 70035
23 70169
53 69458
55 68424
53 69721
21 69915
19 72961
55 68627
23 70371
48 68392
44 2038
44 2087
23 70454
19 73393
19 73423
26 69900
21 70326
40 30412
44 2618
26 70707
29 69987
21 70606
57 19765
44 3009
19 74055
19 74120
29 70377
57 20114
19 74273
40 31270
56 69502
53 70632
55 69479
53 70687
56 69667
44 3534
48 69706
21 70828
56 69844
55 69698
57 20727
19 74661
44 3830
40 31782
21 71242
48 69790
53 71146
57 21015
56 70200
56 70209
48 69899
21 71435
26 71907
53 71325
21 71688
48 70229
56 70251
53 71465
53 71521
44 4550
48 70379
55 70321
48 70419
21 71870
27 411
29 71262
55 70417
56 70494
44 4763
21 72103
48 70592
44 4802
29 71410
21 72156
29 71454
21 72199
21 72203
48 70915
40 32445
44 5248
29 71868
44 5326
29 72198
19 76041
57 21973
56 71137
21 72424
29 72395
53 72131
48 71221
21 72488
55 71179
53 72364
44 5917
40 33403
55 71475
21 72973
21 73112
55 71662
44 6639
19 76706
19 76777
21 73527
44 7001
48 72232
53 73142
55 72228
29 73389
40 34567
29 73405
44 7773
53 73582
40 34657
57 23774
57 23782
57 23803
57 23888
53 73869
29 73766
55 72867
19 77979
48 72791
21 74587
29 73962
56 72937
19 78220
57 24087
57 24216
55 73602
44 8994
40 35381
48 73838
27 7527
40 35488
53 74797
53 74916
57 25019
48 74016
40 35805
48 74188
19 78802
21 75656
53 75200
26 76844
48 74292
55 74128
53 75582
48 74466
48 74532
48 74672
56 74544
48 74839
53 75732
21 76203
53 75864
57 25958
21 76564
21 76565
40 37169
44 10248
57 26243
44 10472
19 80175
57 26378
57 26383
53 76042
19 80298
56 75385
21 76839
57 26596
21 76950
44 10839
19 80670
21 77236
21 77248
44 11131
56 75892
40 37739
56 76057
56 76086
44 11473
48 75793
20 445
44 11560
48 75911
20 606
40 38161
29 77188
29 77229
29 77323
27 11781
48 76315
20 1159
53 77582
57 27811
53 77686
40 38859
53 77901
56 76326
57 28081
48 76668
29 77997
21 78560
53 78571
20 2100
53 78680
21 78840
19 82318
53 78858
57 28664
56 77259
55 77210
20 2477
48 77503
29 78456
20 2599
21 79446
29 78572
55 77489
21 79542
55 77523
19 82857
53 79155
19 82971
56 77833
57 29191
40 39492
57 29225
20 3031
56 77902
57 29306
20 3057
53 79452
20 3173
40 39738
29 79283
55 77866
19 83530
40 39872
56 78189
20 3650
29 79545
44 13922
40 40419
29 79560
21 80304
19 83903
27 14226
21 80560
48 78291
20 4278
48 78369
44 14495
19 84079
57 30075
55 79003
48 78574
29 79968
57 30204
29 80092
56 78619
53 80559
48 78868
53 80738
40 41022
48 79151
29 80594
29 80596
19 84938
56 79427
21 81129
20 5393
55 79170
55 79175
40 41569
21 81220
19 85232
21 81386
29 80869
48 79563
53 81205
44 15462
20 5717
48 79617
27 15974
57 31061
21 81531
48 79860
57 31177
40 42256
21 81896
40 42455
57 31500
53 81753
48 80050
48 80060
20 6727
57 31765
19 86002
56 80250
55 80299
55 80302
48 80396
29 81834
29 81881
48 80477
29 81987
57 32245
20 7389
19 86527
20 7428
48 81002
40 43357
19 86937
19 86995
20 7834
40 43543
40 43555
55 80882
53 82815
55 80948
40 43617
56 81503
29 82778
44 17344
20 8217
44 17503
27 18303
57 32665
44 17525
48 81330
21 83831
19 87224
53 83327
20 8799
57 33123
53 83372
19 87309
40 44153
55 81646
44 17743
40 44228
56 81713
19 87495
21 83966
21 83985
56 81817
29 83343
19 87595
21 84300
20 9428
29 83620
57 33857
27 19218
55 82124
48 82439
21 84787
40 44817
19 88292
19 88298
29 83825
44 18467
20 9960
55 82608
29 84228
44 18818
57 34216
19 88563
29 84612
29 84663
57 34604
29 84848
44 19090
55 83069
57 34868
55 83274
56 83442
57 35267
48 83555
21 85887
27 21090
44 19734
48 83818
27 21296
20 11126
44 19900
44 19980
56 84470
48 84080
55 83906
48 84090
55 83942
55 84128
55 84188
48 84342
27 21787
56 84741
56 84991
40 46979
40 47014
57 36381
48 85099
40 47239
40 47339
40 47410
20 12483
29 86060
40 47545
27 22702
21 87481
48 85229
40 47708
21 87620
44 20971
29 86618
53 87257
55 85116
55 85142
44 21133
55 85220
53 87373
53 87403
53 87464
53 87558
21 88194
20 12774
44 21504
44 21554
57 37404
55 85756
56 86105
56 86126
40 48387
48 86144
56 86527
57 37847
57 37865
55 86202
48 86418
20 13295
55 86292
20 13377
44 21895
20 13741
48 86809
19 92186
57 38107
20 14039
19 92233
44 22579
44 22625
56 87425
21 88919
44 22792
21 88975
21 89011
19 92509
48 87140
20 14394
21 89108
57 38511
40 49054
21 89447
56 87817
56 87993
21 89789
21 89794
56 88103
29 88873
27 25862
53 89055
48 87688
21 90005
19 92984
19 92995
53 89236
21 90220
21 90352
44 23601
20 15162
57 39338
57 39450
19 93467
55 88001
55 88077
20 15519
20 15676
29 89864
55 88207
55 88278
44 24338
19 93950
55 88355
19 94023
56 88806
21 90951
56 88908
56 88984
56 89016
44 24639
40 50416
57 39924
57 40303
40 50565
48 89047
57 40561
57 40571
44 25017
55 88637
55 88664
48 89240
53 90141
21 91178
56 89332
40 51534
57 40799
29 91225
20 16847
57 40835
20 16865
53 90603
57 40868
44 25612
48 89694
44 25984
40 51892
53 91222
57 41381
20 17423
19 95725
21 92308
56 90185
55 89332
56 90298
40 52099
20 17647
56 90587
57 41778
48 90751
55 89929
56 90791
55 89941
19 96549
57 42046
48 90839
29 92391
48 90918
44 26373
55 90309
20 18107
40 53311
53 91839
40 53357
53 91856
21 92978
53 91857
40 53390
19 97123
20 18281
56 91075
44 26757
29 93050
21 93391
21 93410
19 97261
53 92399
29 93230
55 90529
19 97406
57 43007
55 90647
44 27219
21 93755
40 53775
21 93876
55 90970
20 19105
56 91830
44 27561
20 19180
56 92067
56 92088
21 94056
55 91457
40 54530
49 257
49 378
56 92378
56 92412
44 27779
40 54901
40 54907
49 508
29 94132
55 91927
53 93291
20 19672
19 98369
44 27896
44 27922
56 92531
56 92550
49 1167
56 92697
56 92769
29 94744
57 44251
49 1326
29 94829
49 1478
21 95162
49 1628
55 92361
29 95114
55 92381
49 1665
40 55534
55 92524
21 95362
55 92538
49 1774
21 95449
56 93099
20 20229
40 55876
49 2027
55 92894
29 95435
40 56119
40 56134
19 99715
44 29294
49 2363
49 2380
49 2659
49 2780
56 94072
20 21331
19 100035
53 95080
40 56587
55 93654
49 3184
21 96055
29 95763
57 45608
49 3329
53 95254
44 30191
21 96489
49 3655
55 93988
21 96670
20 21746
20 21767
21 96854
55 94270
56 94711
57 46468
40 57591
20 22021
56 94776
40 57657
27 34320
21 97064
27 34763
21 97204
20 22477
56 95170
19 101338
20 22850
40 58302
49 4852
40 58369
53 96717
55 95081
53 96844
53 96909
57 47106
55 95377
21 97700
55 95506
55 95524
53 97120
20 23137
20 23200
56 95930
21 98161
20 23240
53 97365
21 98302
21 98413
20 23738
20 23747
56 95983
49 6341
49 6406
29 97825
55 96140
29 97972
44 32104
49 6611
20 24094
20 24107
44 32182
55 96372
53 97650
21 98618
44 32429
44 32460
57 48389
20 24493
29 98465
56 96854
49 7164
56 96940
49 7204
49 7272
53 98246
44 32788
40 59764
49 7328
49 7363
56 97133
49 7374
56 97163
56 97194
44 32944
29 98779
55 96940
29 98836
19 103728
56 97437
21 99576
21 99632
53 98957
21 99810
55 97394
20 25288
44 33575
20 25507
21 100022
19 104285
44 33727
57 49291
49 9183
19 104460
40 60778
19 104523
57 49442
53 99658
57 49487
19 104664
40 60946
44 34126
21 100542
19 104965
57 49890
19 105060
44 34353
29 100168
44 34381
55 98253
20 26055
19 105219
55 98542
55 98556
29 100589
56 98508
56 98599
57 50442
20 26691
20 26708
53 100087
40 61814
40 61817
56 99224
56 99264
56 99343
29 101304
20 27030
53 100780
40 62440
20 27438
49 11021
19 106365
56 99525
19 106519
44 35800
19 106683
19 106751
19 106804
29 101892
20 27538
53 100821
55 99251
19 107073
49 11313
55 99379
49 11344
53 100965
40 62610
44 36365
56 99867
29 102164
29 102206
49 11730
21 101926
29 102513
40 63091
49 11973
27 41700
21 102243
21 102281
21 102290
21 102364
29 102646
44 36648
19 107395
19 107499
40 63254
57 52101
19 107778
56 100940
57 52225
56 100986
40 63624
20 28741
40 63787
40 63819
29 103130
19 108450
49 12725
19 108577
56 101151
21 102994
55 100974
20 29023
29 103339
56 101217
20 29044
55 101023
56 101338
55 101145
21 103205
56 101622
40 64423
20 29540
19 109052
19 109125
40 64572
53 102717
57 53423
49 13426
21 103647
20 29904
44 38080
19 109527
49 13902
40 65000
44 38353
29 104416
40 65275
29 104688
55 102030
56 102012
40 65577
56 102038
29 104882
55 102257
27 44541
49 14379
57 54423
49 14506
57 54562
49 14672
21 105000
49 14796
49 15178
57 55042
57 55096
55 103061
44 39685
55 103063
44 39717
20 31340
40 66573
44 39978
56 103246
40 66821
53 104995
40 66967
49 15920
57 55800
50 632
40 67441
21 105928
44 40518
44 40560
29 105988
53 105770
50 1020
55 103871
29 106145
20 32032
29 106177
21 106300
55 104049
56 103901
21 106463
56 103968
57 56247
21 106583
49 16654
55 104360
55 104386
50 1562
44 40766
40 67966
50 1741
27 47470
40 68086
27 47493
40 68189
50 1992
20 32803
29 107017
57 56710
53 106599
49 17215
56 104734
53 106873
20 32995
53 107003
55 104823
21 107145
55 104868
20 33168
21 107265
40 68576
55 105161
40 68706
49 17694
20 33556
21 107628
40 68859
29 107937
56 105310
49 17921
20 33771
56 105391
40 69143
20 33887
21 108024
40 69424
21 108204
29 108170
21 108283
29 108447
21 108460
55 106222
20 34134
21 108612
50 4321
57 58449
56 105921
40 69632
50 4426
56 105998
53 108205
53 108231
20 34490
53 108457
49 19333
20 34525
21 108675
20 34640
53 108693
21 108885
53 108796
56 106663
40 70060
53 108849
20 34810
50 5318
20 35178
50 5704
40 70545
29 109812
57 59380
40 70729
44 43757
56 107104
55 107298
55 107335
50 6031
50 6036
40 70964
55 107370
21 109977
40 70982
55 107401
55 107483
57 59494
57 59533
44 44262
44 44285
49 20051
56 107409
57 59660
49 20155
56 107482
29 109967
50 6542
21 110207
29 109989
20 35837
53 109547
50 6618
40 71197
29 110103
49 20344
56 107676
21 110402
50 6881
50 7003
49 20692
55 108208
44 44719
49 20787
21 110509
20 36049
20 36095
44 44824
50 7227
50 7288
21 110702
29 110895
50 7519
57 60542
40 71846
40 71854
56 108315
57 60817
56 108615
29 111239
56 108660
53 110503
40 72341
56 108678
49 21242
50 8154
50 8158
29 111498
53 110875
21 111217
53 111067
57 61256
40 72782
40 72793
55 108925
21 111426
44 45900
21 111444
29 111591
21 111529
57 61614
49 22074
50 8877
27 53243
20 37600
49 22271
21 111935
53 111433
55 109550
21 111977
20 37687
49 22343
44 46244
29 112157
49 22411
20 37838
40 73101
53 111595
57 61964
57 61994
40 73304
40 73333
53 111900
50 9809
53 111991
40 73573
21 112468
49 22652
53 112117
21 112504
53 112175
57 62531
44 46777
21 112572
57 62571
53 112333
21 112629
20 38016
20 38026
55 110148
44 47034
44 47112
20 38305
21 112677
49 22989
57 63213
55 110768
29 113207
45 107
53 113195
27 54269
55 111112
21 113545
21 113582
55 111222
44 47886
20 38996
55 111300
55 111563
50 10834
20 39306
21 113964
45 767
29 114023
40 75065
29 114294
20 39728
49 24617
20 39823
49 24789
40 75505
45 1548
57 64457
44 49272
55 112576
50 12196
53 114713
21 114696
21 114798
45 2416
55 113046
50 12360
21 114881
21 114957
21 115005
20 40184
21 115220
29 115050
40 76411
29 115085
45 2989
40 76545
20 40459
40 76561
55 113492
29 115324
45 3109
21 115660
45 3156
44 49930
44 49935
20 40732
44 50011
53 115441
44 50231
29 115756
53 115617
53 115690
44 50423
20 41093
50 12727
45 3664
45 3765
57 65825
45 3856
44 50650
45 3965
20 41363
21 116113
21 116157
50 12997
49 26647
29 116376
57 66484
44 50792
57 66652
45 4771
44 50928
21 116716
29 116592
40 77884
49 26856
29 116669
50 13700
40 77973
40 78010
29 116738
29 116751
50 13842
20 42044
27 59110
27 59166
45 5346
20 42297
44 51617
28 606
50 14237
45 5529
28 728
50 14329
20 42535
21 117660
44 52064
45 5815
57 67679
49 27959
45 6089
21 117823
40 78782
40 78909
45 6414
57 68102
40 78986
54 895
50 14934
49 28417
54 1136
57 68337
54 1158
40 79370
27 60545
28 2423
29 118234
49 28572
54 1482
50 15415
50 15444
29 118378
49 28729
50 15542
54 1866
29 118709
29 118719
49 29145
40 79934
29 118922
54 2247
49 29419
54 2299
40 80269
50 15946
57 68638
45 8082
29 119184
21 119477
45 8439
50 16311
44 53735
54 3275
45 8659
49 29791
49 29832
50 16625
40 81283
54 3564
54 3675
21 120015
20 45036
29 119941
44 54257
44 54279
57 70010
21 120246
29 120332
54 4179
45 9472
44 54580
21 120463
44 54593
44 54699
57 70169
20 45846
20 45898
21 120908
29 120523
54 4625
21 121126
54 4715
29 120824
28 7901
57 70364
57 70543
29 121152
50 17891
49 31213
44 55376
40 82833
45 9653
50 18195
21 121289
50 18438
54 5783
45 10012
57 71354
54 5874
54 5911
21 121814
21 121823
54 6077
54 6099
29 121963
29 122010
20 46901
44 56318
44 56348
50 18889
21 122212
57 71637
49 32191
44 56513
54 6451
20 47131
21 122388
57 71797
54 6520
49 32303
49 32374
50 19225
50 19396
54 6974
44 56820
44 56831
29 122564
44 56974
21 122876
29 122804
29 122827
21 123020
49 32845
44 57243
49 32926
49 32932
57 72442
20 47936
54 7691
27 66067
49 33279
49 33288
57 72809
20 48291
21 123271
44 57504
44 57531
20 48339
21 123503
57 73043
57 73047
40 84844
54 8422
50 19848
45 12196
45 12226
21 123924
54 8576
49 33592
49 33641
49 33663
21 124214
57 73249
57 73263
49 33687
49 33796
29 124016
54 9024
57 73496
54 9097
50 20598
54 9270
44 58392
50 20937
40 85582
50 21099
28 12230
54 9828
49 34290
57 74009
44 58905
57 74096
21 124803
45 12668
40 86044
49 34835
28 13411
45 12914
40 86238
27 68630
49 35120
50 21480
29 125088
29 125094
44 59505
21 125490
44 59520
29 125237
44 59570
45 13352
50 21805
50 21832
54 10276
54 10295
45 13454
40 86749
29 125390
54 10357
50 21994
44 59845
54 10685
54 10795
28 14092
40 87305
54 10881
50 22301
20 50464
44 60167
57 75348
28 14450
54 11141
21 125997
54 11428
21 126287
57 75758
57 75796
28 15082
49 36306
21 126417
20 50620
20 50761
49 36572
45 14480
54 11674
20 51139
40 87782
40 87818
29 126465
21 126800
20 51298
20 51337
20 51420
57 76001
45 14954
57 76189
27 71337
50 23784
27 71482
57 76408
28 16440
49 37350
20 52009
45 15485
20 52148
40 88727
45 15690
40 88768
57 77034
29 127480
57 77314
44 62241
45 15839
29 127821
20 52427
50 24689
54 13130
29 128236
29 128269
45 16208
44 62496
29 128493
29 128506
54 13470
54 13612
57 77745
29 128702
20 53097
57 78112
40 90044
20 53422
44 63031
54 14258
50 25260
44 63115
40 90337
28 18654
40 90685
40 90688
20 53890
40 90722
44 63612
49 39230
40 90947
40 90982
50 25890
22 674
54 14710
27 74676
50 26089
40 91109
44 63949
22 1142
50 26390
54 15244
49 39253
50 26594
49 39376
29 130345
50 26657
49 39416
50 26816
50 26836
20 54638
20 54644
45 18252
40 91453
40 91553
40 91599
20 54851
40 91669
49 39888
20 55035
44 64822
29 130796
50 27037
49 40136
28 21010
45 18958
20 55638
20 55676
50 27334
57 80328
50 27498
44 65221
50 27669
20 55829
54 16388
27 76182
40 92683
29 131629
49 40753
57 81020
49 40848
45 19182
29 132011
29 132014
40 92970
57 81200
57 81201
49 41099
20 56412
44 65978
54 17149
20 56724
49 41576
45 19641
45 19680
40 93543
44 66605
40 93706
45 19908
57 81703
45 20238
45 20333
57 82269
45 20387
45 20412
20 57449
57 82525
40 94281
28 23278
29 133428
54 17972
54 18069
20 57569
44 67180
22 7595
45 20831
54 18301
57 82874
20 57905
45 20994
44 67450
20 57951
40 94839
20 58256
20 58270
45 21034
50 30468
22 8146
49 43121
45 21112
22 8178
22 8202
40 95108
57 83200
45 21215
40 95168
27 79172
22 8341
49 43391
45 21368
44 68119
57 83515
57 83517
50 30730
54 19063
44 68272
22 8829
57 84162
40 95808
50 31148
40 95921
22 9526
40 96184
45 22450
22 9874
40 96275
49 44436
22 10049
54 19896
50 32147
22 10151
29 134956
40 96611
29 135009
45 22746
29 135141
40 96825
45 22868
54 20434
50 32562
45 23186
57 85379
49 45109
22 10873
49 45206
22 10923
29 135495
22 10932
57 85639
29 135615
40 97325
57 85868
54 21108
22 11121
40 97515
49 45511
28 26986
45 23712
41 758
57 86048
45 24195
50 33760
54 21339
50 33838
54 21391
20 61051
45 24426
20 61085
50 34016
54 21534
50 34046
41 1448
41 1474
40 97942
41 1511
20 61319
27 83201
40 97993
57 86938
20 61524
57 87073
54 22357
20 61665
41 2300
50 34438
49 46891
40 98579
45 25099
54 22746
57 87411
40 98697
29 137575
29 137576
50 34849
41 2562
22 13592
50 35002
41 2673
22 13730
41 2694
28 29427
22 13837
40 99134
57 87823
22 13901
40 99150
29 138081
20 62568
54 22963
41 3057
54 23034
45 25650
49 47757
54 23243
45 25826
41 3443
45 25920
50 35778
54 23554
41 3656
45 26164
20 62958
29 138776
49 48142
20 63065
49 48216
49 48288
49 48360
50 36038
45 26510
54 24217
49 48744
41 4376
50 36378
49 48788
54 24567
50 37095
41 5101
40 100448
22 15370
22 15408
20 63892
45 27335
50 37506
50 37518
41 5694
29 140423
54 25130
49 49636
49 49672
45 27882
49 49773
45 27905
22 16206
54 25532
54 25576
57 90000
40 101700
57 90110
41 6561
20 64825
50 38152
22 16612
50 38364
49 50031
54 26343
54 26344
49 50152
28 33596
50 38672
49 50323
20 65154
40 102281
54 26716
41 7393
41 7416
20 65343
20 65427
50 39061
41 7534
41 7561
41 7587
57 91026
20 65679
41 7719
49 50597
29 142101
57 91246
49 51028
41 8222
57 91464
45 28895
40 103319
20 66102
49 51375
20 66124
22 17608
57 91817
22 17644
41 8685
40 103519
29 142525
20 66276
45 29141
41 8860
49 51628
49 51682
49 51696
49 51697
40 103594
54 27839
27 89958
57 92167
22 17909
57 92270
57 92271
22 18020
41 9420
50 39761
41 9524
22 18366
54 28431
50 40340
50 40676
40 104584
57 93062
50 40855
49 52701
45 30292
27 91144
41 9936
49 52876
57 93664
41 10163
49 53209
29 143794
45 30800
22 19522
57 93966
45 31081
29 144302
28 37597
45 31200
40 105430
50 41603
50 41668
45 31436
22 20086
50 41740
20 68573
50 41877
45 31599
50 41949
50 42045
40 106234
54 30057
20 69420
40 106674
40 106740
41 12019
40 106769
49 54666
29 145123
20 69839
45 32005
49 54724
20 69841
41 12319
45 32140
41 12377
40 106974
45 32345
22 21350
45 32553
29 145834
50 43287
50 43312
40 107327
22 21710
40 107512
41 12618
57 95756
57 95892
54 31443
54 31787
45 33295
49 55512
57 96963
50 44193
49 55693
49 55778
41 13402
54 32013
50 44469
20 71134
40 108034
41 13553
20 71320
54 32265
45 33808
49 56104
54 32538
54 32584
41 13906
54 32639
29 147086
20 71578
41 14036
22 23201
57 97756
22 23377
20 71945
57 97945
22 23642
45 34761
57 98302
29 147993
54 33557
29 148030
41 14643
20 72710
41 14866
20 72845
54 33753
54 33814
54 33852
28 43013
45 35561
20 72937
20 72938
20 72970
22 24652
49 57867
54 34284
40 110418
45 35862
45 35891
50 46820
45 35927
29 148962
45 35986
28 43496
22 24918
45 36039
45 36059
22 25079
20 73448
20 73673
54 34802
50 47315
49 58564
54 34884
49 58587
54 35015
28 44202
20 73784
46 947
41 16149
40 110896
54 35392
46 1271
41 16532
50 48196
40 111563
40 111723
27 98520
50 48291
29 150169
41 17276
46 2143
49 58877
20 74861
50 48594
49 59229
45 37365
50 48618
46 2555
40 112363
46 2611
49 59561
49 59601
22 26784
29 151027
22 27166
54 36801
46 3311
22 27377
27 100275
29 151409
41 18124
41 18223
22 27509
40 112703
40 112772
46 3558
28 46757
46 3593
20 75798
46 3677
40 112970
22 27847
29 151504
29 151526
29 151586
40 113184
50 49403
45 38361
40 113474
41 18914
22 28119
49 60648
46 4462
20 76129
49 60853
45 38839
29 152423
28 47895
22 28359
49 61260
40 113942
45 38944
54 37867
40 114101
20 76766
29 152935
46 5062
45 39081
40 114225
54 38006
40 114254
45 39298
46 5416
22 29017
20 77154
45 39492
40 114342
54 38704
40 114508
46 5738
40 114596
46 5996
40 114816
45 39879
40 115155
45 40046
29 153394
54 39219
50 51250
28 49008
20 77595
41 20530
50 51599
50 51708
49 62727
20 77981
20 78089
20 78141
54 39686
22 29744
40 116013
20 78473
40 116029
41 21236
22 30488
22 30517
20 78963
49 63696
40 116630
22 30864
27 104905
29 155220
54 40093
27 105003
45 41580
45 41601
45 41694
50 52515
45 41751
54 40319
41 21861
40 117135
20 79452
29 155934
40 117412
29 155987
20 79793
50 53607
22 31603
22 31608
41 22570
29 156460
54 41190
49 64869
41 22757
29 156824
50 53991
50 54012
20 80145
20 80177
20 80181
45 43189
41 23136
54 42076
50 54504
45 43387
54 42145
54 42229
54 42259
50 54712
54 42374
45 43734
29 157540
45 43891
41 23690
29 157712
22 33210
50 55240
20 81100
20 81108
20 81381
20 81514
45 44294
20 81603
45 44395
45 44399
41 24602
45 44419
20 81819
45 44528
54 43398
22 34066
20 81918
22 34085
22 34169
41 24924
49 67544
20 82369
40 119963
54 44126
28 54705
22 34789
40 120334
46 12098
22 34964
20 82768
54 44276
54 44553
29 159716
41 25569
40 120729
40 120817
40 120909
50 57119
22 35055
45 45849
54 44860
27 110262
54 45037
20 83458
22 35327
41 25986
22 35378
54 45127
20 83552
54 45130
20 83598
40 121290
54 45182
22 35483
54 45191
45 46123
46 12647
20 84060
54 45624
22 35541
45 46351
40 121788
50 57902
49 68722
50 57912
22 35636
45 46477
46 12908
22 35850
22 35871
50 58278
41 26990
54 45986
46 13233
40 122166
45 47020
40 122233
54 46133
46 13348
40 122240
54 46146
22 36200
50 58423
29 161001
29 161209
49 69418
46 13770
45 47467
40 122841
41 27349
20 84901
54 46606
49 70005
41 27457
29 161603
20 85172
41 27619
29 161747
54 46920
50 59234
29 161859
45 47706
45 47736
45 47755
54 47133
20 85600
49 70338
22 37030
41 28280
49 70657
46 14367
22 37262
41 28534
40 123573
50 59397
20 85904
20 85929
46 14786
20 85964
46 14923
40 123780
20 86054
20 86064
29 162546
40 124162
49 71303
41 28750
22 38178
46 15464
50 60044
22 38272
29 163048
29 163049
40 124580
20 86506
41 29312
50 60522
54 48430
41 29357
20 86658
45 49138
40 124772
54 48683
40 124921
40 124931
45 49409
54 48941
20 87313
41 29524
49 72699
54 49466
46 16398
20 87535
50 61139
50 61303
50 61329
40 125173
41 29993
41 30045
46 16748
20 87825
46 16797
45 49744
50 61588
40 125549
22 39951
50 61704
40 125631
45 50225
41 30626
49 73431
41 30710
45 50515
30 313
41 30950
30 316
45 50736
40 126534
45 50751
22 40236
45 50841
45 50848
22 40303
20 88483
40 126573
30 594
49 73976
49 74071
45 50941
50 62682
20 88862
49 74296
49 74356
50 62896
49 74384
45 51234
40 126950
20 89143
22 41172
22 41200
20 89284
41 32132
50 63153
49 74865
30 1904
45 51841
49 74926
22 41506
50 63531
50 63604
54 51234
50 63681
50 63712
22 41849
40 127392
46 19341
40 127462
50 63774
20 89906
27 118190
28 63711
28 63831
20 90093
50 64170
54 52248
40 128391
20 90174
20 90223
22 42695
30 3454
22 42704
46 19800
46 19809
27 119144
27 119570
49 76010
54 52674
20 90941
22 43091
22 43135
50 65155
40 128859
40 128883
30 4340
40 128921
28 65332
30 4607
49 76447
28 65739
40 129397
45 53925
45 54121
22 43869
20 91627
40 129835
50 65722
54 53720
54 53765
30 5207
41 34316
45 54376
45 54398
46 20909
46 21010
50 66339
41 34674
45 54761
30 5891
54 54184
41 34990
49 77290
20 92137
41 35148
46 21259
30 6164
45 54848
50 66567
22 44645
30 6334
46 21470
54 54625
27 121866
40 130660
46 21706
20 92691
50 66766
46 21828
54 55002
30 6855
28 67829
50 67302
30 7270
45 55669
20 93115
20 93142
40 131577
40 131645
27 122515
54 55519
30 7670
46 22596
30 7759
45 56152
41 36440
46 22741
41 36616
54 55642
45 56423
41 36830
54 55771
30 8208
27 123335
54 55988
46 22878
22 46401
46 22991
40 132205
46 23183
22 46704
45 56749
54 56441
45 56870
46 23608
45 57019
28 69759
40 132841
30 9031
45 57360
40 133085
30 9422
40 133276
30 9518
30 9559
20 95009
20 95031
28 70855
22 47447
27 124986
41 37849
46 24473
41 37861
50 69701
50 69808
50 69830
50 69853
45 57663
54 57594
22 48074
46 24843
49 80233
41 38348
20 95586
45 58004
50 70129
30 9985
28 71444
41 38635
54 58310
50 70493
50 70499
49 80998
54 58440
22 48803
20 96049
45 58507
41 39134
20 96194
30 10890
45 58843
46 25489
45 58961
46 25630
46 25658
50 71535
20 96832
46 25792
46 25869
54 59096
30 11258
46 25924
30 11314
54 59310
41 39430
22 49883
46 26151
49 81983
46 26216
51 136
30 11763
46 26433
49 82332
51 364
46 26507
49 82522
50 72182
49 82752
20 97516
50 72457
46 26852
51 1022
50 72709
45 60243
51 1166
20 98199
20 98206
22 50810
20 98292
20 98315
50 73287
51 1591
49 83531
28 74083
41 40939
22 51284
46 27471
46 27478
28 74331
46 27491
46 27535
54 60567
46 27579
49 83659
22 51540
28 74739
45 61097
30 13286
51 2358
46 28040
20 99042
41 41507
45 61528
50 73871
49 84214
49 84225
49 84230
22 51861
28 75301
30 13838
20 99493
51 2785
51 2835
50 74433
20 99639
22 52275
50 74775
54 61844
51 3384
51 3572
51 3577
41 42514
45 62159
51 4078
51 4183
22 52561
49 85387
45 62490
20 100236
49 85451
54 62569
41 43051
27 131842
41 43104
45 62905
51 4614
20 100705
49 85837
50 75633
41 43367
45 63253
50 75771
46 29253
50 75874
51 5168
51 5243
49 86225
51 5365
46 29687
51 5518
49 86443
45 63558
30 15801
20 101130
30 15949
46 30105
30 16033
30 16048
41 44249
54 63611
41 44310
50 76622
45 63851
22 54425
51 6320
50 76874
45 63994
41 44669
46 30358
41 44673
30 16539
51 6475
54 64039
20 101515
50 77008
22 54707
46 30494
49 87388
20 101612
20 101654
45 64340
27 133610
50 77308
51 7009
51 7077
45 64539
54 64291
41 45018
22 55060
22 55100
46 30849
30 17170
41 45237
50 77533
51 7420
30 17292
50 77701
20 102548
50 77917
28 80182
54 64857
46 31454
51 7990
41 45590
22 55919
49 88159
51 8043
54 65117
22 56023
41 45982
22 56030
46 31880
22 56040
50 78554
22 56246
45 65532
50 78896
51 8824
41 46357
41 46370
45 65682
41 46437
20 103216
22 56516
45 65931
51 9211
46 32189
46 32205
46 32263
30 18847
54 66027
20 103522
49 88934
51 9316
54 66080
22 56788
45 66236
46 32475
46 32478
20 103870
20 103910
20 103919
30 19049
30 19079
51 9808
46 33091
49 89302
46 33144
22 57493
50 79221
50 79230
42 265
49 89483
49 89530
41 47211
41 47261
42 481
45 66925
50 79552
41 47400
42 938
49 89831
49 90149
30 19800
50 80377
51 10246
49 90399
20 104707
49 90515
41 48234
30 20262
54 67588
30 20480
51 10719
42 2024
49 90879
22 58513
46 34116
45 67693
54 67870
46 34182
20 105256
46 34283
49 91002
20 105503
51 11162
41 49026
49 91247
46 34710
28 84487
49 91355
49 91363
46 34894
54 68384
42 2852
30 21083
30 21091
30 21238
50 81502
50 81647
51 11787
50 81864
42 3504
51 12042
30 21846
51 12064
22 59404
30 21956
20 106441
30 22045
46 35576
54 69407
46 35664
51 12400
51 12406
51 12561
22 59766
30 22285
42 4497
22 60192
42 4807
22 60478
50 82810
50 83013
47 167
42 5176
46 36610
20 107590
41 50545
22 60766
22 60807
54 69837
30 23117
47 474
54 69862
54 69871
47 499
46 37008
28 86159
51 13002
20 108068
28 86323
54 70372
20 108100
28 86608
54 70660
50 83851
22 61282
41 51060
50 83927
41 51154
52 226
47 1215
42 6222
41 51223
30 23886
42 6417
41 51438
20 108835
42 6832
41 52112
46 37739
42 6981
54 71263
50 84748
54 71412
20 109376
50 84982
28 87904
46 38130
52 1405
20 109668
22 62672
20 109783
47 2707
52 1546
41 52282
51 14572
30 24698
46 38477
22 62811
51 14655
47 2873
42 7852
51 14741
52 1791
41 52594
46 38761
52 1932
51 15101
50 85859
42 8293
41 52977
41 52983
41 53073
52 2166
42 8390
42 8416
30 25168
22 63332
30 25242
20 109848
47 3621
42 8651
52 2554
46 39129
47 3795
30 25622
47 3868
47 3891
54 72787
30 25707
22 63546
50 86364
47 3961
46 39433
30 25886
42 9236
30 26023
22 63899
52 3407
42 9363
42 9391
20 110835
50 86785
52 3699
42 9613
51 16127
22 64333
54 73396
41 53993
42 9748
51 16235
22 64518
50 87130
50 87142
50 87146
30 26398
46 40155
52 4291
47 5324
50 87723
51 16980
47 5493
51 17141
54 74043
30 26849
54 74177
46 40787
47 5838
52 5174
30 27154
30 27182
20 111724
22 65077
47 5963
41 55190
50 88133
20 111877
52 5443
20 111985
22 65299
30 27540
52 5607
20 112150
42 10688
46 41200
20 112269
46 41213
46 41256
30 27827
42 10874
52 5834
47 6498
52 5851
20 112457
54 75007
22 65703
47 6592
20 112596
52 6056
46 41512
42 11178
54 75157
42 11210
22 66226
47 7108
22 66239
50 88608
51 18104
50 88676
52 6668
30 27946
41 56004
51 18388
46 41955
52 6817
51 18477
42 11570
46 42029
42 11639
51 18652
47 7562
42 11704
47 7646
28 93137
52 7292
22 66499
46 42755
41 56719
42 12401
47 8182
52 7728
42 12515
54 75778
41 56918
22 67083
46 43008
22 67124
22 67134
47 8685
54 76160
52 8150
51 19669
30 28956
51 19806
22 67781
22 67838
41 57488
41 57491
47 9393
41 57722
47 9577
47 9638
52 9034
50 90356
41 57932
46 43699
41 57941
41 58047
46 43865
51 20213
54 77020
42 13737
46 44521
22 68440
46 44572
41 58611
54 77220
52 9770
22 68626
54 77324
41 58835
51 20979
41 58873
51 21011
51 21028
41 58982
51 21068
51 21080
20 115794
50 91263
20 115810
50 91309
54 77830
22 69414
50 91537
47 10304
30 30388
46 44892
51 21476
41 59065
20 116164
42 14453
22 69601
47 11075
46 45420
20 116407
54 78557
20 116438
22 69904
30 31349
20 116528
42 14923
41 59283
50 91918
42 15066
52 10567
41 59487
41 59512
46 45933
50 92285
47 11362
20 116945
46 46013
54 78897
51 22194
46 46078
51 22332
47 11566
51 22393
41 59938
47 11722
51 22617
30 31748
41 60341
41 60362
20 117317
42 15957
30 32036
20 117985
42 16166
42 16177
52 12075
50 93535
41 60888
42 16495
41 61037
22 71353
42 16680
46 47678
50 93839
51 23804
51 23830
51 24017
41 61868
51 24323
54 80472
47 13207
22 72019
47 13242
47 13268
50 94790
51 24494
42 17501
42 17597
22 72474
50 94926
50 95032
50 95096
50 95128
50 95130
33 437
47 14046
33 479
30 34505
50 95210
33 835
52 13211
33 917
52 13297
50 95267
50 95285
50 95412
52 13644
52 13672
30 34858
51 25317
47 14425
46 48704
47 14428
30 34933
41 63326
47 14491
33 1863
46 48937
42 18796
51 25785
33 2000
33 2013
46 49198
42 19011
42 19056
30 35427
30 35511
33 2392
47 15225
46 49813
22 73901
33 2630
33 2648
54 82726
54 82800
22 74235
54 82968
52 14809
46 50079
33 3138
46 50250
22 74565
54 83265
54 83287
33 3212
22 74655
33 3304
51 26847
52 15231
52 15396
22 74848
50 97376
28 102662
54 83862
50 97557
47 15965
47 15966
51 27123
47 16005
36 50
50 97789
47 16200
51 27459
42 20683
42 20752
47 16359
22 75225
52 16077
54 84045
50 98122
47 16698
22 75249
22 75256
22 75291
36 681
33 4677
52 16190
51 28075
50 98602
36 1072
52 16300
30 37531
46 51492
46 51518
54 84737
46 51577
33 5439
54 84941
22 76014
52 16738
54 85021
47 17365
52 16763
33 5640
36 1553
54 85160
22 76245
46 52005
30 37932
33 5829
22 76387
51 28886
51 28895
36 1813
33 6078
30 38289
46 52098
46 52111
52 17320
51 29006
50 98812
51 29139
47 17884
33 6445
51 29269
51 29311
50 99210
51 29512
50 99330
33 6722
50 99404
22 77019
22 77029
47 18263
36 2649
50 99447
54 85711
50 99595
47 18527
36 2884
30 38478
30 38487
50 99833
22 77457
46 53070
54 86193
50 100002
30 38651
36 3385
52 18126
33 7743
33 7829
33 7844
36 3524
52 18256
50 100362
42 23259
30 39330
51 30363
50 100622
51 30507
33 8526
30 39627
36 4296
52 18958
46 54138
46 54259
33 8862
54 87484
51 30650
54 87597
51 30887
36 4759
33 9141
42 23973
50 100965
50 101032
50 101051
52 19547
42 24357
52 19723
52 19755
33 9613
36 5347
37 240
30 40587
30 40608
42 24804
37 559
36 5803
30 40948
30 40969
47 20728
37 703
52 20198
37 736
54 88541
50 101887
51 32179
37 997
46 55800
30 41456
36 6576
37 1430
36 6671
52 20375
50 102599
52 20458
28 109889
47 21279
50 102867
37 2013
46 56282
47 21540
46 56453
52 21063
37 2386
33 11353
36 7621
33 11452
50 103271
37 2671
46 57020
54 89806
36 7903
50 103503
47 22163
47 22253
54 90103
33 12004
54 90144
36 8308
42 26613
36 8478
50 104187
54 90579
47 22495
36 8623
36 8654
54 90750
37 3555
54 90827
54 90829
36 9041
36 9065
37 3776
37 3818
46 57630
46 57669
50 104501
46 57779
37 4073
33 12379
52 22414
33 12637
51 34514
47 23358
52 22733
47 23583
42 27624
52 23021
50 105097
42 27822
46 58293
30 44255
51 35116
28 112734
33 13383
46 58737
42 28275
36 10225
30 44910
37 5920
36 10503
37 6005
36 10742
46 59069
50 106222
46 59170
37 6423
52 23831
54 92696
52 23881
52 23892
52 23968
37 6572
54 92907
42 28653
36 11202
33 14242
50 106581
51 36329
37 7343
46 59739
54 93290
37 7520
46 59885
54 93378
47 24903
36 11810
30 46068
50 107345
33 15091
36 12235
52 25207
33 15361
47 25366
42 29389
33 15522
47 25548
47 25575
37 8884
28 115321
47 25742
54 94373
47 25874
42 29940
54 94619
37 9406
47 26111
51 37849
37 9542
47 26191
52 25696
46 61242
50 108510
33 16142
52 26269
52 26281
54 95250
30 47882
54 95414
46 62011
33 16596
42 30849
42 30875
51 38612
47 27022
52 26778
50 108926
47 27071
42 31026
28 116896
51 38792
37 10004
42 31116
30 47921
50 109119
47 27217
54 96036
54 96055
36 14257
50 109287
30 48211
46 62720
54 96204
54 96224
42 31413
50 109476
51 39050
47 27726
47 27812
37 10931
37 11315
30 48862
52 27441
51 39608
50 109896
50 109918
36 14943
50 109931
30 49085
52 27592
36 15022
33 17731
36 15200
46 63321
42 32119
42 32177
37 11748
36 15642
37 11864
36 15783
37 12001
52 28319
54 97329
50 110729
33 18794
47 28706
52 28550
33 18906
54 97599
51 40006
47 28924
54 97746
52 28839
54 97759
47 29049
51 40200
52 28969
51 40378
51 40383
54 98129
36 16442
51 40611
51 40738
46 64602
46 64620
51 40842
54 98287
51 40955
36 16993
46 65051
46 65175
47 29506
36 17287
52 29497
52 29561
28 120735
47 29774
52 29761
54 98828
30 50947
36 17530
54 99223
52 30269
30 51037
30 51116
51 41693
28 121150
46 65813
50 112613
30 51238
46 65834
28 121200
42 34306
50 112704
30 51349
30 51370
46 66025
33 20635
51 42133
36 17820
42 34688
30 51758
30 51763
50 113074
30 51840
36 18059
37 14265
54 99419
30 52046
46 66347
47 30691
51 42673
50 113101
51 42849
54 99842
51 42952
46 66811
42 35204
37 14570
42 35304
54 100097
30 52376
37 14765
54 100247
30 52484
37 14925
47 31660
42 35318
42 35363
36 19262
33 21493
36 19311
33 21540
46 67367
42 35723
42 35734
47 31875
46 67687
36 19411
30 52875
47 31900
37 15776
37 15825
46 67890
42 35966
51 43688
50 114154
28 123303
42 36159
50 114314
30 53495
30 53773
47 32485
54 101307
30 53834
54 101391
50 114900
30 53972
52 32860
33 23091
47 33299
36 20382
37 16673
47 33400
37 16693
33 23212
42 37086
42 37150
54 102013
37 16902
54 102029
42 37224
50 115356
50 115392
36 20880
52 33314
42 37352
30 54433
42 37462
33 23653
46 68747
46 68778
51 44985
51 45095
46 68911
33 23838
46 68963
30 54688
30 54725
33 23930
50 115922
47 33599
52 33558
36 21292
51 45540
30 55126
54 102535
47 34280
28 125741
36 21472
36 21489
54 102765
46 69740
33 24531
36 21670
36 21697
30 55616
47 34604
33 24700
52 34295
37 17971
30 55809
51 46349
47 34820
30 55866
51 46447
54 103394
46 70138
42 38373
54 103491
37 18668
50 116966
33 24739
37 18789
50 117054
36 22706
47 35006
30 55999
50 117107
30 56032
50 117165
47 35107
46 70599
52 35020
37 19154
52 35178
50 117579
50 117599
46 70978
51 47285
46 71025
54 104053
51 47337
33 25460
42 39161
30 57148
51 47621
47 36150
51 47752
51 47834
36 23998
52 36271
51 48229
37 20023
42 39860
42 40025
37 20289
37 20553
54 105335
54 105463
33 26772
47 37132
54 105522
52 36747
54 105606
33 26841
33 26894
38 1577
38 1648
36 24907
30 57692
37 21217
54 105670
38 1793
54 105785
52 37364
38 1930
33 27121
30 58052
50 119268
47 37418
33 27343
50 119408
51 49171
52 37745
54 106173
33 27431
52 37796
33 27544
42 41093
51 49396
51 49403
36 25162
51 49442
46 73447
54 106617
51 49619
51 49635
36 25517
38 2772
30 58918
37 22008
33 28070
38 2953
42 41925
38 3100
54 106910
46 73827
37 22455
54 107126
33 28102
47 38696
37 22620
42 41977
33 28239
46 74350
52 38284
46 74356
36 26384
37 22958
38 3670
30 59262
36 26509
54 107343
52 38619
42 42432
46 74702
33 28627
52 38810
54 107573
30 59640
54 107672
47 38866
52 39001
54 107825
46 75194
36 26897
54 108021
54 108116
38 4592
30 60231
37 23600
46 75394
54 108331
54 108388
50 122090
30 60548
38 5164
30 60601
33 29395
51 51082
37 24072
50 122213
33 29853
42 43666
38 5805
38 5841
52 40476
30 61254
50 122852
54 109077
30 61347
33 30051
33 30103
38 6551
51 52010
51 52034
51 52080
52 40623
38 6952
52 40691
52 40727
50 123520
38 7037
42 44577
52 40927
52 40972
52 40992
30 61634
30 61721
54 109429
46 77244
33 30860
38 7710
37 25663
52 41434
38 7831
37 25899
42 45077
54 109879
30 62104
54 109954
38 8013
33 31193
30 62230
30 62237
54 110176
30 62340
37 25943
33 31470
42 45584
46 77695
42 45750
38 8485
52 41905
46 77789
51 53218
52 41919
30 62870
51 53328
37 26398
54 110706
50 124845
46 78032
37 26578
37 26599
38 8925
33 31749
50 125070
50 125109
52 42050
38 9066
30 63336
47 42875
46 78598
46 78622
52 42515
33 32257
38 9598
37 27054
38 9795
50 125843
51 54352
42 46431
52 43290
52 43432
46 79195
47 43562
30 63909
33 32605
54 111572
30 64036
47 43787
36 31224
51 54535
54 111712
30 64172
51 54590
54 111786
37 27536
37 27538
47 43971
47 43973
42 47028
51 54755
33 33212
42 47168
37 27811
54 112171
38 10129
42 47303
42 47337
36 31602
47 44267
52 43847
36 31795
42 47584
50 126803
52 44136
30 64981
54 112724
36 32078
36 32157
38 11155
33 33805
50 127325
33 34029
37 28817
50 127563
30 65768
47 45116
42 48197
50 127649
50 127651
50 127695
30 65934
51 56089
42 48518
34 16
33 34866
54 113059
37 29137
36 32947
36 32955
54 113168
50 127953
50 128171
52 45264
50 128191
54 113516
36 33434
33 35086
34 493
38 12325
54 113644
52 45522
52 45609
47 46162
30 66765
34 1129
30 66771
33 35351
33 35399
30 66914
30 67010
36 33796
54 114015
33 35560
51 57565
47 46372
36 34152
50 128631
50 128747
34 1814
51 57636
42 49493
37 30043
51 58059
47 47449
38 13289
36 34907
36 34937
34 2647
34 2679
30 67749
37 30520
51 58649
34 2781
33 37011
37 30713
38 13799
37 30851
52 47073
52 47080
52 47101
52 47124
34 3039
37 31000
50 129764
47 47679
34 3264
51 59210
36 35560
47 47984
50 129879
50 129881
54 116002
33 37140
37 31501
47 48263
42 50288
37 31634
37 31800
36 35793
51 59425
33 37476
54 116328
33 37635
51 59701
50 130580
36 36001
42 50730
30 68743
36 36016
51 59834
36 36057
51 59864
42 50833
38 14619
36 36171
33 38156
52 48235
47 48505
42 51167
52 48352
30 69154
36 36384
50 131159
30 69254
38 15016
34 4848
38 15129
36 36609
30 69443
42 51434
54 116775
42 51585
42 51614
36 36948
42 51688
52 48901
36 37014
51 60432
34 5488
51 60499
50 131489
47 49451
51 60732
42 51805
51 60773
50 131769
47 49674
51 61018
51 61054
42 51886
54 117918
34 6474
34 6486
52 49885
52 49903
51 61282
37 33735
47 49836
34 6805
38 16742
33 39350
30 71022
52 50482
38 16933
52 50508
54 118575
51 61521
36 37849
38 17045
30 71237
33 39916
50 132909
33 39959
36 37996
47 50298
37 34466
37 34487
47 50443
33 40216
51 62076
36 38314
51 62194
47 50588
51 62431
51 62663
50 133519
47 51274
38 17787
37 35274
37 35343
30 71680
34 8503
52 50962
52 50993
34 8654
54 119277
36 39152
37 35469
50 134313
42 54278
37 35752
38 18313
37 35791
34 9123
52 51102
54 119802
50 134439
38 18652
50 134619
34 9710
33 41768
33 41911
38 18955
42 54850
42 54852
37 36383
54 120184
30 73276
50 134899
51 63825
37 36795
33 42108
37 36909
36 40116
47 52957
47 52998
52 52421
47 53247
38 19578
50 135703
52 52603
50 135782
42 55445
38 19739
51 64457
42 55559
37 37139
34 10094
51 64729
34 10159
52 52811
47 53570
30 73813
30 73860
36 41137
50 136356
30 74245
47 54116
37 37592
51 65176
36 41213
38 20536
30 74398
33 43716
54 122054
33 43739
50 136709
36 41625
33 43817
38 20736
36 41671
51 65838
38 20843
30 74664
34 11406
36 41819
34 11520
30 74869
42 56902
38 21047
54 122193
36 42053
37 38754
38 21238
33 44393
38 21306
30 75481
54 122912
30 75495
36 42608
47 55156
37 38999
42 57414
42 57541
47 55350
47 55392
50 137999
38 21569
30 75869
52 55110
52 55118
52 55137
47 55754
42 58041
54 123508
38 21893
36 42761
42 58184
37 39729
42 58251
52 55258
36 42987
51 67411
34 12399
47 55938
54 123720
47 56082
54 123765
36 43504
38 22555
47 56282
38 22665
51 67584
50 138584
47 56563
50 138634
36 44039
42 58529
33 45851
54 124414
54 124423
54 124555
37 40377
34 13303
51 68285
51 68308
30 76872
33 46069
52 56291
54 124761
33 46206
51 68512
34 13576
50 138933
37 40887
52 56706
34 13803
47 57126
51 68598
47 57168
51 68726
51 68793
47 57380
38 23742
50 139699
52 56804
51 68933
54 125151
52 56824
50 139761
52 56829
30 77442
52 56884
47 57449
34 14138
30 77711
33 46952
52 57105
33 46972
30 77845
51 69322
38 24301
47 57860
52 57360
38 24395
51 69405
36 45466
50 140130
37 41485
50 140285
37 41618
50 140312
47 58152
34 14655
42 60068
54 125638
37 41742
42 60356
54 125880
30 78389
50 140548
30 78488
34 15254
50 140769
37 42364
36 46143
34 15546
42 60554
42 60709
36 46222
47 58471
42 61127
33 48551
52 58379
42 61324
52 58467
30 79496
52 58509
51 70377
34 15828
50 141595
52 58620
50 141600
51 70485
50 141665
34 15944
51 70546
36 47129
50 141872
52 58884
38 25618
38 25690
47 59543
34 16250
51 70889
38 25889
30 79806
42 61806
37 43299
30 80020
37 43407
51 71164
52 59605
36 47521
38 26004
30 80400
54 127812
36 47756
47 59686
47 59704
37 43868
47 59813
42 62470
37 44049
51 71687
36 47954
34 17293
54 128146
51 71971
54 128248
52 60206
54 128403
54 128520
37 44319
36 48613
33 49569
47 60499
42 62844
34 17753
30 81235
51 72229
34 17821
54 129018
54 129062
37 44638
36 49099
51 72645
51 72806
36 49332
36 49352
36 49440
51 72948
52 61059
37 45217
50 144228
47 61354
38 27873
37 45638
51 73348
42 64002
51 73452
36 49672
51 73518
51 73532
36 49931
47 61960
33 51153
37 46011
47 62134
37 46099
33 51383
34 19382
30 82820
51 73833
51 73836
33 51791
37 46272
30 83094
33 51844
52 62416
36 50361
31 341
37 46744
31 507
30 83425
38 29257
36 50670
33 52214
36 50713
38 29367
33 52291
42 65119
37 47057
30 83771
42 65300
38 29590
34 20253
32 154
36 51042
51 74828
34 20315
36 51082
32 260
34 20457
34 20480
32 462
47 63194
34 20595
51 75190
51 75193
42 65809
36 51149
32 672
52 63496
52 63543
37 47874
47 63634
33 53015
36 51481
33 53021
47 63841
31 3196
31 3288
31 3420
32 1669
47 64018
38 30158
32 1780
42 66136
42 66147
32 1860
37 48762
37 48767
42 66353
31 3872
34 21589
36 52268
36 52339
33 53944
30 85620
36 52395
36 52406
47 64386
37 49107
36 52491
37 49113
31 4564
36 52527
51 76060
37 49207
32 2524
52 64006
51 76138
51 76171
37 49335
31 4752
37 49400
37 49421
33 54388
31 4925
33 54438
52 64256
31 5011
36 52685
32 2923
31 5079
32 2924
31 5218
37 49674
37 49725
37 49727
52 64718
51 76990
51 77023
51 77038
32 3263
51 77087
32 3279
52 64830
32 3331
33 54779
38 31564
51 77389
31 6109
33 54812
36 53585
33 55194
32 4242
42 68176
36 53784
37 50033
30 86343
51 77658
47 65830
47 65891
31 7081
38 32431
51 77833
52 65546
38 32529
47 66038
30 86648
51 77915
38 32646
31 7333
36 54178
47 66315
31 7400
37 50354
32 5315
33 56194
52 66105
32 5486
30 87210
31 7787
32 5747
38 32967
51 78688
34 24322
30 87461
31 8019
32 6054
32 6139
33 56333
33 56399
47 67086
31 8238
42 68721
38 33471
42 68789
33 56700
30 87668
38 33583
38 33700
51 79270
36 55432
31 8856
37 51697
47 67557
47 67617
34 25062
33 57308
51 79521
34 25121
51 79553
51 79559
52 67357
32 7711
34 25394
52 67507
37 51991
52 67662
31 9558
31 9681
52 67923
34 25508
30 88997
36 56091
31 9897
37 52499
52 68243
31 10058
52 68341
37 52673
47 67998
31 10400
38 34921
42 69823
38 35029
38 35033
33 58136
37 52838
38 35075
52 68522
33 58296
47 68271
47 68316
42 70151
51 80303
38 35505
51 80475
36 57070
52 69029
37 53193
37 53224
37 53292
31 11361
30 90261
51 81128
30 90612
31 11788
36 57567
52 69489
52 69568
38 36271
37 53622
52 69616
36 57778
37 53707
38 36356
52 69778
36 57955
52 69781
52 69823
37 54001
32 9958
38 36716
36 58267
38 36901
47 69432
47 69500
32 10378
47 69540
42 71765
36 58475
42 71781
32 10578
52 70261
47 69796
47 69814
30 91343
47 69935
51 81951
51 81968
34 28133
42 72143
31 12294
30 91543
34 28368
37 54760
36 58705
38 37434
51 82295
42 72661
33 60065
37 54950
51 82482
47 70498
38 37680
34 28480
51 82599
47 70569
37 55225
34 28670
32 11379
47 70712
31 12892
33 60260
42 72886
31 13292
32 12145
42 73208
38 38205
42 73342
47 71103
42 73552
51 83416
47 71281
42 73752
36 59737
42 73783
37 56319
51 83837
52 71767
31 14340
36 60153
51 84025
33 61703
30 93514
32 12535
42 74236
31 14802
38 39407
42 74318
36 60312
42 74458
34 30061
42 74531
42 74592
36 60557
34 30185
30 94045
42 74744
34 30473
42 74844
47 72670
31 14959
32 13821
33 62556
51 85190
51 85203
36 61248
30 94960
51 85605
38 40181
33 63068
42 75354
47 73717
47 73750
31 15539
32 14289
36 62035
36 62117
33 63245
34 31706
36 62228
47 73829
32 14538
51 86044
32 14591
42 75629
38 41089
42 75667
42 75789
51 86350
34 32127
31 16324
32 15019
31 16394
37 58930
37 58966
37 59038
32 15285
37 59150
33 63721
51 86433
32 15420
42 76355
42 76393
42 76540
42 76628
30 96071
52 74360
38 41431
51 87027
36 62648
47 75047
42 77056
31 17154
37 59866
34 33210
36 63274
32 16152
52 75298
31 17505
36 63495
31 17638
33 65028
51 87989
42 77856
32 16721
51 88149
52 75846
33 65188
38 42954
34 33983
33 65396
51 88471
34 34338
32 17142
36 64291
37 60695
37 60701
34 34651
31 18370
38 43495
33 65790
42 78457
37 60848
38 43759
36 64644
36 64753
31 18783
37 61245
34 34824
33 66186
32 17401
52 76640
36 65399
32 141877
42 78877
33 66600
32 142073
30 98564
33 66689
32 142377
37 61939
32 142633
37 62025
34 35709
36 65724
31 19588
34 35842
30 98913
33 67095
32 142944
33 67270
37 62382
32 18810
32 18876
51 89887
30 99492
42 79969
33 67603
31 20090
36 66359
33 67803
52 78036
33 67843
52 78064
52 78072
38 45689
33 67864
36 66468
31 20266
36 66682
32 143449
30 99965
31 20768
34 36770
32 143748
51 90139
42 80726
42 80737
37 63186
36 67029
38 46253
42 80968
31 20910
36 67243
30 100246
31 21130
52 78584
52 78587
30 100556
32 19655
51 90623
52 78965
52 79073
34 37467
52 79206
32 144784
51 91043
42 81726
36 68064
42 81811
36 68106
51 91332
30 101424
36 68182
31 21976
32 20481
52 79666
42 82044
32 20647
33 69528
33 69543
31 22241
37 64548
42 82165
42 82193
36 68557
36 68566
37 64893
31 22360
31 22445
36 68890
33 69933
37 65266
32 145756
32 20885
38 48025
32 145890
31 22747
32 146050
36 69339
30 102295
31 22929
52 80473
32 146236
42 82954
31 22994
52 80570
33 70511
33 70531
42 83439
32 146691
37 65791
38 48652
34 39339
42 83760
33 70987
33 71013
33 71026
33 71075
31 23671
34 39721
32 146892
34 39840
34 39856
30 103288
31 23978
42 83903
34 40064
38 49347
51 93301
31 24076
38 49460
37 66446
34 40297
51 93455
33 71470
30 103456
33 71591
32 147179
51 93621
32 22615
52 81491
33 71844
37 67051
37 67095
37 67103
32 23027
36 70853
32 23041
37 67202
51 93888
32 148125
52 81829
34 40737
32 23565
31 24761
52 82095
34 40947
33 72409
37 67580
38 50266
30 104771
38 50362
37 67773
32 148477
51 94471
34 41363
36 71269
34 41622
32 23967
51 94839
32 148671
32 148677
37 68106
37 68153
32 24399
38 50500
33 73173
42 85542
38 50682
51 95548
42 85689
42 85730
38 50790
52 83065
32 149438
31 25876
33 73657
32 149620
38 51266
33 73791
42 86336
42 86348
32 24671
31 26394
32 24728
31 26505
42 86522
33 74115
37 69151
42 86788
52 83842
31 26763
30 105924
51 96213
36 73175
32 149927
38 52049
38 52094
38 52126
30 106217
32 150121
38 52170
51 96536
33 74182
36 73411
34 43521
32 25508
51 96923
32 150245
34 43564
51 97090
38 52416
31 27060
31 27121
31 27324
42 87362
42 87379
30 106788
42 87444
52 84950
33 74663
52 84996
31 27628
33 74755
37 69897
32 26301
30 106934
36 74320
33 75087
37 70132
34 44255
32 26598
30 107302
31 28332
51 97553
38 53263
51 97610
52 85500
34 44608
38 53397
33 75715
51 97711
37 70621
36 75007
42 88115
38 53553
38 53744
32 27121
42 88599
38 53942
31 28965
31 28966
52 86138
52 86157
52 86163
51 98845
51 98939
31 29193
52 86410
52 86726
52 86817
36 75524
30 108634
30 108713
32 28059
32 152892
36 75799
33 76976
32 153105
36 76027
32 153115
36 76113
52 87045
38 55040
36 76189
33 77497
38 55464
37 72746
52 87608
34 46585
34 46629
33 77700
36 76883
52 87782
37 72926
38 55660
34 46903
37 72973
52 87901
34 47011
52 87976
31 30388
37 73096
31 30742
32 29212
36 77214
37 73192
31 30834
38 56061
38 56086
51 100566
36 77419
37 73424
37 73501
36 77525
37 73585
38 56394
37 73646
30 110549
31 150930
37 73887
31 151261
51 101153
30 110945
32 29930
36 78333
34 48411
34 48472
32 30392
33 79090
37 74334
34 48803
31 31752
37 74406
31 31888
31 151990
30 111453
31 31960
37 74689
32 156114
36 78693
31 32217
32 156301
38 57442
52 89576
52 89644
52 89923
38 57921
33 79583
34 49028
51 101938
31 32804
51 102085
34 49381
38 58333
52 90224
38 58396
32 157049
31 153169
51 102449
32 157079
32 157224
38 58705
33 79963
52 90711
31 153513
32 31842
34 49459
30 112690
51 102935
37 75798
32 31951
36 79712
52 90911
52 90916
32 31997
30 112886
36 79863
31 33510
37 76011
33 80490
51 102947
37 76130
36 80057
34 50050
36 80167
34 50134
37 76309
31 33994
38 59197
37 76497
30 113567
32 32584
37 76622
37 76636
32 32705
30 113714
36 80353
33 80960
37 76860
33 81057
34 50692
52 91250
36 80637
51 103925
32 32956
31 154903
37 77013
52 91735
52 91748
33 81452
31 34885
33 81663
30 114390
30 114410
34 51227
52 92081
31 35081
31 35093
33 81786
36 81418
37 77306
32 33676
31 155300
38 60459
37 77753
32 34161
32 34170
37 77854
38 60645
51 104800
31 35867
32 34422
31 35937
37 78113
32 34541
37 78162
34 51963
31 156118
34 52015
38 60809
38 60823
31 156413
52 92717
34 178091
31 156609
52 92997
52 93009
32 34831
52 93166
52 93343
36 82586
36 82668
33 83182
33 83228
34 52860
38 61484
34 52939
36 83067
30 115638
36 83117
30 115723
34 53126
32 35676
52 94029
30 116033
34 179097
31 157163
32 35886
33 83919
30 116307
34 179351
31 36972
38 62442
34 53467
34 179514
34 53607
31 37140
31 37605
36 83928
37 79998
31 158250
36 84232
31 158436
51 107354
34 180069
34 180134
34 180137
33 84494
34 180355
52 95135
34 54585
37 80485
33 85014
36 85061
32 36779
37 80800
31 38194
51 107957
31 158816
32 37076
31 38392
51 108119
32 37260
33 85396
37 81212
31 159144
34 55275
34 180910
31 38718
34 55326
38 63663
38 63745
34 55473
31 159520
52 96113
31 159560
32 37852
33 85635
36 85485
34 181400
37 81414
36 85536
38 64187
36 85738
30 118508
38 64219
34 55965
36 85762
30 118580
30 118718
37 81829
34 181641
33 86119
30 118861
36 86080
32 38273
34 181746
37 81980
31 39351
52 96564
33 86400
34 56204
52 96843
36 86435
52 96938
52 96944
36 86566
38 64648
52 97149
32 38645
37 82341
34 182117
51 109466
33 86730
38 65004
51 109799
34 57005
33 86872
36 87268
37 82913
30 120002
38 65267
34 57309
34 57323
33 87091
32 39186
30 120506
31 40657
37 83465
33 87236
33 87279
34 183348
31 40895
32 39792
32 39793
52 98609
33 87710
33 87736
30 120693
32 39994
38 66175
36 87900
36 87911
36 87917
34 57965
34 183755
34 58122
38 66483
34 58205
34 58298
34 184211
52 99042
34 184231
32 40091
30 120986
37 84008
38 66515
31 41696
37 84097
30 121233
34 184466
38 66561
52 99503
51 110866
34 184510
33 88041
34 184596
33 88115
51 111204
38 66901
30 122044
32 40518
36 88884
30 122232
38 67156
37 84517
33 88224
32 40683
36 89059
32 40795
37 84791
34 185062
52 100140
52 100149
34 185160
34 185166
33 88573
34 59160
33 88592
34 185237
31 42616
31 42700
30 122584
36 89296
36 89324
37 85173
33 88985
38 67576
31 43131
32 41484
38 67712
37 85460
34 185512
52 100673
51 112011
51 112016
38 67965
34 185676
38 68098
51 112189
52 100915
38 68147
51 112607
36 89944
38 68406
32 41909
38 68462
32 41939
32 41971
31 43841
38 68597
37 85998
34 185970
34 186038
34 60528
36 90377
36 90398
31 44225
51 112988
37 86291
34 186291
38 68935
33 90229
34 186519
52 101448
38 68984
51 113430
32 42740
34 186640
32 42844
51 113474
33 90487
32 42911
52 101709
37 86978
33 90672
34 61438
34 61544
34 61583
36 91251
36 91421
37 87220
34 61751
51 113890
31 45032
33 91074
33 91125
30 124792
37 87451
31 45309
36 92238
31 45333
33 91495
37 87723
31 45553
36 92393
30 125455
52 102735
38 69978
51 114518
32 44425
33 91784
38 70211
34 188572
33 91900
34 62787
34 62894
31 46275
34 62964
38 70884
30 126104
30 126132
52 103400
32 44962
30 126253
34 63213
51 115924
30 126625
31 47023
32 45555
30 126855
52 104125
38 72092
36 94046
52 104158
34 189770
31 47468
30 127087
38 72452
51 116099
36 94352
36 94366
38 72737
31 47676
51 116361
51 116512
51 116558
34 64342
32 46095
33 93703
32 46109
34 64458
38 72861
34 190246
38 72981
52 104794
52 104876
52 104916
32 46766
34 64742
51 117271
34 64863
31 48281
34 190846
37 90255
33 94188
38 73958
37 90315
30 128517
38 74454
38 74564
38 74710
38 74733
36 96108
34 65768
51 117913
34 65960
51 118040
51 118080
30 128962
34 191899
34 191927
34 192012
51 118297
31 49123
32 48366
30 129200
37 91487
36 96483
32 48454
36 96616
34 192051
37 91923
37 92161
33 95803
36 96944
38 76217
36 97031
38 76430
38 76499
38 76522
33 96277
33 96408
37 92782
33 96626
52 107377
51 119594
34 67570
34 67619
31 50167
37 92986
30 130370
30 130375
37 93087
37 93110
30 130444
32 49050
32 49070
30 130739
37 93602
31 50933
36 98056
32 49455
52 108462
32 49494
33 97248
32 49651
38 78218
38 78484
33 97637
38 78635
37 94318
36 98873
36 98891
32 49991
32 50030
38 78893
32 50155
37 94584
37 94610
30 131864
31 51445
30 132075
30 132091
30 132368
31 51893
38 79671
31 52227
52 109512
34 69565
37 95325
34 69707
30 133153
52 109851
36 99447
31 52630
36 99526
52 109891
30 133445
52 110218
33 98771
38 80431
52 110312
37 95882
52 110639
37 96185
38 81185
32 52006
34 70523
36 100049
30 134235
30 134306
30 134591
31 53726
31 53804
30 134747
30 134752
30 134810
31 53876
37 96723
31 53937
37 96733
33 99319
52 111386
32 52619
34 71368
34 71385
31 54111
37 96914
33 99698
36 100995
36 101031
34 71520
36 101181
52 111765
34 71866
30 135719
38 83468
34 72021
52 111976
38 83845
38 83986
38 84071
32 53792
36 101813
31 54925
34 72494
38 84201
32 54032
52 112477
37 98398
33 101089
33 101105
52 112734
38 84486
34 73127
38 84719
30 137809
31 55813
38 85328
38 85335
30 137995
37 99130
32 54706
36 103120
52 113117
34 73643
32 55056
31 56293
38 85864
37 99618
52 113950
36 103515
30 138537
31 56588
30 138733
31 56696
33 102513
33 102551
38 86633
30 139045
31 56992
30 139476
36 103785
33 102912
37 100159
38 87246
32 55910
33 103360
36 104345
38 87764
36 104624
32 56366
32 56427
31 57664
31 57745
30 140480
34 75249
30 140771
30 140840
36 105087
36 105109
32 56961
37 100985
34 75597
37 101090
32 57142
37 101108
30 141242
31 58368
30 141491
52 115673
30 141652
32 57505
37 101797
38 89205
38 89229
33 104894
32 57888
36 105710
36 105773
33 105018
33 105072
34 76284
38 89723
30 142691
36 106097
36 106184
34 76670
34 77107
30 143422
37 102577
37 102587
52 116849
33 105656
31 59682
34 77781
32 58689
52 117428
34 78020
33 106115
36 106982
32 58966
33 106226
37 103547
31 59972
30 143870
32 59146
34 78485
30 144375
30 144382
34 78569
33 106650
52 118023
37 103785
52 118096
32 59385
34 78766
30 144625
30 144710
32 59560
32 59637
30 144822
36 108084
30 144894
30 144938
33 107208
31 60418
36 108286
32 59776
32 59777
38 91331
36 108485
37 104481
33 107524
37 104574
31 61090
30 145579
37 104862
32 60582
37 104912
32 60885
37 105104
30 146100
32 61022
34 79928
34 80202
34 80233
37 105524
36 109326
30 147304
31 61988
31 62012
30 147389
32 61327
30 147580
38 92852
33 108782
37 105942
37 105984
31 62341
38 93405
32 61944
37 106303
34 81225
32 62259
32 62371
38 93660
36 110411
38 94085
36 110520
34 81726
36 110535
32 62649
38 94461
34 82325
32 62881
34 82392
38 95052
32 63382
33 109857
32 63540
33 110151
36 111461
31 63914
37 107184
36 111666
38 95615
37 107631
34 83006
37 107686
37 107710
37 107898
33 110659
34 83397
32 64709
34 83488
31 64885
31 64900
34 83817
33 111112
36 112449
36 112463
34 84075
37 108736
34 84171
34 84227
31 65875
36 112563
33 111317
38 97272
38 97282
37 109177
36 112914
32 66683
32 66717
37 109358
32 66748
37 109414
32 66875
38 98255
34 84897
34 85038
32 67130
32 67415
31 66444
34 85195
33 111954
31 66968
32 67863
36 113939
33 112660
38 99515
34 85953
34 86067
34 86360
34 86435
34 86439
37 110365
31 67741
33 113364
38 99982
36 114849
38 100116
38 100333
31 68015
34 86728
33 113490
34 86755
32 69088
38 100425
38 100560
33 113888
36 115169
38 100798
36 115485
34 87955
37 111221
33 114365
37 111328
33 114522
32 69774
32 69911
32 70245
32 70366
33 114594
37 112155
32 70679
33 114845
36 116418
38 101515
37 112475
38 101660
38 101860
32 71100
38 102085
33 115000
33 115064
38 102332
38 102386
36 116682
31 69856
37 112659
37 112787
31 70182
36 117056
32 71858
36 117120
32 71986
34 88840
36 117358
33 115958
36 117484
33 116090
37 112952
38 102825
34 89341
34 89418
38 103196
38 103392
32 72599
32 72747
38 103640
32 72857
32 72936
37 113566
32 72954
38 104140
37 113827
32 73309
33 116546
36 118252
31 71286
31 71482
31 71529
36 118518
36 118615
32 73522
34 90345
32 73627
31 71798
34 90839
34 90840
37 114548
31 72107
32 73841
37 114612
32 73946
32 74392
38 105753
32 74475
32 74509
37 115292
37 115464
34 91401
37 115511
38 106565
36 119691
31 72592
36 119778
34 92062
33 118196
34 92094
32 75651
32 75891
33 118631
37 116408
37 116413
36 120601
31 72933
31 72976
34 92518
37 116811
38 107914
38 107993
31 73386
33 118963
32 76887
32 77033
31 73869
32 77304
32 77548
37 117132
37 117207
34 93370
36 121182
36 121278
37 117541
34 93604
31 74089
37 117723
36 121573
36 121897
36 122062
32 78065
37 117992
37 118152
37 118428
37 118450
31 74495
32 78614
34 94702
38 109770
37 118801
31 75072
33 121025
38 110539
37 118847
38 110806
37 119102
34 95293
36 123002
36 123040
31 75514
33 121597
33 121693
38 111399
34 95699
38 111621
38 111794
34 95984
33 121826
38 111936
33 121879
36 123990
37 119709
34 96278
37 119945
32 81098
33 122284
32 81161
31 76526
31 76567
32 81615
32 81650
32 81696
33 122629
38 112931
37 120586
38 113204
33 123030
38 113459
37 120948
33 123064
31 76927
34 97045
37 121057
34 97104
34 97379
32 82175
32 82367
32 82392
34 97558
32 82573
33 123195
34 97696
34 97724
32 82825
38 113837
38 114038
37 121471
37 121637
31 78182
34 97961
32 83529
38 114196
37 121881
34 98150
33 123583
33 123720
38 114720
32 83839
38 114911
33 124050
32 84352
37 122584
34 98820
33 124249
31 78812
37 122661
31 79068
37 122812
38 115259
38 115266
32 85190
32 85216
34 98835
38 115450
33 124954
37 123268
33 125193
34 99716
38 116112
37 123928
38 116193
34 100168
32 86060
34 100357
34 100427
34 100429
33 125437
38 116535
31 80181
34 100560
37 124168
31 80592
31 80742
32 87225
37 124613
34 100916
37 124769
37 124784
34 101019
33 126158
37 124799
33 126303
38 117305
38 117737
31 81415
38 117890
32 87871
32 87915
32 87920
38 118235
31 81889
34 102362
38 118331
32 88434
32 88523
38 118589
34 103256
37 125567
34 103702
31 82668
32 89080
38 118774
33 127798
37 126332
37 126334
32 89345
33 127964
32 89465
37 126505
32 89525
33 128054
34 104147
38 119442
31 83160
33 128585
34 104756
32 90644
31 84046
32 90994
32 91080
33 128902
38 120070
38 120076
32 91439
32 91462
33 129195
37 127827
34 106127
37 127880
34 106251
37 127940
31 84507
37 128132
33 129625
32 92044
32 92127
32 92153
34 106991
38 120646
38 120923
32 92579
38 121136
31 84551
31 84782
31 84789
31 84836
32 93230
33 130456
33 130477
33 130478
38 121708
32 94077
34 107699
33 131369
33 131422
34 108614
33 131480
34 108909
37 129712
37 129736
33 131700
32 94760
32 95127
33 132000
31 86488
32 95339
32 95418
34 109512
38 122896
31 86593
38 123001
34 109905
34 110167
34 110286
34 110507
37 130751
37 130755
38 123667
34 110738
32 96628
37 131110
37 131128
31 87798
33 133159
37 131456
37 131828
31 88089
33 133738
37 132006
38 124460
37 132104
31 88364
31 88494
32 97158
32 97171
38 124788
31 88615
38 124936
31 88756
38 125099
37 132270
37 132449
33 134327
34 112399
31 88970
34 112554
31 89123
32 97961
32 98215
38 125751
33 134839
34 113432
33 134991
38 126049
32 98622
34 113597
33 135415
32 99097
34 113675
34 114384
38 126149
37 134012
38 126447
34 114715
37 134069
37 134349
32 100238
38 127031
37 134456
37 134558
37 134674
32 101037
34 115442
37 134856
37 135125
34 115859
34 115908
33 136304
33 136462
31 91170
37 135305
33 136597
31 91421
33 136715
38 127719
38 127728
32 101484
37 135611
34 116586
32 102239
32 102326
32 102590
32 102733
31 92037
37 135984
38 128569
33 137385
34 117612
34 117768
31 92707
38 129206
33 137635
31 92788
32 103725
33 137934
32 104017
31 93114
34 118723
33 138158
38 129587
38 129612
34 119047
34 119571
31 93477
37 137671
31 93777
34 119742
34 119964
34 120034
31 94115
33 139122
38 129872
38 129921
34 120775
32 105928
38 130441
38 130488
31 95014
38 131212
31 95295
38 131324
33 140404
33 140446
34 122722
34 122859
34 122875
32 106968
38 131406
34 123312
31 96052
38 132263
31 96093
33 141551
33 141683
33 141727
33 142101
34 123635
32 108183
34 123933
32 108234
32 108638
32 108749
34 124666
33 142820
33 142837
34 125180
38 133727
33 143401
33 143459
33 143475
31 97205
31 97213
38 133931
33 143624
31 97292
33 143776
33 143779
33 143862
32 109623
32 109811
33 144064
32 109972
34 126275
32 110040
31 97644
31 97673
33 144347
31 97826
38 134582
38 134614
33 144649
33 144825
38 134936
32 110364
31 98315
33 145115
38 134992
32 110496
32 110612
32 110890
31 98820
33 145679
31 99129
31 99163
38 135766
38 135792
34 127696
38 135868
38 135888
31 99377
34 128223
34 128338
38 136193
38 136280
38 136493
31 99813
38 136530
31 100160
34 129045
32 112353
32 112365
31 100392
33 147040
38 136985
34 129588
33 147482
38 137106
34 130109
32 112616
32 112724
38 137269
38 137309
38 137352
32 113383
34 130388
34 130545
33 148265
31 101583
33 148361
31 101635
33 148442
31 101656
31 101664
33 148590
38 138328
33 148744
31 101922
31 102048
31 102090
31 102192
31 102246
31 102329
33 149542
34 131836
33 149730
33 149856
33 149910
32 114457
34 133010
32 114775
32 114805
31 102951
31 103088
31 103112
34 133169
32 115150
34 133313
31 103228
31 103432
31 103472
32 115211
32 115376
33 151318
31 103787
34 134190
34 134200
34 134623
33 151654
32 115839
33 152091
34 134735
34 134875
34 135024
33 152610
33 152698
33 153298
33 153479
32 116618
31 105159
34 136182
34 136629
33 154578
33 154618
32 117410
33 154708
33 154917
34 137093
34 137364
31 105741
31 105756
33 155322
33 155584
34 137793
32 118369
34 138234
32 118564
32 118846
32 118963
31 107022
31 107118
32 119188
34 139442
34 139867
32 119517
32 119655
32 119777
34 140132
32 119854
32 120199
31 108604
34 140713
31 108978
34 142060
32 121240
32 121325
31 109323
32 121673
34 142786
34 142797
32 122230
34 143919
34 143973
34 144357
34 144866
32 123456
32 123928
32 125088
31 113102
34 147352
34 147396
31 114181
32 126209
32 126458
32 126504
32 126619
31 114313
32 126815
32 126873
32 127457
31 114930
34 149243
34 149549
32 128179
32 128810
34 149768
34 149806
31 115989
32 128989
32 129037
34 150605
32 129269
31 116843
34 151496
34 151563
32 130548
32 130823
34 151673
34 152017
32 131375
31 117814
32 131545
32 131818
34 153087
32 132260
32 132323
34 153539
32 132729
32 132998
34 154333
31 118963
32 133428
32 133745
31 119301
32 134011
32 134251
31 119625
32 134304
32 134455
34 155680
34 155856
31 119960
31 120287
31 120498
32 134597
31 120610
32 135067
32 135069
34 156805
34 156953
32 135330
34 156979
32 135551
34 157998
31 121370
32 136212
31 121508
32 136676
34 159455
34 159845
34 160101
31 122572
31 122633
31 123112
32 138634
32 138891
32 139335
34 161497
34 161629
34 162313
31 124517
31 124864
32 140380
32 140639
31 125090
34 162685
34 162812
32 140974
34 163339
31 125202
31 125441
31 125618
31 125892
34 164084
34 164276
31 126300
34 164559
31 127283
31 128320
31 128840
31 128941
31 129143
31 129571
31 130142
31 130544
34 167627
34 167946
34 168376
31 130971
34 168575
34 168577
31 130995
34 168617
31 131122
31 131436
31 132206
31 132208
34 169285
31 132498
34 169546
34 170390
34 170615
31 132944
31 133333
34 171509
34 172367
31 133744
31 134234
31 134323
31 134375
31 134654
31 134938
31 135268
34 173281
34 173537
34 173576
34 173972
34 174043
31 135819
34 174544
31 136054
34 174610
31 136217
31 136320
31 136357
31 136390
31 136973
34 174856
34 175796
31 137466
31 138265
31 138674
34 176519
34 176651
34 176741
34 176789
31 138764
34 177462
31 139110
31 140088
31 140748
31 141760
31 142618
31 143008
31 143099
31 143119
31 143538
31 143569
31 144086
31 144306
31 145856
31 146333
31 147337
31 147506
31 148021
31 148563
31 149388
31 150202
