66 1450
66 2436
66 2928
66 3043
66 3106
66 3242
66 3846
66 4819
66 6283
66 6341
66 6785
66 7203
66 7421
66 8837
66 9024
66 10499
66 11135
66 11401
66 12732
66 14588
66 14818
66 14858
66 15185
66 15998
66 17048
66 17916
66 19024
66 19289
66 22349
66 22541
66 23227
66 23506
66 23589
66 24114
66 24460
66 25527
66 26494
66 26813
66 27042
66 27118
66 27223
66 27235
66 27993
66 28956
66 29866
66 30580
66 30884
66 31180
66 32556
66 32807
66 33155
66 34359
66 35139
67 716
67 1415
67 2041
67 2594
67 3419
67 3426
67 4208
67 4526
67 6186
67 6771
67 7832
67 10072
67 10644
67 11305
67 12494
67 13065
67 13593
67 14762
67 15937
67 15954
67 16485
67 19164
67 20546
67 20813
67 21470
67 21931
67 24411
67 24743
67 24838
67 24977
67 26674
67 26877
67 28026
67 29426
67 29463
67 29954
67 30086
67 30565
67 31266
67 31607
67 32168
67 32488
67 33008
67 33913
67 33955
67 34079
67 34336
67 34624
67 37906
67 40635
67 40838
67 41365
67 41446
67 41615
67 42248
67 43538
67 45300
67 45316
67 47034
67 47083
67 48119
67 48546
67 49574
67 51186
67 51233
67 51576
67 51708
67 51799
67 53981
67 54635
67 55045
67 55869
67 56093
67 56254
67 56862
67 57414
67 57424
67 58064
67 58142
67 58555
67 59333
67 60706
67 61249
67 62106
67 63023
67 63208
67 64318
67 64464
67 65122
67 65739
67 69801
67 70846
67 71898
67 72437
67 76973
67 77654
67 78000
67 78531
67 78730
67 78778
67 79218
67 79968
67 81278
67 81847
67 83068
67 83454
67 83725
67 84367
67 84645
67 87233
67 89383
67 89927
67 89973
67 90132
67 90228
67 90579
67 92032
67 92302
67 94511
67 94854
67 95829
67 97513
67 97938
67 98314
67 99499
69 334
69 518
69 1486
69 2974
69 3046
69 3722
69 4152
69 4307
69 6101
69 6676
69 7531
69 8157
69 8346
69 9372
69 10247
69 10603
69 11533
69 11670
69 12458
69 12660
69 12687
69 12925
69 14829
69 15586
69 18246
69 18923
69 19889
69 20064
69 20731
69 20846
69 22171
69 22218
69 22576
69 23373
69 23444
69 23472
69 24551
69 27163
69 27190
69 29339
69 29390
69 29617
69 29645
69 29990
69 30320
69 30713
69 31175
69 33691
69 34883
69 35449
69 36308
69 36704
69 36872
69 37073
69 37132
69 37379
69 40292
69 40697
69 45475
69 45760
69 46547
69 46879
69 47175
69 47180
69 48287
69 49259
69 51783
69 53688
69 54206
69 57620
69 57708
69 58922
69 59622
69 59658
69 60064
69 60143
69 61552
69 62271
69 63492
69 63874
69 64018
69 64176
69 64717
69 66523
69 67752
69 68306
69 68412
69 68511
69 72338
69 73724
69 73957
69 74399
69 74525
69 74828
69 75086
69 75297
69 75718
69 76987
69 77640
69 77920
69 78666
69 79102
69 83362
69 83412
69 84019
69 84425
69 84677
69 87361
69 89863
69 90266
69 95037
69 96241
69 98913
69 98920
69 99706
69 99781
69 101106
69 101790
69 101965
69 102590
69 104291
69 104476
69 104576
69 105118
69 105401
69 105921
69 107371
69 109286
69 111309
69 111613
69 111739
69 112492
69 113040
69 113079
69 113452
69 113515
69 113998
69 114654
69 116192
69 116264
69 116681
69 116801
69 116941
69 117147
69 118942
69 119172
69 119626
69 119871
69 120779
69 121332
69 122632
69 123957
69 124348
69 125123
69 125524
69 126116
69 127250
69 127569
69 128341
69 130016
69 130843
69 131336
69 132192
69 132344
69 132529
69 132566
69 134238
69 134420
69 135488
69 135860
69 137110
69 137391
69 137951
69 138808
69 140104
69 140398
69 141704
69 142433
69 143444
69 143947
69 144522
69 145270
69 145313
69 147172
69 147295
69 147472
69 148054
69 150924
69 151210
69 151464
69 151962
69 152471
69 152718
69 153659
69 154118
69 154434
69 156820
69 156876
69 157436
69 157653
69 157721
69 157736
69 157883
69 158231
69 158854
69 159288
69 159785
69 160602
69 160743
69 161224
69 161424
69 161939
69 162202
69 162489
69 162827
69 163405
69 164624
69 164626
69 164817
69 164926
69 165680
69 166441
69 167274
69 167868
69 167904
69 168607
69 168635
69 169056
69 169210
69 170019
69 170745
69 171173
69 171813
69 171829
69 172150
69 172241
69 172401
69 172609
69 174325
69 174399
69 175041
69 176170
69 176486
69 176752
69 177902
69 179211
69 179251
69 179855
69 179921
69 180343
69 180421
69 182754
69 183028
69 183171
69 183739
69 184199
69 184654
69 185642
69 187093
69 187529
69 188316
69 188567
69 189383
69 190234
69 190966
69 191861
69 192353
69 193999
69 194282
69 196158
69 196284
69 198637
69 199295
69 199460
69 199790
69 200542
69 201086
70 235
70 275
70 972
70 1300
70 1590
70 2087
70 2509
70 3105
70 4053
70 5021
70 5898
70 6388
70 6709
70 6955
70 7135
70 7559
70 7572
70 7670
70 8024
70 8090
70 8948
70 9125
70 11175
70 11493
70 12080
70 12191
70 12204
70 12336
70 12864
70 13652
70 14026
70 20909
70 21867
70 22418
70 23424
70 23470
70 24305
70 24594
70 26344
70 26626
70 27609
70 30451
70 30665
70 30716
70 31030
70 31283
70 33053
70 33942
70 34543
70 34647
70 34682
70 35624
70 35818
70 36127
70 37539
70 37967
70 39401
70 39562
70 42790
70 45065
70 47456
70 47743
70 48539
70 49134
70 50450
70 51214
70 51428
70 51889
70 52846
70 52967
70 53611
70 53777
70 55133
70 56215
70 57111
70 58655
70 58979
70 59067
70 59578
70 59916
70 60139
70 60417
70 60536
70 60558
70 61053
70 61613
70 61841
70 62125
70 62594
70 66584
70 67459
70 67500
70 67896
70 68759
70 69475
70 69652
70 70310
70 70996
70 71271
70 72224
70 73294
70 73398
70 75052
70 75217
70 75355
70 75989
70 76169
70 76667
70 76743
70 76978
70 77411
70 78204
70 79015
70 79095
70 80217
70 80307
70 80404
70 80602
70 80861
70 81600
70 82266
70 82826
70 83216
70 84464
70 84568
70 85538
70 85600
70 86413
70 86516
70 86775
70 87977
70 89017
70 89594
70 91376
70 91738
70 92388
70 92910
70 93049
70 95002
70 95363
70 96922
70 97804
70 98750
70 98793
70 99108
70 99172
70 99589
70 99701
70 100341
70 100354
70 100382
70 100497
70 102053
70 102416
70 104574
70 104730
70 106307
70 106952
70 107559
70 107572
70 107901
70 110410
70 110590
70 110827
70 111099
70 111696
70 111885
70 112784
70 113482
70 115028
70 115316
70 115931
70 116286
70 118770
70 122519
70 124205
70 124819
70 125243
70 125255
70 125290
70 125413
70 126159
70 126568
70 127039
70 127126
70 127628
70 128059
70 128806
70 128835
70 129622
70 129715
70 129824
70 130172
70 130485
70 130564
70 131301
70 131985
70 133572
70 133657
70 134748
70 134990
70 134999
70 138035
70 138249
70 138336
70 139623
70 139797
70 140584
70 141005
70 141737
70 143762
70 143820
70 143852
70 144421
70 145912
70 146061
70 146073
70 146469
70 146481
70 147901
70 148343
70 149935
70 150323
70 151158
70 152368
70 152382
70 152830
70 152988
70 153150
70 155156
70 157635
70 158923
70 159686
70 160794
70 160867
70 160878
70 162352
70 162426
70 162796
70 163164
70 163446
70 163961
70 165254
70 165798
70 166669
70 167319
70 167339
70 167588
70 169373
70 170540
70 170697
70 170753
70 171460
70 172193
70 173516
70 175816
70 176427
70 177616
70 179562
70 180135
70 180501
70 182240
70 182332
70 182488
70 183401
70 183550
70 184482
70 184968
70 185652
70 185730
70 186258
70 186432
70 189934
70 189937
70 190058
70 190313
70 190988
70 192183
70 192291
70 193426
70 194688
70 195807
70 196403
70 197297
70 197414
70 198327
70 198378
70 198918
70 198939
70 200164
70 200495
70 202098
70 202196
70 202895
70 204159
70 204706
70 205681
70 207351
70 207904
70 209195
70 209715
70 210467
70 211628
70 211797
70 212891
70 212997
70 213265
70 213669
70 214080
70 214406
70 214650
70 215155
70 216400
70 217259
70 217557
70 217729
70 218130
70 218500
70 220922
70 221623
70 221866
70 222537
70 222863
70 223014
70 223669
70 223749
70 224629
70 224672
