# Fusion cross sections for ELAB=  14.531, ECM=  11.290
     0.5   12.26      1
     0.5   28.97     -1
     1.5   41.75      1
     1.5   94.52     -1
     2.5   82.37      1
     2.5   173.9     -1
     3.5   116.2      1
     3.5   214.5     -1
     4.5   128.7      1
     4.5   229.5     -1
     5.5   125.0      1
     5.5   194.7     -1
     6.5   74.83      1
     6.5   127.2     -1
     7.5   43.63      1
     7.5   61.59     -1
     8.5   1.303      1
     8.5   11.47     -1
     9.5  0.7276      1
     9.5  0.8150     -1
    10.5  0.5669E-02  1
    10.5  0.5399E-01 -1
    11.5  0.3107E-02  1
    11.5  0.3456E-02 -1
    12.5  0.2057E-04  1
    12.5  0.2107E-03 -1
    13.5  0.1112E-04  1
    13.5  0.1229E-04 -1
    14.5  0.6571E-07  1
    14.5  0.6965E-06 -1
    15.5  0.3519E-07  1
    15.5  0.3886E-07 -1
    16.5  0.2071E-09  1
    16.5  0.2179E-08 -1
    17.5  0.1192E-09  1
    17.5  0.1492E-09 -1
    18.5  0.1634E-10  1
    18.5  0.3639E-10 -1
    19.5  0.1312E-10  1
    19.5  0.1923E-10 -1
    20.5  0.5027E-11  1
    20.5  0.9909E-11 -1
    21.5  0.3935E-12  1
    21.5  0.2361E-11 -1
    22.5 -0.8037E-11  1
    22.5 -0.6487E-11 -1
    23.5 -0.1294E-10  1
    23.5 -0.1030E-10 -1
    24.5 -0.1850E-10  1
    24.5 -0.1365E-10 -1
    25.5 -0.2132E-10  1
    25.5 -0.1499E-10 -1
    26.5 -0.1805E-10  1
    26.5 -0.1196E-10 -1
    27.5 -0.1333E-10  1
    27.5 -0.1337E-10 -1
    28.5 -0.2753E-11  1
    28.5 -0.8857E-11 -1
    29.5  0.3261E-11  1
    29.5 -0.4540E-12 -1
    30.5  0.1403E-10  1
    30.5  0.1676E-10 -1
    31.5  0.2034E-10  1
    31.5  0.3359E-10 -1
    32.5  0.3001E-10  1
    32.5  0.4626E-10 -1
    33.5  0.3288E-10  1
    33.5  0.4462E-10 -1
    34.5  0.2215E-10  1
    34.5  0.2595E-10 -1
    35.5  0.9707E-11  1
    35.5  0.4705E-11 -1
    36.5 -0.6210E-11  1
    36.5 -0.1206E-10 -1
    37.5 -0.5176E-11  1
    37.5 -0.8678E-11 -1
    38.5  0.1610E-11  1
    38.5  0.1127E-11 -1
    39.5  0.9795E-11  1
    39.5  0.1563E-10 -1
    40.5  0.1867E-10  1
    40.5  0.2950E-10 -1
    41.5  0.1525E-10  1
    41.5  0.2964E-10 -1
    42.5  0.1420E-10  1
    42.5  0.2922E-10 -1
    43.5  0.1562E-10  1
    43.5  0.3099E-10 -1
    44.5  0.1071E-10  1
    44.5  0.2873E-10 -1
    45.5  0.5569E-11  1
    45.5  0.1873E-10 -1
    46.5 -0.9958E-11  1
    46.5 -0.1293E-11 -1
    47.5 -0.1948E-10  1
    47.5 -0.2107E-10 -1
    48.5 -0.2171E-10  1
    48.5 -0.3303E-10 -1
    49.5 -0.1293E-10  1
    49.5 -0.2710E-10 -1
    50.5  0.6034E-11  1
    50.5 -0.7157E-11 -1
 &
