           1           2           1
    0.5+     1 1   3.639       0.000    
    0.5+     1 2   3.639       0.000    
    0.5+     3 3   4.981       0.000    
    0.5-     0 1   5.636       0.000    
    0.5-     2 2   5.539       0.000    
    0.5-     2 3   5.539       0.000    
    1.5+     1 1   7.277       0.000    
    1.5+     1 2   7.277       0.000    
    1.5+     1 3   7.277       0.000    
    1.5+     3 4   9.961       0.000    
    1.5+     3 5   9.961       0.000    
    1.5-     0 1   11.27       0.000    
    1.5-     2 2   11.08       0.000    
    1.5-     2 3   11.08       0.000    
    1.5-     2 4   11.08       0.000    
    1.5-     4 5   8.260       0.000    
    2.5+     1 1   10.92       0.000    
    2.5+     1 2   10.92       0.000    
    2.5+     3 3   14.94       0.000    
    2.5+     3 4   14.94       0.000    
    2.5+     3 5   14.94       0.000    
    2.5+     5 6   15.71       0.000    
    2.5-     0 1   16.91       0.000    
    2.5-     2 2   16.62       0.000    
    2.5-     2 3   16.62       0.000    
    2.5-     2 4   16.62       0.000    
    2.5-     4 5   12.39       0.000    
    2.5-     4 6   12.39       0.000    
    3.5+     1 1   14.55       0.000    
    3.5+     3 2   19.92       0.000    
    3.5+     3 3   19.92       0.000    
    3.5+     3 4   19.92       0.000    
    3.5+     5 5   20.95       0.000    
    3.5+     5 6   20.95       0.000    
    3.5-     2 1   22.15       0.000    
    3.5-     2 2   22.15       0.000    
    3.5-     4 3   16.52       0.000    
    3.5-     4 4   16.52       0.000    
    3.5-     4 5   16.52       0.000    
    3.5-     6 6   4.465       0.000    
    4.5+     3 1   24.90       0.000    
    4.5+     3 2   24.90       0.000    
    4.5+     5 3   26.19       0.000    
    4.5+     5 4   26.19       0.000    
    4.5+     5 5   26.19       0.000    
    4.5+     7 6  0.3599       0.000    
    4.5-     2 1   27.69       0.000    
    4.5-     4 2   20.65       0.000    
    4.5-     4 3   20.65       0.000    
    4.5-     4 4   20.65       0.000    
    4.5-     6 5   5.581       0.000    
    4.5-     6 6   5.581       0.000    
    5.5+     3 1   29.88       0.000    
    5.5+     5 2   31.42       0.000    
    5.5+     5 3   31.42       0.000    
    5.5+     5 4   31.42       0.000    
    5.5+     7 5  0.4319       0.000    
    5.5+     7 6  0.4319       0.000    
    5.5-     4 1   24.78       0.000    
    5.5-     4 2   24.78       0.000    
    5.5-     6 3   6.697       0.000    
    5.5-     6 4   6.697       0.000    
    5.5-     6 5   6.697       0.000    
    5.5-     8 6  0.2609E-01   0.000    
    6.5+     5 1   36.66       0.000    
    6.5+     5 2   36.66       0.000    
    6.5+     7 3  0.5039       0.000    
    6.5+     7 4  0.5039       0.000    
    6.5+     7 5  0.5039       0.000    
    6.5+     9 6  0.1796E-02   0.000    
    6.5-     4 1   28.91       0.000    
    6.5-     6 2   7.813       0.000    
    6.5-     6 3   7.813       0.000    
    6.5-     6 4   7.813       0.000    
    6.5-     8 5  0.3044E-01   0.000    
    6.5-     8 6  0.3044E-01   0.000    
    7.5+     5 1   41.90       0.000    
    7.5+     7 2  0.5759       0.000    
    7.5+     7 3  0.5759       0.000    
    7.5+     7 4  0.5759       0.000    
    7.5+     9 5  0.2052E-02   0.000    
    7.5+     9 6  0.2052E-02   0.000    
    7.5-     6 1   8.929       0.000    
    7.5-     6 2   8.929       0.000    
    7.5-     8 3  0.3479E-01   0.000    
    7.5-     8 4  0.3479E-01   0.000    
    7.5-     8 5  0.3479E-01   0.000    
    7.5-    10 6  0.1160E-03   0.000    
    8.5+     7 1  0.6479       0.000    
    8.5+     7 2  0.6479       0.000    
    8.5+     9 3  0.2309E-02   0.000    
    8.5+     9 4  0.2309E-02   0.000    
    8.5+     9 5  0.2309E-02   0.000    
    8.5+    11 6  0.7090E-05   0.000    
    8.5-     6 1   10.05       0.000    
    8.5-     8 2  0.3914E-01   0.000    
    8.5-     8 3  0.3914E-01   0.000    
    8.5-     8 4  0.3914E-01   0.000    
    8.5-    10 5  0.1305E-03   0.000    
    8.5-    10 6  0.1305E-03   0.000    
    9.5+     7 1  0.7199       0.000    
    9.5+     9 2  0.2565E-02   0.000    
    9.5+     9 3  0.2565E-02   0.000    
    9.5+     9 4  0.2565E-02   0.000    
    9.5+    11 5  0.7878E-05   0.000    
    9.5+    11 6  0.7878E-05   0.000    
    9.5-     8 1  0.4349E-01   0.000    
    9.5-     8 2  0.4349E-01   0.000    
    9.5-    10 3  0.1450E-03   0.000    
    9.5-    10 4  0.1450E-03   0.000    
    9.5-    10 5  0.1450E-03   0.000    
    9.5-    12 6  0.4171E-06   0.000    
   10.5+     9 1  0.2822E-02   0.000    
   10.5+     9 2  0.2822E-02   0.000    
   10.5+    11 3  0.8666E-05   0.000    
   10.5+    11 4  0.8666E-05   0.000    
   10.5+    11 5  0.8666E-05   0.000    
   10.5+    13 6  0.2400E-07   0.000    
   10.5-     8 1  0.4784E-01   0.000    
   10.5-    10 2  0.1595E-03   0.000    
   10.5-    10 3  0.1595E-03   0.000    
   10.5-    10 4  0.1595E-03   0.000    
   10.5-    12 5  0.4588E-06   0.000    
   10.5-    12 6  0.4588E-06   0.000    
   11.5+     9 1  0.3078E-02   0.000    
   11.5+    11 2  0.9454E-05   0.000    
   11.5+    11 3  0.9454E-05   0.000    
   11.5+    11 4  0.9454E-05   0.000    
   11.5+    13 5  0.2618E-07   0.000    
   11.5+    13 6  0.2618E-07   0.000    
   11.5-    10 1  0.1740E-03   0.000    
   11.5-    10 2  0.1740E-03   0.000    
   11.5-    12 3  0.5005E-06   0.000    
   11.5-    12 4  0.5005E-06   0.000    
   11.5-    12 5  0.5005E-06   0.000    
   11.5-    14 6  0.1365E-08   0.000    
   12.5+    11 1  0.1024E-04   0.000    
   12.5+    11 2  0.1024E-04   0.000    
   12.5+    13 3  0.2836E-07   0.000    
   12.5+    13 4  0.2836E-07   0.000    
   12.5+    13 5  0.2836E-07   0.000    
   12.5+    15 6  0.7460E-10   0.000    
   12.5-    10 1  0.1885E-03   0.000    
   12.5-    12 2  0.5422E-06   0.000    
   12.5-    12 3  0.5422E-06   0.000    
   12.5-    12 4  0.5422E-06   0.000    
   12.5-    14 5  0.1479E-08   0.000    
   12.5-    14 6  0.1479E-08   0.000    
   13.5+    11 1  0.1103E-04   0.000    
   13.5+    13 2  0.3054E-07   0.000    
   13.5+    13 3  0.3054E-07   0.000    
   13.5+    13 4  0.3054E-07   0.000    
   13.5+    15 5  0.8022E-10   0.000    
   13.5+    15 6  0.8022E-10   0.000    
   13.5-    12 1  0.5839E-06   0.000    
   13.5-    12 2  0.5839E-06   0.000    
   13.5-    14 3  0.1593E-08   0.000    
   13.5-    14 4  0.1593E-08   0.000    
   13.5-    14 5  0.1593E-08   0.000    
   13.5-    16 6  0.9765E-11   0.000    
   14.5+    13 1  0.3273E-07   0.000    
   14.5+    13 2  0.3273E-07   0.000    
   14.5+    15 3  0.8595E-10   0.000    
   14.5+    15 4  0.8595E-10   0.000    
   14.5+    15 5  0.8595E-10   0.000    
   14.5+    17 6  0.2910E-11   0.000    
   14.5-    12 1  0.6256E-06   0.000    
   14.5-    14 2  0.1707E-08   0.000    
   14.5-    14 3  0.1707E-08   0.000    
   14.5-    14 4  0.1707E-08   0.000    
   14.5-    16 5  0.1057E-10   0.000    
   14.5-    16 6  0.1057E-10   0.000    
   15.5+    13 1  0.3491E-07   0.000    
   15.5+    15 2  0.9155E-10   0.000    
   15.5+    15 3  0.9155E-10   0.000    
   15.5+    15 4  0.9155E-10   0.000    
   15.5+    17 5  0.2972E-11   0.000    
   15.5+    17 6  0.2972E-11   0.000    
   15.5-    14 1  0.1820E-08   0.000    
   15.5-    14 2  0.1820E-08   0.000    
   15.5-    16 3  0.1116E-10   0.000    
   15.5-    16 4  0.1116E-10   0.000    
   15.5-    16 5  0.1116E-10   0.000    
   15.5-    18 6  0.7704E-12   0.000    
   16.5+    15 1  0.9748E-10   0.000    
   16.5+    15 2  0.9748E-10   0.000    
   16.5+    17 3  0.3157E-11   0.000    
   16.5+    17 4  0.3157E-11   0.000    
   16.5+    17 5  0.3157E-11   0.000    
   16.5+    19 6  0.2666E-11   0.000    
   16.5-    14 1  0.1934E-08   0.000    
   16.5-    16 2  0.1186E-10   0.000    
   16.5-    16 3  0.1186E-10   0.000    
   16.5-    16 4  0.1186E-10   0.000    
   16.5-    18 5  0.8887E-12   0.000    
   16.5-    18 6  0.8887E-12   0.000    
   17.5+    15 1  0.1031E-09   0.000    
   17.5+    17 2  0.3467E-11   0.000    
   17.5+    17 3  0.3467E-11   0.000    
   17.5+    17 4  0.3467E-11   0.000    
   17.5+    19 5  0.2848E-11   0.000    
   17.5+    19 6  0.2848E-11   0.000    
   17.5-    16 1  0.1265E-10   0.000    
   17.5-    16 2  0.1265E-10   0.000    
   17.5-    18 3  0.9410E-12   0.000    
   17.5-    18 4  0.9410E-12   0.000    
   17.5-    18 5  0.9410E-12   0.000    
   17.5-    20 6  0.1808E-11   0.000    
   18.5+    17 1  0.3659E-11   0.000    
   18.5+    17 2  0.3659E-11   0.000    
   18.5+    19 3  0.3006E-11   0.000    
   18.5+    19 4  0.3006E-11   0.000    
   18.5+    19 5  0.3006E-11   0.000    
   18.5+    21 6   0.000       0.000    
   18.5-    16 1  0.1325E-10   0.000    
   18.5-    18 2  0.9933E-12   0.000    
   18.5-    18 3  0.9933E-12   0.000    
   18.5-    18 4  0.9933E-12   0.000    
   18.5-    20 5  0.1908E-11   0.000    
   18.5-    20 6  0.1908E-11   0.000    
   19.5+    17 1  0.3852E-11   0.000    
   19.5+    19 2  0.3164E-11   0.000    
   19.5+    19 3  0.3164E-11   0.000    
   19.5+    19 4  0.3164E-11   0.000    
   19.5+    21 5 -0.1101E-12   0.000    
   19.5+    21 6 -0.1101E-12   0.000    
   19.5-    18 1  0.9905E-12   0.000    
   19.5-    18 2  0.9905E-12   0.000    
   19.5-    20 3  0.1871E-11   0.000    
   19.5-    20 4  0.1871E-11   0.000    
   19.5-    20 5  0.1871E-11   0.000    
   19.5-    22 6 -0.1486E-11   0.000    
   20.5+    19 1  0.3322E-11   0.000    
   20.5+    19 2  0.3322E-11   0.000    
   20.5+    21 3 -0.1156E-12   0.000    
   20.5+    21 4 -0.1156E-12   0.000    
   20.5+    21 5 -0.1156E-12   0.000    
   20.5+    23 6 -0.1271E-11   0.000    
   20.5-    18 1  0.1156E-11   0.000    
   20.5-    20 2  0.2282E-11   0.000    
   20.5-    20 3  0.2282E-11   0.000    
   20.5-    20 4  0.2282E-11   0.000    
   20.5-    22 5 -0.1560E-11   0.000    
   20.5-    22 6 -0.1560E-11   0.000    
   21.5+    19 1  0.3481E-11   0.000    
   21.5+    21 2 -0.1816E-12   0.000    
   21.5+    21 3 -0.1816E-12   0.000    
   21.5+    21 4 -0.1816E-12   0.000    
   21.5+    23 5 -0.1271E-11   0.000    
   21.5+    23 6 -0.1271E-11   0.000    
   21.5-    20 1  0.2209E-11   0.000    
   21.5-    20 2  0.2209E-11   0.000    
   21.5-    22 3 -0.1513E-11   0.000    
   21.5-    22 4 -0.1513E-11   0.000    
   21.5-    22 5 -0.1513E-11   0.000    
   21.5-    24 6  0.2088E-11   0.000    
   22.5+    21 1 -0.3164E-12   0.000    
   22.5+    21 2 -0.3164E-12   0.000    
   22.5+    23 3 -0.1139E-11   0.000    
   22.5+    23 4 -0.1139E-11   0.000    
   22.5+    23 5 -0.1139E-11   0.000    
   22.5+    25 6 -0.3987E-11   0.000    
   22.5-    20 1  0.2500E-11   0.000    
   22.5-    22 2 -0.1709E-11   0.000    
   22.5-    22 3 -0.1709E-11   0.000    
   22.5-    22 4 -0.1709E-11   0.000    
   22.5-    24 5  0.2088E-11   0.000    
   22.5-    24 6  0.2088E-11   0.000    
   23.5+    21 1 -0.1321E-12   0.000    
   23.5+    23 2 -0.1585E-11   0.000    
   23.5+    23 3 -0.1585E-11   0.000    
   23.5+    23 4 -0.1585E-11   0.000    
   23.5+    25 5 -0.4028E-11   0.000    
   23.5+    25 6 -0.4028E-11   0.000    
   23.5-    22 1 -0.1915E-11   0.000    
   23.5-    22 2 -0.1915E-11   0.000    
   23.5-    24 3  0.2146E-11   0.000    
   23.5-    24 4  0.2146E-11   0.000    
   23.5-    24 5  0.2146E-11   0.000    
   23.5-    26 6  0.3302E-13   0.000    
   24.5+    23 1 -0.1376E-11   0.000    
   24.5+    23 2 -0.1376E-11   0.000    
   24.5+    25 3 -0.4265E-11   0.000    
   24.5+    25 4 -0.4265E-11   0.000    
   24.5+    25 5 -0.4265E-11   0.000    
   24.5+    27 6 -0.2958E-11   0.000    
   24.5-    22 1 -0.1857E-11   0.000    
   24.5-    24 2  0.2236E-11   0.000    
   24.5-    24 3  0.2236E-11   0.000    
   24.5-    24 4  0.2236E-11   0.000    
   24.5-    26 5   0.000       0.000    
   24.5-    26 6   0.000       0.000    
   25.5+    23 1 -0.1645E-11   0.000    
   25.5+    25 2 -0.4507E-11   0.000    
   25.5+    25 3 -0.4507E-11   0.000    
   25.5+    25 4 -0.4507E-11   0.000    
   25.5+    27 5 -0.3076E-11   0.000    
   25.5+    27 6 -0.3076E-11   0.000    
   25.5-    24 1  0.2325E-11   0.000    
   25.5-    24 2  0.2325E-11   0.000    
   25.5-    26 3  0.1073E-12   0.000    
   25.5-    26 4  0.1073E-12   0.000    
   25.5-    26 5  0.1073E-12   0.000    
   25.5-    28 6  0.1359E-11   0.000    
   26.5+    25 1 -0.4755E-11   0.000    
   26.5+    25 2 -0.4755E-11   0.000    
   26.5+    27 3 -0.3046E-11   0.000    
   26.5+    27 4 -0.3046E-11   0.000    
   26.5+    27 5 -0.3046E-11   0.000    
   26.5+    29 6  0.5943E-12   0.000    
   26.5-    24 1  0.2414E-11   0.000    
   26.5-    26 2  0.1857E-12   0.000    
   26.5-    26 3  0.1857E-12   0.000    
   26.5-    26 4  0.1857E-12   0.000    
   26.5-    28 5  0.1560E-11   0.000    
   26.5-    28 6  0.1560E-11   0.000    
   27.5+    25 1 -0.4854E-11   0.000    
   27.5+    27 2 -0.3159E-11   0.000    
   27.5+    27 3 -0.3159E-11   0.000    
   27.5+    27 4 -0.3159E-11   0.000    
   27.5+    29 5  0.5008E-12   0.000    
   27.5+    29 6  0.5008E-12   0.000    
   27.5-    26 1  0.3852E-13   0.000    
   27.5-    26 2  0.3852E-13   0.000    
   27.5-    28 3  0.1579E-11   0.000    
   27.5-    28 4  0.1579E-11   0.000    
   27.5-    28 5  0.1579E-11   0.000    
   27.5-    30 6 -0.4854E-11   0.000    
   28.5+    27 1 -0.3272E-11   0.000    
   28.5+    27 2 -0.3272E-11   0.000    
   28.5+    29 3  0.5187E-12   0.000    
   28.5+    29 4  0.5187E-12   0.000    
   28.5+    29 5  0.5187E-12   0.000    
   28.5+    31 6  0.2234E-11   0.000    
   28.5-    26 1  0.1197E-12   0.000    
   28.5-    28 2  0.1277E-11   0.000    
   28.5-    28 3  0.1277E-11   0.000    
   28.5-    28 4  0.1277E-11   0.000    
   28.5-    30 5 -0.5027E-11   0.000    
   28.5-    30 6 -0.5027E-11   0.000    
   29.5+    27 1 -0.3549E-11   0.000    
   29.5+    29 2  0.7016E-12   0.000    
   29.5+    29 3  0.7016E-12   0.000    
   29.5+    29 4  0.7016E-12   0.000    
   29.5+    31 5  0.2353E-11   0.000    
   29.5+    31 6  0.2353E-11   0.000    
   29.5-    28 1  0.1775E-11   0.000    
   29.5-    28 2  0.1775E-11   0.000    
   29.5-    30 3 -0.5200E-11   0.000    
   29.5-    30 4 -0.5200E-11   0.000    
   29.5-    30 5 -0.5200E-11   0.000    
   29.5-    32 6  0.8337E-11   0.000    
   30.5+    29 1  0.2985E-12   0.000    
   30.5+    29 2  0.2985E-12   0.000    
   30.5+    31 3  0.2474E-11   0.000    
   30.5+    31 4  0.2474E-11   0.000    
   30.5+    31 5  0.2474E-11   0.000    
   30.5+    33 6  0.6013E-11   0.000    
   30.5-    28 1  0.1621E-11   0.000    
   30.5-    30 2 -0.5374E-11   0.000    
   30.5-    30 3 -0.5374E-11   0.000    
   30.5-    30 4 -0.5374E-11   0.000    
   30.5-    32 5  0.8615E-11   0.000    
   30.5-    32 6  0.8615E-11   0.000    
   31.5+    29 1  0.5723E-12   0.000    
   31.5+    31 2  0.2421E-11   0.000    
   31.5+    31 3  0.2421E-11   0.000    
   31.5+    31 4  0.2421E-11   0.000    
   31.5+    33 5  0.6251E-11   0.000    
   31.5+    33 6  0.6251E-11   0.000    
   31.5-    30 1 -0.5371E-11   0.000    
   31.5-    30 2 -0.5371E-11   0.000    
   31.5-    32 3  0.8761E-11   0.000    
   31.5-    32 4  0.8761E-11   0.000    
   31.5-    32 5  0.8761E-11   0.000    
   31.5-    34 6 -0.2289E-11   0.000    
   32.5+    31 1  0.2588E-11   0.000    
   32.5+    31 2  0.2588E-11   0.000    
   32.5+    33 3  0.6538E-11   0.000    
   32.5+    33 4  0.6538E-11   0.000    
   32.5+    33 5  0.6538E-11   0.000    
   32.5+    35 6  0.5221E-11   0.000    
   32.5-    30 1 -0.5539E-11   0.000    
   32.5-    32 2  0.8898E-11   0.000    
   32.5-    32 3  0.8898E-11   0.000    
   32.5-    32 4  0.8898E-11   0.000    
   32.5-    34 5 -0.2452E-11   0.000    
   32.5-    34 6 -0.2452E-11   0.000    
   33.5+    31 1  0.2713E-11   0.000    
   33.5+    33 2  0.6502E-11   0.000    
   33.5+    33 3  0.6502E-11   0.000    
   33.5+    33 4  0.6502E-11   0.000    
   33.5+    35 5  0.5332E-11   0.000    
   33.5+    35 6  0.5332E-11   0.000    
   33.5-    32 1  0.9168E-11   0.000    
   33.5-    32 2  0.9168E-11   0.000    
   33.5-    34 3 -0.2526E-11   0.000    
   33.5-    34 4 -0.2526E-11   0.000    
   33.5-    34 5 -0.2526E-11   0.000    
   33.5-    36 6  0.9823E-12   0.000    
   34.5+    33 1  0.6645E-11   0.000    
   34.5+    33 2  0.6645E-11   0.000    
   34.5+    35 3  0.5104E-11   0.000    
   34.5+    35 4  0.5104E-11   0.000    
   34.5+    35 5  0.5104E-11   0.000    
   34.5+    37 6 -0.6452E-11   0.000    
   34.5-    32 1  0.9293E-11   0.000    
   34.5-    34 2 -0.2504E-11   0.000    
   34.5-    34 3 -0.2504E-11   0.000    
   34.5-    34 4 -0.2504E-11   0.000    
   34.5-    36 5  0.1011E-11   0.000    
   34.5-    36 6  0.1011E-11   0.000    
   35.5+    33 1  0.6884E-11   0.000    
   35.5+    35 2  0.5696E-11   0.000    
   35.5+    35 3  0.5696E-11   0.000    
   35.5+    35 4  0.5696E-11   0.000    
   35.5+    37 5 -0.7132E-11   0.000    
   35.5+    37 6 -0.7132E-11   0.000    
   35.5-    34 1 -0.2674E-11   0.000    
   35.5-    34 2 -0.2674E-11   0.000    
   35.5-    36 3  0.1040E-11   0.000    
   35.5-    36 4  0.1040E-11   0.000    
   35.5-    36 5  0.1040E-11   0.000    
   35.5-    38 6 -0.2773E-11   0.000    
   36.5+    35 1  0.5396E-11   0.000    
   36.5+    35 2  0.5396E-11   0.000    
   36.5+    37 3 -0.7025E-11   0.000    
   36.5+    37 4 -0.7025E-11   0.000    
   36.5+    37 5 -0.7025E-11   0.000    
   36.5+    39 6  0.4072E-11   0.000    
   36.5-    34 1 -0.2749E-11   0.000    
   36.5-    36 2  0.8653E-12   0.000    
   36.5-    36 3  0.8653E-12   0.000    
   36.5-    36 4  0.8653E-12   0.000    
   36.5-    38 5 -0.2851E-11   0.000    
   36.5-    38 6 -0.2851E-11   0.000    
   37.5+    35 1  0.6430E-11   0.000    
   37.5+    37 2 -0.7005E-11   0.000    
   37.5+    37 3 -0.7005E-11   0.000    
   37.5+    37 4 -0.7005E-11   0.000    
   37.5+    39 5  0.4705E-11   0.000    
   37.5+    39 6  0.4705E-11   0.000    
   37.5-    36 1  0.9933E-12   0.000    
   37.5-    36 2  0.9933E-12   0.000    
   37.5-    38 3 -0.2928E-11   0.000    
   37.5-    38 4 -0.2928E-11   0.000    
   37.5-    38 5 -0.2928E-11   0.000    
   37.5-    40 6  0.3294E-11   0.000    
   38.5+    37 1 -0.7404E-11   0.000    
   38.5+    37 2 -0.7404E-11   0.000    
   38.5+    39 3  0.4883E-11   0.000    
   38.5+    39 4  0.4883E-11   0.000    
   38.5+    39 5  0.4883E-11   0.000    
   38.5+    41 6  0.1771E-11   0.000    
   38.5-    36 1  0.1127E-11   0.000    
   38.5-    38 2 -0.2790E-11   0.000    
   38.5-    38 3 -0.2790E-11   0.000    
   38.5-    38 4 -0.2790E-11   0.000    
   38.5-    40 5  0.3380E-11   0.000    
   38.5-    40 6  0.3380E-11   0.000    
   39.5+    37 1 -0.8144E-11   0.000    
   39.5+    39 2  0.4953E-11   0.000    
   39.5+    39 3  0.4953E-11   0.000    
   39.5+    39 4  0.4953E-11   0.000    
   39.5+    41 5  0.1541E-11   0.000    
   39.5+    41 6  0.1541E-11   0.000    
   39.5-    38 1 -0.2972E-11   0.000    
   39.5-    38 2 -0.2972E-11   0.000    
   39.5-    40 3  0.3467E-11   0.000    
   39.5-    40 4  0.3467E-11   0.000    
   39.5-    40 5  0.3467E-11   0.000    
   39.5-    42 6  0.1376E-11   0.000    
   40.5+    39 1  0.5133E-11   0.000    
   40.5+    39 2  0.5133E-11   0.000    
   40.5+    41 3  0.1918E-11   0.000    
   40.5+    41 4  0.1918E-11   0.000    
   40.5+    41 5  0.1918E-11   0.000    
   40.5+    43 6  0.2651E-11   0.000    
   40.5-    38 1 -0.3159E-11   0.000    
   40.5-    40 2  0.3723E-11   0.000    
   40.5-    40 3  0.3723E-11   0.000    
   40.5-    40 4  0.3723E-11   0.000    
   40.5-    42 5  0.1410E-11   0.000    
   40.5-    42 6  0.1410E-11   0.000    
   41.5+    39 1  0.4969E-11   0.000    
   41.5+    41 2  0.1618E-11   0.000    
   41.5+    41 3  0.1618E-11   0.000    
   41.5+    41 4  0.1618E-11   0.000    
   41.5+    43 5  0.2716E-11   0.000    
   41.5+    43 6  0.2716E-11   0.000    
   41.5-    40 1  0.3640E-11   0.000    
   41.5-    40 2  0.3640E-11   0.000    
   41.5-    42 3  0.1387E-11   0.000    
   41.5-    42 4  0.1387E-11   0.000    
   41.5-    42 5  0.1387E-11   0.000    
   41.5-    44 6  0.2947E-11   0.000    
   42.5+    41 1  0.1656E-11   0.000    
   42.5+    41 2  0.1656E-11   0.000    
   42.5+    43 3  0.2780E-11   0.000    
   42.5+    43 4  0.2780E-11   0.000    
   42.5+    43 5  0.2780E-11   0.000    
   42.5+    45 6  0.2544E-11   0.000    
   42.5-    40 1  0.3727E-11   0.000    
   42.5-    42 2  0.1479E-11   0.000    
   42.5-    42 3  0.1479E-11   0.000    
   42.5-    42 4  0.1479E-11   0.000    
   42.5-    44 5  0.3431E-11   0.000    
   42.5-    44 6  0.3431E-11   0.000    
   43.5+    41 1  0.1392E-11   0.000    
   43.5+    43 2  0.2845E-11   0.000    
   43.5+    43 3  0.2845E-11   0.000    
   43.5+    43 4  0.2845E-11   0.000    
   43.5+    45 5  0.2845E-11   0.000    
   43.5+    45 6  0.2845E-11   0.000    
   43.5-    42 1  0.1574E-11   0.000    
   43.5-    42 2  0.1574E-11   0.000    
   43.5-    44 3  0.3027E-11   0.000    
   43.5-    44 4  0.3027E-11   0.000    
   43.5-    44 5  0.3027E-11   0.000    
   43.5-    46 6  0.3148E-11   0.000    
   44.5+    43 1  0.2910E-11   0.000    
   44.5+    43 2  0.2910E-11   0.000    
   44.5+    45 3  0.2414E-11   0.000    
   44.5+    45 4  0.2414E-11   0.000    
   44.5+    45 5  0.2414E-11   0.000    
   44.5+    47 6 -0.2353E-11   0.000    
   44.5-    42 1  0.1548E-11   0.000    
   44.5-    44 2  0.3591E-11   0.000    
   44.5-    44 3  0.3591E-11   0.000    
   44.5-    44 4  0.3591E-11   0.000    
   44.5-    46 5  0.2848E-11   0.000    
   44.5-    46 6  0.2848E-11   0.000    
   45.5+    43 1  0.2974E-11   0.000    
   45.5+    45 2  0.2468E-11   0.000    
   45.5+    45 3  0.2468E-11   0.000    
   45.5+    45 4  0.2468E-11   0.000    
   45.5+    47 5 -0.2405E-11   0.000    
   45.5+    47 6 -0.2405E-11   0.000    
   45.5-    44 1  0.3164E-11   0.000    
   45.5-    44 2  0.3164E-11   0.000    
   45.5-    46 3  0.2911E-11   0.000    
   45.5-    46 4  0.2911E-11   0.000    
   45.5-    46 5  0.2911E-11   0.000    
   45.5-    48 6 -0.1899E-11   0.000    
   46.5+    45 1  0.2522E-11   0.000    
   46.5+    45 2  0.2522E-11   0.000    
   46.5+    47 3 -0.2586E-11   0.000    
   46.5+    47 4 -0.2586E-11   0.000    
   46.5+    47 5 -0.2586E-11   0.000    
   46.5+    49 6 -0.7242E-11   0.000    
   46.5-    44 1  0.2780E-11   0.000    
   46.5-    46 2  0.3427E-11   0.000    
   46.5-    46 3  0.3427E-11   0.000    
   46.5-    46 4  0.3427E-11   0.000    
   46.5-    48 5 -0.2198E-11   0.000    
   46.5-    48 6 -0.2198E-11   0.000    
   47.5+    45 1  0.2840E-11   0.000    
   47.5+    47 2 -0.2509E-11   0.000    
   47.5+    47 3 -0.2509E-11   0.000    
   47.5+    47 4 -0.2509E-11   0.000    
   47.5+    49 5 -0.7396E-11   0.000    
   47.5+    49 6 -0.7396E-11   0.000    
   47.5-    46 1  0.3434E-11   0.000    
   47.5-    46 2  0.3434E-11   0.000    
   47.5-    48 3 -0.2245E-11   0.000    
   47.5-    48 4 -0.2245E-11   0.000    
   47.5-    48 5 -0.2245E-11   0.000    
   47.5-    50 6 -0.1717E-11   0.000    
   48.5+    47 1 -0.2562E-11   0.000    
   48.5+    47 2 -0.2562E-11   0.000    
   48.5+    49 3 -0.7550E-11   0.000    
   48.5+    49 4 -0.7550E-11   0.000    
   48.5+    49 5 -0.7550E-11   0.000    
   48.5+    51 6  0.6067E-11   0.000    
   48.5-    46 1  0.2696E-11   0.000    
   48.5-    48 2 -0.2696E-11   0.000    
   48.5-    48 3 -0.2696E-11   0.000    
   48.5-    48 4 -0.2696E-11   0.000    
   48.5-    50 5 -0.2966E-11   0.000    
   48.5-    50 6 -0.2966E-11   0.000    
   49.5+    47 1 -0.2614E-11   0.000    
   49.5+    49 2 -0.7704E-11   0.000    
   49.5+    49 3 -0.7704E-11   0.000    
   49.5+    49 4 -0.7704E-11   0.000    
   49.5+    51 5  0.6397E-11   0.000    
   49.5+    51 6  0.6397E-11   0.000    
   49.5-    48 1 -0.2339E-11   0.000    
   49.5-    48 2 -0.2339E-11   0.000    
   49.5-    50 3 -0.2476E-11   0.000    
   49.5-    50 4 -0.2476E-11   0.000    
   49.5-    50 5 -0.2476E-11   0.000    
   49.5-    52 6 -0.2064E-11   0.000    
   50.5+    49 1 -0.8841E-11   0.000    
   50.5+    49 2 -0.8841E-11   0.000    
   50.5+    51 3  0.6244E-11   0.000    
   50.5+    51 4  0.6244E-11   0.000    
   50.5+    51 5  0.6244E-11   0.000    
   50.5+    53 6  0.4982E-11   0.000    
   50.5-    48 1 -0.2386E-11   0.000    
   50.5-    50 2 -0.1263E-11   0.000    
   50.5-    50 3 -0.1263E-11   0.000    
   50.5-    50 4 -0.1263E-11   0.000    
   50.5-    52 5 -0.3508E-11   0.000    
   50.5-    52 6 -0.3508E-11   0.000    
