# 178 angles,  1 tensor ranks for 0=projectile
@subtitle   "7Li + d g.s with DA1p OMP;"                                                    
@legend ON
@legend x1 0.2
@legend y1 0.8
@g0 type LOGY
@yaxis ticklabel format power
@legend string   0 "Lab energy =   14.5700"
#legend string   0 "Partition=  1 Excit=  1 near/far= 1"
#  Theta       sigma       iT11        T20         T21         T22         Kyy for projectile
   3.000      0.1545E+06
   4.000      0.4250E+05
   5.000      0.1526E+05
   6.000       6838.    
   7.000       3839.    
   8.000       2672.    
   9.000       2183.    
   10.00       1956.    
   11.00       1828.    
   12.00       1733.    
   13.00       1645.    
   14.00       1552.    
   15.00       1454.    
   16.00       1350.    
   17.00       1242.    
   18.00       1132.    
   19.00       1023.    
   20.00       916.1    
   21.00       813.1    
   22.00       715.2    
   23.00       623.5    
   24.00       538.7    
   25.00       461.0    
   26.00       390.8    
   27.00       328.0    
   28.00       272.4    
   29.00       223.7    
   30.00       181.6    
   31.00       145.6    
   32.00       115.2    
   33.00       89.81    
   34.00       68.94    
   35.00       52.04    
   36.00       38.59    
   37.00       28.09    
   38.00       20.11    
   39.00       14.21    
   40.00       10.04    
   41.00       7.257    
   42.00       5.577    
   43.00       4.751    
   44.00       4.569    
   45.00       4.854    
   46.00       5.463    
   47.00       6.276    
   48.00       7.200    
   49.00       8.161    
   50.00       9.103    
   51.00       9.984    
   52.00       10.77    
   53.00       11.45    
   54.00       12.00    
   55.00       12.42    
   56.00       12.72    
   57.00       12.88    
   58.00       12.92    
   59.00       12.85    
   60.00       12.69    
   61.00       12.43    
   62.00       12.11    
   63.00       11.74    
   64.00       11.32    
   65.00       10.89    
   66.00       10.45    
   67.00       10.03    
   68.00       9.635    
   69.00       9.286    
   70.00       8.994    
   71.00       8.771    
   72.00       8.626    
   73.00       8.567    
   74.00       8.597    
   75.00       8.720    
   76.00       8.936    
   77.00       9.242    
   78.00       9.633    
   79.00       10.10    
   80.00       10.65    
   81.00       11.25    
   82.00       11.90    
   83.00       12.59    
   84.00       13.31    
   85.00       14.03    
   86.00       14.76    
   87.00       15.48    
   88.00       16.17    
   89.00       16.82    
   90.00       17.43    
   91.00       17.99    
   92.00       18.48    
   93.00       18.90    
   94.00       19.25    
   95.00       19.51    
   96.00       19.70    
   97.00       19.80    
   98.00       19.81    
   99.00       19.74    
   100.0       19.58    
   101.0       19.34    
   102.0       19.01    
   103.0       18.62    
   104.0       18.14    
   105.0       17.61    
   106.0       17.00    
   107.0       16.35    
   108.0       15.64    
   109.0       14.89    
   110.0       14.11    
   111.0       13.30    
   112.0       12.47    
   113.0       11.64    
   114.0       10.80    
   115.0       9.981    
   116.0       9.180    
   117.0       8.409    
   118.0       7.679    
   119.0       6.997    
   120.0       6.372    
   121.0       5.811    
   122.0       5.322    
   123.0       4.909    
   124.0       4.576    
   125.0       4.327    
   126.0       4.161    
   127.0       4.078    
   128.0       4.077    
   129.0       4.153    
   130.0       4.302    
   131.0       4.516    
   132.0       4.787    
   133.0       5.108    
   134.0       5.468    
   135.0       5.857    
   136.0       6.266    
   137.0       6.684    
   138.0       7.102    
   139.0       7.511    
   140.0       7.904    
   141.0       8.276    
   142.0       8.622    
   143.0       8.939    
   144.0       9.229    
   145.0       9.491    
   146.0       9.732    
   147.0       9.955    
   148.0       10.17    
   149.0       10.39    
   150.0       10.61    
   151.0       10.87    
   152.0       11.16    
   153.0       11.49    
   154.0       11.89    
   155.0       12.37    
   156.0       12.93    
   157.0       13.58    
   158.0       14.34    
   159.0       15.20    
   160.0       16.18    
   161.0       17.26    
   162.0       18.44    
   163.0       19.72    
   164.0       21.09    
   165.0       22.54    
   166.0       24.04    
   167.0       25.59    
   168.0       27.15    
   169.0       28.71    
   170.0       30.24    
   171.0       31.72    
   172.0       33.13    
   173.0       34.44    
   174.0       35.62    
   175.0       36.66    
   176.0       37.54    
   177.0       38.25    
   178.0       38.76    
   179.0       39.07    
   180.0       39.17    
 END
