           1           2           1
    0.5+     1 1   4.909       0.000    
    0.5+     1 2   4.909       0.000    
    0.5+     3 3   5.067       0.000    
    0.5-     0 1   4.870       0.000    
    0.5-     2 2   4.899       0.000    
    0.5-     2 3   4.899       0.000    
    1.5+     1 1   9.818       0.000    
    1.5+     1 2   9.818       0.000    
    1.5+     1 3   9.818       0.000    
    1.5+     3 4   10.13       0.000    
    1.5+     3 5   10.13       0.000    
    1.5-     0 1   9.740       0.000    
    1.5-     2 2   9.799       0.000    
    1.5-     2 3   9.799       0.000    
    1.5-     2 4   9.799       0.000    
    1.5-     4 5   9.473       0.000    
    2.5+     1 1   14.73       0.000    
    2.5+     1 2   14.73       0.000    
    2.5+     3 3   15.20       0.000    
    2.5+     3 4   15.20       0.000    
    2.5+     3 5   15.20       0.000    
    2.5+     5 6   13.38       0.000    
    2.5-     0 1   14.61       0.000    
    2.5-     2 2   14.70       0.000    
    2.5-     2 3   14.70       0.000    
    2.5-     2 4   14.70       0.000    
    2.5-     4 5   14.21       0.000    
    2.5-     4 6   14.21       0.000    
    3.5+     1 1   19.64       0.000    
    3.5+     3 2   20.27       0.000    
    3.5+     3 3   20.27       0.000    
    3.5+     3 4   20.27       0.000    
    3.5+     5 5   17.84       0.000    
    3.5+     5 6   17.84       0.000    
    3.5-     2 1   19.60       0.000    
    3.5-     2 2   19.60       0.000    
    3.5-     4 3   18.95       0.000    
    3.5-     4 4   18.95       0.000    
    3.5-     4 5   18.95       0.000    
    3.5-     6 6   10.35       0.000    
    4.5+     3 1   25.33       0.000    
    4.5+     3 2   25.33       0.000    
    4.5+     5 3   22.30       0.000    
    4.5+     5 4   22.30       0.000    
    4.5+     5 5   22.30       0.000    
    4.5+     7 6   5.240       0.000    
    4.5-     2 1   24.50       0.000    
    4.5-     4 2   23.68       0.000    
    4.5-     4 3   23.68       0.000    
    4.5-     4 4   23.68       0.000    
    4.5-     6 5   12.94       0.000    
    4.5-     6 6   12.94       0.000    
    5.5+     3 1   30.40       0.000    
    5.5+     5 2   26.76       0.000    
    5.5+     5 3   26.76       0.000    
    5.5+     5 4   26.76       0.000    
    5.5+     7 5   6.288       0.000    
    5.5+     7 6   6.288       0.000    
    5.5-     4 1   28.42       0.000    
    5.5-     4 2   28.42       0.000    
    5.5-     6 3   15.53       0.000    
    5.5-     6 4   15.53       0.000    
    5.5-     6 5   15.53       0.000    
    5.5-     8 6   2.117       0.000    
    6.5+     5 1   31.22       0.000    
    6.5+     5 2   31.22       0.000    
    6.5+     7 3   7.336       0.000    
    6.5+     7 4   7.336       0.000    
    6.5+     7 5   7.336       0.000    
    6.5+     9 6  0.7725       0.000    
    6.5-     4 1   33.16       0.000    
    6.5-     6 2   18.12       0.000    
    6.5-     6 3   18.12       0.000    
    6.5-     6 4   18.12       0.000    
    6.5-     8 5   2.470       0.000    
    6.5-     8 6   2.470       0.000    
    7.5+     5 1   35.69       0.000    
    7.5+     7 2   8.384       0.000    
    7.5+     7 3   8.384       0.000    
    7.5+     7 4   8.384       0.000    
    7.5+     9 5  0.8829       0.000    
    7.5+     9 6  0.8829       0.000    
    7.5-     6 1   20.71       0.000    
    7.5-     6 2   20.71       0.000    
    7.5-     8 3   2.823       0.000    
    7.5-     8 4   2.823       0.000    
    7.5-     8 5   2.823       0.000    
    7.5-    10 6  0.2685       0.000    
    8.5+     7 1   9.432       0.000    
    8.5+     7 2   9.432       0.000    
    8.5+     9 3  0.9933       0.000    
    8.5+     9 4  0.9933       0.000    
    8.5+     9 5  0.9933       0.000    
    8.5+    11 6  0.9080E-01   0.000    
    8.5-     6 1   23.30       0.000    
    8.5-     8 2   3.176       0.000    
    8.5-     8 3   3.176       0.000    
    8.5-     8 4   3.176       0.000    
    8.5-    10 5  0.3021       0.000    
    8.5-    10 6  0.3021       0.000    
    9.5+     7 1   10.48       0.000    
    9.5+     9 2   1.104       0.000    
    9.5+     9 3   1.104       0.000    
    9.5+     9 4   1.104       0.000    
    9.5+    11 5  0.1009       0.000    
    9.5+    11 6  0.1009       0.000    
    9.5-     8 1   3.529       0.000    
    9.5-     8 2   3.529       0.000    
    9.5-    10 3  0.3356       0.000    
    9.5-    10 4  0.3356       0.000    
    9.5-    10 5  0.3356       0.000    
    9.5-    12 6  0.3015E-01   0.000    
   10.5+     9 1   1.214       0.000    
   10.5+     9 2   1.214       0.000    
   10.5+    11 3  0.1110       0.000    
   10.5+    11 4  0.1110       0.000    
   10.5+    11 5  0.1110       0.000    
   10.5+    13 6  0.9875E-02   0.000    
   10.5-     8 1   3.881       0.000    
   10.5-    10 2  0.3692       0.000    
   10.5-    10 3  0.3692       0.000    
   10.5-    10 4  0.3692       0.000    
   10.5-    12 5  0.3316E-01   0.000    
   10.5-    12 6  0.3316E-01   0.000    
   11.5+     9 1   1.324       0.000    
   11.5+    11 2  0.1211       0.000    
   11.5+    11 3  0.1211       0.000    
   11.5+    11 4  0.1211       0.000    
   11.5+    13 5  0.1077E-01   0.000    
   11.5+    13 6  0.1077E-01   0.000    
   11.5-    10 1  0.4028       0.000    
   11.5-    10 2  0.4028       0.000    
   11.5-    12 3  0.3618E-01   0.000    
   11.5-    12 4  0.3618E-01   0.000    
   11.5-    12 5  0.3618E-01   0.000    
   11.5-    14 6  0.3200E-02   0.000    
   12.5+    11 1  0.1312       0.000    
   12.5+    11 2  0.1312       0.000    
   12.5+    13 3  0.1167E-01   0.000    
   12.5+    13 4  0.1167E-01   0.000    
   12.5+    13 5  0.1167E-01   0.000    
   12.5+    15 6  0.1028E-02   0.000    
   12.5-    10 1  0.4363       0.000    
   12.5-    12 2  0.3919E-01   0.000    
   12.5-    12 3  0.3919E-01   0.000    
   12.5-    12 4  0.3919E-01   0.000    
   12.5-    14 5  0.3467E-02   0.000    
   12.5-    14 6  0.3467E-02   0.000    
   13.5+    11 1  0.1412       0.000    
   13.5+    13 2  0.1257E-01   0.000    
   13.5+    13 3  0.1257E-01   0.000    
   13.5+    13 4  0.1257E-01   0.000    
   13.5+    15 5  0.1107E-02   0.000    
   13.5+    15 6  0.1107E-02   0.000    
   13.5-    12 1  0.4221E-01   0.000    
   13.5-    12 2  0.4221E-01   0.000    
   13.5-    14 3  0.3733E-02   0.000    
   13.5-    14 4  0.3733E-02   0.000    
   13.5-    14 5  0.3733E-02   0.000    
   13.5-    16 6  0.3275E-03   0.000    
   14.5+    13 1  0.1347E-01   0.000    
   14.5+    13 2  0.1347E-01   0.000    
   14.5+    15 3  0.1186E-02   0.000    
   14.5+    15 4  0.1186E-02   0.000    
   14.5+    15 5  0.1186E-02   0.000    
   14.5+    17 6  0.1037E-03   0.000    
   14.5-    12 1  0.4522E-01   0.000    
   14.5-    14 2  0.4000E-02   0.000    
   14.5-    14 3  0.4000E-02   0.000    
   14.5-    14 4  0.4000E-02   0.000    
   14.5-    16 5  0.3508E-03   0.000    
   14.5-    16 6  0.3508E-03   0.000    
   15.5+    13 1  0.1436E-01   0.000    
   15.5+    15 2  0.1265E-02   0.000    
   15.5+    15 3  0.1265E-02   0.000    
   15.5+    15 4  0.1265E-02   0.000    
   15.5+    17 5  0.1106E-03   0.000    
   15.5+    17 6  0.1106E-03   0.000    
   15.5-    14 1  0.4266E-02   0.000    
   15.5-    14 2  0.4266E-02   0.000    
   15.5-    16 3  0.3742E-03   0.000    
   15.5-    16 4  0.3742E-03   0.000    
   15.5-    16 5  0.3742E-03   0.000    
   15.5-    18 6  0.3263E-04   0.000    
   16.5+    15 1  0.1344E-02   0.000    
   16.5+    15 2  0.1344E-02   0.000    
   16.5+    17 3  0.1175E-03   0.000    
   16.5+    17 4  0.1175E-03   0.000    
   16.5+    17 5  0.1175E-03   0.000    
   16.5+    19 6  0.1022E-04   0.000    
   16.5-    14 1  0.4533E-02   0.000    
   16.5-    16 2  0.3976E-03   0.000    
   16.5-    16 3  0.3976E-03   0.000    
   16.5-    16 4  0.3976E-03   0.000    
   16.5-    18 5  0.3467E-04   0.000    
   16.5-    18 6  0.3467E-04   0.000    
   17.5+    15 1  0.1423E-02   0.000    
   17.5+    17 2  0.1244E-03   0.000    
   17.5+    17 3  0.1244E-03   0.000    
   17.5+    17 4  0.1244E-03   0.000    
   17.5+    19 5  0.1082E-04   0.000    
   17.5+    19 6  0.1082E-04   0.000    
   17.5-    16 1  0.4210E-03   0.000    
   17.5-    16 2  0.4210E-03   0.000    
   17.5-    18 3  0.3671E-04   0.000    
   17.5-    18 4  0.3671E-04   0.000    
   17.5-    18 5  0.3671E-04   0.000    
   17.5-    20 6  0.3187E-05   0.000    
   18.5+    17 1  0.1313E-03   0.000    
   18.5+    17 2  0.1313E-03   0.000    
   18.5+    19 3  0.1142E-04   0.000    
   18.5+    19 4  0.1142E-04   0.000    
   18.5+    19 5  0.1142E-04   0.000    
   18.5+    21 6  0.9896E-06   0.000    
   18.5-    16 1  0.4444E-03   0.000    
   18.5-    18 2  0.3875E-04   0.000    
   18.5-    18 3  0.3875E-04   0.000    
   18.5-    18 4  0.3875E-04   0.000    
   18.5-    20 5  0.3364E-05   0.000    
   18.5-    20 6  0.3364E-05   0.000    
   19.5+    17 1  0.1382E-03   0.000    
   19.5+    19 2  0.1202E-04   0.000    
   19.5+    19 3  0.1202E-04   0.000    
   19.5+    19 4  0.1202E-04   0.000    
   19.5+    21 5  0.1042E-05   0.000    
   19.5+    21 6  0.1042E-05   0.000    
   19.5-    18 1  0.4079E-04   0.000    
   19.5-    18 2  0.4079E-04   0.000    
   19.5-    20 3  0.3541E-05   0.000    
   19.5-    20 4  0.3541E-05   0.000    
   19.5-    20 5  0.3541E-05   0.000    
   19.5-    22 6  0.3062E-06   0.000    
   20.5+    19 1  0.1262E-04   0.000    
   20.5+    19 2  0.1262E-04   0.000    
   20.5+    21 3  0.1094E-05   0.000    
   20.5+    21 4  0.1094E-05   0.000    
   20.5+    21 5  0.1094E-05   0.000    
   20.5+    23 6  0.9445E-07   0.000    
   20.5-    18 1  0.4283E-04   0.000    
   20.5-    20 2  0.3718E-05   0.000    
   20.5-    20 3  0.3718E-05   0.000    
   20.5-    20 4  0.3718E-05   0.000    
   20.5-    22 5  0.3215E-06   0.000    
   20.5-    22 6  0.3215E-06   0.000    
   21.5+    19 1  0.1323E-04   0.000    
   21.5+    21 2  0.1146E-05   0.000    
   21.5+    21 3  0.1146E-05   0.000    
   21.5+    21 4  0.1146E-05   0.000    
   21.5+    23 5  0.9895E-07   0.000    
   21.5+    23 6  0.9895E-07   0.000    
   21.5-    20 1  0.3895E-05   0.000    
   21.5-    20 2  0.3895E-05   0.000    
   21.5-    22 3  0.3368E-06   0.000    
   21.5-    22 4  0.3368E-06   0.000    
   21.5-    22 5  0.3368E-06   0.000    
   21.5-    24 6  0.2906E-07   0.000    
   22.5+    21 1  0.1198E-05   0.000    
   22.5+    21 2  0.1198E-05   0.000    
   22.5+    23 3  0.1034E-06   0.000    
   22.5+    23 4  0.1034E-06   0.000    
   22.5+    23 5  0.1034E-06   0.000    
   22.5+    25 6  0.8905E-08   0.000    
   22.5-    20 1  0.4072E-05   0.000    
   22.5-    22 2  0.3522E-06   0.000    
   22.5-    22 3  0.3522E-06   0.000    
   22.5-    22 4  0.3522E-06   0.000    
   22.5-    24 5  0.3038E-07   0.000    
   22.5-    24 6  0.3038E-07   0.000    
   23.5+    21 1  0.1250E-05   0.000    
   23.5+    23 2  0.1079E-06   0.000    
   23.5+    23 3  0.1079E-06   0.000    
   23.5+    23 4  0.1079E-06   0.000    
   23.5+    25 5  0.9292E-08   0.000    
   23.5+    25 6  0.9292E-08   0.000    
   23.5-    22 1  0.3675E-06   0.000    
   23.5-    22 2  0.3675E-06   0.000    
   23.5-    24 3  0.3170E-07   0.000    
   23.5-    24 4  0.3170E-07   0.000    
   23.5-    24 5  0.3170E-07   0.000    
   23.5-    26 6  0.2726E-08   0.000    
   24.5+    23 1  0.1124E-06   0.000    
   24.5+    23 2  0.1124E-06   0.000    
   24.5+    25 3  0.9679E-08   0.000    
   24.5+    25 4  0.9679E-08   0.000    
   24.5+    25 5  0.9679E-08   0.000    
   24.5+    27 6  0.8414E-09   0.000    
   24.5-    22 1  0.3828E-06   0.000    
   24.5-    24 2  0.3302E-07   0.000    
   24.5-    24 3  0.3302E-07   0.000    
   24.5-    24 4  0.3302E-07   0.000    
   24.5-    26 5  0.2840E-08   0.000    
   24.5-    26 6  0.2840E-08   0.000    
   25.5+    23 1  0.1169E-06   0.000    
   25.5+    25 2  0.1007E-07   0.000    
   25.5+    25 3  0.1007E-07   0.000    
   25.5+    25 4  0.1007E-07   0.000    
   25.5+    27 5  0.8752E-09   0.000    
   25.5+    27 6  0.8752E-09   0.000    
   25.5-    24 1  0.3434E-07   0.000    
   25.5-    24 2  0.3434E-07   0.000    
   25.5-    26 3  0.2954E-08   0.000    
   25.5-    26 4  0.2954E-08   0.000    
   25.5-    26 5  0.2954E-08   0.000    
   25.5-    28 6  0.2491E-09   0.000    
   26.5+    25 1  0.1045E-07   0.000    
   26.5+    25 2  0.1045E-07   0.000    
   26.5+    27 3  0.9086E-09   0.000    
   26.5+    27 4  0.9086E-09   0.000    
   26.5+    27 5  0.9086E-09   0.000    
   26.5+    29 6  0.7541E-10   0.000    
   26.5-    24 1  0.3566E-07   0.000    
   26.5-    26 2  0.3067E-08   0.000    
   26.5-    26 3  0.3067E-08   0.000    
   26.5-    26 4  0.3067E-08   0.000    
   26.5-    28 5  0.2587E-09   0.000    
   26.5-    28 6  0.2587E-09   0.000    
   27.5+    25 1  0.1084E-07   0.000    
   27.5+    27 2  0.9422E-09   0.000    
   27.5+    27 3  0.9422E-09   0.000    
   27.5+    27 4  0.9422E-09   0.000    
   27.5+    29 5  0.7821E-10   0.000    
   27.5+    29 6  0.7821E-10   0.000    
   27.5-    26 1  0.3181E-08   0.000    
   27.5-    26 2  0.3181E-08   0.000    
   27.5-    28 3  0.2684E-09   0.000    
   27.5-    28 4  0.2684E-09   0.000    
   27.5-    28 5  0.2684E-09   0.000    
   27.5-    30 6  0.1897E-10   0.000    
   28.5+    27 1  0.9759E-09   0.000    
   28.5+    27 2  0.9759E-09   0.000    
   28.5+    29 3  0.8097E-10   0.000    
   28.5+    29 4  0.8097E-10   0.000    
   28.5+    29 5  0.8097E-10   0.000    
   28.5+    31 6  0.3020E-11   0.000    
   28.5-    26 1  0.3294E-08   0.000    
   28.5-    28 2  0.2780E-09   0.000    
   28.5-    28 3  0.2780E-09   0.000    
   28.5-    28 4  0.2780E-09   0.000    
   28.5-    30 5  0.1948E-10   0.000    
   28.5-    30 6  0.1948E-10   0.000    
   29.5+    27 1  0.1010E-08   0.000    
   29.5+    29 2  0.8379E-10   0.000    
   29.5+    29 3  0.8379E-10   0.000    
   29.5+    29 4  0.8379E-10   0.000    
   29.5+    31 5  0.2952E-11   0.000    
   29.5+    31 6  0.2952E-11   0.000    
   29.5-    28 1  0.2874E-09   0.000    
   29.5-    28 2  0.2874E-09   0.000    
   29.5-    30 3  0.2032E-10   0.000    
   29.5-    30 4  0.2032E-10   0.000    
   29.5-    30 5  0.2032E-10   0.000    
   29.5-    32 6  0.6454E-11   0.000    
   30.5+    29 1  0.8659E-10   0.000    
   30.5+    29 2  0.8659E-10   0.000    
   30.5+    31 3  0.2980E-11   0.000    
   30.5+    31 4  0.2980E-11   0.000    
   30.5+    31 5  0.2980E-11   0.000    
   30.5+    33 6  0.6137E-11   0.000    
   30.5-    28 1  0.2971E-09   0.000    
   30.5-    30 2  0.2103E-10   0.000    
   30.5-    30 3  0.2103E-10   0.000    
   30.5-    30 4  0.2103E-10   0.000    
   30.5-    32 5  0.6669E-11   0.000    
   30.5-    32 6  0.6669E-11   0.000    
   31.5+    29 1  0.8931E-10   0.000    
   31.5+    31 2  0.3186E-11   0.000    
   31.5+    31 3  0.3186E-11   0.000    
   31.5+    31 4  0.3186E-11   0.000    
   31.5+    33 5  0.6518E-11   0.000    
   31.5+    33 6  0.6518E-11   0.000    
   31.5-    30 1  0.2171E-10   0.000    
   31.5-    30 2  0.2171E-10   0.000    
   31.5-    32 3  0.6884E-11   0.000    
   31.5-    32 4  0.6884E-11   0.000    
   31.5-    32 5  0.6884E-11   0.000    
   31.5-    34 6  0.2600E-11   0.000    
   32.5+    31 1  0.3398E-11   0.000    
   32.5+    31 2  0.3398E-11   0.000    
   32.5+    33 3  0.6344E-11   0.000    
   32.5+    33 4  0.6344E-11   0.000    
   32.5+    33 5  0.6344E-11   0.000    
   32.5+    35 6 -0.1435E-11   0.000    
   32.5-    30 1  0.2217E-10   0.000    
   32.5-    32 2  0.7099E-11   0.000    
   32.5-    32 3  0.7099E-11   0.000    
   32.5-    32 4  0.7099E-11   0.000    
   32.5-    34 5  0.2794E-11   0.000    
   32.5-    34 6  0.2794E-11   0.000    
   33.5+    31 1  0.3540E-11   0.000    
   33.5+    33 2  0.6692E-11   0.000    
   33.5+    33 3  0.6692E-11   0.000    
   33.5+    33 4  0.6692E-11   0.000    
   33.5+    35 5 -0.1556E-11   0.000    
   33.5+    35 6 -0.1556E-11   0.000    
   33.5-    32 1  0.7314E-11   0.000    
   33.5-    32 2  0.7314E-11   0.000    
   33.5-    34 3  0.2996E-11   0.000    
   33.5-    34 4  0.2996E-11   0.000    
   33.5-    34 5  0.2996E-11   0.000    
   33.5-    36 6  0.5797E-11   0.000    
   34.5+    33 1  0.6728E-11   0.000    
   34.5+    33 2  0.6728E-11   0.000    
   34.5+    35 3 -0.1682E-11   0.000    
   34.5+    35 4 -0.1682E-11   0.000    
   34.5+    35 5 -0.1682E-11   0.000    
   34.5+    37 6 -0.1041E-11   0.000    
   34.5-    32 1  0.7529E-11   0.000    
   34.5-    34 2  0.2964E-11   0.000    
   34.5-    34 3  0.2964E-11   0.000    
   34.5-    34 4  0.2964E-11   0.000    
   34.5-    36 5  0.6528E-11   0.000    
   34.5-    36 6  0.6528E-11   0.000    
   35.5+    33 1  0.7126E-11   0.000    
   35.5+    35 2 -0.1565E-11   0.000    
   35.5+    35 3 -0.1565E-11   0.000    
   35.5+    35 4 -0.1565E-11   0.000    
   35.5+    37 5 -0.1071E-11   0.000    
   35.5+    37 6 -0.1071E-11   0.000    
   35.5-    34 1  0.3048E-11   0.000    
   35.5-    34 2  0.3048E-11   0.000    
   35.5-    36 3  0.6138E-11   0.000    
   35.5-    36 4  0.6138E-11   0.000    
   35.5-    36 5  0.6138E-11   0.000    
   35.5-    38 6 -0.1318E-11   0.000    
   36.5+    35 1 -0.1694E-11   0.000    
   36.5+    35 2 -0.1694E-11   0.000    
   36.5+    37 3 -0.1101E-11   0.000    
   36.5+    37 4 -0.1101E-11   0.000    
   36.5+    37 5 -0.1101E-11   0.000    
   36.5+    39 6 -0.1439E-11   0.000    
   36.5-    34 1  0.3133E-11   0.000    
   36.5-    36 2  0.6605E-11   0.000    
   36.5-    36 3  0.6605E-11   0.000    
   36.5-    36 4  0.6605E-11   0.000    
   36.5-    38 5 -0.1270E-11   0.000    
   36.5-    38 6 -0.1270E-11   0.000    
   37.5+    35 1 -0.1652E-11   0.000    
   37.5+    37 2 -0.1217E-11   0.000    
   37.5+    37 3 -0.1217E-11   0.000    
   37.5+    37 4 -0.1217E-11   0.000    
   37.5+    39 5 -0.1391E-11   0.000    
   37.5+    39 6 -0.1391E-11   0.000    
   37.5-    36 1  0.7088E-11   0.000    
   37.5-    36 2  0.7088E-11   0.000    
   37.5-    38 3 -0.1304E-11   0.000    
   37.5-    38 4 -0.1304E-11   0.000    
   37.5-    38 5 -0.1304E-11   0.000    
   37.5-    40 6  0.6783E-11   0.000    
   38.5+    37 1 -0.1071E-11   0.000    
   38.5+    37 2 -0.1071E-11   0.000    
   38.5+    39 3 -0.1428E-11   0.000    
   38.5+    39 4 -0.1428E-11   0.000    
   38.5+    39 5 -0.1428E-11   0.000    
   38.5+    41 6  0.1009E-10   0.000    
   38.5-    36 1  0.6694E-11   0.000    
   38.5-    38 2 -0.1339E-11   0.000    
   38.5-    38 3 -0.1339E-11   0.000    
   38.5-    38 4 -0.1339E-11   0.000    
   38.5-    40 5  0.6962E-11   0.000    
   38.5-    40 6  0.6962E-11   0.000    
   39.5+    37 1 -0.1190E-11   0.000    
   39.5+    39 2 -0.1465E-11   0.000    
   39.5+    39 3 -0.1465E-11   0.000    
   39.5+    39 4 -0.1465E-11   0.000    
   39.5+    41 5  0.1016E-10   0.000    
   39.5+    41 6  0.1016E-10   0.000    
   39.5-    38 1 -0.1556E-11   0.000    
   39.5-    38 2 -0.1556E-11   0.000    
   39.5-    40 3  0.7369E-11   0.000    
   39.5-    40 4  0.7369E-11   0.000    
   39.5-    40 5  0.7369E-11   0.000    
   39.5-    42 6 -0.1428E-10   0.000    
   40.5+    39 1 -0.1501E-11   0.000    
   40.5+    39 2 -0.1501E-11   0.000    
   40.5+    41 3  0.1046E-10   0.000    
   40.5+    41 4  0.1046E-10   0.000    
   40.5+    41 5  0.1046E-10   0.000    
   40.5+    43 6 -0.1060E-10   0.000    
   40.5-    38 1 -0.1407E-11   0.000    
   40.5-    40 2  0.7553E-11   0.000    
   40.5-    40 3  0.7553E-11   0.000    
   40.5-    40 4  0.7553E-11   0.000    
   40.5-    42 5 -0.1464E-10   0.000    
   40.5-    42 6 -0.1464E-10   0.000    
   41.5+    39 1 -0.1538E-11   0.000    
   41.5+    41 2  0.1101E-10   0.000    
   41.5+    41 3  0.1101E-10   0.000    
   41.5+    41 4  0.1101E-10   0.000    
   41.5+    43 5 -0.1096E-10   0.000    
   41.5+    43 6 -0.1096E-10   0.000    
   41.5-    40 1  0.7449E-11   0.000    
   41.5-    40 2  0.7449E-11   0.000    
   41.5-    42 3 -0.1499E-10   0.000    
   41.5-    42 4 -0.1499E-10   0.000    
   41.5-    42 5 -0.1499E-10   0.000    
   41.5-    44 6  0.2884E-11   0.000    
   42.5+    41 1  0.1112E-10   0.000    
   42.5+    41 2  0.1112E-10   0.000    
   42.5+    43 3 -0.1112E-10   0.000    
   42.5+    43 4 -0.1112E-10   0.000    
   42.5+    43 5 -0.1112E-10   0.000    
   42.5+    45 6  0.4724E-11   0.000    
   42.5-    40 1  0.7380E-11   0.000    
   42.5-    42 2 -0.1555E-10   0.000    
   42.5-    42 3 -0.1555E-10   0.000    
   42.5-    42 4 -0.1555E-10   0.000    
   42.5-    44 5  0.2952E-11   0.000    
   42.5-    44 6  0.2952E-11   0.000    
   43.5+    41 1  0.1108E-10   0.000    
   43.5+    43 2 -0.1138E-10   0.000    
   43.5+    43 3 -0.1138E-10   0.000    
   43.5+    43 4 -0.1138E-10   0.000    
   43.5+    45 5  0.4884E-11   0.000    
   43.5+    45 6  0.4884E-11   0.000    
   43.5-    42 1 -0.1551E-10   0.000    
   43.5-    42 2 -0.1551E-10   0.000    
   43.5-    44 3  0.3323E-11   0.000    
   43.5-    44 4  0.3323E-11   0.000    
   43.5-    44 5  0.3323E-11   0.000    
   43.5-    46 6 -0.6646E-11   0.000    
   44.5+    43 1 -0.1153E-10   0.000    
   44.5+    43 2 -0.1153E-10   0.000    
   44.5+    45 3  0.4737E-11   0.000    
   44.5+    45 4  0.4737E-11   0.000    
   44.5+    45 5  0.4737E-11   0.000    
   44.5+    47 6  0.5355E-11   0.000    
   44.5-    42 1 -0.1586E-10   0.000    
   44.5-    44 2  0.3656E-11   0.000    
   44.5-    44 3  0.3656E-11   0.000    
   44.5-    44 4  0.3656E-11   0.000    
   44.5-    46 5 -0.6900E-11   0.000    
   44.5-    46 6 -0.6900E-11   0.000    
   45.5+    43 1 -0.1179E-10   0.000    
   45.5+    45 2  0.4895E-11   0.000    
   45.5+    45 3  0.4895E-11   0.000    
   45.5+    45 4  0.4895E-11   0.000    
   45.5+    47 5  0.5474E-11   0.000    
   45.5+    47 6  0.5474E-11   0.000    
   45.5-    44 1  0.3737E-11   0.000    
   45.5-    44 2  0.3737E-11   0.000    
   45.5-    46 3 -0.6948E-11   0.000    
   45.5-    46 4 -0.6948E-11   0.000    
   45.5-    46 5 -0.6948E-11   0.000    
   45.5-    48 6 -0.4316E-11   0.000    
   46.5+    45 1  0.5002E-11   0.000    
   46.5+    45 2  0.5002E-11   0.000    
   46.5+    47 3  0.5593E-11   0.000    
   46.5+    47 4  0.5593E-11   0.000    
   46.5+    47 5  0.5593E-11   0.000    
   46.5+    49 6 -0.3980E-11   0.000    
   46.5-    44 1  0.3496E-11   0.000    
   46.5-    46 2 -0.7207E-11   0.000    
   46.5-    46 3 -0.7207E-11   0.000    
   46.5-    46 4 -0.7207E-11   0.000    
   46.5-    48 5 -0.4518E-11   0.000    
   46.5-    48 6 -0.4518E-11   0.000    
   47.5+    45 1  0.5273E-11   0.000    
   47.5+    47 2  0.5712E-11   0.000    
   47.5+    47 3  0.5712E-11   0.000    
   47.5+    47 4  0.5712E-11   0.000    
   47.5+    49 5 -0.4064E-11   0.000    
   47.5+    49 6 -0.4064E-11   0.000    
   47.5-    46 1 -0.7360E-11   0.000    
   47.5-    46 2 -0.7360E-11   0.000    
   47.5-    48 3 -0.4614E-11   0.000    
   47.5-    48 4 -0.4614E-11   0.000    
   47.5-    48 5 -0.4614E-11   0.000    
   47.5-    50 6  0.1005E-10   0.000    
   48.5+    47 1  0.5831E-11   0.000    
   48.5+    47 2  0.5831E-11   0.000    
   48.5+    49 3 -0.4598E-11   0.000    
   48.5+    49 4 -0.4598E-11   0.000    
   48.5+    49 5 -0.4598E-11   0.000    
   48.5+    51 6 -0.2131E-11   0.000    
   48.5-    46 1 -0.7289E-11   0.000    
   48.5-    48 2 -0.4261E-11   0.000    
   48.5-    48 3 -0.4261E-11   0.000    
   48.5-    48 4 -0.4261E-11   0.000    
   48.5-    50 5  0.1026E-10   0.000    
   48.5-    50 6  0.1026E-10   0.000    
   49.5+    47 1  0.5950E-11   0.000    
   49.5+    49 2 -0.4234E-11   0.000    
   49.5+    49 3 -0.4234E-11   0.000    
   49.5+    49 4 -0.4234E-11   0.000    
   49.5+    51 5 -0.1831E-11   0.000    
   49.5+    51 6 -0.1831E-11   0.000    
   49.5-    48 1 -0.4806E-11   0.000    
   49.5-    48 2 -0.4806E-11   0.000    
   49.5-    50 3  0.1070E-10   0.000    
   49.5-    50 4  0.1070E-10   0.000    
   49.5-    50 5  0.1070E-10   0.000    
   49.5-    52 6 -0.6866E-11   0.000    
   50.5+    49 1 -0.4669E-11   0.000    
   50.5+    49 2 -0.4669E-11   0.000    
   50.5+    51 3 -0.1984E-11   0.000    
   50.5+    51 4 -0.1984E-11   0.000    
   50.5+    51 5 -0.1984E-11   0.000    
   50.5+    53 6 -0.5952E-11   0.000    
   50.5-    48 1 -0.4902E-11   0.000    
   50.5-    50 2  0.1050E-10   0.000    
   50.5-    50 3  0.1050E-10   0.000    
   50.5-    50 4  0.1050E-10   0.000    
   50.5-    52 5 -0.7236E-11   0.000    
   50.5-    52 6 -0.7236E-11   0.000    
           1           2           1
           1           2           1
           1           2           1
           1           2           1
           1           2           1
           1           2           1
           1           2           1
           1           2           1
           1           2           1
           1           2           1
           1           2           1
           1           2           1
           1           2           1
           1           2           1
           1           2           1
           1           2           1
           1           2           1
           1           2           1
           1           2           1
           1           2           1
           1           2           1
           1           2           1
           1           2           1
           1           2           1
           1           2           1
           1           2           1
           1           2           1
           1           2           1
           1           2           1
           1           2           1
           1           2           1
           1           2           1
           1           2           1
           1           2           1
           1           2           1
           1           2           1
           1           2           1
           1           2           1
           1           2           1
           1           2           1
           1           2           1
           1           2           1
           1           2           1
           1           2           1
           1           2           1
           1           2           1
           1           2           1
           1           2           1
           1           2           1
           1           2           1
           1           2           1
           1           2           1
           1           2           1
           1           2           1
           1           2           1
           1           2           1
           1           2           1
           1           2           1
           1           2           1
           1           2           1
           1           2           1
           1           2           1
           1           2           1
           1           2           1
           1           2           1
           1           2           1
           1           2           1
           1           2           1
           1           2           1
           1           2           1
           1           2           1
           1           2           1
           1           2           1
           1           2           1
           1           2           1
           1           2           1
           1           2           1
           1           2           1
           1           2           1
           1           2           1
           1           2           1
           1           2           1
           1           2           1
           1           2           1
           1           2           1
           1           2           1
           1           2           1
           1           2           1
           1           2           1
           1           2           1
           1           2           1
           1           2           1
           1           2           1
           1           2           1
           1           2           1
           1           2           1
           1           2           1
           1           2           1
           1           2           1
           1           2           1
           1           2           1
           1           2           1
           1           2           1
           1           2           1
           1           2           1
           1           2           1
           1           2           1
           1           2           1
           1           2           1
           1           2           1
           1           2           1
           1           2           1
           1           2           1
           1           2           1
           1           2           1
           1           2           1
           1           2           1
           1           2           1
           1           2           1
           1           2           1
           1           2           1
           1           2           1
           1           2           1
           1           2           1
           1           2           1
           1           2           1
           1           2           1
           1           2           1
           1           2           1
           1           2           1
           1           2           1
           1           2           1
           1           2           1
           1           2           1
           1           2           1
           1           2           1
           1           2           1
           1           2           1
           1           2           1
           1           2           1
           1           2           1
           1           2           1
           1           2           1
           1           2           1
           1           2           1
           1           2           1
           1           2           1
           1           2           1
           1           2           1
           1           2           1
           1           2           1
           1           2           1
           1           2           1
           1           2           1
           1           2           1
           1           2           1
           1           2           1
           1           2           1
           1           2           1
           1           2           1
           1           2           1
           1           2           1
           1           2           1
           1           2           1
           1           2           1
           1           2           1
           1           2           1
           1           2           1
           1           2           1
           1           2           1
           1           2           1
           1           2           1
           1           2           1
           1           2           1
           1           2           1
           1           2           1
           1           2           1
           1           2           1
           1           2           1
           1           2           1
           1           2           1
           1           2           1
           1           2           1
           1           2           1
           1           2           1
           1           2           1
           1           2           1
           1           2           1
           1           2           1
           1           2           1
           1           2           1
           1           2           1
           1           2           1
           1           2           1
           1           2           1
           1           2           1
           1           2           1
           1           2           1
           1           2           1
           1           2           1
           1           2           1
           1           2           1
           1           2           1
           1           2           1
           1           2           1
           1           2           1
           1           2           1
           1           2           1
           1           2           1
           1           2           1
           1           2           1
           1           2           1
           1           2           1
           1           2           1
           1           2           1
           1           2           1
           1           2           1
           1           2           1
           1           2           1
           1           2           1
           1           2           1
           1           2           1
           1           2           1
           1           2           1
           1           2           1
           1           2           1
           1           2           1
           1           2           1
           1           2           1
           1           2           1
           1           2           1
           1           2           1
           1           2           1
           1           2           1
           1           2           1
           1           2           1
           1           2           1
           1           2           1
           1           2           1
           1           2           1
           1           2           1
           1           2           1
           1           2           1
           1           2           1
           1           2           1
           1           2           1
           1           2           1
           1           2           1
           1           2           1
           1           2           1
           1           2           1
           1           2           1
           1           2           1
           1           2           1
           1           2           1
           1           2           1
           1           2           1
           1           2           1
           1           2           1
           1           2           1
           1           2           1
           1           2           1
           1           2           1
           1           2           1
           1           2           1
           1           2           1
           1           2           1
           1           2           1
           1           2           1
           1           2           1
           1           2           1
           1           2           1
           1           2           1
           1           2           1
           1           2           1
           1           2           1
           1           2           1
           1           2           1
           1           2           1
           1           2           1
           1           2           1
           1           2           1
           1           2           1
           1           2           1
           1           2           1
           1           2           1
           1           2           1
           1           2           1
           1           2           1
           1           2           1
           1           2           1
           1           2           1
           1           2           1
           1           2           1
           1           2           1
           1           2           1
           1           2           1
           1           2           1
           1           2           1
           1           2           1
           1           2           1
           1           2           1
           1           2           1
           1           2           1
           1           2           1
           1           2           1
           1           2           1
           1           2           1
           1           2           1
           1           2           1
           1           2           1
           1           2           1
           1           2           1
           1           2           1
           1           2           1
           1           2           1
           1           2           1
           1           2           1
           1           2           1
           1           2           1
           1           2           1
           1           2           1
           1           2           1
           1           2           1
           1           2           1
           1           2           1
           1           2           1
           1           2           1
           1           2           1
           1           2           1
           1           2           1
           1           2           1
           1           2           1
           1           2           1
           1           2           1
           1           2           1
           1           2           1
           1           2           1
           1           2           1
           1           2           1
           1           2           1
           1           2           1
           1           2           1
           1           2           1
           1           2           1
           1           2           1
           1           2           1
           1           2           1
           1           2           1
           1           2           1
           1           2           1
           1           2           1
           1           2           1
           1           2           1
           1           2           1
           1           2           1
           1           2           1
           1           2           1
           1           2           1
           1           2           1
           1           2           1
           1           2           1
           1           2           1
           1           2           1
           1           2           1
           1           2           1
           1           2           1
           1           2           1
           1           2           1
           1           2           1
           1           2           1
           1           2           1
           1           2           1
           1           2           1
           1           2           1
           1           2           1
           1           2           1
           1           2           1
           1           2           1
           1           2           1
           1           2           1
           1           2           1
           1           2           1
           1           2           1
           1           2           1
           1           2           1
           1           2           1
           1           2           1
           1           2           1
           1           2           1
           1           2           1
           1           2           1
           1           2           1
           1           2           1
           1           2           1
           1           2           1
           1           2           1
           1           2           1
           1           2           1
           1           2           1
           1           2           1
           1           2           1
           1           2           1
           1           2           1
           1           2           1
           1           2           1
           1           2           1
           1           2           1
           1           2           1
           1           2           1
           1           2           1
           1           2           1
           1           2           1
           1           2           1
           1           2           1
           1           2           1
           1           2           1
           1           2           1
           1           2           1
           1           2           1
           1           2           1
           1           2           1
           1           2           1
           1           2           1
           1           2           1
           1           2           1
           1           2           1
           1           2           1
           1           2           1
           1           2           1
           1           2           1
           1           2           1
           1           2           1
           1           2           1
           1           2           1
           1           2           1
           1           2           1
           1           2           1
           1           2           1
           1           2           1
           1           2           1
           1           2           1
           1           2           1
           1           2           1
           1           2           1
           1           2           1
           1           2           1
           1           2           1
           1           2           1
           1           2           1
           1           2           1
           1           2           1
           1           2           1
           1           2           1
