# Fusion cross sections for ELAB=  14.570, ECM=  11.320
     0.5   35.23       35.73      0.4954    
     1.5   117.2       118.7       1.410    
     2.5   202.0       203.6       1.522    
     3.5   237.7       238.8       1.193    
     4.5   230.9       231.6      0.7768    
     5.5   183.0       183.4      0.4224    
     6.5   117.1       117.2      0.1431    
     7.5   56.74       56.76      0.2834E-01
     8.5   21.48       21.48      0.3517E-02
     9.5   7.055       7.055      0.3434E-03
    10.5   2.171       2.171      0.4328E-04
    11.5  0.6475      0.6476      0.1815E-04
    12.5  0.1898      0.1898      0.1416E-04
    13.5  0.5500E-01  0.5501E-01  0.1165E-04
    14.5  0.1580E-01  0.1580E-01  0.9600E-05
    15.5  0.4503E-02  0.4511E-02  0.7969E-05
    16.5  0.1276E-02  0.1282E-02  0.6677E-05
    17.5  0.3594E-03  0.3651E-03  0.5653E-05
    18.5  0.1008E-03  0.1056E-03  0.4830E-05
    19.5  0.2814E-04  0.3230E-04  0.4161E-05
    20.5  0.7825E-05  0.1144E-04  0.3613E-05
    21.5  0.2168E-05  0.5325E-05  0.3157E-05
    22.5  0.5989E-06  0.3373E-05  0.2775E-05
    23.5  0.1650E-06  0.2617E-05  0.2452E-05
    24.5  0.4523E-07  0.2222E-05  0.2176E-05
    25.5  0.1240E-07  0.1953E-05  0.1940E-05
    26.5  0.3332E-08  0.1739E-05  0.1736E-05
    27.5  0.9271E-09  0.1560E-05  0.1559E-05
    28.5  0.2343E-09  0.1403E-05  0.1403E-05
    29.5  0.1785E-10  0.1265E-05  0.1265E-05
    30.5  0.5219E-10  0.1146E-05  0.1146E-05
    31.5 -0.1259E-10  0.1039E-05  0.1039E-05
    32.5  0.2468E-10  0.9402E-06  0.9402E-06
    33.5 -0.4011E-10  0.8547E-06  0.8547E-06
    34.5  0.4271E-10  0.7799E-06  0.7799E-06
    35.5  0.2850E-11  0.7074E-06  0.7074E-06
    36.5  0.3761E-11  0.6401E-06  0.6401E-06
    37.5  0.1990E-10  0.5852E-06  0.5852E-06
    38.5 -0.1441E-10  0.5357E-06  0.5357E-06
    39.5 -0.4080E-10  0.4820E-06  0.4820E-06
    40.5  0.9174E-11  0.4306E-06  0.4306E-06
    41.5  0.2370E-10  0.3921E-06  0.3921E-06
    42.5  0.5208E-11  0.3611E-06  0.3611E-06
    43.5  0.4955E-10  0.3237E-06  0.3237E-06
    44.5 -0.2636E-12  0.2782E-06  0.2782E-06
    45.5 -0.2471E-11  0.2377E-06  0.2377E-06
    46.5  0.3803E-10  0.2122E-06  0.2122E-06
    47.5 -0.3423E-10  0.1964E-06  0.1965E-06
    48.5  0.2710E-10  0.1763E-06  0.1763E-06
    49.5  0.1661E-10  0.1429E-06  0.1429E-06
    50.5  0.2561E-11  0.1002E-06  0.1002E-06
 &
