# Fusion cross sections for ELAB=  14.570, ECM=  11.320
     0.5   17.49      1
     0.5   35.23     -1
     1.5   58.23      1
     1.5   117.2     -1
     2.5   96.72      1
     2.5   202.0     -1
     3.5   117.7      1
     3.5   237.7     -1
     4.5   105.8      1
     4.5   230.9     -1
     5.5   94.61      1
     5.5   183.0     -1
     6.5   51.59      1
     6.5   117.1     -1
     7.5   35.44      1
     7.5   56.74     -1
     8.5   7.268      1
     8.5   21.48     -1
     9.5   4.773      1
     9.5   7.055     -1
    10.5  0.6893      1
    10.5   2.171     -1
    11.5  0.4435      1
    11.5  0.6475     -1
    12.5  0.5956E-01  1
    12.5  0.1898     -1
    13.5  0.3779E-01  1
    13.5  0.5500E-01 -1
    14.5  0.4934E-02  1
    14.5  0.1580E-01 -1
    15.5  0.3098E-02  1
    15.5  0.4503E-02 -1
    16.5  0.3974E-03  1
    16.5  0.1276E-02 -1
    17.5  0.2476E-03  1
    17.5  0.3594E-03 -1
    18.5  0.3133E-04  1
    18.5  0.1008E-03 -1
    19.5  0.1940E-04  1
    19.5  0.2814E-04 -1
    20.5  0.2429E-05  1
    20.5  0.7825E-05 -1
    21.5  0.1496E-05  1
    21.5  0.2168E-05 -1
    22.5  0.1856E-06  1
    22.5  0.5989E-06 -1
    23.5  0.1139E-06  1
    23.5  0.1650E-06 -1
    24.5  0.1397E-07  1
    24.5  0.4523E-07 -1
    25.5  0.8559E-08  1
    25.5  0.1240E-07 -1
    26.5  0.1004E-08  1
    26.5  0.3332E-08 -1
    27.5  0.6535E-09  1
    27.5  0.9271E-09 -1
    28.5  0.8655E-10  1
    28.5  0.2343E-09 -1
    29.5  0.5665E-10  1
    29.5  0.1785E-10 -1
    30.5  0.2977E-10  1
    30.5  0.5219E-10 -1
    31.5 -0.6050E-11  1
    31.5 -0.1259E-10 -1
    32.5 -0.1994E-10  1
    32.5  0.2468E-10 -1
    33.5 -0.6505E-11  1
    33.5 -0.4011E-10 -1
    34.5  0.3490E-10  1
    34.5  0.4271E-10 -1
    35.5  0.3438E-10  1
    35.5  0.2850E-11 -1
    36.5 -0.1835E-11  1
    36.5  0.3761E-11 -1
    37.5  0.1908E-10  1
    37.5  0.1990E-10 -1
    38.5 -0.1412E-10  1
    38.5 -0.1441E-10 -1
    39.5 -0.2126E-10  1
    39.5 -0.4080E-10 -1
    40.5  0.8262E-11  1
    40.5  0.9174E-11 -1
    41.5 -0.4806E-11  1
    41.5  0.2370E-10 -1
    42.5  0.1499E-10  1
    42.5  0.5208E-11 -1
    43.5  0.6239E-10  1
    43.5  0.4955E-10 -1
    44.5  0.6570E-11  1
    44.5 -0.2636E-12 -1
    45.5  0.7884E-11  1
    45.5 -0.2471E-11 -1
    46.5  0.2053E-10  1
    46.5  0.3803E-10 -1
    47.5 -0.2701E-10  1
    47.5 -0.3423E-10 -1
    48.5  0.3278E-11  1
    48.5  0.2710E-10 -1
    49.5  0.2681E-10  1
    49.5  0.1661E-10 -1
    50.5 -0.1799E-11  1
    50.5  0.2561E-11 -1
 &
