# 178 angles,  1 tensor ranks for 0=projectile
@subtitle   "7Li + d g.s with DA1p OMP;"                                                    
@legend ON
@legend x1 0.2
@legend y1 0.8
@g0 type LOGY
@yaxis ticklabel format power
@legend string   0 "Lab energy =   14.5700"
#legend string   0 "Partition=  1 Excit=  1 near/far= 1"
#  Theta       sigma       iT11        T20         T21         T22         Kyy for projectile
   3.000      0.1712E+06
   4.000      0.5147E+05
   5.000      0.2054E+05
   6.000      0.1011E+05
   7.000       5910.    
   8.000       3985.    
   9.000       3000.    
   10.00       2442.    
   11.00       2090.    
   12.00       1846.    
   13.00       1659.    
   14.00       1504.    
   15.00       1369.    
   16.00       1246.    
   17.00       1133.    
   18.00       1026.    
   19.00       925.0    
   20.00       829.7    
   21.00       740.0    
   22.00       655.8    
   23.00       577.3    
   24.00       504.6    
   25.00       437.6    
   26.00       376.4    
   27.00       320.9    
   28.00       271.1    
   29.00       226.7    
   30.00       187.6    
   31.00       153.4    
   32.00       123.8    
   33.00       98.65    
   34.00       77.45    
   35.00       59.88    
   36.00       45.56    
   37.00       34.15    
   38.00       25.26    
   39.00       18.57    
   40.00       13.74    
   41.00       10.46    
   42.00       8.452    
   43.00       7.452    
   44.00       7.229    
   45.00       7.577    
   46.00       8.316    
   47.00       9.294    
   48.00       10.38    
   49.00       11.48    
   50.00       12.51    
   51.00       13.40    
   52.00       14.11    
   53.00       14.62    
   54.00       14.91    
   55.00       14.97    
   56.00       14.82    
   57.00       14.48    
   58.00       13.95    
   59.00       13.27    
   60.00       12.46    
   61.00       11.55    
   62.00       10.56    
   63.00       9.539    
   64.00       8.495    
   65.00       7.457    
   66.00       6.446    
   67.00       5.481    
   68.00       4.578    
   69.00       3.749    
   70.00       3.003    
   71.00       2.348    
   72.00       1.787    
   73.00       1.322    
   74.00      0.9516    
   75.00      0.6738    
   76.00      0.4839    
   77.00      0.3763    
   78.00      0.3440    
   79.00      0.3795    
   80.00      0.4747    
   81.00      0.6210    
   82.00      0.8101    
   83.00       1.033    
   84.00       1.283    
   85.00       1.550    
   86.00       1.829    
   87.00       2.112    
   88.00       2.394    
   89.00       2.669    
   90.00       2.932    
   91.00       3.180    
   92.00       3.409    
   93.00       3.617    
   94.00       3.802    
   95.00       3.964    
   96.00       4.100    
   97.00       4.210    
   98.00       4.296    
   99.00       4.357    
   100.0       4.395    
   101.0       4.409    
   102.0       4.403    
   103.0       4.376    
   104.0       4.331    
   105.0       4.269    
   106.0       4.193    
   107.0       4.102    
   108.0       4.000    
   109.0       3.887    
   110.0       3.766    
   111.0       3.637    
   112.0       3.501    
   113.0       3.361    
   114.0       3.217    
   115.0       3.069    
   116.0       2.920    
   117.0       2.770    
   118.0       2.619    
   119.0       2.469    
   120.0       2.319    
   121.0       2.171    
   122.0       2.026    
   123.0       1.882    
   124.0       1.742    
   125.0       1.606    
   126.0       1.473    
   127.0       1.346    
   128.0       1.223    
   129.0       1.106    
   130.0      0.9944    
   131.0      0.8898    
   132.0      0.7923    
   133.0      0.7025    
   134.0      0.6210    
   135.0      0.5481    
   136.0      0.4846    
   137.0      0.4310    
   138.0      0.3877    
   139.0      0.3552    
   140.0      0.3341    
   141.0      0.3247    
   142.0      0.3274    
   143.0      0.3425    
   144.0      0.3703    
   145.0      0.4109    
   146.0      0.4644    
   147.0      0.5308    
   148.0      0.6100    
   149.0      0.7018    
   150.0      0.8060    
   151.0      0.9222    
   152.0       1.050    
   153.0       1.188    
   154.0       1.337    
   155.0       1.495    
   156.0       1.661    
   157.0       1.835    
   158.0       2.015    
   159.0       2.200    
   160.0       2.390    
   161.0       2.582    
   162.0       2.775    
   163.0       2.969    
   164.0       3.161    
   165.0       3.350    
   166.0       3.535    
   167.0       3.715    
   168.0       3.887    
   169.0       4.052    
   170.0       4.207    
   171.0       4.351    
   172.0       4.483    
   173.0       4.602    
   174.0       4.708    
   175.0       4.798    
   176.0       4.873    
   177.0       4.933    
   178.0       4.975    
   179.0       5.001    
   180.0       5.009    
 END
