           2           1           1
    0.5+     1 1   5.850      0.3696E-01  0.3241E-01   5.781    
    0.5+     1 2   6.033      0.3146E-01  0.1088       5.893    
    0.5+     3 3   5.862      0.8259E-02  0.3899E-01   5.814    
    0.5-     0 1   5.931      0.3289E-01  0.3158E-01   5.866    
    0.5-     2 2   6.025      0.2950E-01  0.5749E-01   5.938    
    0.5-     2 3   6.025      0.2950E-01  0.5749E-01   5.938    
    1.5+     1 1   11.85      0.8304E-01  0.7683E-01   11.69    
    1.5+     1 2   11.97      0.7305E-01  0.1329       11.76    
    1.5+     1 3   11.90      0.1130      0.1233       11.66    
    1.5+     3 4   11.62      0.4872E-01  0.5124E-01   11.52    
    1.5+     3 5   11.70      0.3164E-01  0.7129E-01   11.60    
    1.5-     0 1   11.86      0.6578E-01  0.6316E-01   11.73    
    1.5-     2 2   12.19      0.4733E-01  0.6522E-01   12.08    
    1.5-     2 3   12.15      0.7232E-01  0.8734E-01   11.99    
    1.5-     2 4   12.00      0.4345E-01  0.1184       11.83    
    1.5-     4 5   11.42      0.9015E-02  0.3306E-01   11.38    
    2.5+     1 1   17.69      0.9783E-01  0.6514E-01   17.53    
    2.5+     1 2   17.51      0.8075E-01  0.5073E-01   17.37    
    2.5+     3 3   17.19      0.2448E-01  0.4982E-01   17.12    
    2.5+     3 4   17.37      0.6606E-01  0.6969E-01   17.23    
    2.5+     3 5   17.56      0.4182E-01  0.1097       17.41    
    2.5+     5 6   10.10      0.1045E-01  0.3298E-01   10.06    
    2.5-     0 1   17.79      0.9867E-01  0.9474E-01   17.60    
    2.5-     2 2   18.07      0.5732E-01  0.4113E-01   17.97    
    2.5-     2 3   18.26      0.7141E-01  0.7801E-01   18.11    
    2.5-     2 4   18.26      0.9118E-01  0.1310       18.04    
    2.5-     4 5   16.66      0.3187E-01  0.5470E-01   16.58    
    2.5-     4 6   17.09      0.2231E-01  0.5020E-01   17.01    
    3.5+     1 1   23.71      0.8996E-01  0.1013       23.52    
    3.5+     3 2   22.96      0.3949E-01  0.3399E-01   22.89    
    3.5+     3 3   22.93      0.4352E-01  0.6126E-01   22.82    
    3.5+     3 4   23.12      0.8242E-01  0.8505E-01   22.95    
    3.5+     5 5   12.27      0.2422E-01  0.2301E-01   12.23    
    3.5+     5 6   13.38      0.1667E-01  0.4248E-01   13.32    
    3.5-     2 1   24.06      0.6745E-01  0.5022E-01   23.94    
    3.5-     2 2   24.38      0.5587E-01  0.7672E-01   24.25    
    3.5-     4 3   21.90      0.1219E-01  0.5217E-01   21.84    
    3.5-     4 4   22.17      0.3928E-01  0.7055E-01   22.06    
    3.5-     4 5   22.80      0.2743E-01  0.6671E-01   22.70    
    3.5-     6 6   5.160      0.7998E-02  0.2304E-01   5.129    
    4.5+     3 1   28.70      0.4512E-01  0.4142E-01   28.62    
    4.5+     3 2   28.60      0.3604E-01  0.7257E-01   28.49    
    4.5+     5 3   14.84      0.4535E-02  0.1845E-01   14.82    
    4.5+     5 4   15.29      0.2835E-01  0.2774E-01   15.23    
    4.5+     5 5   16.75      0.2024E-01  0.5343E-01   16.67    
    4.5+     7 6   2.003      0.2425E-02  0.6138E-02   1.994    
    4.5-     2 1   29.95      0.4281E-01  0.5616E-01   29.85    
    4.5-     4 2   28.35      0.2511E-01  0.2196E-01   28.30    
    4.5-     4 3   27.45      0.2423E-01  0.6173E-01   27.36    
    4.5-     4 4   27.64      0.4099E-01  0.8949E-01   27.51    
    4.5-     6 5   5.662      0.1468E-01  0.5030E-02   5.642    
    4.5-     6 6   6.413      0.1051E-01  0.2767E-01   6.375    
    5.5+     3 1   34.43      0.3398E-01  0.4597E-01   34.35    
    5.5+     5 2   19.77      0.6537E-02  0.5943E-02   19.75    
    5.5+     5 3   17.90      0.7477E-02  0.2123E-01   17.87    
    5.5+     5 4   18.25      0.3233E-01  0.3160E-01   18.19    
    5.5+     7 5   2.068      0.3971E-02  0.6817E-03   2.064    
    5.5+     7 6   2.392      0.2973E-02  0.7137E-02   2.382    
    5.5-     4 1   34.03      0.2804E-01  0.2567E-01   33.98    
    5.5-     4 2   32.88      0.2314E-01  0.7153E-01   32.79    
    5.5-     6 3   6.541      0.1265E-02  0.3298E-02   6.537    
    5.5-     6 4   6.776      0.1676E-01  0.5735E-02   6.753    
    5.5-     6 5   7.703      0.1251E-01  0.3341E-01   7.657    
    5.5-     8 6  0.6841      0.3722E-03  0.8520E-03  0.6829    
    6.5+     5 1   23.08      0.7180E-02  0.6792E-02   23.06    
    6.5+     5 2   20.83      0.6029E-02  0.2414E-01   20.80    
    6.5+     7 3   2.324      0.2153E-03  0.3769E-03   2.323    
    6.5+     7 4   2.408      0.4463E-02  0.7513E-03   2.403    
    6.5+     7 5   2.792      0.3457E-02  0.8362E-02   2.780    
    6.5+     9 6  0.2195      0.3981E-04  0.8411E-04  0.2194    
    6.5-     4 1   39.77      0.2042E-01  0.2667E-01   39.73    
    6.5-     6 2   8.792      0.9110E-03  0.8417E-03   8.790    
    6.5-     6 3   7.669      0.1651E-02  0.3716E-02   7.663    
    6.5-     6 4   7.863      0.1957E-01  0.5381E-02   7.838    
    6.5-     8 5  0.6810      0.5676E-03  0.6532E-04  0.6803    
    6.5-     8 6  0.7951      0.4396E-03  0.9702E-03  0.7937    
    7.5+     5 1   26.48      0.5304E-02  0.6936E-02   26.47    
    7.5+     7 2   3.110      0.8819E-04  0.8386E-04   3.110    
    7.5+     7 3   2.667      0.2492E-03  0.4184E-03   2.666    
    7.5+     7 4   2.740      0.5132E-02  0.5990E-03   2.734    
    7.5+     9 5  0.2132      0.5768E-04  0.6392E-05  0.2132    
    7.5+     9 6  0.2501      0.4591E-04  0.9433E-04  0.2500    
    7.5-     6 1   10.05      0.9838E-03  0.9461E-03   10.05    
    7.5-     6 2   8.746      0.8386E-03  0.4176E-02   8.741    
    7.5-     8 3  0.7512      0.2258E-04  0.3417E-04  0.7512    
    7.5-     8 4  0.7771      0.6302E-03  0.7084E-04  0.7764    
    7.5-     8 5  0.9091      0.5016E-03  0.1112E-02  0.9075    
    7.5-    10 6  0.6801E-01  0.3583E-05  0.7576E-05  0.6800E-01
    8.5+     7 1   3.500      0.9413E-04  0.9315E-04   3.500    
    8.5+     7 2   2.995      0.8096E-04  0.4650E-03   2.995    
    8.5+     9 3  0.2323      0.1979E-05  0.3803E-05  0.2323    
    8.5+     9 4  0.2396      0.6341E-04  0.6934E-05  0.2396    
    8.5+     9 5  0.2815      0.5160E-04  0.1063E-03  0.2813    
    8.5+    11 6  0.2060E-01  0.4713E-06  0.1685E-05  0.2060E-01
    8.5-     6 1   11.35      0.7314E-03  0.9543E-03   11.35    
    8.5-     8 2  0.9963      0.7183E-05  0.7006E-05  0.9963    
    8.5-     8 3  0.8480      0.2504E-04  0.3755E-04  0.8480    
    8.5-     8 4  0.8710      0.7126E-03  0.5296E-04  0.8702    
    8.5-    10 5  0.6493E-01  0.5029E-05  0.2007E-05  0.6492E-01
    8.5-    10 6  0.7633E-01  0.4102E-05  0.8418E-05  0.7632E-01
    9.5+     7 1   3.902      0.7217E-04  0.9397E-04   3.902    
    9.5+     9 2  0.3052      0.8205E-06  0.6928E-06  0.3052    
    9.5+     9 3  0.2589      0.2206E-05  0.4154E-05  0.2589    
    9.5+     9 4  0.2655      0.7068E-04  0.5714E-05  0.2654    
    9.5+    11 5  0.1940E-01  0.6709E-06  0.1521E-05  0.1940E-01
    9.5+    11 6  0.2284E-01  0.5626E-06  0.1868E-05  0.2284E-01
    9.5-     8 1   1.107      0.7630E-05  0.7710E-05   1.107    
    9.5-     8 2  0.9411      0.6604E-05  0.4135E-04  0.9411    
    9.5-    10 3  0.7008E-01  0.3593E-06  0.1597E-05  0.7008E-01
    9.5-    10 4  0.7208E-01  0.5485E-05  0.2209E-05  0.7208E-01
    9.5-    10 5  0.8483E-01  0.4551E-05  0.9364E-05  0.8482E-01
    9.5-    12 6  0.6138E-02  0.2571E-06  0.1301E-05  0.6136E-02
   10.5+     9 1  0.3358      0.8771E-06  0.7560E-06  0.3358    
   10.5+     9 2  0.2845      0.7584E-06  0.4538E-05  0.2845    
   10.5+    11 3  0.2079E-01  0.2347E-06  0.1290E-05  0.2079E-01
   10.5+    11 4  0.2133E-01  0.7280E-06  0.1666E-05  0.2133E-01
   10.5+    11 5  0.2513E-01  0.6152E-06  0.2055E-05  0.2513E-01
   10.5+    13 6  0.1806E-02  0.2262E-06  0.1164E-05  0.1804E-02
   10.5-     8 1   1.221      0.6096E-05  0.7808E-05   1.221    
   10.5-    10 2  0.9125E-01  0.3934E-06  0.2504E-06  0.9125E-01
   10.5-    10 3  0.7727E-01  0.4413E-06  0.1735E-05  0.7727E-01
   10.5-    10 4  0.7909E-01  0.5998E-05  0.2316E-05  0.7908E-01
   10.5-    12 5  0.5719E-02  0.3626E-06  0.1232E-05  0.5718E-02
   10.5-    12 6  0.6740E-02  0.3095E-06  0.1429E-05  0.6739E-02
   11.5+     9 1  0.3671      0.7618E-06  0.7641E-06  0.3671    
   11.5+    11 2  0.2686E-01  0.3271E-06  0.1959E-06  0.2686E-01
   11.5+    11 3  0.2272E-01  0.2929E-06  0.1393E-05  0.2272E-01
   11.5+    11 4  0.2322E-01  0.7553E-06  0.1813E-05  0.2322E-01
   11.5+    13 5  0.1668E-02  0.3075E-06  0.9823E-06  0.1666E-02
   11.5+    13 6  0.1967E-02  0.2652E-06  0.1267E-05  0.1965E-02
   11.5-    10 1  0.9956E-01  0.4236E-06  0.2712E-06  0.9956E-01
   11.5-    10 2  0.8424E-01  0.3659E-06  0.1884E-05  0.8424E-01
   11.5-    12 3  0.6091E-02  0.1980E-06  0.1058E-05  0.6089E-02
   11.5-    12 4  0.6236E-02  0.3915E-06  0.1340E-05  0.6235E-02
   11.5-    12 5  0.7354E-02  0.3354E-06  0.1559E-05  0.7352E-02
   11.5-    14 6  0.5261E-03  0.1951E-06  0.1006E-05  0.5249E-03
   12.5+    11 1  0.2910E-01  0.3512E-06  0.2111E-06  0.2910E-01
   12.5+    11 2  0.2461E-01  0.3054E-06  0.1504E-05  0.2460E-01
   12.5+    13 3  0.1767E-02  0.1682E-06  0.8517E-06  0.1766E-02
   12.5+    13 4  0.1806E-02  0.3304E-06  0.1062E-05  0.1805E-02
   12.5+    13 5  0.2131E-02  0.2858E-06  0.1373E-05  0.2130E-02
   12.5+    15 6  0.1524E-03  0.1661E-06  0.8703E-06  0.1513E-03
   12.5-    10 1  0.1081      0.3983E-06  0.2726E-06  0.1081    
   12.5-    12 2  0.7817E-02  0.2712E-06  0.1551E-06  0.7816E-02
   12.5-    12 3  0.6609E-02  0.2405E-06  0.1137E-05  0.6608E-02
   12.5-    12 4  0.6744E-02  0.3966E-06  0.1450E-05  0.6742E-02
   12.5-    14 5  0.4823E-03  0.2577E-06  0.7881E-06  0.4812E-03
   12.5-    14 6  0.5692E-03  0.2242E-06  0.1088E-05  0.5679E-03
   13.5+    11 1  0.3139E-01  0.3382E-06  0.2131E-06  0.3139E-01
   13.5+    13 2  0.2254E-02  0.2234E-06  0.1233E-06  0.2254E-02
   13.5+    13 3  0.1906E-02  0.1991E-06  0.9107E-06  0.1904E-02
   13.5+    13 4  0.1942E-02  0.3368E-06  0.1140E-05  0.1941E-02
   13.5+    15 5  0.1387E-03  0.2144E-06  0.6352E-06  0.1379E-03
   13.5+    15 6  0.1639E-03  0.1881E-06  0.9351E-06  0.1628E-03
   13.5-    12 1  0.8419E-02  0.2900E-06  0.1663E-06  0.8418E-02
   13.5-    12 2  0.7115E-02  0.2540E-06  0.1221E-05  0.7113E-02
   13.5-    14 3  0.5086E-03  0.1438E-06  0.6893E-06  0.5077E-03
   13.5-    14 4  0.5192E-03  0.2756E-06  0.8470E-06  0.5181E-03
   13.5-    14 5  0.6131E-03  0.2405E-06  0.1172E-05  0.6117E-03
   13.5-    16 6  0.4419E-04  0.1424E-06  0.7498E-06  0.4329E-04
   14.5+    13 1  0.2415E-02  0.2381E-06  0.1317E-06  0.2415E-02
   14.5+    13 2  0.2041E-02  0.2100E-06  0.9736E-06  0.2040E-02
   14.5+    15 3  0.1456E-03  0.1225E-06  0.5597E-06  0.1449E-03
   14.5+    15 4  0.1486E-03  0.2283E-06  0.6794E-06  0.1477E-03
   14.5+    15 5  0.1756E-03  0.2009E-06  0.1002E-05  0.1744E-03
   14.5+    17 6  0.1308E-04  0.1215E-06  0.6515E-06  0.1230E-04
   14.5-    12 1  0.9032E-02  0.2830E-06  0.1683E-06  0.9032E-02
   14.5-    14 2  0.6451E-03  0.1863E-06  0.9685E-07  0.6448E-03
   14.5-    14 3  0.5456E-03  0.1668E-06  0.7339E-06  0.5447E-03
   14.5-    14 4  0.5556E-03  0.2820E-06  0.9050E-06  0.5544E-03
   14.5-    16 5  0.3993E-04  0.1801E-06  0.5177E-06  0.3924E-04
   14.5-    16 6  0.4730E-04  0.1593E-06  0.8016E-06  0.4634E-04
   15.5+    13 1  0.2579E-02  0.2349E-06  0.1337E-06  0.2579E-02
   15.5+    15 2  0.1835E-03  0.1554E-06  0.7735E-07  0.1833E-03
   15.5+    15 3  0.1555E-03  0.1397E-06  0.5938E-06  0.1548E-03
   15.5+    15 4  0.1583E-03  0.2342E-06  0.7225E-06  0.1574E-03
   15.5+    17 5  0.1168E-04  0.1512E-06  0.4273E-06  0.1110E-04
   15.5+    17 6  0.1394E-04  0.1346E-06  0.6935E-06  0.1311E-04
   15.5-    14 1  0.6881E-03  0.1978E-06  0.1030E-06  0.6878E-03
   15.5-    14 2  0.5818E-03  0.1756E-06  0.7815E-06  0.5808E-03
   15.5-    16 3  0.4168E-04  0.1072E-06  0.4594E-06  0.4111E-04
   15.5-    16 4  0.4259E-04  0.1912E-06  0.5514E-06  0.4184E-04
   15.5-    16 5  0.5046E-04  0.1695E-06  0.8552E-06  0.4943E-04
   15.5-    18 6  0.4155E-05  0.1065E-06  0.5724E-06  0.3476E-05
   16.5+    15 1  0.1950E-03  0.1645E-06  0.8198E-07  0.1947E-03
   16.5+    15 2  0.1652E-03  0.1469E-06  0.6300E-06  0.1644E-03
   16.5+    17 3  0.1207E-04  0.9317E-07  0.3815E-06  0.1160E-04
   16.5+    17 4  0.1240E-04  0.1600E-06  0.4534E-06  0.1179E-04
   16.5+    17 5  0.1481E-04  0.1427E-06  0.7369E-06  0.1393E-04
   16.5+    19 6  0.1570E-05  0.9270E-07  0.5003E-06  0.9771E-06
   16.5-    14 1  0.7319E-03  0.1969E-06  0.1047E-06  0.7316E-03
   16.5-    16 2  0.5198E-04  0.1334E-06  0.6356E-07  0.5178E-04
   16.5-    16 3  0.4433E-04  0.1204E-06  0.4857E-06  0.4372E-04
   16.5-    16 4  0.4519E-04  0.1964E-06  0.5840E-06  0.4441E-04
   16.5-    18 5  0.3606E-05  0.1305E-06  0.3531E-06  0.3123E-05
   16.5-    18 6  0.4414E-05  0.1168E-06  0.6069E-06  0.3691E-05
   17.5+    15 1  0.2066E-03  0.1647E-06  0.8347E-07  0.2064E-03
   17.5+    17 2  0.1472E-04  0.1142E-06  0.5129E-07  0.1456E-04
   17.5+    17 3  0.1279E-04  0.1035E-06  0.4023E-06  0.1229E-04
   17.5+    17 4  0.1312E-04  0.1644E-06  0.4786E-06  0.1247E-04
   17.5+    19 5  0.1284E-05  0.1121E-06  0.2970E-06  0.8746E-06
   17.5+    19 6  0.1664E-05  0.1009E-06  0.5287E-06  0.1034E-05
   17.5-    16 1  0.5504E-04  0.1409E-06  0.6716E-07  0.5483E-04
   17.5-    16 2  0.4692E-04  0.1264E-06  0.5137E-06  0.4628E-04
   17.5-    18 3  0.3654E-05  0.8214E-07  0.3171E-06  0.3255E-05
   17.5-    18 4  0.3817E-05  0.1377E-06  0.3735E-06  0.3306E-05
   17.5-    18 5  0.4674E-05  0.1235E-06  0.6427E-06  0.3908E-05
   17.5-    20 6  0.8008E-06  0.8180E-07  0.4456E-06  0.2733E-06
   18.5+    17 1  0.1554E-04  0.1203E-06  0.5404E-07  0.1536E-04
   18.5+    17 2  0.1350E-04  0.1085E-06  0.4242E-06  0.1297E-04
   18.5+    19 3  0.1251E-05  0.7371E-07  0.2681E-06  0.9094E-06
   18.5+    19 4  0.1354E-05  0.1180E-06  0.3132E-06  0.9231E-06
   18.5+    19 5  0.1756E-05  0.1064E-06  0.5582E-06  0.1091E-05
   18.5+    21 6  0.5447E-06  0.7347E-07  0.3951E-06  0.7616E-07
   18.5-    16 1  0.5813E-04  0.1418E-06  0.6849E-07  0.5792E-04
   18.5-    18 2  0.4216E-05  0.9927E-07  0.4374E-07  0.4073E-05
   18.5-    18 3  0.3862E-05  0.9034E-07  0.3334E-06  0.3438E-05
   18.5-    18 4  0.4021E-05  0.1416E-06  0.3930E-06  0.3487E-05
   18.5-    20 5  0.5916E-06  0.9778E-07  0.2499E-06  0.2439E-06
   18.5-    20 6  0.8464E-06  0.8849E-07  0.4695E-06  0.2884E-06
   19.5+    17 1  0.1636E-04  0.1215E-06  0.5511E-07  0.1619E-04
   19.5+    19 2  0.1260E-05  0.8800E-07  0.3681E-07  0.1135E-05
   19.5+    19 3  0.1320E-05  0.8035E-07  0.2812E-06  0.9579E-06
   19.5+    19 4  0.1421E-05  0.1214E-06  0.3286E-06  0.9709E-06
   19.5+    21 5  0.3660E-06  0.8689E-07  0.2113E-06  0.6776E-07
   19.5+    21 6  0.5743E-06  0.7900E-07  0.4152E-06  0.8011E-07
   19.5-    18 1  0.4438E-05  0.1043E-06  0.4598E-07  0.4287E-05
   19.5-    18 2  0.4064E-05  0.9454E-07  0.3507E-06  0.3619E-05
   19.5-    20 3  0.5448E-06  0.6504E-07  0.2266E-06  0.2531E-06
   19.5-    20 4  0.6222E-06  0.1027E-06  0.2628E-06  0.2567E-06
   19.5-    20 5  0.8909E-06  0.9304E-07  0.4943E-06  0.3036E-06
   19.5-    22 6  0.4369E-06  0.6485E-07  0.3509E-06  0.2112E-07
   20.5+    19 1  0.1323E-05  0.9226E-07  0.3860E-07  0.1192E-05
   20.5+    19 2  0.1385E-05  0.8397E-07  0.2951E-06  0.1006E-05
   20.5+    21 3  0.3218E-06  0.5919E-07  0.1924E-06  0.7020E-07
   20.5+    21 4  0.3839E-06  0.9103E-07  0.2217E-06  0.7114E-07
   20.5+    21 5  0.6029E-06  0.8287E-07  0.4360E-06  0.8413E-07
   20.5+    23 6  0.3821E-06  0.5904E-07  0.3172E-06  0.5843E-08
   20.5-    18 1  0.4657E-05  0.1058E-06  0.4697E-07  0.4505E-05
   20.5-    20 2  0.4231E-06  0.7684E-07  0.3114E-07  0.3151E-06
   20.5-    20 3  0.5736E-06  0.7042E-07  0.2372E-06  0.2660E-06
   20.5-    20 4  0.6501E-06  0.1056E-06  0.2751E-06  0.2694E-06
   20.5-    22 5  0.2765E-06  0.7602E-07  0.1817E-06  0.1876E-07
   20.5-    22 6  0.4595E-06  0.6940E-07  0.3679E-06  0.2218E-07
   21.5+    19 1  0.1383E-05  0.9380E-07  0.3945E-07  0.1249E-05
   21.5+    21 2  0.1844E-06  0.6923E-07  0.2801E-07  0.8720E-07
   21.5+    21 3  0.3383E-06  0.6365E-07  0.2010E-06  0.7359E-07
   21.5+    21 4  0.3997E-06  0.9369E-07  0.2315E-06  0.7448E-07
   21.5+    23 5  0.2285E-06  0.6862E-07  0.1547E-06  0.5171E-08
   21.5+    23 6  0.4008E-06  0.6289E-07  0.3318E-06  0.6101E-08
   21.5-    20 1  0.4431E-06  0.8040E-07  0.3259E-07  0.3301E-06
   21.5-    20 2  0.6004E-06  0.7347E-07  0.2483E-06  0.2786E-06
   21.5-    22 3  0.2392E-06  0.5369E-07  0.1661E-06  0.1941E-07
   21.5-    22 4  0.2893E-06  0.7949E-07  0.1902E-06  0.1964E-07
   21.5-    22 5  0.4813E-06  0.7265E-07  0.3854E-06  0.2324E-07
   21.5-    24 6  0.3374E-06  0.5359E-07  0.2822E-06  0.1595E-08
   22.5+    21 1  0.1927E-06  0.7230E-07  0.2925E-07  0.9116E-07
   22.5+    21 2  0.3533E-06  0.6631E-07  0.2101E-06  0.7692E-07
   22.5+    23 3  0.1954E-06  0.4808E-07  0.1419E-06  0.5345E-08
   22.5+    23 4  0.2387E-06  0.7162E-07  0.1617E-06  0.5411E-08
   22.5+    23 5  0.4190E-06  0.6570E-07  0.3469E-06  0.6388E-08
   22.5+    25 6  0.3024E-06  0.4800E-07  0.2540E-06  0.4241E-09
   22.5-    20 1  0.4605E-06  0.8186E-07  0.3332E-07  0.3453E-06
   22.5-    22 2  0.1103E-06  0.6229E-07  0.2395E-07  0.2406E-07
   22.5-    22 3  0.2509E-06  0.5743E-07  0.1732E-06  0.2029E-07
   22.5-    22 4  0.3005E-06  0.8178E-07  0.1982E-06  0.2054E-07
   22.5-    24 5  0.1966E-06  0.6181E-07  0.1334E-06  0.1415E-08
   22.5-    24 6  0.3531E-06  0.5685E-07  0.2946E-06  0.1668E-08
   23.5+    21 1  0.1989E-06  0.7376E-07  0.2995E-07  0.9517E-07
   23.5+    23 2  0.8336E-07  0.5536E-07  0.2138E-07  0.6631E-08
   23.5+    23 3  0.2046E-06  0.5120E-07  0.1478E-06  0.5588E-08
   23.5+    23 4  0.2475E-06  0.7369E-07  0.1681E-06  0.5662E-08
   23.5+    25 5  0.1718E-06  0.5500E-07  0.1164E-06  0.3906E-09
   23.5+    25 6  0.3159E-06  0.5075E-07  0.2647E-06  0.4470E-09
   23.5-    22 1  0.1150E-06  0.6494E-07  0.2498E-07  0.2510E-07
   23.5-    22 2  0.2616E-06  0.5976E-07  0.1806E-06  0.2119E-07
   23.5-    24 3  0.1690E-06  0.4475E-07  0.1228E-06  0.1480E-08
   23.5-    24 4  0.2050E-06  0.6440E-07  0.1391E-06  0.1475E-08
   23.5-    24 5  0.3684E-06  0.5928E-07  0.3074E-06  0.1742E-08
   23.5-    26 6  0.2762E-06  0.4469E-07  0.2314E-06  0.1090E-09
   24.5+    23 1  0.8676E-07  0.5762E-07  0.2225E-07  0.6891E-08
   24.5+    23 2  0.2129E-06  0.5320E-07  0.1539E-06  0.5819E-08
   24.5+    25 3  0.1487E-06  0.4086E-07  0.1075E-06  0.3914E-09
   24.5+    25 4  0.1788E-06  0.5722E-07  0.1212E-06  0.3993E-09
   24.5+    25 5  0.3290E-06  0.5284E-07  0.2757E-06  0.4602E-09
   24.5+    27 6  0.2469E-06  0.4081E-07  0.2061E-06  0.9528E-11
   24.5-    22 1  0.1180E-06  0.6632E-07  0.2556E-07  0.2614E-07
   24.5-    24 2  0.7295E-07  0.5115E-07  0.1998E-07  0.1818E-08
   24.5-    24 3  0.1766E-06  0.4743E-07  0.1276E-06  0.1532E-08
   24.5-    24 4  0.2122E-06  0.6626E-07  0.1444E-06  0.1550E-08
   24.5-    26 5  0.1509E-06  0.5088E-07  0.9993E-07  0.1111E-09
   24.5-    26 6  0.2879E-06  0.4709E-07  0.2407E-06  0.1099E-09
   25.5+    23 1  0.8883E-07  0.5888E-07  0.2279E-07  0.7159E-08
   25.5+    25 2  0.6433E-07  0.4642E-07  0.1741E-07  0.5041E-09
   25.5+    25 3  0.1551E-06  0.4315E-07  0.1115E-06  0.4284E-09
   25.5+    25 4  0.1849E-06  0.5884E-07  0.1256E-06  0.4204E-09
   25.5+    27 5  0.1336E-06  0.4619E-07  0.8733E-07  0.3702E-10
   25.5+    27 6  0.2569E-06  0.4287E-07  0.2140E-06  0.1042E-10
   25.5-    24 1  0.7582E-07  0.5316E-07  0.2077E-07  0.1888E-08
   25.5-    24 2  0.1835E-06  0.4922E-07  0.1327E-06  0.1590E-08
   25.5-    26 3  0.1296E-06  0.3696E-07  0.9253E-07  0.1258E-09
   25.5-    26 4  0.1569E-06  0.5285E-07  0.1039E-06  0.1179E-09
   25.5-    26 5  0.2994E-06  0.4895E-07  0.2503E-06  0.1274E-09
   25.5-    28 6  0.2238E-06  0.3692E-07  0.1869E-06 -0.4604E-11
   26.5+    25 1  0.6676E-07  0.4818E-07  0.1808E-07  0.5071E-09
   26.5+    25 2  0.1610E-06  0.4473E-07  0.1158E-06  0.4301E-09
   26.5+    27 3  0.1161E-06  0.3493E-07  0.8109E-07  0.3294E-10
   26.5+    27 4  0.1386E-06  0.4792E-07  0.9065E-07  0.2746E-10
   26.5+    27 5  0.2668E-06  0.4451E-07  0.2223E-06  0.1385E-10
   26.5+    29 6  0.2061E-06  0.3490E-07  0.1712E-06 -0.7526E-11
   26.5-    24 1  0.7765E-07  0.5438E-07  0.2130E-07  0.1970E-08
   26.5-    26 2  0.5810E-07  0.4175E-07  0.1621E-07  0.1370E-09
   26.5-    26 3  0.1349E-06  0.3892E-07  0.9592E-07  0.1110E-09
   26.5-    26 4  0.1620E-06  0.5434E-07  0.1075E-06  0.1219E-09
   26.5-    28 5  0.1187E-06  0.4158E-07  0.7717E-07 -0.3539E-11
   26.5-    28 6  0.2325E-06  0.3870E-07  0.1938E-06 -0.8081E-11
   27.5+    25 1  0.6836E-07  0.4929E-07  0.1852E-07  0.5467E-09
   27.5+    27 2  0.5504E-07  0.3924E-07  0.1575E-07  0.4487E-10
   27.5+    27 3  0.1207E-06  0.3665E-07  0.8395E-07  0.5433E-10
   27.5+    27 4  0.1430E-06  0.4927E-07  0.9374E-07  0.2571E-10
   27.5+    29 5  0.1057E-06  0.3911E-07  0.6663E-07  0.5912E-11
   27.5+    29 6  0.2138E-06  0.3649E-07  0.1774E-06 -0.2398E-10
   27.5-    26 1  0.6024E-07  0.4328E-07  0.1681E-07  0.1484E-09
   27.5-    26 2  0.1399E-06  0.4029E-07  0.9945E-07  0.1305E-09
   27.5-    28 3  0.1040E-06  0.3216E-07  0.7183E-07 -0.2940E-11
   27.5-    28 4  0.1231E-06  0.4309E-07  0.8000E-07  0.1040E-11
   27.5-    28 5  0.2411E-06  0.4012E-07  0.2010E-06 -0.1305E-10
   27.5-    30 6  0.1846E-06  0.3214E-07  0.1524E-06  0.9587E-11
   28.5+    27 1  0.5700E-07  0.4063E-07  0.1631E-07  0.5688E-10
   28.5+    27 2  0.1249E-06  0.3791E-07  0.8693E-07  0.5112E-10
   28.5+    29 3  0.9127E-07  0.2911E-07  0.6216E-07  0.1487E-11
   28.5+    29 4  0.1095E-06  0.4048E-07  0.6899E-07 -0.2359E-11
   28.5+    29 5  0.2215E-06  0.3778E-07  0.1837E-06 -0.6616E-11
   28.5+    31 6  0.1671E-06  0.2909E-07  0.1380E-06 -0.1396E-10
   28.5-    26 1  0.6166E-07  0.4429E-07  0.1723E-07  0.1405E-09
   28.5-    28 2  0.4999E-07  0.3597E-07  0.1401E-07  0.1265E-10
   28.5-    28 3  0.1080E-06  0.3367E-07  0.7429E-07  0.7241E-11
   28.5-    28 4  0.1269E-06  0.4427E-07  0.8262E-07  0.9637E-11
   28.5-    30 5  0.9439E-07  0.3586E-07  0.5854E-07 -0.3637E-11
   28.5-    30 6  0.1912E-06  0.3353E-07  0.1577E-06 -0.1869E-10
   29.5+    27 1  0.5838E-07  0.4160E-07  0.1673E-07  0.4913E-10
   29.5+    29 2  0.4568E-07  0.3241E-07  0.1326E-07  0.1217E-10
   29.5+    29 3  0.9462E-07  0.3040E-07  0.6421E-07  0.9151E-11
   29.5+    29 4  0.1127E-06  0.4158E-07  0.7116E-07 -0.3529E-11
   29.5+    31 5  0.8477E-07  0.3232E-07  0.5245E-07 -0.3108E-11
   29.5+    31 6  0.1729E-06  0.3029E-07  0.1427E-06 -0.7173E-11
   29.5-    28 1  0.5170E-07  0.3720E-07  0.1449E-07  0.1553E-10
   29.5-    28 2  0.1116E-06  0.3479E-07  0.7683E-07  0.7934E-11
   29.5-    30 3  0.8246E-07  0.2773E-07  0.5473E-07 -0.2724E-11
   29.5-    30 4  0.9760E-07  0.3707E-07  0.6054E-07 -0.1742E-11
   29.5-    30 5  0.1978E-06  0.3467E-07  0.1631E-06 -0.2513E-10
   29.5-    32 6  0.1552E-06  0.2772E-07  0.1275E-06 -0.3267E-10
   30.5+    29 1  0.4720E-07  0.3348E-07  0.1370E-07  0.1750E-10
   30.5+    29 2  0.9774E-07  0.3137E-07  0.6634E-07  0.2544E-10
   30.5+    31 3  0.7514E-07  0.2598E-07  0.4915E-07  0.1569E-10
   30.5+    31 4  0.8758E-07  0.3338E-07  0.5418E-07  0.1800E-10
   30.5+    31 5  0.1787E-06  0.3129E-07  0.1474E-06 -0.2982E-10
   30.5+    33 6  0.1396E-06  0.2597E-07  0.1137E-06 -0.1704E-10
   30.5-    28 1  0.5296E-07  0.3808E-07  0.1485E-07  0.2994E-10
   30.5-    30 2  0.4422E-07  0.3074E-07  0.1348E-07  0.1855E-11
   30.5-    30 3  0.8538E-07  0.2889E-07  0.5649E-07  0.5470E-11
   30.5-    30 4  0.1004E-06  0.3807E-07  0.6238E-07 -0.1051E-11
   30.5-    32 5  0.7626E-07  0.3068E-07  0.4559E-07 -0.1000E-10
   30.5-    32 6  0.1604E-06  0.2880E-07  0.1316E-06 -0.3787E-11
   31.5+    29 1  0.4832E-07  0.3427E-07  0.1405E-07 -0.8094E-13
   31.5+    31 2  0.4109E-07  0.2870E-07  0.1238E-07  0.1027E-10
   31.5+    31 3  0.7769E-07  0.2702E-07  0.5067E-07  0.3673E-11
   31.5+    31 4  0.9005E-07  0.3426E-07  0.5578E-07  0.5678E-11
   31.5+    33 5  0.6835E-07  0.2864E-07  0.3972E-07 -0.1231E-10
   31.5+    33 6  0.1441E-06  0.2695E-07  0.1172E-06 -0.1328E-10
   31.5-    30 1  0.4565E-07  0.3173E-07  0.1391E-07  0.1452E-10
   31.5-    30 2  0.8812E-07  0.2979E-07  0.5830E-07  0.2963E-10
   31.5-    32 3  0.6612E-07  0.2333E-07  0.4279E-07 -0.2492E-11
   31.5-    32 4  0.7868E-07  0.3165E-07  0.4705E-07 -0.1295E-10
   31.5-    32 5  0.1656E-06  0.2973E-07  0.1359E-06 -0.2544E-10
   31.5-    34 6  0.1247E-06  0.2332E-07  0.1014E-06 -0.9810E-11
   32.5+    31 1  0.4235E-07  0.2959E-07  0.1276E-07 -0.3126E-11
   32.5+    31 2  0.8009E-07  0.2784E-07  0.5225E-07  0.6312E-14
   32.5+    33 3  0.5932E-07  0.2196E-07  0.3735E-07  0.4522E-11
   32.5+    33 4  0.7047E-07  0.2952E-07  0.4095E-07  0.5664E-12
   32.5+    33 5  0.1487E-06  0.2778E-07  0.1209E-06 -0.8732E-11
   32.5+    35 6  0.1160E-06  0.2196E-07  0.9407E-07 -0.1318E-10
   32.5-    30 1  0.4677E-07  0.3248E-07  0.1428E-07  0.1429E-10
   32.5-    32 2  0.3715E-07  0.2568E-07  0.1147E-07  0.3369E-11
   32.5-    32 3  0.6833E-07  0.2422E-07  0.4408E-07  0.2773E-10
   32.5-    32 4  0.8086E-07  0.3247E-07  0.4838E-07  0.1780E-11
   32.5-    34 5  0.6160E-07  0.2564E-07  0.3595E-07  0.1077E-10
   32.5-    34 6  0.1286E-06  0.2416E-07  0.1045E-06 -0.1332E-10
   33.5+    31 1  0.4338E-07  0.3029E-07  0.1309E-07 -0.1606E-11
   33.5+    33 2  0.3611E-07  0.2410E-07  0.1201E-07  0.3164E-11
   33.5+    33 3  0.6121E-07  0.2276E-07  0.3845E-07 -0.5882E-11
   33.5+    33 4  0.7236E-07  0.3028E-07  0.4208E-07  0.2505E-11
   33.5+    35 5  0.5598E-07  0.2407E-07  0.3191E-07  0.2977E-11
   33.5+    35 6  0.1195E-06  0.2272E-07  0.9684E-07 -0.7664E-11
   33.5-    32 1  0.3826E-07  0.2645E-07  0.1181E-07 -0.9340E-11
   33.5-    32 2  0.7036E-07  0.2493E-07  0.4541E-07  0.1034E-10
   33.5-    34 3  0.5506E-07  0.2119E-07  0.3388E-07  0.2019E-11
   33.5-    34 4  0.6343E-07  0.2640E-07  0.3704E-07 -0.1323E-11
   33.5-    34 5  0.1325E-06  0.2489E-07  0.1077E-06 -0.2294E-10
   33.5-    36 6  0.1065E-06  0.2118E-07  0.8529E-07 -0.1236E-10
   34.5+    33 1  0.3717E-07  0.2480E-07  0.1236E-07  0.1037E-10
   34.5+    33 2  0.6299E-07  0.2341E-07  0.3957E-07  0.4937E-11
   34.5+    35 3  0.4931E-07  0.1919E-07  0.3012E-07  0.5481E-11
   34.5+    35 4  0.5761E-07  0.2476E-07  0.3285E-07  0.6653E-11
   34.5+    35 5  0.1231E-06  0.2338E-07  0.9969E-07  0.4323E-11
   34.5+    37 6  0.9356E-07  0.1918E-07  0.7438E-07  0.3134E-11
   34.5-    32 1  0.3919E-07  0.2707E-07  0.1211E-07  0.6196E-11
   34.5-    34 2  0.3506E-07  0.2317E-07  0.1188E-07 -0.6160E-12
   34.5-    34 3  0.5677E-07  0.2192E-07  0.3484E-07  0.2749E-11
   34.5-    34 4  0.6511E-07  0.2707E-07  0.3803E-07  0.1643E-10
   34.5-    36 5  0.5048E-07  0.2315E-07  0.2734E-07 -0.5146E-11
   34.5-    36 6  0.1096E-06  0.2188E-07  0.8772E-07 -0.1180E-10
   35.5+    33 1  0.3807E-07  0.2538E-07  0.1268E-07  0.1423E-10
   35.5+    35 2  0.3160E-07  0.2093E-07  0.1067E-07 -0.1463E-11
   35.5+    35 3  0.5080E-07  0.1983E-07  0.3095E-07  0.1373E-10
   35.5+    35 4  0.5907E-07  0.2537E-07  0.3370E-07 -0.3353E-11
   35.5+    37 5  0.4513E-07  0.2091E-07  0.2423E-07  0.1003E-11
   35.5+    37 6  0.9625E-07  0.1980E-07  0.7644E-07  0.1022E-10
   35.5-    34 1  0.3606E-07  0.2383E-07  0.1222E-07  0.7196E-11
   35.5-    34 2  0.5838E-07  0.2253E-07  0.3583E-07  0.1486E-10
   35.5-    36 3  0.4309E-07  0.1724E-07  0.2583E-07  0.9555E-11
   35.5-    36 4  0.5190E-07  0.2380E-07  0.2811E-07 -0.1109E-10
   35.5-    36 5  0.1127E-06  0.2251E-07  0.9023E-07 -0.2149E-10
   35.5-    38 6  0.8430E-07  0.1724E-07  0.6709E-07 -0.3055E-10
   36.5+    35 1  0.3249E-07  0.2151E-07  0.1097E-07  0.1908E-10
   36.5+    35 2  0.5217E-07  0.2037E-07  0.3181E-07 -0.4629E-11
   36.5+    37 3  0.3956E-07  0.1664E-07  0.2293E-07 -0.8310E-11
   36.5+    37 4  0.4637E-07  0.2148E-07  0.2489E-07 -0.8348E-12
   36.5+    37 5  0.9890E-07  0.2034E-07  0.7857E-07 -0.7486E-11
   36.5+    39 6  0.7921E-07  0.1664E-07  0.6257E-07  0.3479E-12
   36.5-    34 1  0.3693E-07  0.2438E-07  0.1253E-07  0.1099E-10
   36.5-    36 2  0.2929E-07  0.1876E-07  0.1054E-07 -0.9687E-11
   36.5-    36 3  0.4435E-07  0.1780E-07  0.2653E-07  0.1795E-10
   36.5-    36 4  0.5321E-07  0.2438E-07  0.2882E-07  0.6947E-11
   36.5-    38 5  0.4096E-07  0.1874E-07  0.2222E-07 -0.3279E-11
   36.5-    38 6  0.8666E-07  0.1777E-07  0.6890E-07 -0.1732E-10
   37.5+    35 1  0.3324E-07  0.2199E-07  0.1124E-07  0.4031E-11
   37.5+    37 2  0.2947E-07  0.1805E-07  0.1140E-07  0.1877E-10
   37.5+    37 3  0.4069E-07  0.1715E-07  0.2354E-07  0.4712E-11
   37.5+    37 4  0.4750E-07  0.2199E-07  0.2551E-07 -0.1227E-11
   37.5+    39 5  0.3754E-07  0.1804E-07  0.1950E-07 -0.7081E-11
   37.5+    39 6  0.8135E-07  0.1713E-07  0.6422E-07 -0.1242E-12
   37.5-    36 1  0.3010E-07  0.1927E-07  0.1083E-07  0.9208E-11
   37.5-    36 2  0.4552E-07  0.1827E-07  0.2725E-07  0.2955E-12
   37.5-    38 3  0.3705E-07  0.1598E-07  0.2106E-07  0.6904E-11
   37.5-    38 4  0.4207E-07  0.1924E-07  0.2282E-07  0.5449E-11
   37.5-    38 5  0.8901E-07  0.1825E-07  0.7077E-07 -0.7926E-11
   37.5-    40 6  0.7166E-07  0.1598E-07  0.5569E-07 -0.1311E-10
   38.5+    37 1  0.3023E-07  0.1853E-07  0.1170E-07  0.3189E-11
   38.5+    37 2  0.4176E-07  0.1759E-07  0.2415E-07  0.7884E-11
   38.5+    39 3  0.3266E-07  0.1415E-07  0.1851E-07  0.4996E-12
   38.5+    39 4  0.3851E-07  0.1851E-07  0.2001E-07 -0.1069E-10
   38.5+    39 5  0.8349E-07  0.1758E-07  0.6591E-07 -0.3052E-11
   38.5+    41 6  0.6146E-07  0.1415E-07  0.4732E-07 -0.1195E-10
   38.5-    36 1  0.3078E-07  0.1969E-07  0.1109E-07 -0.7086E-11
   38.5-    38 2  0.2843E-07  0.1730E-07  0.1111E-07  0.9343E-11
   38.5-    38 3  0.3807E-07  0.1646E-07  0.2161E-07  0.7601E-11
   38.5-    38 4  0.4305E-07  0.1970E-07  0.2337E-07 -0.9447E-11
   38.5-    40 5  0.3366E-07  0.1729E-07  0.1637E-07 -0.6945E-12
   38.5-    40 6  0.7355E-07  0.1644E-07  0.5711E-07 -0.2602E-14
   39.5+    37 1  0.3093E-07  0.1894E-07  0.1198E-07  0.4565E-11
   39.5+    39 2  0.2514E-07  0.1529E-07  0.9842E-08  0.5401E-11
   39.5+    39 3  0.3353E-07  0.1456E-07  0.1897E-07 -0.5549E-11
   39.5+    39 4  0.3941E-07  0.1894E-07  0.2048E-07 -0.1111E-10
   39.5+    41 5  0.2961E-07  0.1528E-07  0.1432E-07  0.3032E-11
   39.5+    41 6  0.6303E-07  0.1455E-07  0.4850E-07 -0.1760E-10
   39.5-    38 1  0.2913E-07  0.1775E-07  0.1140E-07 -0.1441E-10
   39.5-    38 2  0.3903E-07  0.1687E-07  0.2216E-07 -0.5467E-11
   39.5-    40 3  0.2798E-07  0.1242E-07  0.1556E-07  0.6283E-12
   39.5-    40 4  0.3452E-07  0.1773E-07  0.1679E-07  0.4650E-11
   39.5-    40 5  0.7543E-07  0.1686E-07  0.5858E-07 -0.5550E-11
   39.5-    42 6  0.5427E-07  0.1242E-07  0.4185E-07  0.6087E-12
   40.5+    39 1  0.2576E-07  0.1567E-07  0.1009E-07 -0.1699E-11
   40.5+    39 2  0.3439E-07  0.1492E-07  0.1945E-07  0.2015E-10
   40.5+    41 3  0.2549E-07  0.1186E-07  0.1363E-07  0.5973E-11
   40.5+    41 4  0.3034E-07  0.1566E-07  0.1468E-07 -0.1435E-11
   40.5+    41 5  0.6462E-07  0.1491E-07  0.4971E-07 -0.2059E-11
   40.5+    43 6  0.5097E-07  0.1186E-07  0.3912E-07 -0.1267E-10
   40.5-    38 1  0.2982E-07  0.1813E-07  0.1167E-07  0.1488E-10
   40.5-    40 2  0.2297E-07  0.1339E-07  0.9583E-08 -0.4752E-11
   40.5-    40 3  0.2871E-07  0.1277E-07  0.1594E-07 -0.3113E-11
   40.5-    40 4  0.3530E-07  0.1813E-07  0.1717E-07 -0.5541E-11
   40.5-    42 5  0.2665E-07  0.1339E-07  0.1326E-07  0.1787E-11
   40.5-    42 6  0.5563E-07  0.1276E-07  0.4287E-07 -0.2352E-11
   41.5+    39 1  0.2634E-07  0.1601E-07  0.1033E-07  0.8839E-11
   41.5+    41 2  0.2330E-07  0.1276E-07  0.1053E-07  0.1597E-10
   41.5+    41 3  0.2614E-07  0.1218E-07  0.1396E-07  0.4794E-11
   41.5+    41 4  0.3101E-07  0.1601E-07  0.1500E-07 -0.4126E-11
   41.5+    43 5  0.2463E-07  0.1276E-07  0.1188E-07 -0.9696E-11
   41.5+    43 6  0.5220E-07  0.1217E-07  0.4005E-07 -0.2059E-10
   41.5-    40 1  0.2354E-07  0.1372E-07  0.9816E-08  0.1068E-10
   41.5-    40 2  0.2942E-07  0.1307E-07  0.1633E-07  0.1770E-10
   41.5-    42 3  0.2427E-07  0.1163E-07  0.1264E-07  0.6238E-11
   41.5-    42 4  0.2729E-07  0.1371E-07  0.1358E-07 -0.5329E-11
   41.5-    42 5  0.5698E-07  0.1307E-07  0.4392E-07 -0.5497E-11
   41.5-    44 6  0.4694E-07  0.1163E-07  0.3531E-07  0.4716E-11
   42.5+    41 1  0.2384E-07  0.1306E-07  0.1078E-07  0.1008E-11
   42.5+    41 2  0.2677E-07  0.1246E-07  0.1429E-07  0.1825E-10
   42.5+    43 3  0.2181E-07  0.1046E-07  0.1133E-07  0.1882E-10
   42.5+    43 4  0.2521E-07  0.1306E-07  0.1216E-07 -0.1092E-10
   42.5+    43 5  0.5346E-07  0.1246E-07  0.4100E-07 -0.4854E-11
   42.5+    45 6  0.3958E-07  0.1046E-07  0.2913E-07 -0.7317E-11
   42.5-    40 1  0.2405E-07  0.1401E-07  0.1004E-07  0.3913E-11
   42.5-    42 2  0.2336E-07  0.1249E-07  0.1086E-07  0.1509E-10
   42.5-    42 3  0.2486E-07  0.1193E-07  0.1294E-07 -0.6122E-11
   42.5-    42 4  0.2787E-07  0.1401E-07  0.1388E-07 -0.1825E-10
   42.5-    44 5  0.2223E-07  0.1249E-07  0.9740E-08  0.2212E-11
   42.5-    44 6  0.4805E-07  0.1193E-07  0.3613E-07 -0.6636E-11
   43.5+    41 1  0.2437E-07  0.1334E-07  0.1102E-07  0.1327E-10
   43.5+    43 2  0.2083E-07  0.1121E-07  0.9600E-08  0.1592E-10
   43.5+    43 3  0.2234E-07  0.1072E-07  0.1159E-07  0.2001E-10
   43.5+    43 4  0.2577E-07  0.1334E-07  0.1242E-07  0.5928E-11
   43.5+    45 5  0.1894E-07  0.1121E-07  0.7737E-08 -0.9827E-12
   43.5+    45 6  0.4051E-07  0.1072E-07  0.2979E-07  0.8243E-11
   43.5-    42 1  0.2390E-07  0.1278E-07  0.1111E-07  0.1428E-10
   43.5-    42 2  0.2543E-07  0.1221E-07  0.1324E-07 -0.1050E-10
   43.5-    44 3  0.1788E-07  0.8587E-08  0.9297E-08  0.1043E-11
   43.5-    44 4  0.2274E-07  0.1277E-07  0.9965E-08 -0.2682E-11
   43.5-    44 5  0.4917E-07  0.1221E-07  0.3697E-07 -0.6046E-11
   43.5-    46 6  0.3185E-07  0.8586E-08  0.2327E-07 -0.8946E-11
   44.5+    43 1  0.2129E-07  0.1147E-07  0.9818E-08  0.6036E-11
   44.5+    43 2  0.2283E-07  0.1096E-07  0.1186E-07  0.1469E-10
   44.5+    45 3  0.1460E-07  0.7204E-08  0.7392E-08 -0.1613E-11
   44.5+    45 4  0.1937E-07  0.1146E-07  0.7912E-08 -0.8849E-12
   44.5+    45 5  0.4142E-07  0.1096E-07  0.3047E-07 -0.1125E-11
   44.5+    47 6  0.2713E-07  0.7204E-08  0.1994E-07 -0.1053E-10
   44.5-    42 1  0.2442E-07  0.1304E-07  0.1136E-07  0.1846E-10
   44.5-    44 2  0.1727E-07  0.9190E-08  0.8093E-08 -0.8678E-11
   44.5-    44 3  0.1831E-07  0.8801E-08  0.9507E-08  0.6461E-11
   44.5-    44 4  0.2321E-07  0.1305E-07  0.1017E-07 -0.7328E-11
   44.5-    46 5  0.1580E-07  0.9187E-08  0.6608E-08  0.5895E-11
   44.5-    46 6  0.3256E-07  0.8793E-08  0.2378E-07 -0.2164E-10
   45.5+    43 1  0.2175E-07  0.1170E-07  0.1003E-07  0.1610E-10
   45.5+    45 2  0.1545E-07  0.7698E-08  0.7751E-08 -0.2574E-11
   45.5+    45 3  0.1495E-07  0.7379E-08  0.7557E-08  0.1404E-10
   45.5+    45 4  0.1976E-07  0.1170E-07  0.8071E-08 -0.5418E-11
   45.5+    47 5  0.1384E-07  0.7696E-08  0.6149E-08 -0.7245E-11
   45.5+    47 6  0.2774E-07  0.7373E-08  0.2037E-07 -0.7012E-11
   45.5-    44 1  0.1766E-07  0.9394E-08  0.8272E-08 -0.5535E-11
   45.5-    44 2  0.1872E-07  0.8991E-08  0.9718E-08  0.1272E-10
   45.5-    46 3  0.1308E-07  0.6759E-08  0.6321E-08  0.4450E-12
   45.5-    46 4  0.1613E-07  0.9389E-08  0.6754E-08 -0.8306E-11
   45.5-    46 5  0.3329E-07  0.8988E-08  0.2431E-07 -0.8137E-11
   45.5-    48 6  0.2532E-07  0.6760E-08  0.1856E-07 -0.1544E-11
   46.5+    45 1  0.1579E-07  0.7865E-08  0.7920E-08  0.4271E-11
   46.5+    45 2  0.1527E-07  0.7534E-08  0.7721E-08  0.1530E-10
   46.5+    47 3  0.1261E-07  0.6714E-08  0.5889E-08  0.8430E-11
   46.5+    47 4  0.1414E-07  0.7863E-08  0.6282E-08  0.3379E-13
   46.5+    47 5  0.2835E-07  0.7533E-08  0.2082E-07  0.5790E-11
   46.5+    49 6  0.2370E-07  0.6716E-08  0.1700E-07 -0.1330E-10
   46.5-    44 1  0.1803E-07  0.9580E-08  0.8451E-08  0.3484E-11
   46.5-    46 2  0.1574E-07  0.7211E-08  0.8525E-08  0.5502E-11
   46.5-    46 3  0.1339E-07  0.6917E-08  0.6460E-08  0.9807E-11
   46.5-    46 4  0.1647E-07  0.9582E-08  0.6888E-08 -0.1945E-11
   46.5-    48 5  0.1286E-07  0.7212E-08  0.5639E-08  0.6380E-11
   46.5-    48 6  0.2587E-07  0.6915E-08  0.1896E-07 -0.5735E-11
   47.5+    45 1  0.1611E-07  0.8018E-08  0.8088E-08 -0.1804E-12
   47.5+    47 2  0.1632E-07  0.7153E-08  0.9174E-08 -0.8795E-11
   47.5+    47 3  0.1288E-07  0.6866E-08  0.6016E-08 -0.3476E-11
   47.5+    47 4  0.1442E-07  0.8021E-08  0.6405E-08 -0.5797E-11
   47.5+    49 5  0.1171E-07  0.7155E-08  0.4561E-08 -0.2034E-11
   47.5+    49 6  0.2421E-07  0.6866E-08  0.1735E-07 -0.6722E-11
   47.5-    46 1  0.1608E-07  0.7364E-08  0.8706E-08  0.5608E-11
   47.5-    46 2  0.1365E-07  0.7061E-08  0.6597E-08 -0.7208E-11
   47.5-    48 3  0.1159E-07  0.6190E-08  0.5405E-08 -0.2996E-11
   47.5-    48 4  0.1313E-07  0.7364E-08  0.5758E-08  0.3220E-11
   47.5-    48 5  0.2642E-07  0.7062E-08  0.1936E-07 -0.3627E-11
   47.5-    50 6  0.1992E-07  0.6193E-08  0.1373E-07 -0.2217E-11
   48.5+    47 1  0.1668E-07  0.7302E-08  0.9365E-08  0.1224E-10
   48.5+    47 2  0.1315E-07  0.7008E-08  0.6141E-08  0.2110E-11
   48.5+    49 3  0.9190E-08  0.4819E-08  0.4375E-08 -0.3559E-11
   48.5+    49 4  0.1195E-07  0.7301E-08  0.4656E-08 -0.4082E-11
   48.5+    49 5  0.2472E-07  0.7009E-08  0.1771E-07 -0.5339E-11
   48.5+    51 6  0.1402E-07  0.4820E-08  0.9194E-08  0.1905E-11
   48.5-    46 1  0.1640E-07  0.7507E-08  0.8889E-08  0.4372E-11
   48.5-    48 2  0.1499E-07  0.6587E-08  0.8386E-08  0.2114E-10
   48.5-    48 3  0.1185E-07  0.6328E-08  0.5519E-08  0.5528E-11
   48.5-    48 4  0.1337E-07  0.7509E-08  0.5869E-08 -0.5944E-11
   48.5-    50 5  0.9640E-08  0.6587E-08  0.3060E-08 -0.6988E-11
   48.5-    50 6  0.2034E-07  0.6327E-08  0.1400E-07  0.5712E-11
   49.5+    47 1  0.1701E-07  0.7442E-08  0.9559E-08  0.8136E-11
   49.5+    49 2  0.1126E-07  0.5120E-08  0.6133E-08  0.9894E-11
   49.5+    49 3  0.9395E-08  0.4924E-08  0.4465E-08  0.6004E-11
   49.5+    49 4  0.1219E-07  0.7444E-08  0.4742E-08  0.3492E-11
   49.5+    51 5  0.6796E-08  0.5119E-08  0.1670E-08  0.6770E-11
   49.5+    51 6  0.1429E-07  0.4921E-08  0.9377E-08 -0.7488E-11
   49.5-    48 1  0.1528E-07  0.6721E-08  0.8557E-08  0.2517E-11
   49.5-    48 2  0.1208E-07  0.6456E-08  0.5632E-08 -0.5378E-11
   49.5-    50 3  0.5987E-08  0.3047E-08  0.2936E-08  0.2865E-11
   49.5-    50 4  0.9842E-08  0.6719E-08  0.3122E-08  0.7406E-12
   49.5-    50 5  0.2074E-07  0.6456E-08  0.1429E-07 -0.8475E-11
   49.5-    52 6  0.8054E-08  0.3046E-08  0.5010E-08 -0.2470E-11
   50.5+    49 1  0.1149E-07  0.5223E-08  0.6256E-08  0.8167E-11
   50.5+    49 2  0.9582E-08  0.5020E-08  0.4554E-08  0.7833E-11
   50.5+    51 3  0.3157E-08  0.1557E-08  0.1602E-08 -0.2622E-11
   50.5+    51 4  0.6912E-08  0.5219E-08  0.1703E-08 -0.1024E-10
   50.5+    51 5  0.1458E-07  0.5019E-08  0.9565E-08 -0.3119E-11
   50.5+    53 6  0.3778E-08  0.1555E-08  0.2224E-08 -0.1813E-11
   50.5-    48 1  0.1558E-07  0.6847E-08  0.8730E-08  0.1397E-12
   50.5-    50 2  0.6794E-08  0.3233E-08  0.3555E-08  0.6408E-11
   50.5-    50 3  0.6117E-08  0.3113E-08  0.2995E-08  0.8820E-11
   50.5-    50 4  0.1002E-07  0.6848E-08  0.3178E-08 -0.3024E-11
   50.5-    52 5  0.3971E-08  0.3232E-08  0.7419E-09 -0.2638E-11
   50.5-    52 6  0.8211E-08  0.3109E-08  0.5108E-08 -0.5346E-11
